contigName	contigLen	totalAvgDepth	Cen01_MA.bam	Cen01_MA.bam-var	Cen03_MA.bam	Cen03_MA.bam-var	Cen04_MA.bam	Cen04_MA.bam-var	Cen05_MA.bam	Cen05_MA.bam-var	Cen06_MA.bam	Cen06_MA.bam-var	Cen07_MA.bam	Cen07_MA.bam-var	Cen10_MA.bam	Cen10_MA.bam-var	Cen12_MA.bam	Cen12_MA.bam-var	Cen14_MA.bam	Cen14_MA.bam-var	Cen15_MA.bam	Cen15_MA.bam-var	Cen16_MA.bam	Cen16_MA.bam-var	Cen17_MA.bam	Cen17_MA.bam-var
k107_29648703 flag=0 multi=52.9451 len=4568	4568	14.9055	0	0	0	0	0	0	0	0	0.527426	0.488239	0.0696203	0.114092	2.77637	3.58289	4.50774	7.15937	3.37576	4.47908	3.15799	4.58277	0.490624	0.957267	0	0
k107_33695045 flag=0 multi=12.0337 len=6282	6282	9.85435	0	0	0	0	0	0	0	0	0.448495	0.431385	0.0994983	0.141655	0.836622	0.736477	2.02157	2.72484	3.04582	4.58192	3.25251	4.50774	0.149833	0.154998	0	0
k107_14075203 flag=1 multi=5.0000 len=2841	2841	5.64868	0	0	0	0	0	0	0	0	0.164238	0.14152	0.591965	1.56108	1.24498	0.982156	1.26743	1.06022	0	0	2.38007	4.70191	0	0	0	0
k107_25299999 flag=1 multi=5.0000 len=3333	3333	5.87628	0	0	0	0	0	0	0	0	0.199274	0.269196	0.395249	0.499245	0.994061	0.62276	0.769713	0.882134	0	0	3.51798	4.84113	0	0	0	0
k107_23106054 flag=0 multi=21.3827 len=2631	2631	24.833	0	0	0	0	0	0	0	0	1.07428	1.04413	0.128811	0.1172	3.47832	2.68975	10.4191	13.9702	5.53371	5.03442	4.04551	3.86717	0.153285	0.190842	0	0
k107_12284209 flag=0 multi=52.6565 len=3860	3860	16.4146	0	0	0	0	0	0	0	0	0.719505	0.956698	0	0	2.84486	5.6694	5.45447	8.41078	3.76251	7.07973	3.63322	4.61396	0	0	0	0
k107_10272759 flag=0 multi=16.0863 len=2970	2970	13.7515	0	0	0	0	0	0	0	0	1.01874	1.24299	0	0	2.26312	2.34969	4.98088	5.71347	2.9539	7.81883	2.42166	2.45437	0.113193	0.100422	0	0
k107_3212793 flag=0 multi=21.0426 len=24781	24781	16.8243	0	0	0	0	0	0	0	0	0.732914	0.991551	0.0123371	0.0155355	3.3447	3.557	6.11373	8.89696	3.23408	5.11873	3.28796	5.04688	0.0985743	0.138084	0	0
k107_24228450 flag=1 multi=13.0000 len=6208	6208	6.29157	0	0	0	0	0	0	0	0	0.280054	0.364877	0.612767	0.899612	1.14307	1.2526	1.04724	1.14568	0.0511344	0.078339	3.1573	3.15186	0	0	0	0
k107_35136524 flag=0 multi=23.0027 len=10849	10849	16.7655	0	0	0.0286337	0.0431804	0	0	0	0	0.824595	1.23473	0	0	3.42647	3.0419	6.09074	7.27922	3.4442	5.11221	2.92074	3.61287	0.0301508	0.0406929	0	0
k107_6882519 flag=0 multi=30.0051 len=20181	20181	17.857	0	0	0	0	0	0	0	0	0.872126	1.0868	0	0	3.62055	4.5386	6.97419	11.5936	3.14256	4.27364	3.23241	5.02232	0.0151919	0.0185949	0	0
k107_8345309 flag=0 multi=25.0000 len=43362	43362	16.5939	0	0	0	0	0	0	0	0	0.851486	1.2125	0	0	3.34329	3.84235	6.02861	9.37143	3.2617	4.61202	3.02499	4.10282	0.0838365	0.11385	0	0
k107_13984935 flag=0 multi=27.2304 len=15145	15145	16.8236	0	0	0	0	0	0	0	0	0.701139	1.32166	0	0	3.42795	3.85797	5.80685	10.2245	3.1468	4.54057	3.72054	4.86793	0.0203463	0.0203477	0	0
k107_3605366 flag=0 multi=15.1884 len=11890	11890	16.3796	0	0	0.0260614	0.045746	0	0	0	0	0.654729	1.21133	0	0	2.84061	3.41609	6.66888	9.15337	3.15559	5.07779	3.00785	5.09379	0.0258889	0.0253801	0	0
k107_1660093 flag=0 multi=17.6048 len=20845	20845	15.0229	0	0	0	0	0	0	0	0	0.756024	1.30253	0	0	3.418	4.00794	5.01509	8.11293	2.99099	3.88182	2.76196	3.74572	0.0808061	0.124755	0	0
k107_10302209 flag=0 multi=15.8277 len=42500	42500	16.3084	0	0	0.00715674	0.0128933	0	0	0	0	0.707451	0.941948	0	0	3.0673	3.69882	6.33215	8.59958	3.11313	3.91437	2.9954	4.18864	0.0857624	0.133594	0	0
k107_2098508 flag=0 multi=7.2121 len=2578	2578	7.79262	0	0	0	0	0	0	0	0	0.5	0.396048	0	0	1.11424	1.69716	1.94288	1.42941	2.35149	4.53774	1.88401	1.18637	0	0	0	0
k107_5380285 flag=0 multi=19.0062 len=53178	53178	16.4623	0	0	0	0	0	0	0	0	0.753934	0.973817	0	0	3.32468	4.50596	6.08318	8.63882	2.81909	4.00093	3.40724	5.22169	0.0741735	0.114233	0	0
k107_47273 flag=0 multi=14.9357 len=17055	17055	16.0578	0	0	0	0	0	0	0	0	0.500746	0.593129	0	0	3.01982	4.1604	6.07736	7.72791	3.26007	4.57402	3.17286	4.40425	0.0269802	0.0277443	0	0
k107_6215326 flag=0 multi=25.1562 len=25670	25670	16.384	0	0	0	0	0	0	0	0	0.796594	1.23553	0	0	3.44663	5.11595	6.0816	8.84371	3.171	4.11096	2.85253	3.59228	0.0356749	0.0432557	0	0
k107_30589790 flag=0 multi=30.9397 len=83385	83385	16.5155	0	0	0.00726984	0.0111966	0	0	0.00361085	0.00566034	0.604408	0.983373	0.00726984	0.0078012	3.2417	4.11293	6.15964	8.64041	3.34078	4.935	3.0929	4.77645	0.0579782	0.0642915	0	0
k107_15930232 flag=1 multi=16.3424 len=2686	2686	15.4971	0	0	0	0	0	0	0	0	0	0	0	0	1.95512	2.01923	6.90227	12.9004	4.05914	6.80717	2.3276	2.51497	0.252936	0.248005	0	0
k107_14672954 flag=0 multi=22.3845 len=80424	80424	16.5565	0	0	0	0	0	0	0	0	0.672187	1.06119	0.00376925	0.00616307	3.43326	4.711	5.82703	8.67648	3.33627	4.6142	3.23123	4.13593	0.0527321	0.0661875	0	0
k107_21162923 flag=0 multi=21.0639 len=8806	8806	14.6814	0	0	0.0355127	0.055189	0	0	0	0	0.647813	0.980047	0	0	3.15263	4.93365	4.73177	5.00848	3.43156	4.05374	2.64334	3.03345	0.0388053	0.0372942	0	0
k107_8720769 flag=0 multi=20.1180 len=23771	23771	16.1052	0	0	0	0	0	0	0	0	0.539392	0.793987	0.012868	0.0196808	3.33853	4.7492	6.1407	7.97378	2.95867	3.33147	3.04436	4.42117	0.0706464	0.0803365	0	0
k107_13082901 flag=0 multi=30.4039 len=21711	21711	16.7335	0	0	0	0	0	0	0	0	0.619926	1.0359	0.0141062	0.0256769	3.35097	4.09849	6.07866	7.39104	3.57574	4.69018	3.03059	4.23058	0.063478	0.0631874	0	0
k107_15802852 flag=0 multi=23.0084 len=78858	78858	16.7582	0	0	0.00384439	0.00489172	0	0	0	0	0.798208	1.24468	0.0115332	0.0164577	3.16886	4.20754	6.17281	8.03584	3.26655	4.59971	3.25775	4.50316	0.0786191	0.101057	0	0
k107_34601869 flag=0 multi=8.1848 len=7229	7229	9.25697	0	0	0	0	0	0	0	0	0.65353	0.560398	0	0	0.890284	1.09918	2.29205	3.54179	2.58698	3.66973	2.55262	2.54003	0.281507	0.412465	0	0
k107_4921654 flag=0 multi=15.1161 len=12553	12553	16.3239	0.0245694	0.0240454	0.0493021	0.065978	0	0	0	0	0.417843	0.588496	0.024651	0.0351494	3.20407	3.86097	6.26243	7.34778	3.19966	3.96465	3.14138	3.66403	0	0	0	0
k107_11595748 flag=0 multi=24.9937 len=319426	319426	16.545	0.00283589	0.0035263	0.00282649	0.00372558	0	0	0	0	0.689945	0.958228	0.00661812	0.00859321	3.30584	4.38284	5.94944	8.52943	3.32339	4.78822	3.19277	4.3887	0.071314	0.0969028	0	0
k107_14768614 flag=0 multi=15.0302 len=18748	18748	15.9819	0	0	0.0163179	0.0246715	0	0	0	0	0.589396	0.773768	0.0327442	0.0511937	3.56278	5.11476	5.64632	7.47775	2.60994	3.52863	3.45902	4.03942	0.06538	0.0615267	0	0
k107_26834558 flag=0 multi=14.5183 len=3858	3858	17.617	0	0	0	0	0	0	0	0	0.608268	0.930267	0	0	3.48031	2.69599	6.63161	7.2244	3.36305	3.9565	3.29528	5.07733	0.23847	0.245225	0	0
k107_17255415 flag=0 multi=14.0968 len=17140	17140	15.4378	0	0	0	0	0	0	0	0	0.609455	0.948528	0	0	3.24605	4.73188	5.53854	6.61184	3.1502	3.54669	2.8039	3.50018	0.0896781	0.126197	0	0
k107_30041123 flag=0 multi=15.8640 len=14251	14251	9.33708	0	0	0	0	0	0	0	0	0.79719	1.17247	0	0	0.938275	0.981184	2.18783	2.68419	2.78314	3.73001	2.58743	3.94964	0.0432289	0.0692541	0	0
k107_16242826 flag=0 multi=14.8166 len=17566	17566	16.2173	0	0	0	0	0	0	0	0	0.640813	0.808561	0.017493	0.0177669	3.01518	3.23591	5.38137	8.11948	3.52682	4.6635	3.54883	4.72667	0.0868281	0.101488	0	0
k107_17863855 flag=0 multi=49.1803 len=28200	28200	16.0244	0	0	0	0	0	0	0	0	0.637107	0.75067	0	0	3.22464	3.80765	5.69625	8.86925	3.14736	4.14416	3.27063	4.02819	0.0484264	0.0570543	0	0
k107_1802156 flag=0 multi=31.0049 len=59918	59918	17.0476	0	0	0	0	0	0	0.00503221	0.00531185	0.786752	1.1289	0.00506575	0.00762722	3.24039	4.15026	6.43393	8.6041	3.38825	5.19823	3.10386	4.21294	0.084323	0.123878	0	0
k107_32026278 flag=0 multi=14.8387 len=21655	21655	16.5381	0	0	0	0	0	0	0	0	0.651243	0.942765	0.0140964	0.0220089	3.51674	3.93538	5.81398	8.04101	3.10228	4.27047	3.37854	4.81518	0.061256	0.0749121	0	0
k107_6159353 flag=0 multi=22.9989 len=40820	40820	16.0266	0	0	0	0	0	0	0	0	0.652624	1.04393	0	0	3.42166	4.59746	5.69414	8.75244	3.0794	5.34959	3.14539	3.87846	0.0333926	0.0455732	0	0
k107_16282441 flag=0 multi=21.0001 len=122631	122631	16.6597	0	0	0.00739808	0.0132152	0	0	0.00246875	0.00309853	0.674354	0.924203	0.00987501	0.0142693	3.1645	4.22247	6.10616	8.81263	3.29726	4.44428	3.34964	4.64156	0.0480344	0.0525218	0	0
k107_26566252 flag=0 multi=15.0765 len=4418	4418	18.0513	0	0	0	0	0	0	0	0	0.859815	1.06845	0	0	3.83042	4.33092	5.88363	8.11856	4.7172	7.45119	2.7602	4.11701	0	0	0	0
k107_31892177 flag=0 multi=17.0190 len=63353	63353	16.8206	0	0	0	0	0	0	0	0	0.724334	1.0325	0.00954783	0.0109872	3.25199	4.89745	6.2593	9.2427	3.25835	4.69179	3.25497	4.81253	0.062156	0.0787828	0	0
k107_18248927 flag=0 multi=16.0151 len=17691	17691	15.8675	0	0	0	0	0	0	0	0	0.610213	0.793241	0	0	3.22445	4.09438	6.28075	9.29633	2.90891	4.14429	2.79125	3.58626	0.0519294	0.061461	0	0
k107_16381251 flag=0 multi=29.3137 len=87293	87293	16.7259	0	0	0.00347162	0.0051104	0	0	0	0	0.660597	1.01965	0	0	3.15911	3.66354	6.43824	9.5847	3.3184	5.01717	3.11493	4.01795	0.0311641	0.0422931	0	0
k107_10620467 flag=0 multi=29.0013 len=51642	51642	16.2363	0	0	0	0	0	0	0	0	0.634534	0.851081	0	0	3.28483	4.00325	5.96371	8.32033	3.21284	4.92155	3.08465	4.42819	0.055785	0.0715712	0	0
k107_2842097 flag=0 multi=28.0160 len=61184	61184	16.6528	0	0	0.00248021	0.0024721	0	0	0	0	0.602346	0.825898	0.00496042	0.0065156	3.41635	4.39898	6.17072	8.90662	3.29731	4.48778	3.10419	4.09034	0.054466	0.0700559	0	0
k107_6441588 flag=0 multi=43.0652 len=6749	6749	16.414	0	0	0.0468435	0.0877853	0	0	0	0	0.709943	0.948261	0	0	3.70855	4.59756	6.21685	8.46297	2.99318	4.24164	2.69179	3.85091	0.0468435	0.0700991	0	0
k107_19144249 flag=0 multi=14.9367 len=12160	12160	16.5483	0	0	0	0	0	0	0	0	0.839939	0.934618	0	0	2.99882	4.72344	6.36667	6.90397	3.03129	3.64349	3.20973	4.31791	0.101872	0.125742	0	0
k107_24561432 flag=0 multi=15.0007 len=50788	50788	16.5798	0	0	0	0	0	0	0	0	0.78497	1.3207	0.00598186	0.00764584	3.18393	4.42913	6.4236	9.29274	3.18126	4.9803	2.92235	3.95372	0.0777245	0.103968	0	0
k107_15069262 flag=0 multi=16.1280 len=77303	77303	16.1577	0	0	0.00392203	0.00479518	0	0	0	0	0.724939	1.04542	0.00587005	0.00584497	3.26672	3.97939	6.02692	8.92671	3.16811	4.62873	2.92205	5.02622	0.0391423	0.0494939	0	0
k107_88046 flag=0 multi=23.1125 len=20178	20178	16.326	0	0	0	0	0	0	0	0	0.553985	0.787299	0	0	3.17368	4.26481	6.35566	10.8268	3.12563	4.41309	3.08674	4.12583	0.0303381	0.0294609	0	0
k107_3245029 flag=0 multi=23.9994 len=65273	65273	17.423	0	0	0	0	0	0	0	0	0.763033	1.11518	0	0	3.58215	4.41358	6.493	9.48918	3.33423	5.00974	3.17639	4.24507	0.0741869	0.0992203	0	0
k107_8938857 flag=0 multi=29.7547 len=128206	128206	16.143	0	0	0.00708344	0.00920564	0	0	0	0	0.742948	1.09955	0.00708344	0.0120309	3.20334	3.94972	5.89233	8.25078	3.1909	4.4663	3.04398	4.35225	0.0553071	0.065221	0	0
k107_16969011 flag=0 multi=35.1091 len=66843	66843	17.0365	0	0	0.00453856	0.00624063	0	0	0	0	0.714462	1.07474	0	0	3.5728	4.94487	6.26028	9.63566	3.19812	4.78656	3.23877	4.05648	0.0475196	0.0558396	0	0
k107_14874292 flag=0 multi=56.9972 len=13281	13281	9.03583	0	0	0	0	0	0	0	0	0.535712	0.66326	0	0	0.827259	1.08812	2.07381	2.4237	3.4713	4.27814	2.10455	1.82085	0.0231913	0.0227336	0	0
k107_16989118 flag=0 multi=16.0551 len=27203	27203	16.1837	0	0	0.0112263	0.0160065	0	0	0	0	0.697335	1.03441	0.0112263	0.0144457	3.24449	4.29245	5.60403	6.77001	3.29939	6.20292	3.23189	5.09123	0.0840861	0.127735	0	0
k107_13590913 flag=0 multi=17.1214 len=20884	20884	15.8766	0	0	0	0	0	0	0	0	0.688174	0.831213	0	0	2.8335	2.96304	6.22301	9.36017	3.01035	3.67164	3.04829	3.71702	0.0732679	0.0789583	0	0
k107_35149512 flag=0 multi=17.0556 len=42966	42966	16.6309	0	0	0	0	0	0	0	0	0.607374	0.969713	0	0	3.39631	5.21165	6.14406	8.79073	3.30693	4.94801	3.09858	3.81395	0.0776064	0.0899737	0	0
k107_28419897 flag=0 multi=37.8629 len=36856	36856	16.4454	0	0	0	0	0	0	0.00826175	0.0122393	0.667724	1.06956	0.0122832	0.0122388	3.50227	4.77216	5.93429	7.52866	3.10907	4.35124	3.15749	3.92933	0.054057	0.0659592	0	0
k107_26136221 flag=0 multi=16.0000 len=70979	70979	16.5445	0	0	0	0	0	0	0	0	0.707543	1.1407	0.00427296	0.00760751	3.1833	3.99617	6.11398	9.075	3.28121	4.48388	3.14778	4.73116	0.106385	0.177073	0	0
k107_32103583 flag=0 multi=13.0358 len=26545	26545	15.2809	0	0	0	0	0	0	0	0	0.638875	0.837323	0.0115078	0.0148717	2.7977	3.37864	5.576	8.62014	3.07644	3.9	3.15753	4.23202	0.0228632	0.0240973	0	0
k107_14727875 flag=0 multi=18.0474 len=4011	4011	18.4716	0	0	0	0	0	0	0	0	0.812618	1.18308	0	0	4.93098	8.76609	6.3017	7.80443	3.73092	4.78074	2.61391	2.896	0.0814236	0.120656	0	0
k107_27441414 flag=0 multi=23.9946 len=7452	7452	17.4443	0	0	0	0	0	0	0	0	0.929371	1.51445	0	0	3.64531	6.10472	6.01622	8.04343	3.49315	5.45947	3.2758	4.74918	0.0844755	0.136663	0	0
k107_4917195 flag=0 multi=24.0668 len=14172	14172	17.5079	0	0	0.0217736	0.0365943	0	0	0	0	0.822711	1.08985	0.0217736	0.0400587	3.55941	4.15554	6.73417	10.2158	3.07779	5.12951	3.20519	4.56505	0.0651045	0.0610627	0	0
k107_24642087 flag=0 multi=26.0066 len=19708	19708	15.8143	0	0	0	0	0	0	0	0	0.712357	0.908874	0	0	2.38344	3.05004	6.10543	7.34046	3.357	4.71813	3.20937	4.29379	0.0466866	0.0533749	0	0
k107_35137666 flag=0 multi=23.1231 len=5297	5297	15.8454	0	0	0	0	0	0	0	0	0.705706	0.895667	0	0	2.80901	3.71146	5.4957	7.30126	3.61742	5.04143	3.15716	3.34559	0.0604605	0.101275	0	0
k107_5040818 flag=0 multi=28.3206 len=238255	238255	16.6637	0	0	0.00380327	0.00564834	0	0	0	0	0.717184	0.977583	0.00760654	0.0117124	3.36268	4.4663	6.06513	8.70607	3.39016	5.22806	3.04432	4.325	0.0728547	0.0955172	0	0
k107_24933293 flag=0 multi=25.9517 len=194039	194039	16.3142	0	0	0.00934256	0.0143945	0	0	0	0	0.760645	1.16051	0.00932192	0.013683	3.24194	4.18963	5.88357	8.39622	3.16315	4.893	3.15987	4.49366	0.0863335	0.11174	0	0
k107_5232702 flag=1 multi=20.0000 len=2909	2909	6.60338	0	0	0.115842	0.150046	0	0	0	0	0.114691	0.123185	1.48101	3.03566	0.578059	0.513967	1.84196	2.22922	0	0	2.47181	3.91272	0	0	0	0
k107_13585131 flag=0 multi=13.2461 len=6136	6136	15.6049	0	0	0	0	0	0	0	0	0.371615	0.737326	0	0	2.37144	1.8351	6.19729	7.76504	3.39081	4.96795	3.22197	3.92552	0.0517655	0.0638421	0	0
k107_21664868 flag=0 multi=21.0011 len=54208	54208	16.6493	0	0	0	0	0	0	0	0	0.807906	1.39491	0.00560234	0.00959932	3.09639	3.68586	6.26633	8.02198	3.39747	4.99947	2.99167	4.0526	0.0838868	0.105289	0	0
k107_14670661 flag=0 multi=14.1419 len=12929	12929	16.0293	0	0	0	0	0	0	0	0	0.788865	1.09459	0	0	3.39542	3.86929	5.97125	7.53993	3.3666	6.49093	2.47161	3.58012	0.0355587	0.034589	0	0
k107_34914285 flag=0 multi=377.0000 len=4343	4343	19.5256	0	0	0	0	0	0	0	0	0.864637	1.53355	0	0	3.24722	4.83513	7.23757	10.301	3.64934	3.16868	4.52685	6.97553	0	0	0	0
k107_4912512 flag=0 multi=15.0506 len=13476	13476	16.9329	0	0	0	0	0	0	0	0	0.74351	0.703767	0	0	3.44315	5.71027	5.8179	10.0223	3.53416	4.76343	3.31418	3.78537	0.0800061	0.0847141	0	0
k107_10948997 flag=0 multi=15.8539 len=4174	4174	16.9236	0	0	0	0	0	0	0	0	0.561725	0.464705	0.0774793	0.0879425	4.27454	6.48994	5.48631	7.49471	3.12913	3.93863	3.39437	3.39622	0	0	0	0
k107_3815308 flag=0 multi=13.2941 len=42462	42462	9.39353	0	0	0.00353416	0.00357049	0	0	0	0	0.524051	0.739725	0	0	0.873221	1.08725	2.3013	3.05174	3.01549	4.18707	2.59056	3.51917	0.0853653	0.125535	0	0
k107_7130147 flag=0 multi=15.1580 len=8654	8654	15.5929	0	0	0	0	0	0	0	0	0.685943	0.791819	0	0	2.95043	3.42707	5.44792	6.35714	3.74868	6.10881	2.63386	4.11296	0.126078	0.150302	0	0
k107_23562111 flag=0 multi=24.0148 len=87482	87482	16.7789	0	0	0.0034641	0.00388644	0	0	0	0	0.79891	1.04647	0.00168617	0.00172841	3.26288	4.20692	6.08333	8.22549	3.33975	5.23041	3.21118	4.75992	0.0776554	0.0958827	0	0
k107_26057218 flag=0 multi=13.0197 len=3761	3761	15.4666	0	0	0	0	0	0	0	0	0.697311	1.19042	0	0	2.93958	3.78997	6.28245	7.97241	3.26193	7.68964	2.24978	3.54112	0.0355594	0.0343068	0	0
k107_33932348 flag=0 multi=13.9221 len=13741	13741	9.78696	0	0	0	0	0	0	0	0	0.527346	0.843218	0.0220999	0.0316459	0.751246	0.922515	2.19763	2.52798	3.16995	4.10597	2.98527	4.50194	0.133418	0.200698	0	0
k107_10271611 flag=0 multi=43.0699 len=38837	38837	15.8188	0	0	0	0	0	0	0	0	0.766654	1.24637	0.00783703	0.00912503	2.95915	3.92539	5.82626	7.35835	3.06324	4.26286	3.1331	4.08234	0.0625405	0.076289	0	0
k107_24273725 flag=0 multi=16.3278 len=13956	13956	15.4827	0	0	0.0221181	0.0324705	0	0	0	0	0.6185	0.953106	0	0	2.94947	3.58862	5.88267	9.35829	2.96133	4.20786	3.04863	4.39445	0	0	0	0
k107_15003509 flag=0 multi=13.9984 len=14333	14333	16.6061	0	0	0	0	0	0	0	0	0.546932	0.895059	0.0215238	0.027758	3.60487	5.34302	5.88141	6.60327	3.20854	4.91802	3.26755	4.30311	0.0752619	0.0920304	0	0
k107_3223714 flag=0 multi=23.5197 len=92828	92828	16.1518	0	0	0.00324233	0.00324416	0	0	0	0	0.638869	1.05566	0.00978103	0.0148405	3.2762	4.42711	6.00918	9.17133	3.12749	4.39098	3.04147	4.12006	0.0455764	0.0556477	0	0
k107_9678260 flag=0 multi=64.0045 len=19160	19160	16.3742	0	0	0	0	0	0	0.0160144	0.0199946	0.755276	1.08134	0	0	3.08946	4.1651	6.23078	8.78667	3.05069	4.16005	3.20002	5.54387	0.0319758	0.0345134	0	0
k107_24441819 flag=0 multi=20.7419 len=64973	64973	16.3759	0	0	0	0	0	0	0	0	0.660744	1.01716	0.00466979	0.0070916	3.18392	3.92451	5.93778	8.22674	3.30301	4.8998	3.23685	4.12761	0.0489555	0.0760008	0	0
k107_20505266 flag=0 multi=23.9659 len=112717	112717	16.061	0	0	0.0066806	0.00848629	0	0	0	0	0.7085	1.12615	0.00939376	0.0127023	3.13397	4.09154	5.96418	9.05474	3.15636	4.31358	3.01883	4.25498	0.0630521	0.0917267	0	0
k107_34256816 flag=0 multi=24.0000 len=53222	53222	16.9648	0	0	0	0	0	0	0	0	0.670011	0.939863	0.0113946	0.0159642	3.57494	4.90012	6.1424	9.1129	3.365	5.00816	3.14395	4.07583	0.0570484	0.0608386	0	0
k107_22054181 flag=0 multi=15.0028 len=13130	13130	17.4242	0	0	0	0	0	0	0	0	0.655831	0.815741	0.0470845	0.0919585	3.87075	4.95069	6.5212	8.61377	3.08224	4.42999	3.19177	4.15541	0.0553477	0.055003	0	0
k107_26223591 flag=0 multi=33.0085 len=70887	70887	16.331	0	0	0	0	0	0	0	0	0.768067	1.26035	0.0256428	0.0495481	3.2958	4.57181	5.98464	9.46911	3.13419	4.3541	3.0757	4.09049	0.0469788	0.0555806	0	0
k107_32229439 flag=0 multi=23.3453 len=45875	45875	16.8046	0	0	0	0	0	0	0	0	0.672065	0.976722	0.0132535	0.0130814	3.23578	4.02486	6.26136	8.49054	3.33009	4.9344	3.22283	4.38064	0.0692735	0.0777149	0	0
k107_14585168 flag=0 multi=14.0585 len=22205	22205	15.6636	0	0	0	0	0	0	0	0	0.616811	0.993078	0.0137881	0.024277	3.52011	5.04825	5.46322	5.70841	3.12464	4.96012	2.84249	3.46432	0.0825001	0.1104	0	0
k107_5237095 flag=0 multi=27.0320 len=105185	105185	16.372	0	0	0	0	0	0	0.00286033	0.00328627	0.72168	1.08408	0.0086382	0.0111276	3.17738	3.98809	5.81179	7.97903	3.36876	4.38948	3.2277	4.72302	0.053164	0.0692321	0	0
k107_34204686 flag=0 multi=20.4240 len=83632	83632	16.5516	0	0	0	0	0	0	0	0	0.634585	0.921727	0.00724829	0.0110415	3.25775	4.40561	6.24309	8.86249	3.1758	3.99817	3.16432	4.75135	0.0687627	0.0771495	0	0
k107_20981235 flag=0 multi=44.6305 len=33371	33371	16.1413	0	0	0	0	0	0	0	0	0.791073	0.923108	0	0	3.21658	4.492	5.70238	8.5336	3.24597	4.62724	3.10318	4.49757	0.0821313	0.109305	0	0
k107_35266410 flag=0 multi=17.0035 len=39574	39574	17.0445	0	0	0	0	0	0	0	0	0.733092	1.22026	0.00374312	0.00383058	3.30556	3.8325	6.20893	8.81554	3.24679	3.92504	3.49262	5.38108	0.0537533	0.0544455	0	0
k107_13387846 flag=0 multi=16.0397 len=12077	12077	17.3759	0	0	0	0	0	0	0	0	0.68552	0.94247	0.0769427	0.0983741	3.15847	3.20639	6.49639	8.58814	3.66361	5.1605	3.218	4.3894	0.0769427	0.0875054	0	0
k107_20537188 flag=0 multi=17.1448 len=6241	6241	13.9665	0	0	0	0	0	0	0	0	0.82556	1.2984	0	0	2.56087	2.37975	5.48493	7.68413	2.869	4.61286	2.17629	2.99747	0.04984	0.0748876	0	0
k107_14682789 flag=0 multi=20.0085 len=6725	6725	9.80103	0	0	0	0	0	0	0	0	0.704499	0.851031	0	0	0.937412	1.1841	1.99611	3.79321	2.97026	4.54799	2.81317	4.3627	0.379573	1.19274	0	0
k107_35153605 flag=0 multi=16.0985 len=14649	14649	15.8655	0	0	0	0	0	0	0	0	0.546944	0.899813	0	0	3.12184	3.66736	5.68328	8.28037	3.71813	6.95782	2.77431	5.33109	0.0210497	0.0242389	0	0
k107_31157790 flag=0 multi=29.0228 len=56217	56217	16.5215	0.00540106	0.00884279	0	0	0	0	0	0	0.728588	1.10471	0.00540106	0.0093569	3.2127	3.92892	6.07984	8.87939	3.25583	4.64767	3.14842	4.64257	0.0852723	0.123029	0	0
k107_1034608 flag=0 multi=23.1020 len=146952	146952	16.3537	0.00102966	0.00102758	0	0	0	0	0	0	0.663082	1.00616	0.0102966	0.0151055	3.30552	4.65396	5.8724	8.91022	3.2321	4.72831	3.21384	4.58081	0.0554245	0.0671863	0	0
k107_17284869 flag=0 multi=13.0940 len=6715	6715	13.3731	0	0	0	0	0	0	0	0	0.70014	0.8494	0	0	2.9066	4.0507	4.93809	6.46276	2.74879	3.61233	2.03321	2.97335	0.0463122	0.0448828	0	0
k107_18077824 flag=0 multi=22.0182 len=64791	64791	16.2546	0	0	0	0	0	0	0	0	0.761045	1.282	0.00936594	0.0134562	3.18606	3.73677	5.98508	9.79119	3.0984	4.41394	3.12111	4.85271	0.0935353	0.126982	0	0
k107_30591786 flag=0 multi=15.2507 len=7358	7358	17.1103	0	0	0	0	0	0	0	0	0.870323	1.50284	0.0856009	0.127608	3.27423	3.85945	6.20394	10.6832	3.23795	5.33005	3.35303	3.85892	0.0851757	0.108331	0	0
k107_30728410 flag=0 multi=15.0109 len=32872	32872	16.7763	0	0	0	0	0	0	0	0	0.748542	1.00221	0.00927234	0.012319	3.15431	3.70302	6.31821	8.74617	3.45385	4.93068	3.01811	4.32996	0.0739638	0.0809028	0	0
k107_3825923 flag=0 multi=15.2156 len=31037	31037	15.5941	0.0097934	0.00972567	0	0	0	0	0	0	0.70968	0.996276	0.00982593	0.0110944	2.80807	3.59071	5.59304	9.13531	3.2614	4.0684	3.08947	4.43601	0.112803	0.141805	0	0
k107_24708184 flag=0 multi=14.0065 len=13950	13950	15.9561	0	0	0	0	0	0	0	0	0.57393	0.88263	0	0	3.26319	4.5323	5.80928	6.51902	3.24377	3.95638	3.04382	4.66981	0.0221278	0.0216389	0	0
k107_25369293 flag=0 multi=38.0153 len=13680	13680	16.1229	0	0	0.0225744	0.0395412	0	0	0	0	0.650396	0.886318	0	0	2.99806	4.43893	5.81813	7.45019	3.30894	6.83299	3.27971	3.45852	0.045074	0.0529698	0	0
k107_7858723 flag=0 multi=17.0000 len=11789	11789	17.2706	0	0	0	0	0	0	0	0	0.826674	1.02081	0	0	2.99425	2.78852	6.5286	10.7692	3.28293	5.85871	3.55942	4.83291	0.0786977	0.0726604	0	0
k107_23133010 flag=0 multi=18.0376 len=47267	47267	16.3335	0	0	0	0	0	0	0	0	0.588587	0.846752	0.00640903	0.00731659	3.14817	4.63703	6.20647	10.108	3.32431	5.36267	3.00181	4.22352	0.0577451	0.0638814	0	0
k107_24867865 flag=0 multi=20.0000 len=65708	65708	16.9031	0	0	0.00455616	0.00459663	0	0	0	0	0.729184	1.14636	0.00460202	0.00747448	3.1816	4.16368	6.05143	9.64541	3.4586	4.64786	3.40856	4.99069	0.0645354	0.0741249	0	0
k107_22263992 flag=0 multi=19.0230 len=9359	9359	16.0322	0	0	0	0	0	0	0	0	0.699238	0.781453	0	0	2.98918	3.36229	5.85801	6.92604	3.27448	4.33043	3.21133	4.39991	0	0	0	0
k107_30718029 flag=0 multi=17.0137 len=48612	48612	16.7262	0	0	0.00623059	0.00811153	0	0	0	0	0.699338	0.94791	0	0	3.21559	4.13078	6.22323	9.05601	3.32852	4.39361	3.19714	4.50607	0.0561995	0.0781909	0	0
k107_32343821 flag=0 multi=36.7572 len=35964	35964	14.4206	0	0	0.00412203	0.00421618	0	0	0	0	0.722169	0.946033	0.0335371	0.0373211	2.60022	3.35368	5.154	7.45289	3.24825	4.37497	2.59542	3.77011	0.0628961	0.076751	0	0
k107_423714 flag=0 multi=29.0000 len=32919	32919	16.2795	0	0	0	0	0	0	0	0	0.655946	0.931768	0	0	3.39605	3.90607	5.71147	8.69572	3.35451	5.15758	3.08753	3.89612	0.0740105	0.0823306	0	0
k107_14666535 flag=0 multi=18.0281 len=24418	24418	16.9209	0.0125228	0.0183369	0	0	0	0	0.00609554	0.00622248	0.930171	1.74653	0	0	3.58447	4.14604	5.90662	7.59697	3.37693	4.16719	3.02907	3.89458	0.0750539	0.121554	0	0
k107_13760423 flag=0 multi=19.0384 len=138687	138687	16.6374	0	0	0.00217509	0.00217327	0	0	0	0	0.682979	1.05732	0.0152762	0.029403	3.3818	4.5748	6.16217	8.78207	3.11278	4.24372	3.20829	4.52971	0.0697691	0.0903292	0.00216786	0.00295528
k107_32233752 flag=0 multi=18.0098 len=70617	70617	17.1209	0	0	0	0	0	0	0.00429496	0.00830525	0.641527	0.975352	0.0171798	0.0319713	3.53548	4.17231	6.24185	8.80363	3.44306	4.89579	3.16038	3.98314	0.077167	0.095287	0	0
k107_17818053 flag=0 multi=10.1186 len=3852	3852	9.34563	0	0	0	0	0	0	0	0	0.406761	0.717595	0	0	1.27352	1.81389	2.43268	3.97447	2.59521	1.9481	2.42761	3.65855	0.209859	0.196793	0	0
k107_13769748 flag=0 multi=20.0063 len=25256	25256	16.7639	0	0	0	0	0	0	0	0	0.634928	0.85323	0.0121023	0.0174109	3.19905	4.80618	6.38611	9.34607	3.1076	4.8848	3.35165	3.96149	0.0724934	0.0937364	0	0
k107_16487998 flag=0 multi=22.0073 len=36866	36866	16.1223	0	0	0	0	0	0	0	0	0.818866	1.35599	0.016519	0.0178228	3.27382	4.08481	5.82483	8.45977	3.06219	3.9453	3.04362	3.87102	0.0824308	0.11457	0	0
k107_31290012 flag=0 multi=17.0260 len=19544	19544	16.5603	0	0	0	0	0	0	0	0	0.652791	0.751796	0.0156948	0.0202296	3.19774	3.31482	6.5355	7.44454	3.08014	4.41285	2.98431	4.7196	0.094117	0.10361	0	0
k107_7352150 flag=0 multi=23.0126 len=65915	65915	15.8167	0	0	0.00919025	0.0139216	0	0	0.00460275	0.00733275	0.747382	0.986414	0.0138082	0.0171372	3.04979	3.47629	5.93893	8.21105	2.89815	4.39194	3.09239	3.56101	0.0624571	0.0775933	0	0
