contigName	contigLen	totalAvgDepth	Cen01_MA.bam	Cen01_MA.bam-var	Cen03_MA.bam	Cen03_MA.bam-var	Cen04_MA.bam	Cen04_MA.bam-var	Cen05_MA.bam	Cen05_MA.bam-var	Cen06_MA.bam	Cen06_MA.bam-var	Cen07_MA.bam	Cen07_MA.bam-var	Cen10_MA.bam	Cen10_MA.bam-var	Cen12_MA.bam	Cen12_MA.bam-var	Cen14_MA.bam	Cen14_MA.bam-var	Cen15_MA.bam	Cen15_MA.bam-var	Cen16_MA.bam	Cen16_MA.bam-var	Cen17_MA.bam	Cen17_MA.bam-var
k107_29842064 flag=1 multi=9.0000 len=3195	3195	8.01486	0	0	0	0	0	0	0	0	0	0	0	0	8.01486	7.53685	0	0	0	0	0	0	0	0	0	0
k107_7803398 flag=1 multi=8.0000 len=5848	5848	8.19113	0	0	0	0	0	0	0	0	0	0	0	0	8.19113	12.1659	0	0	0	0	0	0	0	0	0	0
k107_15700558 flag=1 multi=4.0000 len=2889	2889	4.39157	0	0	0	0	0	0	0	0	0	0	0	0	2.15307	1.79854	0	0	1.73947	1.47757	0.499034	0.809259	0	0	0	0
k107_28056983 flag=0 multi=22.3182 len=2734	2734	26.3121	0	0	0	0	0	0	0	0	0.629934	1.34385	0	0	8.5477	5.1418	15.8429	17.3861	0.951891	0.690972	0.339638	0.535062	0	0	0	0
k107_21934162 flag=0 multi=15.0405 len=3617	3617	6.45852	0	0	0	0	0	0	0	0	0	0	0	0	4.6543	8.44244	1.80422	2.31209	0	0	0	0	0	0	0	0
k107_34940930 flag=0 multi=27.1978 len=474949	474949	28.5068	0	0	0.0031792	0.00486277	0	0	0	0	0.516207	0.761921	0	0	6.57127	8.96997	20.2467	28.857	1.01039	1.48953	0.150786	0.202357	0.00763515	0.0115683	0.000636262	0.000854804
k107_3077371 flag=0 multi=30.6573 len=32558	32558	27.7658	0.00458829	0.00465294	0	0	0	0	0	0	0.483011	0.680035	0	0	6.77031	8.98462	19.6746	30.2023	0.72123	1.08231	0.112072	0.149056	0	0	0	0
k107_19895384 flag=0 multi=28.0115 len=122703	122703	29.0166	0	0	0.0024673	0.00370077	0	0	0	0	0.535535	0.658594	0.0024673	0.0047117	6.70055	8.48824	20.6138	28.7705	1.01041	1.32418	0.148929	0.19881	0.00243462	0.00245656	0	0
k107_35279260 flag=0 multi=24.0062 len=150458	150458	29.371	0.00201124	0.00313764	0	0	0	0	0	0	0.55164	0.858985	0	0	6.74036	8.63047	20.9995	29.7177	0.933116	1.36862	0.138443	0.198538	0.00600709	0.00727639	0	0
k107_21880337 flag=0 multi=25.0087 len=118300	118300	27.6847	0	0	0	0	0	0	0	0	0.465737	0.693234	0	0	6.7982	9.10506	19.3235	27.1022	0.945745	1.33129	0.143892	0.184376	0.00766962	0.0116922	0	0
k107_17299680 flag=0 multi=26.0075 len=161090	161090	28.6766	0	0	0.00187825	0.00312936	0	0	0	0	0.499963	0.745636	0	0	6.96183	8.87339	20.0768	29.1692	0.963766	1.34112	0.161113	0.225927	0.0112571	0.0149149	0	0
k107_26806026 flag=0 multi=38.0540 len=3493	3493	24.5252	0.00470072	0.00561141	0.0946412	0.131482	0.41053	0.808879	0.141335	0.175129	0.189282	0.233126	0	0	3.90599	3.91883	19.0655	28.2902	0.0946412	0.141513	0.152303	0.129364	0.466312	0.529177	0	0
k107_6616282 flag=0 multi=25.1902 len=125398	125398	29.9698	0	0	0	0	0	0	0	0	0.551121	0.772754	0	0	6.94962	9.78025	21.1041	33.6022	1.19939	1.99091	0.154769	0.198309	0.0108237	0.0160088	0	0
k107_17260986 flag=0 multi=25.4785 len=147075	147075	29.4403	0	0	0	0	0	0	0.000115825	0.000115799	0.494669	0.693281	0	0	7.02645	9.21348	20.6901	29.9584	1.05132	1.38518	0.169404	0.235744	0.0082304	0.00993208	0	0
k107_21943862 flag=0 multi=28.9997 len=200126	200126	30.4061	0	0	0.00151133	0.00168812	0	0	0	0	0.525012	0.783449	0.00302266	0.00715602	6.97883	9.61823	21.6499	33.7587	1.07035	1.47307	0.163159	0.2093	0.0143026	0.0189253	0	0
k107_20008907 flag=0 multi=25.1128 len=171923	171923	28.4253	0	0	0	0	0	0	0	0	0.467559	0.667342	0.00174804	0.00197779	6.91429	8.54221	19.918	31.1667	0.939734	1.30729	0.172986	0.204446	0.0109194	0.0132356	0	0
k107_35489243 flag=0 multi=26.0200 len=77922	77922	27.6795	0	0	0	0	0	0	0	0	0.468436	0.653218	0	0	6.36263	7.86787	19.7749	28.9083	0.922069	1.31868	0.139822	0.185321	0.0116722	0.0160118	0	0
k107_19908706 flag=0 multi=41.0175 len=38801	38801	27.79	0	0	0	0	0	0	0	0	0.662459	0.961091	0.0197667	0.0710364	6.39656	8.72348	19.5196	29.0994	1.01078	1.36975	0.125224	0.190204	0.0555859	0.228153	0	0
k107_34921172 flag=0 multi=46.2029 len=23287	23287	22.714	0	0	0	0	0.0256254	0.039673	0	0	0	0	0	0	0	0	20.6327	30.3633	0.328388	0.424642	0	0	1.7273	2.47658	0	0
k107_28371614 flag=0 multi=76.3750 len=12218	12218	28.3624	0.775848	1.57016	0.0621853	0.185822	0.0748573	0.0998029	0.846845	1.7921	0.606915	1.2898	0.175394	0.221996	6.46643	7.63147	19.1642	29.9834	0.100957	0.118619	0.0763679	0.100462	0.0123364	0.012513	0	0
k107_15844353 flag=0 multi=68.0153 len=4684	4684	28.7157	0.101095	0.0940805	0.120265	0.151907	0.102236	0.214596	0.27225	0.50376	0.702191	0.901628	0.102008	0.157989	6.25399	6.35361	20.8902	29.2682	0.0689183	0.124901	0.0689183	0.0641871	0.0335463	0.0332794	0	0
k107_7576502 flag=0 multi=24.0432 len=40242	40242	29.7031	0	0	0	0	0	0	0	0	0.517651	0.682878	0	0	6.86267	8.72908	21.1332	33.6711	1.05396	1.3834	0.128092	0.194499	0.00756134	0.0108617	0	0
k107_4975717 flag=0 multi=16.0314 len=24019	24019	17.1994	0	0	0.171691	0.254427	0	0	0	0	0.243791	0.372539	0.114433	0.208421	11.5225	15.6378	3.47531	3.92366	1.05372	1.47893	0.617996	0.966976	0	0	0	0
k107_7776461 flag=0 multi=20.1477 len=8800	8800	23.1234	0	0	0	0	0	0	0	0	0	0	0	0	0	0	20.9092	29.8694	0.257237	0.348939	0	0	1.95705	2.13582	0	0
k107_21318479 flag=0 multi=27.0898 len=647003	647003	28.6841	0	0	0.00140096	0.00173449	0	0	0	0	0.48084	0.703748	0	0	6.84782	9.13515	20.18	31.5275	1.03115	1.44272	0.132174	0.185349	0.0107267	0.0140498	0	0
k107_13747740 flag=1 multi=6.0000 len=7980	7980	6.25645	0	0	0	0	0	0	0	0	0	0	0	0	6.25645	6.54405	0	0	0	0	0	0	0	0	0	0
k107_25094583 flag=1 multi=6.0000 len=3999	3999	7.23857	0	0	0	0	0	0	0	0	0	0	0	0	7.23857	7.14972	0	0	0	0	0	0	0	0	0	0
k107_2931783 flag=0 multi=28.2551 len=55535	55535	29.7849	0	0	0	0	0	0	0	0	0.567849	0.856944	0	0	6.95293	8.56673	21.1153	31.495	0.985099	1.71361	0.163815	0.269646	0	0	0	0
k107_12337779 flag=0 multi=27.0022 len=316313	316313	28.4422	0	0	0	0	0	0	0	0	0.582844	0.839792	0	0	6.68789	8.93046	20.0017	29.2808	1.02466	1.44751	0.136008	0.189806	0.00810731	0.00924588	0.000955663	0.00156145
k107_16949979 flag=0 multi=23.0426 len=24644	24644	27.8722	0	0	0	0	0	0	0	0	0.654958	0.947808	0	0	6.37298	7.43978	19.8597	21.463	0.848246	1.42325	0.111412	0.146427	0.0124065	0.0166069	0.0124065	0.0150458
k107_32237840 flag=0 multi=25.4511 len=201499	201499	29.8575	0	0	0.00150102	0.00172697	0	0	0	0	0.516583	0.768767	0	0	7.02884	8.97855	21.1213	32.2449	1.05529	1.53514	0.128078	0.180282	0.00598915	0.00728094	0	0
k107_16623222 flag=0 multi=27.2175 len=188293	188293	28.2071	0	0	0	0	0	0	0	0	0.53176	0.790335	0	0	6.60778	8.59277	19.9295	30.3928	0.961663	1.366	0.168322	0.234883	0.0080323	0.00920943	0	0
k107_10264585 flag=0 multi=23.0133 len=45010	45010	28.399	0	0	0	0	0	0	0	0	0.476693	0.651481	0	0	6.64358	7.89678	20.138	28.0097	1.01595	1.39256	0.124788	0.153509	0	0	0	0
k107_35231740 flag=0 multi=26.0058 len=229554	229554	28.6374	0	0	0.00263466	0.00365465	0	0	0	0	0.500218	0.734435	0	0	6.74907	8.48072	20.2505	28.6887	0.963996	1.24768	0.16433	0.2397	0.00657355	0.00734613	0	0
k107_28055998 flag=0 multi=24.9774 len=36313	36313	29.1126	0	0	0	0	0	0	0	0	0.625198	0.943515	0	0	6.62656	8.18819	20.4734	31.0292	1.1657	1.48102	0.221793	0.277903	0	0	0	0
k107_13114915 flag=0 multi=34.9174 len=4225	4225	10.1236	0	0	0	0	0	0	0	0	0	0	0	0	7.1792	9.0636	2.37114	3.08451	0	0	0.573286	0.51455	0	0	0	0
k107_34833041 flag=0 multi=25.1029 len=43859	43859	30.4255	0	0	0	0	0	0	0	0	0.538237	0.742123	0	0	8.57114	10.8936	20.0975	29.7502	1.0284	1.44719	0.183323	0.20939	0.00693344	0.00854509	0	0
k107_7062335 flag=1 multi=8.0000 len=4538	4538	6.48772	0	0	0	0	0	0	0	0	0	0	0	0	6.48772	9.72345	0	0	0	0	0	0	0	0	0	0
k107_3574734 flag=0 multi=37.0793 len=49837	49837	28.2771	0	0	0.0060967	0.0108268	0	0	0	0	0.504552	0.696806	0	0	6.62035	8.28318	19.9279	28.9348	1.07566	1.62415	0.142586	0.196831	0	0	0	0
k107_14974872 flag=0 multi=27.0112 len=231038	231038	27.9393	0	0	0	0	0	0	0	0	0.502566	0.735783	0	0	6.69307	8.63741	19.5253	27.7788	1.06947	1.5865	0.142375	0.194891	0.00653127	0.00722619	0	0
k107_7944480 flag=0 multi=7.0254 len=12509	12509	7.37855	0	0	0	0	0	0	0	0	0	0	0	0	6.91325	8.70073	0.296715	0.337552	0	0	0.168592	0.188353	0	0	0	0
k107_8007352 flag=1 multi=14.0000 len=2978	2978	7.02093	0	0	0	0	0	0	0	0	0	0	0	0	7.02093	8.95094	0	0	0	0	0	0	0	0	0	0
k107_10926078 flag=0 multi=69.9829 len=14586	14586	40.1952	0	0	0	0	0	0	0	0	0.687413	1.24227	0	0	16.0756	31.5004	22.9155	42.5262	0.516662	0.866558	0	0	0	0	0	0
k107_35087148 flag=0 multi=28.0093 len=298314	298314	29.4127	0	0	0	0	0	0	0	0	0.522627	0.83085	0	0	6.67502	8.76743	21.0134	30.2245	1.04286	1.49611	0.154269	0.193068	0.00456022	0.0057659	0	0
k107_24317743 flag=0 multi=25.0685 len=25052	25052	28.6364	0	0	0	0	0	0	0	0	0.487879	0.691597	0	0	6.59067	9.57252	20.3728	33.4512	0.959636	1.16091	0.219232	0.332268	0.00610101	0.00605893	0	0
k107_6452755 flag=1 multi=8.0000 len=25703	25703	7.31908	0	0	0	0	0.00590528	0.00590475	0.00594465	0.0104698	0	0	0.00582654	0.00590475	7.30141	10.3536	0	0	0	0	0	0	0	0	0	0
k107_22815868 flag=0 multi=34.9989 len=6456	6456	25.9542	0	0	0	0	0	0	0	0	0.637472	0.924393	0	0	6.36172	7.42511	18.9072	24.8157	0.0477738	0.0879383	0	0	0	0	0	0
k107_34690014 flag=0 multi=24.1245 len=13279	13279	30.1837	0	0	0	0	0	0	0	0	0.321954	0.453244	0	0	7.44255	10.343	21.1987	27.9067	1.03514	1.89672	0.185328	0.266669	0	0	0	0
k107_9569605 flag=0 multi=24.0035 len=137544	137544	30.0726	0	0	0.00220049	0.00388156	0	0	0	0	0.546334	0.796305	0	0	6.88471	9.27401	21.4954	29.429	1.00452	1.32047	0.135032	0.193434	0.00220049	0.00255521	0.00220049	0.00219492
k107_7689252 flag=1 multi=11.0000 len=10968	10968	6.46559	0	0	0	0	0	0	0	0	0	0	0	0	6.46559	7.61429	0	0	0	0	0	0	0	0	0	0
k107_12139942 flag=0 multi=27.0005 len=188409	188409	31.0179	0	0	0.00160547	0.00194168	0	0	0	0	0.537327	0.792614	0	0	7.27448	9.45774	21.9043	30.6805	1.08325	1.43337	0.205718	0.331724	0.011217	0.012664	0	0
k107_18408128 flag=0 multi=30.3543 len=18417	18417	30.8593	0	0	0	0	0	0	0	0	0.541761	0.822406	0	0	7.34005	11.1232	21.7605	30.2639	1.01805	1.30231	0.18228	0.239217	0.0166713	0.0205871	0	0
k107_12031771 flag=1 multi=6.0000 len=15327	15327	7.1021	0	0	0	0	0	0	0	0	0	0	0	0	7.1021	7.9741	0	0	0	0	0	0	0	0	0	0
k107_19666273 flag=0 multi=18.1032 len=4844	4844	23.0189	0	0	0	0	0	0	0	0	0	0	0	0	0	0	20.6948	28.842	0.465214	0.390246	0	0	1.85887	4.05507	0	0
k107_15655227 flag=0 multi=100.2980 len=6369	6369	28.0265	0.271139	0.33436	0.220867	0.497378	0.320752	0.312225	0.567167	0.633511	0.448657	0.646098	0.147684	0.203226	5.77551	5.2895	20.1009	34.8324	0.124114	0.144261	0.0497775	0.05291	0	0	0	0
k107_4234629 flag=0 multi=31.0092 len=9814	9814	27.4741	0.31434	0.371289	0.0474138	0.0453544	0.140875	0.205518	0.761039	1.79586	0.506939	0.625779	0.156329	0.277569	5.52397	8.10684	19.8183	39.2693	0.0309083	0.0536645	0.173991	0.172959	0	0	0	0
k107_4285030 flag=0 multi=27.3230 len=163032	163032	30.3932	0	0	0	0	0	0	0	0	0.587433	0.956531	0.00185583	0.0019504	7.22668	8.98773	21.3807	32.1474	1.06095	1.47167	0.135654	0.199826	0	0	0	0
k107_31544719 flag=1 multi=7.0000 len=9670	9670	7.24306	0	0	0	0	0	0	0	0	0	0	0	0	7.24306	8.02526	0	0	0	0	0	0	0	0	0	0
k107_20187184 flag=0 multi=24.0321 len=13790	13790	30.7438	0	0	0	0	0	0	0	0	0.570507	1.06234	0	0	6.85654	8.59238	21.8694	38.2445	1.30242	1.84495	0.14487	0.159327	0	0	0	0
k107_7758295 flag=0 multi=27.0383 len=10752	10752	27.1867	0	0	0.042488	0.122438	0	0	0.0354067	0.0406977	0.663636	1.08681	0	0	5.5934	6.51032	20.7652	31.8837	0	0	0.0866029	0.112308	0	0	0	0
