contigName	contigLen	totalAvgDepth	Cen01_MA.bam	Cen01_MA.bam-var	Cen03_MA.bam	Cen03_MA.bam-var	Cen04_MA.bam	Cen04_MA.bam-var	Cen05_MA.bam	Cen05_MA.bam-var	Cen06_MA.bam	Cen06_MA.bam-var	Cen07_MA.bam	Cen07_MA.bam-var	Cen10_MA.bam	Cen10_MA.bam-var	Cen12_MA.bam	Cen12_MA.bam-var	Cen14_MA.bam	Cen14_MA.bam-var	Cen15_MA.bam	Cen15_MA.bam-var	Cen16_MA.bam	Cen16_MA.bam-var	Cen17_MA.bam	Cen17_MA.bam-var
k107_3949105 flag=0 multi=21.5768 len=82924	82924	26.9629	0	0	0	0	0	0	0	0	0	0	0	0	0	0	0	0	0.174651	0.28541	0.351323	0.522099	26.4333	35.3609	0.0036431	0.00364176
k107_27595741 flag=0 multi=21.0265 len=14015	14015	26.2658	0	0	0	0	0	0	0	0	0	0	0	0	0	0	0	0	0.437468	0.442612	0.449063	0.674655	25.3573	33.2939	0.02195	0.021541
k107_24265146 flag=0 multi=42.6111 len=4923	4923	25.0863	0	0	0	0	0	0	0	0	0	0	0	0	0	0	0	0	0.227224	0.245716	0.325038	0.294072	24.5341	29.9949	0	0
k107_23904191 flag=0 multi=21.1457 len=5956	5956	25.9588	0	0	0	0	0	0	0	0	0	0	0	0	0	0	0	0	0.398479	0.628943	0.184294	0.280065	25.376	31.7009	0	0
k107_33555592 flag=0 multi=58.0655 len=8685	8685	25.3243	0	0	0	0	0	0	0	0	0	0	0	0	0	0	0	0	0	0	0.0357867	0.0347311	25.2886	32.5672	0	0
k107_26410298 flag=0 multi=19.3963 len=4884	4884	22.0116	0	0	0	0	0	0	0	0	0	0	0	0	0	0	0	0	0.699476	1.03087	0.688346	0.497378	20.6237	24.9387	0	0
k107_1319684 flag=0 multi=21.5693 len=39417	39417	23.783	0	0	0	0	0	0	0	0	0	0	0	0	0	0	0	0	0.468951	0.757145	0.611274	0.825716	22.6951	35.784	0.00766969	0.00766227
k107_29831215 flag=0 multi=22.1841 len=9262	9262	26.716	0	0	0	0	0	0	0	0	0	0	0	0	0	0	0	0	0	0	0.0672991	0.0914387	26.6487	49.7782	0	0
k107_24200639 flag=0 multi=20.3882 len=43493	43493	24.4326	0	0	0	0	0	0	0	0	0	0	0	0	0	0	0	0	0.382742	0.514767	0.5387	0.716161	23.5042	34.4125	0.00694589	0.00694107
k107_27070325 flag=0 multi=23.2123 len=3197	3197	23.8345	0	0	0	0	0	0	0	0	0	0	0	0	0	0	0	0	0.416926	1.26742	0.341969	0.353818	23.0756	32.9728	0	0
k107_5440106 flag=0 multi=20.6093 len=63985	63985	24.4006	0	0	0	0	0	0	0	0	0	0	0	0	0	0	0	0	0.342792	0.620861	0.451753	0.671871	23.5942	30.2466	0.0117928	0.0125353
k107_23105113 flag=0 multi=18.2329 len=12489	12489	22.9481	0	0	0	0	0	0	0	0	0	0	0	0	0	0	0	0	0.381882	0.455679	0.468122	0.595925	22.0981	26.68	0	0
k107_425425 flag=0 multi=32.3709 len=35848	35848	24.019	0	0	0	0	0	0	0	0	0	0	0	0	0	0	0	0	0.397851	0.503132	0.397204	0.557869	23.2155	28.6102	0.0083835	0.00842087
k107_836662 flag=0 multi=20.8637 len=27511	27511	23.5351	0	0	0	0	0	0	0	0	0	0	0	0	0	0	0	0	0.488074	0.825793	0.502371	0.614427	22.5282	27.6133	0.0164651	0.01637
k107_13137102 flag=0 multi=20.0240 len=158036	158036	23.7243	0	0	0	0	0	0	0	0	0	0	0	0	0	0	0	0	0.42578	0.649237	0.530786	0.674159	22.7563	31.6134	0.0114116	0.0146364
k107_4527359 flag=0 multi=36.0293 len=15867	15867	24.9561	0	0	0	0	0	0	0	0	0	0	0	0	0	0	0	0	0.178799	0.282096	0.414263	0.865268	24.3437	39.6233	0.019274	0.0272502
k107_12393969 flag=0 multi=20.0276 len=88066	88066	24.3292	0	0	0	0	0	0	0	0	0	0	0	0	0	0	0	0	0.383608	0.526096	0.593364	0.961663	23.3471	34.4339	0.00515018	0.00513875
k107_9926344 flag=0 multi=21.1342 len=66235	66235	24.3209	0	0	0	0	0	0	0	0	0	0	0	0	0	0	0	0	0.346094	0.468838	0.397373	0.545117	23.5581	29.6674	0.0193378	0.0260354
k107_20968097 flag=0 multi=22.3570 len=43953	43953	23.8693	0	0	0	0	0	0	0	0	0	0	0	0	0	0	0	0	0.527136	0.724196	0.461181	0.646522	22.8707	28.8151	0.0102632	0.0133499
k107_5365852 flag=0 multi=22.6258 len=78716	78716	23.9699	0	0	0	0	0	0	0	0	0	0	0	0	0	0	0	0	0.400324	0.644786	0.506198	0.652752	23.0519	33.3971	0.0114775	0.0144729
k107_6040752 flag=0 multi=20.0197 len=18090	18090	24.3238	0	0	0	0	0	0	0	0	0	0	0	0	0	0	0	0	0.354059	0.58067	0.480998	0.603767	23.4804	31.2089	0.00832022	0.00841935
k107_5658758 flag=0 multi=21.0945 len=70461	70461	24.3957	0	0	0	0	0	0	0	0	0	0	0	0	0	0	0	0	0.428869	0.643432	0.506165	0.714318	23.4458	35.2157	0.0149375	0.0148422
k107_2166308 flag=0 multi=27.1143 len=8333	8333	23.0107	0	0	0	0	0	0	0	0	0	0	0	0	0	0	0	0	0.427967	0.541097	0.794173	1.18011	21.7886	23.9472	0	0
k107_6108410 flag=0 multi=18.0847 len=26841	26841	23.4786	0	0	0	0	0	0	0	0	0	0	0	0	0	0	0	0	0.430461	0.611623	0.497419	0.790516	22.5395	28.5278	0.0111911	0.0112447
k107_813932 flag=0 multi=20.0628 len=51748	51748	23.4596	0	0	0	0	0	0	0	0	0	0	0	0	0	0	0	0	0.464429	0.703405	0.540664	1.05677	22.4399	34.8703	0.0146173	0.0152253
k107_4430729 flag=0 multi=19.1930 len=43649	43649	23.1428	0	0	0	0	0	0	0	0	0	0	0	0	0	0	0	0	0.345999	0.547425	0.408909	0.676485	22.3878	31.8102	0	0
k107_5899503 flag=0 multi=22.0692 len=16917	16917	25.2122	0	0	0	0	0	0	0	0	0	0	0	0	0	0	0	0	0.634126	0.668923	0.588565	0.74243	23.9895	36.1196	0	0
k107_13182275 flag=0 multi=27.8132 len=138258	138258	23.9222	0	0	0	0	0	0	0	0	0	0	0	0	0	0	0	0	0.399511	0.583615	0.441141	0.642636	23.0783	33.0136	0.00324741	0.0032736
k107_22957688 flag=0 multi=19.1484 len=13267	13267	22.5968	0	0	0	0	0	0	0	0	0	0	0	0	0	0	0	0	0.302044	0.456754	0.290474	0.429485	22.0042	34.1857	0	0
k107_7862020 flag=0 multi=23.1851 len=29111	29111	23.8687	0	0	0	0	0	0	0	0	0	0	0	0	0	0	0	0	0.297407	0.421472	0.610955	0.948013	22.9551	31.4444	0.00520671	0.00521478
k107_28007189 flag=0 multi=20.0156 len=37114	37114	25.0572	0	0	0	0	0	0	0	0	0.00820385	0.010522	0	0	0	0	0	0	0.424182	0.666068	0.491361	0.625655	24.1172	37.2278	0.0162447	0.0161395
k107_352732 flag=0 multi=21.0340 len=11036	11036	23.8351	0	0	0	0	0	0	0	0	0	0	0	0	0	0	0	0	0.242128	0.28907	0.238401	0.303252	23.3271	32.7029	0.0274828	0.0387134
k107_23408295 flag=0 multi=19.0398 len=18884	18884	23.9475	0	0	0	0	0	0	0	0	0	0	0	0	0	0	0	0	0.485362	0.740135	0.558982	0.917377	22.8952	38.8535	0.0079647	0.00805605
k107_24652816 flag=0 multi=22.0024 len=62192	62192	24.3671	0	0	0	0	0	0	0	0	0	0	0	0	0	0	0	0	0.407772	0.560341	0.560349	0.762267	23.3868	34.9259	0.0121344	0.0125914
k107_20953450 flag=0 multi=25.0090 len=5871	5871	23.6714	0	0	0	0	0	0	0	0	0	0	0	0	0	0	0	0	0.33471	0.587784	0.486263	0.505641	22.8504	35.6584	0	0
k107_29827551 flag=0 multi=27.3480 len=2673	2673	23.9663	0	0	0	0	0	0	0	0	0	0	0	0	0	0	0	0	0.250527	0.26081	0.628849	0.715645	23.0869	22.8005	0	0
k107_8942489 flag=0 multi=20.0027 len=38568	38568	24.6201	0	0	0	0	0	0	0	0	0	0	0	0	0	0	0	0	0.376836	0.42573	0.550201	0.786962	23.6813	32.7533	0.0117598	0.0122318
k107_4939070 flag=0 multi=22.2824 len=73251	73251	23.7642	0	0	0	0	0	0	0	0	0	0	0	0	0	0	0	0	0.415688	0.542341	0.520994	0.750476	22.8234	28.603	0.00408505	0.00412309
k107_7634833 flag=0 multi=22.1085 len=71759	71759	24.0043	0	0	0	0	0	0	0	0	0	0	0	0	0	0	0	0	0.418545	0.555519	0.561205	0.829137	23.0183	33.1677	0.0062835	0.0062963
k107_11120655 flag=0 multi=19.4593 len=3595	3595	23.0623	0	0	0	0	0	0	0	0	0	0	0	0	0	0	0	0	0	0	0.091406	0.0833276	22.9708	22.9222	0	0
k107_31660525 flag=0 multi=21.1036 len=41347	41347	23.1118	0	0	0	0	0	0	0	0	0	0	0	0	0	0	0	0	0.420977	0.678567	0.51485	0.902738	22.1723	30.8234	0.00367889	0.00366693
k107_8954314 flag=0 multi=55.9913 len=36949	36949	24.6495	0	0	0	0	0	0	0	0	0	0	0	0	0	0	0	0	0.351652	0.526801	0.561519	0.768176	23.7323	28.4936	0.00412039	0.00410333
k107_15564327 flag=0 multi=20.0132 len=34985	34985	25.1316	0	0	0	0	0	0	0	0	0	0	0	0	0	0	0	0	0.0346279	0.0387565	0.0912551	0.104784	25.0014	36.6991	0.00435372	0.00433297
k107_7297417 flag=0 multi=21.0409 len=14420	14420	23.3157	0	0	0	0	0	0	0	0	0	0	0	0	0	0	0	0	0.310242	0.516859	0.520966	0.586474	22.4525	28.7512	0.031945	0.0310663
k107_25059441 flag=0 multi=25.0052 len=64036	64036	24.6178	0	0	0	0	0	0	0	0	0	0	0	0	0	0	0	0	0.468321	0.743994	0.545878	0.924658	23.5966	30.171	0.00704491	0.00705654
k107_22825691 flag=0 multi=23.0097 len=70403	70403	24.6637	0	0	0	0	0	0	0	0	0	0	0	0	0	0	0	0	0.408924	0.568994	0.601632	0.837231	23.6404	41.9635	0.0127388	0.0169098
k107_9463349 flag=0 multi=20.0010 len=58633	58633	24.5523	0	0	0	0	0	0	0	0	0	0	0	0	0	0	0	0	0.405376	0.515447	0.615402	0.917465	23.5135	38.5874	0.0180179	0.0199981
k107_3955301 flag=0 multi=25.8093 len=2886	2886	27.113	0	0	0	0	0	0	0	0	0	0	0	0	0	0	0	0	0	0	0	0	27.113	36.7435	0	0
k107_1154075 flag=0 multi=21.1032 len=26292	26292	23.306	0	0	0	0	0	0	0	0	0	0	0	0	0	0	0	0	0.538245	0.919007	0.484763	0.657366	22.283	30.2286	0	0
k107_2163105 flag=0 multi=20.1332 len=15936	15936	24.4296	0	0	0	0	0	0	0	0	0	0	0	0	0	0	0	0	0.598503	0.768778	0.532046	0.663738	23.299	37.9128	0	0
k107_10830666 flag=0 multi=18.9830 len=69663	69663	23.3509	0	0	0	0	0	0	0	0	0	0	0	0	0	0	0	0	0.411946	0.60714	0.504909	0.711996	22.4254	32.5956	0.00862156	0.0124306
k107_12038065 flag=0 multi=20.0357 len=111029	111029	24.0217	0.00272743	0.00432376	0	0	0	0	0	0	0	0	0	0	0	0	0	0	0.401781	0.498056	0.546597	0.743324	23.0598	32.9442	0.0108646	0.0132321
k107_4708594 flag=0 multi=22.7132 len=5997	5997	23.2716	0	0	0	0	0	0	0	0	0	0	0	0	0	0	0	0	0.342932	0.62988	0.809833	1.33976	22.1189	37.2257	0	0
k107_13388137 flag=0 multi=22.0580 len=26082	26082	24.9889	0	0	0	0	0	0	0	0	0	0	0	0	0	0	0	0	0.551396	0.677731	0.580993	0.921579	23.8449	40.5301	0.0115593	0.0189449
k107_13254681 flag=0 multi=19.0000 len=53295	53295	23.672	0	0	0	0	0	0	0	0	0	0	0	0	0	0	0	0	0.387693	0.62347	0.470836	0.591112	22.8107	31.3464	0.00281169	0.00284194
k107_15010938 flag=0 multi=19.0218 len=104040	104040	23.8775	0	0	0	0	0	0	0	0	0	0	0	0	0	0	0	0	0.385413	0.531695	0.458993	0.693893	23.0259	37.0427	0.00717191	0.00900661
k107_31773486 flag=0 multi=20.6466 len=150294	150294	23.8623	0	0	0	0	0	0	0	0	0	0	0	0	0	0	0	0	0.410275	0.591149	0.477799	0.673936	22.9682	32.9985	0.00601365	0.00739331
k107_24912149 flag=0 multi=45.9379 len=5050	5050	22.0979	0	0	0	0	0	0	0	0	0	0	0	0	0	0	0	0	0.252527	0.233977	0.443134	0.533558	21.3713	26.4639	0.0309604	0.0307949
k107_15129137 flag=0 multi=28.2752 len=11544	11544	26.3922	0	0	0	0	0	0	0	0	0	0	0	0	0	0	0.0268635	0.0407382	0.560843	0.844506	0.454101	0.480067	25.3102	32.9335	0.0402064	0.0386693
k107_6938077 flag=0 multi=20.9616 len=113961	113961	24.2469	0	0	0	0	0	0	0	0	0	0	0	0	0	0	0	0	0.474472	0.653876	0.5272	0.741856	23.2387	35.5187	0.0065019	0.00736767
k107_11385420 flag=0 multi=22.1550 len=14481	14481	24.4632	0	0	0	0	0	0	0	0	0	0	0	0	0	0	0	0	0.487905	0.654196	0.699979	0.821668	23.2753	33.9589	0	0
k107_15125469 flag=0 multi=25.0225 len=36629	36629	22.6836	0	0	0	0	0	0	0	0	0	0	0	0	0	0	0	0	0.420679	0.652613	0.39004	0.52249	21.8729	34.2699	0	0
k107_6607487 flag=0 multi=57.0111 len=17671	17671	25.0767	0	0	0	0	0	0	0	0	0	0	0	0	0	0	0	0	0.333928	0.420275	0.493293	0.890952	24.2322	40.1199	0.0173297	0.0268767
k107_5893124 flag=0 multi=20.0433 len=43252	43252	23.3049	0	0	0	0	0	0	0	0	0	0	0	0	0	0	0	0	0.38135	0.543141	0.5061	0.644079	22.414	39.0569	0.00344587	0.00350373
k107_21820522 flag=0 multi=21.5565 len=29896	29896	24.033	0	0	0	0	0	0	0	0	0	0	0	0	0	0	0	0	0.320234	0.452218	0.4877	0.632238	23.2251	30.7632	0	0
k107_32066576 flag=0 multi=20.5136 len=16284	16284	23.6258	0	0	0	0	0	0	0	0	0	0	0	0	0	0	0	0	0.30015	0.38648	0.639157	1.08734	22.6865	31.449	0	0
k107_1062261 flag=0 multi=21.1975 len=53430	53430	24.0938	0	0	0	0	0	0	0	0	0	0	0	0	0	0	0	0	0.46019	0.632326	0.551536	0.791275	23.0821	31.3566	0	0
k107_34824855 flag=0 multi=20.0877 len=5010	5010	25.1054	0	0	0	0	0	0	0	0	0	0	0	0	0	0	0	0	0.638275	0.621374	0.478547	0.492743	23.9885	48.0178	0	0
k107_5392272 flag=0 multi=20.2650 len=78896	78896	23.8154	0	0	0	0	0	0	0	0	0	0	0	0	0	0	0	0	0.468636	0.624062	0.49304	0.774106	22.846	30.9825	0.00764689	0.0113933
k107_7215046 flag=0 multi=23.2225 len=3366	3366	24.2324	0	0	0	0	0	0	0	0	0	0	0	0	0	0	0	0	0.39393	0.480474	0.409595	0.420627	23.4289	31.4573	0	0
k107_18030583 flag=0 multi=20.0990 len=52506	52506	24.5656	0	0	0	0	0	0	0	0	0	0	0	0	0	0	0	0	0.378726	0.528103	0.53266	0.742528	23.6341	35.5669	0.0200942	0.0313297
k107_23907097 flag=0 multi=18.2601 len=11205	11205	21.8272	0	0	0	0	0	0	0	0	0	0	0	0	0	0	0	0	0.302761	0.363736	0.433826	0.541287	21.0906	25.152	0	0
k107_19516969 flag=0 multi=21.0000 len=21058	21058	23.6036	0	0	0	0	0	0	0	0	0	0	0	0	0	0	0	0	0.484727	0.831336	0.491183	0.735577	22.6204	28.7752	0.00722683	0.0072219
k107_12398972 flag=0 multi=25.0190 len=9975	9975	26.2394	0	0	0	0	0	0	0	0	0	0	0	0	0	0	0	0	0.295048	0.286592	0.676419	0.812523	25.268	35.7093	0	0
k107_11996800 flag=0 multi=19.6942 len=20570	20570	22.6148	0	0	0	0	0	0	0	0	0	0	0	0	0	0	0	0	0.427817	0.441041	0.407243	0.50608	21.7797	37.2764	0	0
k107_19696287 flag=0 multi=22.0028 len=157407	157407	23.8716	0	0	0	0	0	0	0	0	0	0	0	0	0	0	0	0	0.403087	0.584488	0.55207	0.74396	22.9059	29.4897	0.0105153	0.013429
k107_6130391 flag=0 multi=20.0282 len=48726	48726	24.7782	0	0	0	0	0	0	0	0	0	0	0	0	0	0	0	0	0.450624	0.705836	0.542995	0.799597	23.7784	33.4039	0.00617462	0.00619264
k107_18036696 flag=0 multi=20.0655 len=16112	16112	23.6521	0	0	0	0	0	0	0	0	0	0	0	0	0	0	0	0	0.326692	0.415732	0.474953	0.559473	22.8504	22.6838	0	0
k107_21403432 flag=0 multi=31.9986 len=84350	84350	24.3007	0	0	0	0	0	0	0	0	0	0	0	0	0	0	0	0	0.425007	0.565852	0.484711	0.72857	23.3856	33.668	0.00530649	0.00536211
k107_21629493 flag=0 multi=21.1076 len=35938	35938	25.0638	0	0	0	0	0	0	0	0	0	0	0	0	0	0	0	0	0.458441	0.577317	0.510355	0.675156	24.0867	33.215	0.00839039	0.00839383
k107_32060842 flag=0 multi=23.0165 len=76932	76932	24.1109	0	0	0	0	0	0	0	0	0	0	0	0	0	0	0	0	0.399961	0.58283	0.544956	0.647064	23.1544	31.8065	0.0116273	0.0151692
k107_25291353 flag=0 multi=23.0308 len=46248	46248	23.7111	0	0	0	0	0	0	0	0	0	0	0	0	0	0	0	0	0.448069	0.583102	0.571649	0.772736	22.6914	30.3509	0	0
k107_3965077 flag=0 multi=20.0105 len=28529	28529	24.519	0	0	0	0	0	0	0	0	0	0	0	0	0	0	0	0	0	0	0.112162	0.155077	24.4068	32.0054	0	0
k107_7178501 flag=0 multi=23.0188 len=67013	67013	23.4898	0	0	0	0	0	0	0	0	0	0	0	0	0	0	0	0	0.373956	0.603651	0.416243	0.623852	22.686	34.7664	0.013551	0.0161876
k107_21476063 flag=0 multi=20.9944 len=6406	6406	25.3155	0	0	0	0	0	0	0	0	0	0	0	0	0	0	0	0	0.0540629	0.101509	0.0740498	0.0942688	25.163	57.7942	0.0244102	0.0241295
k107_23400833 flag=0 multi=26.0296 len=57902	57902	24.0788	0	0	0	0	0	0	0	0	0	0	0	0	0	0	0	0	0.39533	0.582211	0.487326	0.617636	23.1858	33.8991	0.0102951	0.0127121
k107_22840574 flag=0 multi=19.0180 len=44977	44977	24.0631	0	0	0	0	0	0	0	0	0	0	0	0	0	0	0	0	0.457168	0.603754	0.554292	0.747183	23.0483	28.405	0.00335758	0.00337002
k107_14136194 flag=0 multi=25.0398 len=132594	132594	23.5268	0	0	0	0	0	0	0	0	0	0	0	0	0	0	0	0	0.417969	0.626798	0.526774	0.734475	22.5753	31.8101	0.00682581	0.00738956
k107_29811587 flag=0 multi=20.6284 len=27522	27522	25.3656	0	0	0	0	0	0	0	0	0	0	0	0	0	0	0	0	0.474724	0.674932	0.532219	0.720374	24.3586	38.5269	0	0
k107_31614456 flag=0 multi=24.1693 len=15519	15519	23.9041	0	0	0	0	0	0	0	0	0	0	0	0	0	0	0	0	0.488598	0.526302	0.632122	0.922674	22.7682	24.9261	0.0152461	0.0153963
k107_23723873 flag=0 multi=21.0312 len=36859	36859	24.4976	0	0	0	0	0	0	0	0	0	0	0	0	0	0	0	0	0.41133	0.57425	0.492737	0.638649	23.5813	32.8636	0.0122822	0.0122377
k107_33769327 flag=0 multi=21.0055 len=24139	24139	24.4768	0	0	0	0	0	0	0	0	0	0	0	0	0	0	0	0	0.379578	0.504875	0.605949	0.977617	23.4913	34.3723	0	0
k107_10432780 flag=0 multi=22.0612 len=17958	17958	25.4334	0	0	0	0	0	0	0	0	0	0	0	0	0	0	0	0	0.46024	0.629181	0.462676	0.565797	24.5105	30.2953	0	0
k107_26412125 flag=0 multi=19.8619 len=6322	6322	22.6854	0	0	0	0	0	0	0	0	0	0	0	0	0	0	0	0	0.349169	0.392355	0.630565	0.797718	21.6806	30.3331	0.0250831	0.0244549
k107_23401500 flag=0 multi=43.9927 len=25053	25053	23.5967	0	0	0	0	0	0	0	0	0.0122015	0.0219906	0	0	0	0	0	0	0.43077	0.58627	0.467092	0.523006	22.6867	31.4468	0	0
k107_24020418 flag=0 multi=45.0000 len=5880	5880	23.7148	0	0	0	0	0	0	0	0	0	0	0	0	0	0	0	0	0.484941	0.568364	0.511115	0.442776	22.7187	37.075	0	0
k107_24371369 flag=0 multi=27.3276 len=22400	22400	24.9765	0	0	0	0	0	0	0	0	0	0	0	0	0	0	0	0	0.387275	0.472831	0.626301	0.83045	23.9629	30.1008	0	0
k107_29832584 flag=0 multi=18.2630 len=4255	4255	23.1361	0	0	0	0	0	0	0	0	0	0	0	0	0	0	0	0	0.379965	0.721988	0.798887	1.28576	21.9572	20.9816	0	0
k107_28450041 flag=0 multi=24.4457 len=47769	47769	23.6937	0	0	0	0	0	0	0	0	0	0	0	0	0	0	0	0	0.406072	0.578163	0.583121	0.821918	22.6887	27.5547	0.0157794	0.0258033
k107_20249733 flag=0 multi=21.0093 len=38245	38245	23.5831	0	0	0	0	0	0	0	0	0	0	0	0	0	0	0	0	0.39981	0.46871	0.555939	0.963442	22.6235	31.7976	0.00387423	0.00396348
k107_6773466 flag=0 multi=23.5140 len=3994	3994	27.3795	0	0	0	0	0	0	0	0	0	0	0	0	0	0	0	0	0.327194	0.508469	0.327194	0.281431	26.7251	31.6058	0	0
k107_26905750 flag=0 multi=22.0031 len=105949	105949	23.8732	0	0	0	0	0	0	0	0	0	0	0	0	0	0	0	0	0.351406	0.529502	0.473596	0.623468	23.0426	32.2388	0.00566036	0.00568716
k107_29800355 flag=0 multi=21.0637 len=61696	61696	23.9619	0	0	0	0	0	0	0	0	0	0	0	0	0	0	0	0	0.413591	0.536643	0.559631	0.808374	22.9887	32.2401	0	0
k107_30331899 flag=0 multi=20.0076 len=38245	38245	23.9968	0	0	0	0	0	0	0	0	0	0	0	0	0	0	0	0	0.394223	0.527714	0.570619	0.81906	23.028	35.4723	0.00392694	0.00396372
k107_2841398 flag=0 multi=21.1555 len=10675	10675	24.0768	0	0	0	0	0	0	0	0	0	0	0	0	0	0	0	0	0	0	0.0873421	0.0883991	23.9895	44.2654	0	0
k107_15554875 flag=0 multi=21.0082 len=85683	85683	24.6941	0	0	0	0	0	0	0	0	0	0	0	0	0	0	0	0	0.450006	0.714421	0.523102	0.745429	23.7157	35.2197	0.00529392	0.00660192
k107_13379743 flag=0 multi=24.0058 len=6661	6661	23.3326	0	0	0	0	0	0	0	0	0	0	0	0	0	0	0	0	0.468313	0.518419	0.472559	0.508308	22.3444	39.3772	0.0473345	0.0921158
k107_31471775 flag=0 multi=22.6438 len=12492	12492	26.2619	0	0	0	0	0	0	0	0	0	0	0	0	0	0	0	0	0.307383	0.47906	0.418212	0.592302	25.5363	29.0697	0	0
k107_11478043 flag=0 multi=19.0064 len=5115	5115	24.5119	0	0	0	0	0	0	0	0	0	0	0	0	0	0	0	0	0.274881	0.245554	1.06129	1.51357	23.1758	41.8862	0	0
k107_31127409 flag=0 multi=36.1182 len=17203	17203	23.6056	0	0	0	0	0	0	0	0	0	0	0	0	0	0	0	0	0.307733	0.376691	0.488373	0.601217	22.8095	28.1721	0	0
k107_31646638 flag=0 multi=20.0089 len=63021	63021	23.3966	0	0	0	0	0	0	0	0	0	0	0	0	0	0	0	0	0.0503516	0.0813823	0.115882	0.156878	23.2256	35.1449	0.00473541	0.00479372
k107_5601149 flag=0 multi=24.8680 len=317782	317782	24.6365	0	0	0	0	0	0	0	0	0	0	0	0	0	0	0	0	0.147055	0.267156	0.26574	0.403678	24.2147	35.8645	0.008936	0.0113788
k107_19716694 flag=0 multi=21.0040 len=71775	71775	23.7104	0.00421138	0.00641848	0	0	0	0	0	0	0	0	0	0	0	0	0	0	0.438151	0.645368	0.456186	0.567038	22.8056	30.9005	0.00625411	0.00836638
k107_31609048 flag=0 multi=29.9975 len=75735	75735	23.1587	0	0	0	0	0	0	0	0	0	0	0	0	0	0	0	0	0.498336	0.58397	0.51276	0.758924	22.1337	30.9997	0.0139727	0.0209338
k107_22738983 flag=0 multi=19.9969 len=97049	97049	23.3813	0	0	0	0	0	0	0	0	0	0	0	0	0	0	0	0	0.442587	0.65406	0.522176	0.777574	22.4104	33.4359	0.00617073	0.0062143
k107_28383733 flag=0 multi=29.0864 len=11228	11228	23.3131	0	0	0	0	0	0	0	0	0	0	0	0	0	0	0	0	0.371133	0.501365	0.50842	0.979006	22.4199	28.2182	0.0136372	0.013637
k107_25350368 flag=0 multi=19.0011 len=25849	25849	23.6396	0	0	0	0	0	0	0	0	0	0	0	0	0	0	0	0	0.419227	0.689801	0.506048	0.590103	22.6792	36.0138	0.03519	0.0467206
k107_1810559 flag=0 multi=20.5823 len=28554	28554	23.3965	0	0	0	0	0	0	0	0	0.0106895	0.0105776	0	0	0	0	0	0	0.377495	0.590042	0.46241	0.646709	22.5406	29.3057	0.00527396	0.00531649
k107_2879873 flag=0 multi=19.0013 len=13261	13261	23.8254	0.0340304	0.0545725	0	0	0	0	0	0	0	0	0	0	0	0	0	0	0	0	0.120225	0.151744	23.6595	31.6097	0.0116521	0.0115177
k107_34545922 flag=0 multi=20.9192 len=21442	21442	25.5353	0	0	0	0	0	0	0	0	0	0	0	0	0	0	0	0	0.54281	0.966193	0.461873	0.742105	24.5307	35.951	0	0
k107_8513521 flag=0 multi=26.0154 len=62155	62155	23.819	0	0	0	0	0	0	0	0	0	0	0	0	0	0	0	0	0.436632	0.674638	0.585647	0.861329	22.7894	33.0117	0.00729148	0.00727733
k107_4903981 flag=0 multi=21.1687 len=33628	33628	23.4303	0	0	0	0	0	0	0	0	0	0	0	0	0	0	0	0	0.398188	0.525319	0.505311	0.738908	22.5268	35.589	0	0
k107_32424782 flag=0 multi=20.0228 len=36082	36082	25.1938	0	0	0	0	0	0	0	0	0	0	0	0	0	0	0	0	0.514757	0.70648	0.415623	0.532755	24.255	32.6249	0.00835662	0.00836688
k107_34014766 flag=0 multi=21.4170 len=122522	122522	24.132	0	0	0	0	0	0	0	0	0	0	0	0	0	0	0	0	0.434872	0.624589	0.559303	0.737959	23.1292	32.4601	0.00855834	0.00958045
k107_13163127 flag=0 multi=23.0917 len=22386	22386	23.6723	0	0	0	0	0	0	0	0	0	0	0	0	0	0	0	0	0.461556	0.815734	0.483517	0.681982	22.7273	29.6595	0	0
k107_25183602 flag=0 multi=34.3563 len=49454	49454	24.7842	0	0	0	0	0	0	0	0	0	0	0	0	0	0	0	0	0.436544	0.652148	0.452616	0.562304	23.8858	26.9813	0.00919596	0.00913658
k107_35193458 flag=0 multi=20.5637 len=65113	65113	23.1985	0	0	0	0	0	0	0	0	0.0046597	0.00833822	0	0	0	0	0	0	0.303452	0.469933	0.503047	0.753567	22.3774	32.8362	0.00992115	0.0106275
k107_35722219 flag=0 multi=22.0302 len=56286	56286	24.5554	0	0	0	0	0	0	0	0	0	0	0	0	0	0	0	0	0.434517	0.500972	0.619695	1.00895	23.4985	33.8538	0.0026972	0.00268278
k107_32318594 flag=0 multi=23.0418 len=13345	13345	26.202	0	0	0	0	0	0	0	0	0	0	0	0	0	0	0	0	0.55593	0.768451	0.550717	0.569622	25.0724	37.3964	0.0230008	0.0373454
k107_23101573 flag=0 multi=20.0406 len=25573	25573	23.1988	0	0	0	0	0	0	0	0	0	0	0	0	0	0	0	0	0.439357	0.538307	0.428159	0.527559	22.3313	35.4878	0	0
k107_25275074 flag=0 multi=24.6761 len=147564	147564	24.6878	0	0	0	0	0	0	0	0	0.00205077	0.0035534	0	0	0	0	0	0	0.37182	0.52629	0.46659	0.622385	23.8362	34.5688	0.0111774	0.0136595
k107_33052124 flag=0 multi=24.0605 len=31598	31598	24.84	0	0	0	0	0	0	0	0	0	0	0	0	0	0	0	0	0.322022	0.547559	0.504026	0.950796	24.0044	36.0248	0.00961784	0.00955605
k107_11138535 flag=0 multi=26.0214 len=47235	47235	23.3341	0	0	0	0	0	0	0	0	0	0	0	0	0	0	0	0	0.47685	0.655925	0.512816	0.690998	22.3413	31.9626	0.00313212	0.00320912
k107_32285535 flag=0 multi=30.0970 len=4717	4717	23.9724	0	0	0	0	0	0	0	0	0	0	0	0	0	0	0	0	0.0337486	0.0330443	0.0674972	0.0827595	23.8711	53.4038	0	0
k107_23382964 flag=0 multi=21.0550 len=42259	42259	23.6878	0	0	0	0	0	0	0	0	0.00719785	0.0129232	0	0	0	0	0	0	0.35441	0.586085	0.455061	0.581219	22.8641	24.2273	0.00712634	0.00715268
k107_32365422 flag=0 multi=21.0027 len=49955	49955	23.9857	0	0	0	0	0	0	0	0	0	0	0	0	0	0	0	0	0.426822	0.59355	0.465752	0.735787	23.0871	34.9625	0.00606207	0.00604102
k107_24486670 flag=0 multi=32.2331 len=4547	4547	25.3477	0	0	0	0	0	0	0	0	0	0	0	0	0	0	0	0	0.0711425	0.0660982	0.637456	0.484848	24.6391	28.6228	0	0
k107_23124598 flag=0 multi=19.0463 len=24727	24727	22.2719	0	0	0	0	0	0	0	0	0	0	0	0	0	0	0	0	0.369498	0.537861	0.421945	0.614582	21.4805	29.4812	0	0
k107_32429814 flag=0 multi=19.0873 len=14663	14663	23.6075	0	0	0	0	0	0	0	0	0	0	0	0	0	0	0	0	0.565002	0.822662	0.502542	0.640289	22.5296	33.8154	0.010445	0.0104034
k107_21400085 flag=0 multi=22.0125 len=19109	19109	22.645	0	0	0	0	0	0	0	0	0	0	0	0	0	0	0	0	0.359653	0.448838	0.551337	0.647826	21.718	27.5251	0.0160579	0.0157952
k107_7978626 flag=0 multi=21.6153 len=16154	16154	23.4942	0	0	0	0	0	0	0	0	0	0	0	0	0	0	0	0	0.425246	0.592736	0.616074	0.712992	22.4434	33.6982	0.00946253	0.00943573
k107_33715345 flag=0 multi=20.0013 len=3995	3995	24.5987	0	0	0	0	0	0	0	0	0	0	0	0	0	0	0	0	0.52938	1.02422	0.783374	0.690275	23.2859	14.7108	0	0
k107_32535701 flag=0 multi=20.0184 len=33169	33169	24.1054	0	0	0	0	0	0	0	0	0	0	0	0	0	0	0	0	0.468981	0.681949	0.507804	0.634855	23.1149	27.2563	0.013722	0.016204
k107_16841865 flag=0 multi=20.0877 len=30795	30795	24.3368	0	0	0	0	0	0	0	0	0	0	0	0	0	0	0	0	0.451874	0.713991	0.490637	0.679872	23.3943	30.0292	0	0
k107_26447332 flag=0 multi=19.4803 len=12175	12175	22.8556	0	0	0	0	0	0	0	0	0	0	0	0	0	0	0	0	0.530953	0.678567	0.671439	0.83554	21.6404	31.0471	0.0127179	0.0125599
k107_28432608 flag=0 multi=19.0422 len=2736	2736	23.7362	0	0	0	0	0	0	0	0	0	0	0	0	0	0	0	0	0.248151	0.280363	0.246097	0.38065	23.242	24.7675	0	0
k107_16080553 flag=0 multi=23.6841 len=134046	134046	23.7911	0	0	0	0	0	0	0	0	0	0	0	0	0	0	0	0	0.429799	0.586648	0.513294	0.724717	22.8435	32.9872	0.00446375	0.00449972
k107_897116 flag=0 multi=19.1062 len=48566	48566	23.4187	0	0	0	0	0	0	0	0	0	0	0	0	0	0	0	0	0.432745	0.649589	0.570197	0.751589	22.4126	33.776	0.00312863	0.00311936
k107_20595687 flag=0 multi=21.0955 len=62972	62972	23.6922	0	0	0	0	0	0	0	0	0	0	0	0	0	0	0	0	0.393857	0.505686	0.490059	0.660798	22.7987	31.674	0.00957396	0.0156837
k107_6396598 flag=0 multi=20.0299 len=21911	21911	25.6287	0	0	0	0	0	0	0	0	0	0	0	0	0	0	0	0	0.327178	0.373798	0.34643	0.437348	24.9551	39.3229	0	0
k107_18742943 flag=0 multi=22.1253 len=34727	34727	23.5758	0	0	0	0	0	0	0	0	0	0	0	0	0	0	0	0	0.552622	0.831147	0.553784	0.787045	22.4519	29.695	0.0174873	0.0178761
k107_26655276 flag=0 multi=21.9777 len=102134	102134	25.0614	0	0	0	0	0	0	0	0	0	0	0	0	0	0	0	0	0.0546881	0.0873937	0.209453	0.333846	24.784	37.7919	0.0132669	0.0165366
k107_10720517 flag=0 multi=23.1449 len=73599	73599	24.445	0	0	0	0	0	0	0	0	0	0	0	0	0	0	0	0	0.387069	0.668538	0.498151	0.744394	23.5557	33.0799	0.00412022	0.00473555
