contigName	contigLen	totalAvgDepth	Cen01_MA.bam	Cen01_MA.bam-var	Cen03_MA.bam	Cen03_MA.bam-var	Cen04_MA.bam	Cen04_MA.bam-var	Cen05_MA.bam	Cen05_MA.bam-var	Cen06_MA.bam	Cen06_MA.bam-var	Cen07_MA.bam	Cen07_MA.bam-var	Cen10_MA.bam	Cen10_MA.bam-var	Cen12_MA.bam	Cen12_MA.bam-var	Cen14_MA.bam	Cen14_MA.bam-var	Cen15_MA.bam	Cen15_MA.bam-var	Cen16_MA.bam	Cen16_MA.bam-var	Cen17_MA.bam	Cen17_MA.bam-var
k107_34086707 flag=0 multi=39.9265 len=2774	2774	20.9887	0	0	0	0	0	0	0	0	0	0	0	0	0	0	0	0	0	0	0.244337	0.322301	20.7443	24.5985	0	0
k107_5112066 flag=0 multi=20.0892 len=31038	31038	22.7021	0	0	0	0	0	0	0	0	0	0	0	0	0	0	0	0	0	0	0.431741	0.61813	22.2704	28.5028	0	0
k107_1240119 flag=0 multi=18.0678 len=32099	32099	21.1406	0	0	0	0	0	0	0	0	0	0	0	0	0	0	0	0	0	0	0.292229	0.490675	20.8342	27.1527	0.0142466	0.0140453
k107_2234512 flag=0 multi=18.2866 len=7965	7965	20.9222	0	0	0	0	0	0	0	0	0	0	0	0	0	0	0	0	0	0	0.2362	0.28002	20.686	27.7544	0	0
k107_94147 flag=0 multi=23.8358 len=35008	35008	21.0524	0	0	0	0	0	0	0	0	0.00870167	0.0104044	0	0	0	0	0	0	0	0	0.43007	0.647622	20.6094	23.1051	0.00423558	0.00433053
k107_2242417 flag=0 multi=19.1657 len=25929	25929	22.1086	0	0	0	0	0	0	0	0	0	0	0	0	0	0	0	0	0	0	0.299567	0.440572	21.8091	31.7056	0	0
k107_11376318 flag=0 multi=20.0100 len=43314	43314	21.1466	0	0	0	0	0	0	0	0	0	0	0	0	0	0	0	0	0	0	0.536501	0.815259	20.5996	27.8968	0.0104622	0.010421
k107_6606512 flag=0 multi=18.0751 len=8616	8616	20.604	0	0	0	0	0	0	0	0	0	0	0	0	0	0	0	0	0	0	0.199663	0.239046	20.4044	26.8993	0	0
k107_7305038 flag=0 multi=24.0561 len=37561	37561	21.0852	0	0	0	0	0	0	0	0	0	0	0	0	0	0	0	0	0	0	0.364288	0.552884	20.7169	26.6316	0.00405271	0.00403536
k107_27278311 flag=0 multi=23.0097 len=38344	38344	21.4588	0	0	0	0	0	0	0	0	0	0	0	0	0	0	0	0	0	0	0.507676	0.805019	20.9472	22.4415	0.0039693	0.00395351
k107_9927699 flag=0 multi=19.1419 len=17974	17974	22.3447	0	0	0	0	0	0	0	0	0	0	0	0	0	0	0	0	0	0	0.494907	0.653943	21.8498	33.5216	0	0
k107_8060210 flag=0 multi=16.3442 len=15649	15649	19.3705	0	0	0	0	0	0	0	0	0	0	0	0	0	0	0	0	0	0	0.452727	0.638195	18.9178	28.7438	0	0
k107_6603317 flag=0 multi=17.0080 len=45470	45470	21.1537	0	0	0	0	0	0	0	0	0	0	0	0	0	0	0	0	0	0	0.514302	0.906637	20.6394	23.3172	0	0
k107_33146331 flag=0 multi=18.3015 len=2681	2681	21.4716	0	0	0	0	0	0	0	0	0	0	0	0	0	0	0	0	0	0	0	0	21.4716	12.5815	0	0
k107_6197859 flag=0 multi=16.0620 len=16333	16333	19.5787	0	0	0	0	0	0	0	0	0	0	0	0	0	0	0	0	0	0	0.244589	0.355282	19.3247	26.7558	0.00935687	0.00933205
k107_34782768 flag=0 multi=17.3375 len=55690	55690	20.8715	0	0	0	0	0	0	0	0	0	0	0	0	0	0	0	0	0	0	0.411028	0.577809	20.4551	26.9439	0.00543439	0.00621738
k107_13093774 flag=0 multi=23.0650 len=3382	3382	22.5062	0	0	0	0	0	0	0	0	0	0	0	0	0	0	0	0	0	0	0.196104	0.238241	22.3101	31.8642	0	0
k107_27258635 flag=0 multi=18.0231 len=12565	12565	20.3168	0	0	0	0	0	0	0	0	0	0	0	0	0	0	0	0	0	0	0.453315	0.753955	19.8635	27.9845	0	0
k107_11581885 flag=0 multi=18.2380 len=60147	60147	21.0765	0	0	0	0	0	0	0	0	0	0	0	0	0	0	0	0	0	0	0.374284	0.475693	20.7022	30.3832	0	0
k107_20393018 flag=0 multi=20.1941 len=15275	15275	21.2766	0	0	0	0	0	0	0	0	0.0201029	0.0276386	0	0	0	0	0	0	0	0	0.362052	0.598375	20.8945	29.4289	0	0
k107_11357586 flag=0 multi=18.0742 len=29833	29833	21.101	0	0	0	0	0	0	0	0	0	0	0	0	0	0	0	0	0	0	0.377603	0.504938	20.7234	26.5698	0	0
k107_15550722 flag=0 multi=15.1084 len=5153	5153	18.9023	0	0	0	0	0	0	0	0	0	0	0	0	0	0	0	0	0	0	0.0622552	0.0699379	18.7784	21.8521	0.0616368	0.0583915
k107_5320115 flag=0 multi=17.0104 len=24561	24561	20.6463	0	0	0	0	0	0	0	0	0	0	0	0	0	0	0	0	0	0	0.242508	0.424033	20.4038	29.695	0	0
k107_483089 flag=0 multi=19.2189 len=9583	9583	21.1053	0	0	0	0	0	0	0	0	0	0	0	0	0	0	0	0	0	0	0.208383	0.25723	20.8969	15.1709	0	0
k107_24797631 flag=0 multi=38.9990 len=5178	5178	22.3238	0	0	0	0	0	0	0	0	0	0	0	0	0	0	0	0	0	0	0.30886	0.415275	21.9534	30.3128	0.0615258	0.0712449
k107_10639725 flag=0 multi=32.4191 len=5824	5824	21.4786	0	0	0	0	0	0	0	0	0	0	0	0	0	0	0	0	0	0	0.38247	0.348984	21.0962	24.3005	0	0
k107_28733394 flag=0 multi=19.0068 len=21577	21577	20.5721	0	0	0	0	0	0	0	0	0	0	0	0	0	0	0	0	0	0	0.384724	0.570585	20.1733	23.8136	0.0140541	0.0139977
k107_5096265 flag=0 multi=16.4341 len=17909	17909	20.7747	0	0	0	0	0	0	0	0	0	0	0	0	0	0	0	0	0	0	0.402794	0.560016	20.3549	22.2395	0.0169819	0.0168591
k107_33161090 flag=0 multi=17.5265 len=34514	34514	21.7282	0	0	0	0	0	0	0	0	0	0	0	0	0	0	0	0	0	0	0.426926	0.571923	21.2969	27.3417	0.00441366	0.00439357
k107_26199279 flag=0 multi=18.0635 len=27681	27681	20.7882	0	0	0	0	0	0	0	0	0	0	0	0	0	0	0	0	0	0	0.446327	0.787829	20.3419	24.8286	0	0
k107_11380640 flag=0 multi=17.0404 len=11784	11784	20.3237	0	0	0	0	0	0	0	0	0	0	0	0	0	0	0	0	0	0	0.341752	0.576004	19.9689	27.6782	0.0130639	0.0129763
k107_24503303 flag=0 multi=17.9538 len=72962	72962	21.4955	0	0	0	0	0	0	0	0	0	0	0	0	0.00415634	0.00689991	0	0	0	0	0.341495	0.532862	21.1375	27.422	0.0123589	0.0131237
k107_14246007 flag=0 multi=19.1132 len=24983	24983	22.0431	0	0	0	0	0	0	0	0	0	0	0	0	0	0	0	0	0	0	0.427049	0.763104	21.6039	38.4566	0.0121146	0.012493
k107_29517397 flag=0 multi=18.2508 len=30096	30096	21.0787	0	0	0	0	0	0	0	0	0	0	0	0	0	0	0	0	0	0	0.3932	0.616156	20.6705	27.4602	0.0150366	0.0153853
k107_20815043 flag=0 multi=19.9364 len=6568	6568	19.1363	0	0	0	0	0	0	0	0	0	0	0	0	0	0	0	0	0	0	0.170922	0.246776	18.9654	18.856	0	0
k107_23163369 flag=0 multi=18.0386 len=10436	10436	22.2484	0	0	0	0	0	0	0	0	0	0	0	0	0	0	0	0	0	0	0.357016	0.385299	21.8619	30.5036	0.0295046	0.0293085
k107_3127592 flag=0 multi=17.2633 len=7722	7722	20.2357	0	0	0	0	0	0	0	0	0	0	0	0	0	0	0	0	0	0	0.0812668	0.0987219	20.1544	25.9421	0	0
k107_21725865 flag=0 multi=22.0537 len=36678	36678	21.783	0	0	0	0	0.00404113	0.00413284	0	0	0	0	0.00404113	0.00413283	0	0	0	0	0	0	0.46429	0.701828	21.3106	25.9379	0	0
k107_26929909 flag=0 multi=17.0763 len=40869	40869	20.3337	0	0	0	0	0	0	0	0	0	0	0	0	0	0	0	0	0.00744447	0.0123694	0.42468	0.629506	19.8942	25.7686	0.00741982	0.0110886
k107_13594927 flag=0 multi=18.1611 len=14557	14557	20.7306	0	0	0	0	0	0	0	0	0	0	0	0	0	0	0	0	0	0	0.338408	0.635864	20.3921	30.384	0	0
k107_17678642 flag=0 multi=23.0427 len=5750	5750	20.6068	0	0	0	0	0	0	0	0	0	0	0	0	0	0	0	0	0	0	0.331498	0.490396	20.2753	26.4588	0	0
k107_26908724 flag=0 multi=17.1848 len=27326	27326	20.1955	0	0	0	0	0	0	0	0	0	0	0	0	0	0	0	0	0	0	0.390579	0.628976	19.805	29.4312	0	0
k107_28739737 flag=0 multi=18.3115 len=17814	17814	20.8433	0	0	0	0	0	0	0	0	0	0	0	0	0	0	0	0	0	0	0.284947	0.359034	20.5584	19.0837	0	0
k107_35758348 flag=0 multi=20.0294 len=17735	17735	20.5526	0	0	0	0	0	0	0	0	0	0	0	0	0	0	0	0	0	0	0.423335	1.05879	20.112	27.4141	0.0172661	0.0226509
k107_28737350 flag=0 multi=23.1928 len=12554	12554	21.2659	0	0	0	0	0	0	0	0	0	0	0	0	0	0	0	0	0	0	0.337251	0.5061	20.9287	26.8346	0	0
k107_1346390 flag=0 multi=20.0114 len=19151	19151	21.6573	0	0	0	0	0	0	0	0	0	0	0	0	0	0	0	0	0	0	0.464003	0.752506	21.1933	26.3988	0	0
k107_5113056 flag=0 multi=25.3705 len=2517	2517	21.577	0	0	0	0	0	0	0	0	0	0	0	0	0	0	0	0	0	0	0	0	21.577	22.3633	0	0
k107_27266466 flag=0 multi=25.0693 len=23944	23944	20.8754	0	0	0	0	0	0	0	0	0	0	0	0	0	0	0	0	0	0	0.459056	0.663389	20.4164	28.3836	0	0
k107_10449221 flag=0 multi=21.0320 len=16448	16448	21.2087	0	0	0	0	0	0	0	0	0	0	0	0	0	0	0	0	0	0	0.32714	0.483279	20.8629	33.4195	0.0186424	0.0213192
k107_18505935 flag=0 multi=19.2450 len=33000	33000	21.2498	0	0	0	0	0	0	0	0	0	0	0	0	0	0	0	0	0	0	0.345556	0.454809	20.8906	26.1654	0.01364	0.0136567
k107_11557467 flag=0 multi=20.7636 len=5906	5906	20.9461	0	0	0	0	0	0	0	0	0	0	0	0	0	0	0	0	0	0	0.32227	0.297702	20.57	25.4368	0.0538901	0.0609878
k107_13501748 flag=0 multi=19.0097 len=11335	11335	20.8419	0	0	0	0	0	0	0	0	0	0	0	0	0	0	0	0	0	0	0.329194	0.4061	20.4855	34.5511	0.0272818	0.0346089
k107_10651256 flag=0 multi=22.3890 len=33310	33310	20.3207	0	0	0	0	0	0	0	0	0	0	0	0	0	0	0	0	0	0	0.40057	0.475715	19.9156	26.2021	0.00454435	0.00455129
k107_30611603 flag=0 multi=18.0982 len=16181	16181	21.6893	0	0	0	0	0	0	0	0	0	0	0	0	0	0	0	0	0	0	0.448895	0.685007	21.2404	34.5667	0	0
k107_6074749 flag=0 multi=16.3286 len=14967	14967	19.7682	0	0	0	0	0	0	0	0	0	0	0	0	0	0	0	0	0	0	0.389772	0.595756	19.3784	26.5883	0	0
k107_30818902 flag=0 multi=37.1418 len=22667	22667	21.17	0	0	0	0	0	0	0	0	0	0	0	0	0	0	0	0	0	0	0.337357	0.51542	20.8326	27.4836	0	0
k107_19269433 flag=0 multi=19.6659 len=9293	9293	22.367	0	0	0	0	0	0	0	0	0	0	0	0	0	0	0	0	0	0	0.603826	0.732002	21.7632	26.5953	0	0
k107_33754443 flag=0 multi=17.4698 len=12741	12741	19.806	0	0	0	0	0	0	0	0	0	0	0	0	0	0	0	0	0	0	0.346893	0.51051	19.4591	25.9673	0	0
k107_27717295 flag=0 multi=22.2102 len=7691	7691	21.0889	0	0	0	0	0	0	0	0	0	0	0	0	0	0	0	0	0	0	0.163486	0.219076	20.9254	29.1989	0	0
k107_26916077 flag=0 multi=21.4249 len=4150	4150	22.5437	0	0	0	0	0	0	0	0	0	0	0	0	0	0	0	0	0	0	0.768191	0.823495	21.7755	35.2887	0	0
k107_34085865 flag=0 multi=26.4613 len=43598	43598	20.9334	0	0	0	0	0	0	0	0	0	0	0	0	0	0	0	0	0	0	0.299289	0.41979	20.6272	27.4174	0.00688285	0.00692719
k107_11155683 flag=0 multi=21.0093 len=50105	50105	20.854	0	0	0	0	0	0	0	0	0	0	0	0	0	0	0	0	0	0	0.417666	0.567246	20.4363	27.3525	0	0
k107_15257117 flag=0 multi=17.1910 len=13193	13193	21.6591	0	0	0	0	0	0	0	0	0	0	0	0	0	0	0	0	0	0	0.332868	0.490634	21.3263	34.8648	0	0
k107_14016332 flag=0 multi=17.0254 len=60066	60066	21.7479	0	0	0	0	0	0	0	0	0	0	0	0	0	0	0	0	0.00505321	0.00990809	0.341543	0.459408	21.3988	25.9868	0.00249314	0.00251779
k107_6023594 flag=0 multi=30.2955 len=4158	4158	21.7949	0	0	0	0	0	0	0	0	0	0	0	0	0	0	0	0	0	0	0.264263	0.347521	21.5306	17.2448	0	0
k107_6022218 flag=0 multi=34.4631 len=12262	12262	21.3609	0	0	0	0	0	0	0	0	0	0	0	0	0	0	0	0	0	0	0.327843	0.460675	21.033	28.1606	0	0
k107_5101143 flag=0 multi=32.2155 len=16610	16610	20.6772	0	0	0	0	0	0	0	0	0	0	0	0	0	0	0	0	0	0	0.368899	0.536528	20.3083	21.5861	0	0
k107_15804416 flag=0 multi=19.4060 len=8121	8121	21.4925	0	0	0	0	0	0	0	0	0	0	0	0	0	0	0	0	0	0	0.426781	0.675843	21.0657	21.9119	0	0
k107_10407033 flag=0 multi=20.1856 len=52656	52656	21.5422	0	0	0	0	0	0	0	0	0	0	0	0	0	0	0	0	0	0	0.417084	0.675665	21.1222	26.8585	0.00286511	0.00287599
k107_11619959 flag=0 multi=18.1073 len=41586	41586	21.4541	0	0	0	0	0	0	0	0	0	0	0	0	0	0	0	0	0	0	0.40156	0.669575	21.0526	26.8377	0	0
k107_26206371 flag=0 multi=16.0801 len=26246	26246	20.0636	0	0	0	0	0	0	0	0	0	0	0	0	0	0	0	0	0	0	0.405643	0.534294	19.658	22.9676	0	0
k107_23200943 flag=0 multi=30.2493 len=8178	8178	21.675	0	0	0.0559929	0.0818967	0.0186643	0.0188066	0	0	0	0	0.0187913	0.0188067	0	0	0	0	0	0	0.507491	0.921741	21.074	24.5832	0	0
k107_21187410 flag=0 multi=28.2571 len=9463	9463	21.8343	0	0	0	0	0	0	0	0	0	0	0	0	0	0	0	0	0	0	0.433031	0.716019	21.4013	21.4314	0	0
k107_24769843 flag=0 multi=17.0613 len=30108	30108	21.085	0	0	0	0	0	0	0	0	0.0100986	0.0146506	0	0	0	0	0	0	0	0	0.348957	0.619522	20.7259	28.4231	0	0
k107_11604332 flag=0 multi=17.8331 len=65226	65226	21.4627	0	0	0	0	0	0	0	0	0	0	0	0	0	0	0	0	0	0	0.450558	0.71593	21.0122	29.01	0	0
k107_5090315 flag=0 multi=39.1045 len=38554	38554	21.2675	0	0	0	0	0	0	0	0	0	0	0	0	0	0	0	0	0	0	0.375771	0.564022	20.884	36.2428	0.00779044	0.0078318
k107_13497807 flag=0 multi=19.0269 len=45055	45055	21.57	0	0	0	0	0	0	0	0	0	0	0	0	0	0	0	0	0	0	0.417603	0.65699	21.1425	29.7398	0.00996581	0.0119474
k107_32318259 flag=0 multi=17.0792 len=14712	14712	20.3623	0	0	0	0	0	0	0	0	0	0	0	0	0	0	0	0	0	0	0.335045	0.422453	19.9978	22.7766	0.029424	0.0356327
k107_19264335 flag=0 multi=19.6984 len=30385	30385	20.5089	0	0	0	0	0	0	0	0	0	0	0	0	0	0	0	0	0	0	0.426952	0.589844	20.077	29.7571	0.00495296	0.00499797
k107_8053698 flag=0 multi=16.1540 len=20346	20346	20.2451	0	0	0	0	0	0	0	0	0.015017	0.0187301	0	0	0	0	0	0	0	0	0.240521	0.404779	19.982	28.3284	0.00748354	0.00747797
k107_25446478 flag=0 multi=16.2238 len=12401	12401	19.5508	0	0	0	0	0	0	0	0	0	0	0	0	0	0	0	0	0	0	0.435739	0.553062	19.1151	17.5965	0	0
k107_26914220 flag=0 multi=19.1497 len=17470	17470	21.1061	0	0	0	0	0	0	0	0	0	0	0	0	0	0	0	0	0	0	0.342614	0.40841	20.7635	26.975	0	0
k107_9948758 flag=0 multi=81.8614 len=4949	4949	21.6473	0	0	0	0	0	0	0	0	0	0	0	0	0	0	0	0	0	0	0.457284	0.781659	21.19	37.4021	0	0
k107_9920072 flag=0 multi=17.0894 len=11886	11886	19.7068	0	0	0	0	0	0	0	0	0	0	0	0	0	0	0	0	0	0	0.536516	0.851211	19.1701	58.1472	0.000172652	0.000172637
k107_25341444 flag=0 multi=17.0767 len=28899	28899	20.7105	0	0	0	0	0	0	0	0	0	0	0	0	0	0	0	0	0	0	0.40728	0.693946	20.2979	26.4098	0.00528027	0.00525338
k107_2252308 flag=0 multi=20.1215 len=12483	12483	20.7022	0	0	0	0	0	0	0	0	0	0	0	0	0	0	0	0	0	0	0.320828	0.496095	20.3813	25.8361	0	0
