contigName	contigLen	totalAvgDepth	Cen01_MA.bam	Cen01_MA.bam-var	Cen03_MA.bam	Cen03_MA.bam-var	Cen04_MA.bam	Cen04_MA.bam-var	Cen05_MA.bam	Cen05_MA.bam-var	Cen06_MA.bam	Cen06_MA.bam-var	Cen07_MA.bam	Cen07_MA.bam-var	Cen10_MA.bam	Cen10_MA.bam-var	Cen12_MA.bam	Cen12_MA.bam-var	Cen14_MA.bam	Cen14_MA.bam-var	Cen15_MA.bam	Cen15_MA.bam-var	Cen16_MA.bam	Cen16_MA.bam-var	Cen17_MA.bam	Cen17_MA.bam-var
k107_7311057 flag=0 multi=87.1558 len=18359	18359	91.8023	0	0	0	0	0	0	0	0	0	0	0.00814089	0.00829856	42.4826	66.0081	18.2796	31.9423	18.7971	26.4587	12.2348	15.573	0	0	0	0
k107_2563972 flag=0 multi=78.8034 len=535937	535937	95.5403	0.00112763	0.00225326	0.00169145	0.00223845	0	0	0.000563817	0.000563317	0	0	0	0	44.1544	62.9194	19.5122	29.1292	18.889	27.0656	12.9797	18.7954	0.00169145	0.001914	0	0
k107_3884739 flag=0 multi=77.6586 len=266819	266819	94.2056	0.00113314	0.00173921	0	0	0	0	0	0	0	0	0	0	43.1852	59.5439	19.5308	27.6284	18.6368	25.9244	12.8516	17.6246	0	0	0	0
k107_20918618 flag=0 multi=75.9828 len=64246	64246	89.8355	0	0	0	0	0	0	0	0	0	0	0	0	39.8567	56.7431	19.4712	26.4622	18.2998	28.3049	12.2078	19.8824	0	0	0	0
k107_4145712 flag=0 multi=76.0302 len=95028	95028	94.8567	0	0	0	0	0	0	0	0	0	0	0	0	43.7809	62.7557	19.3565	28.0126	18.8632	26.8893	12.853	17.4281	0.00318814	0.00541115	0	0
k107_33163761 flag=0 multi=75.0247 len=116390	116390	95.047	0.00260147	0.0025911	0.00254118	0.00426322	0	0	0	0	0	0	0	0	43.6255	65.2704	19.0989	27.7918	19.2489	28.0466	13.0685	19.2078	0	0	0	0
k107_19448665 flag=0 multi=76.4748 len=62587	62587	94.3626	0.00483262	0.00524337	0.00484868	0.00950765	0	0	0	0	0	0	0	0	43.2775	59.7749	19.221	25.2352	18.8229	29.0234	13.0268	19.4664	0	0	0.0047684	0.00882188
k107_15971806 flag=0 multi=83.8679 len=96830	96830	95.2253	0	0	0	0	0	0	0	0	0	0	0	0	43.9901	56.301	19.1396	30.6465	19.0041	28.1403	13.0884	17.8851	0.00312863	0.00338194	0	0
k107_23858036 flag=0 multi=71.9909 len=48480	48480	92.0734	0	0	0	0	0	0	0	0	0	0	0	0	42.2932	60.3184	18.899	25.0906	18.1449	24.2433	12.7363	19.9739	0	0	0	0
k107_23501730 flag=0 multi=61.2880 len=2600	2600	86.0709	0	0	0	0	0	0	0	0	0	0	0	0	38.7994	23.1615	19.0448	29.2854	17.9321	23.6105	10.2946	8.84888	0	0	0	0
k107_25894252 flag=0 multi=85.9193 len=7838	7838	95.2687	0	0	0	0	0	0	0	0	0	0	0	0	43.7726	60.9063	20.7163	32.545	17.8562	33.4089	12.9237	14.8933	0	0	0	0
k107_34718532 flag=0 multi=107.0049 len=3949	3949	91.7979	0	0	0.0405813	0.0396956	0	0	0	0	0.0403071	0.0396973	0	0	43.8201	50.39	19.0436	35.0067	18.0856	42.785	10.7678	12.0417	0	0	0	0
k107_13864594 flag=0 multi=83.6262 len=4272	4272	91.0083	0	0	0	0	0	0	0	0	0	0	0	0	43.6824	92.9948	19.7307	32.4371	16.9076	26.2063	10.6501	10.7959	0.0375315	0.036598	0	0
k107_3382936 flag=0 multi=77.0525 len=383842	383842	94.9668	0	0	0.000782187	0.00121433	0	0	0.000787402	0.00127141	0	0	0	0	43.8029	59.3192	19.3189	28.8215	18.681	26.6744	13.1617	18.9855	0.000787402	0.000786518	0	0
k107_25850738 flag=0 multi=74.0328 len=29928	29928	94.1567	0	0	0	0	0	0	0	0	0	0	0	0	43.3857	61.7614	19.0577	28.6791	19.1173	23.6684	12.5961	15.9419	0	0	0	0
k107_6997330 flag=0 multi=90.0765 len=9621	9621	95.1176	0	0	0	0	0	0	0	0	0	0	0	0	43.0047	51.7418	18.996	21.4278	19.1662	24.9948	13.9348	21.8254	0.0158815	0.01594	0	0
k107_1026591 flag=0 multi=77.4925 len=300405	300405	95.6899	0	0	0.00502827	0.00686975	0	0	0.00150282	0.0020589	0	0	0	0	44.0202	58.267	19.7649	29.5345	19.0558	26.7269	12.8405	18.1462	0.00201264	0.00224607	0	0
k107_7666855 flag=0 multi=75.9399 len=683528	683528	94.0674	0	0	0	0	0	0	0	0	0	0	0	0	43.2224	61.9454	19.1574	28.5473	18.8617	27.6569	12.825	17.9691	0.000884041	0.00100837	0	0
k107_5665535 flag=0 multi=74.5853 len=61948	61948	92.5655	0	0	0	0	0	0	0	0	0	0	0	0	43.1181	59.3788	18.5474	25.5427	18.4896	28.681	12.4056	15.9709	0.00488272	0.00488096	0	0
k107_2114025 flag=0 multi=77.4778 len=937133	937133	95.9721	0.000322363	0.0004183	0.000322363	0.000460976	0	0	0	0	0.00063512	0.000934266	0	0	44.3433	60.8835	19.664	29.0568	18.9137	27.5148	13.0485	18.1631	0.00096709	0.000965355	0.000322363	0.000518645
k107_11755649 flag=0 multi=66.2386 len=4227	4227	91.2517	0	0	0.0170701	0.0172787	0	0	0	0	0	0	0	0	37.8846	43.9512	19.0041	26.5428	20.5539	23.4671	13.7921	13.7164	0	0	0	0
k107_17369781 flag=0 multi=76.1790 len=9052	9052	93.5697	0	0	0	0	0	0	0	0	0.0310857	0.0538788	0	0	41.4942	49.0529	19.8473	30.6902	19.0561	24.2037	13.1239	18.4368	0.0171429	0.0169685	0	0
