contigName	contigLen	totalAvgDepth	Cen01_MA.bam	Cen01_MA.bam-var	Cen03_MA.bam	Cen03_MA.bam-var	Cen04_MA.bam	Cen04_MA.bam-var	Cen05_MA.bam	Cen05_MA.bam-var	Cen06_MA.bam	Cen06_MA.bam-var	Cen07_MA.bam	Cen07_MA.bam-var	Cen10_MA.bam	Cen10_MA.bam-var	Cen12_MA.bam	Cen12_MA.bam-var	Cen14_MA.bam	Cen14_MA.bam-var	Cen15_MA.bam	Cen15_MA.bam-var	Cen16_MA.bam	Cen16_MA.bam-var	Cen17_MA.bam	Cen17_MA.bam-var
k107_20842431 flag=0 multi=29.5738 len=3110	3110	26.9526	0	0	0	0	0	0	0	0	0	0	0	0	15.9722	15.2168	4.74608	5.39395	1.05947	1.37075	5.17486	3.71644	0	0	0	0
k107_1196398 flag=0 multi=28.9909 len=14001	14001	33.2956	0	0	0	0	0	0	0	0	0.0881816	0.106548	0	0	18.8289	22.2685	6.77575	11.4006	0.931017	1.15053	6.67173	10.791	0	0	0	0
k107_28473304 flag=0 multi=28.0194 len=26280	26280	29.2948	0	0	0	0	0	0	0	0	0.0465009	0.0634489	0	0	18.7034	21.9945	5.28386	7.42299	0.588998	0.75906	4.67207	5.93981	0	0	0	0
k107_10121488 flag=0 multi=24.0489 len=59529	59529	29.2555	0	0	0	0	0	0	0	0	0.0560386	0.106033	0	0	18.5453	20.6933	5.0244	7.30141	0.583703	0.741449	5.04614	8.02266	0	0	0	0
k107_13384646 flag=0 multi=23.0361 len=52495	52495	28.5112	0	0	0	0	0	0	0	0	0.0578622	0.069186	0	0	17.5016	24.4906	5.09386	7.246	0.819516	1.32061	5.0384	6.3317	0	0	0	0
k107_19550152 flag=0 multi=27.0006 len=110435	110435	31.3437	0	0	0	0	0	0	0	0	0.0794131	0.107906	0	0	18.1061	26.5143	6.24119	8.15592	0.798108	1.07503	6.11891	8.05746	0	0	0	0
k107_9355104 flag=0 multi=23.0801 len=25824	25824	28.4294	0	0	0	0	0	0	0	0	0.0236659	0.0303849	0	0	17.744	21.468	5.21448	6.98437	0.6753	0.841454	4.77192	6.75852	0	0	0	0
k107_26320829 flag=0 multi=26.0065 len=40334	40334	31.7248	0	0	0	0	0	0	0	0	0.0942746	0.110218	0	0	19.2698	24.1968	5.72452	8.37516	0.76826	1.03177	5.86791	8.41827	0	0	0	0
k107_29590683 flag=0 multi=23.0250 len=8574	8574	28.7077	0	0	0	0	0	0	0	0	0.0730174	0.0822026	0	0	18.5742	17.6725	4.6875	6.04768	0.511001	0.509123	4.86194	6.75188	0	0	0	0
k107_1687998 flag=0 multi=24.0652 len=24752	24752	30.2321	0	0	0	0	0	0	0	0	0.0925971	0.11839	0	0	18.8718	24.5346	5.27836	6.81898	0.753006	1.02395	5.23636	6.79267	0	0	0	0
k107_35092157 flag=0 multi=26.1887 len=3859	3859	30.3157	0	0	0	0	0	0	0	0	0.286477	0.42901	0	0	17.6148	22.0636	6.06579	7.8325	0.561147	0.683802	5.78746	5.79486	0	0	0	0
k107_20582251 flag=0 multi=24.3498 len=6425	6425	27.5463	0	0	0	0	0	0	0	0	0.197289	0.225041	0	0	17.7294	23.8574	5.03283	9.32845	0.631227	0.706558	3.95558	4.78114	0	0	0	0
k107_30610613 flag=0 multi=24.1375 len=11832	11832	28.8252	0	0	0	0	0	0	0	0	0.0523851	0.07081	0	0	17.2295	25.0425	5.69323	7.87856	0.20954	0.249963	5.64059	7.17618	0	0	0	0
k107_10881197 flag=0 multi=25.0021 len=29512	29512	31.1156	0.0103389	0.0159295	0	0	0	0	0	0	0.0694283	0.107783	0	0	18.4526	22.5484	5.74002	8.31075	0.707155	0.930739	6.13605	8.11633	0	0	0	0
k107_27520947 flag=0 multi=29.0009 len=12056	12056	32.9521	0	0	0	0	0	0	0	0	0.0256083	0.0250391	0	0	18.7986	25.4429	6.46129	13.1389	0.885316	1.40254	6.78127	12.5243	0	0	0	0
k107_9424795 flag=0 multi=24.1218 len=43761	43761	29.3054	0	0	0	0	0	0	0	0	0.0833659	0.135829	0	0	18.3494	23.588	5.03295	6.8882	0.773856	1.03369	5.06583	7.67163	0	0	0	0
k107_9828221 flag=0 multi=25.1009 len=40132	40132	31.566	0	0	0.00379111	0.00377708	0	0	0	0	0.113658	0.164922	0	0	19.5794	22.8743	5.49463	7.00893	0.757419	1.13798	5.6171	7.96516	0	0	0	0
k107_5260216 flag=0 multi=25.0093 len=41002	41002	30.3986	0	0	0	0	0	0	0	0	0.103808	0.128045	0	0	18.9142	22.353	5.57946	7.68964	0.727297	0.991417	5.07383	7.18752	0	0	0	0
k107_17879788 flag=0 multi=60.9643 len=4870	4870	27.5757	0	0	0	0	0	0	0	0	0	0	0	0	17.093	20.1042	5.26292	5.80421	0.957312	1.53301	4.26248	6.76921	0	0	0	0
k107_10099231 flag=0 multi=24.3144 len=6296	6296	28.9848	0	0	0	0	0	0	0	0	0	0	0	0	17.3453	21.576	4.93777	7.97114	1.08959	1.54956	5.61211	7.28276	0	0	0	0
k107_21264475 flag=0 multi=53.9543 len=12967	12967	31.6511	0	0	0	0	0	0	0	0	0.095381	0.134475	0	0	18.5049	23.6423	5.95113	7.78682	0.95831	1.76228	6.14133	8.62328	0	0	0	0
k107_26609492 flag=0 multi=27.2093 len=49065	49065	28.2043	0	0	0	0	0	0	0	0	0.0681049	0.101043	0	0	17.456	20.8358	5.15122	8.38025	0.666858	1.0145	4.86205	6.56887	0	0	0	0
k107_18166715 flag=0 multi=26.7462 len=137264	137264	29.7211	0	0	0	0	0	0	0	0	0.0881485	0.126721	0	0	18.2159	25.1957	5.52447	7.8756	0.755604	1.01082	5.137	7.67487	0	0	0	0
k107_4274093 flag=0 multi=27.0216 len=8033	8033	29.3256	0	0	0	0	0	0	0	0	0.078127	0.118346	0	0	18.6643	19.8776	5.13698	5.65293	0.841547	1.18478	4.60458	6.10981	0	0	0	0
k107_4581367 flag=0 multi=24.0133 len=81041	81041	30.2686	0	0	0.00365375	0.00706796	0	0	0	0	0.0784627	0.119413	0	0	18.3692	24.6415	5.54874	8.00613	0.851361	1.21375	5.41726	7.15027	0	0	0	0
k107_5178906 flag=0 multi=25.0172 len=64707	64707	30.3705	0.00468908	0.00715494	0.0046425	0.00467497	0	0	0	0	0.10302	0.197943	0	0	18.0547	24.0447	5.53938	7.97902	0.738887	1.05134	5.92518	8.00537	0	0	0	0
k107_26324389 flag=0 multi=23.0339 len=9644	9644	28.5933	0	0	0	0	0	0	0	0	0.0646542	0.0604802	0	0	18.8069	23.7507	4.44305	6.65524	0.537358	0.605309	4.74138	5.01128	0	0	0	0
k107_22142172 flag=0 multi=24.0625 len=13167	13167	29.6279	0	0	0	0	0	0	0	0	0.0704236	0.0660838	0	0	18.6742	27.9034	4.85791	5.54437	0.61026	0.890801	5.41516	5.77269	0	0	0	0
k107_34934441 flag=0 multi=24.0326 len=31767	31767	28.8003	0	0	0	0	0	0	0	0	0.0575878	0.107974	0	0	18.0564	25.2741	4.98529	6.67207	0.786556	1.07365	4.91448	7.46223	0	0	0	0
k107_32989974 flag=0 multi=106.6562 len=3315	3315	30.0777	0	0	0	0	0	0	0	0	0	0	0	0	19.5875	15.1893	5.13309	7.11732	0.584135	0.518272	4.77298	7.17675	0	0	0	0
k107_5195191 flag=0 multi=27.0057 len=30072	30072	32.7693	0	0	0	0	0	0	0	0	0.142022	0.210968	0	0	19.8758	22.5018	6.20302	8.01437	0.834095	1.16983	5.71434	7.52919	0	0	0	0
k107_1746534 flag=0 multi=28.1430 len=14809	14809	33.0264	0	0	0	0	0	0	0	0	0.145723	0.271056	0	0	19.7567	23.4219	6.25098	8.56132	0.825532	1.41899	6.04743	6.70488	0	0	0	0
k107_12345118 flag=0 multi=27.0114 len=55457	55457	29.7178	0	0	0	0	0	0	0	0	0.0820959	0.119192	0	0	18.7481	25.4979	5.09174	8.131	0.701224	0.942586	5.09464	7.67786	0	0	0	0
k107_28337022 flag=0 multi=22.0967 len=7513	7513	25.5537	0	0	0	0	0	0	0	0	0.188185	0.388182	0	0	16.2826	26.9919	4.28151	5.7637	0.794619	0.907945	4.0068	4.08954	0	0	0	0
k107_10096847 flag=0 multi=26.1015 len=59500	59500	31.1543	0	0	0	0	0	0	0	0	0.128653	0.172343	0	0	19.0868	24.3842	5.67614	7.25691	0.80153	1.04575	5.4561	7.08977	0.00510152	0.00507959	0	0
k107_31394143 flag=0 multi=24.0538 len=38830	38830	29.4207	0.00783846	0.0122415	0	0	0	0	0	0	0.117525	0.194805	0	0	18.9583	26.4547	4.96543	5.96812	0.636472	1.00977	4.7351	7.34658	0	0	0	0
k107_6969808 flag=0 multi=23.0096 len=73123	73123	28.3293	0	0	0.00201865	0.00206895	0	0	0	0	0.0808009	0.122752	0	0	18.1253	23.9011	4.66495	6.33222	0.660263	1.05608	4.79597	6.05206	0	0	0	0
k107_30607008 flag=0 multi=25.0261 len=52474	52474	30.4457	0	0	0	0	0	0	0	0	0.0983286	0.157501	0	0	18.3834	24.8007	5.66342	8.82952	0.723453	1.08134	5.57713	7.60027	0	0	0	0
k107_34165716 flag=0 multi=26.3413 len=68446	68446	32.4798	0	0	0	0	0	0	0	0	0.0611793	0.0862596	0	0	19.4699	29.0302	6.08263	7.93075	0.810798	1.18051	6.05532	9.02989	0	0	0	0
k107_11805007 flag=0 multi=23.0268 len=39005	39005	28.4007	0	0	0	0	0	0	0	0	0.0507196	0.0640313	0	0	17.6389	22.9438	5.46376	7.73194	0.631501	0.901158	4.61584	6.90499	0	0	0	0
k107_35090973 flag=0 multi=26.9333 len=17773	17773	29.2735	0	0	0.0341709	0.0467752	0	0	0	0	0.1554	0.220315	0	0	17.902	20.9415	5.76836	10.7103	0.545017	0.618064	4.86858	6.83288	0	0	0	0
k107_22962314 flag=0 multi=27.1709 len=5910	5910	33.4034	0	0	0	0	0	0	0	0	0.107703	0.0961181	0	0	19.5555	29.524	6.03834	7.86062	1.03941	0.906264	6.66245	6.76473	0	0	0	0
k107_10074105 flag=0 multi=41.9501 len=8099	8099	31.6188	0	0	0	0	0	0	0	0	0.0963191	0.130837	0	0	18.7131	27.7711	6.17879	5.98558	0.539823	0.83196	6.0908	10.8838	0	0	0	0
k107_16423691 flag=0 multi=33.0025 len=29368	29368	31.7216	0	0	0	0	0	0	0	0	0.103798	0.158168	0	0	18.3501	25.7566	6.28913	9.02144	0.87119	1.16051	6.10731	7.14564	0	0	0	0
k107_26330243 flag=0 multi=25.0061 len=19676	19676	31.5064	0	0	0	0	0	0	0	0	0.0623	0.0751042	0	0	18.2808	26.0942	6.11954	9.83152	0.894859	1.54234	6.14886	10.9284	0	0	0	0
k107_19513607 flag=0 multi=26.0927 len=5177	5177	32.0578	0	0	0	0	0	0	0	0	0.122667	0.232503	0	0	20.3709	33.7022	5.80615	9.23085	0.833846	1.75949	4.92431	6.12385	0	0	0	0
k107_27521568 flag=0 multi=24.0301 len=32408	32408	30.129	0	0	0	0	0	0	0	0	0.0468448	0.0554609	0	0	18.5535	23.0148	5.42699	8.88602	0.67816	0.941198	5.42347	8.3847	0	0	0	0
k107_12326779 flag=0 multi=27.0001 len=123368	123368	29.4883	0	0	0.00120261	0.00122484	0	0	0	0	0.0711082	0.0985908	0	0	18.4347	24.5833	5.16587	7.61489	0.695359	1.09051	5.12007	7.47751	0	0	0	0
k107_22199664 flag=0 multi=22.9966 len=40720	40720	28.046	0	0	0	0	0	0	0	0	0.112029	0.142959	0	0	16.9009	23.172	5.14018	6.55568	0.687689	0.908749	5.20521	8.3147	0	0	0	0
k107_16516981 flag=0 multi=24.0056 len=120756	120756	28.9518	0.00250718	0.00272963	0.00249888	0.00396179	0	0	0	0	0.0601391	0.0863098	0	0	17.3663	23.963	5.49416	8.23124	0.743728	1.12593	5.28246	7.16674	0	0	0	0
k107_10075814 flag=0 multi=22.4856 len=5144	5144	26.7879	0	0	0	0	0	0	0	0	0.0623709	0.0584902	0	0	16.7305	15.4913	4.80194	6.08157	0.465097	0.367005	4.728	5.35656	0	0	0	0
k107_12328029 flag=0 multi=71.0872 len=3603	3603	33.0473	0	0	0	0	0	0	0	0	0.182975	0.227738	0	0	20.3638	34.6508	5.7734	12.2585	1.25962	1.12438	5.46743	3.90838	0	0	0	0
k107_28341559 flag=0 multi=24.6077 len=9879	9879	29.3545	0	0	0	0	0	0	0	0	0.0630678	0.0989803	0	0	18.1737	26.4367	5.09544	8.31875	0.751488	1.04405	5.27075	7.954	0	0	0	0
k107_9408276 flag=0 multi=23.0146 len=139768	139768	28.3153	0	0	0	0	0	0	0	0	0.0605596	0.094809	0	0	17.3599	24.9355	5.20394	6.80435	0.603617	0.770224	5.08728	7.45899	0	0	0	0
k107_20847427 flag=0 multi=35.0350 len=19467	19467	32.4431	0	0	0	0	0	0	0	0	0.0629794	0.0909931	0	0	19.5007	26.6979	6.44352	8.2407	0.684529	0.988157	5.75137	7.92444	0	0	0	0
k107_10977634 flag=0 multi=39.4317 len=6786	6786	31.9809	0	0	0	0	0	0	0	0	0.0465762	0.0444137	0	0	18.9277	22.6695	5.78192	8.35943	1.11582	1.7998	6.10888	9.23315	0	0	0	0
k107_16468606 flag=0 multi=24.0035 len=114901	114901	30.1539	0	0	0	0	0	0	0	0	0.0671472	0.0902091	0	0	17.6427	23.7017	6.01522	8.36916	0.791063	1.19476	5.63775	7.60291	0	0	0	0
k107_5729607 flag=0 multi=25.0068 len=155480	155480	29.8639	0	0	0.00190104	0.00202975	0	0	0	0	0.104989	0.153098	0	0	18.5347	24.4756	5.27643	7.59809	0.767841	1.1416	5.17806	6.97611	0	0	0	0
k107_9344654 flag=0 multi=25.0416 len=50346	50346	30.5747	0	0	0	0	0	0	0	0	0.0542922	0.0773258	0	0	18.9762	23.2218	5.33856	8.85145	0.786128	1.08908	5.41947	7.54952	0	0	0	0
k107_25367058 flag=0 multi=24.1193 len=132532	132532	29.244	0.00456024	0.00454436	0.00223096	0.0022751	0	0	0	0	0.082175	0.136018	0	0	17.7074	23.3142	5.53872	7.84845	0.665235	0.87499	5.24144	7.11692	0.0022839	0.00227703	0	0
k107_10660596 flag=0 multi=27.0377 len=9864	9864	31.6468	0	0	0	0	0	0	0	0	0.0631667	0.0980943	0	0	19.6688	18.1163	5.85317	5.82199	0.787074	0.988336	5.27463	6.24958	0	0	0	0
k107_5202985 flag=0 multi=25.1192 len=25149	25149	30.679	0	0	0	0	0	0	0	0	0.0971948	0.163811	0	0	19.1101	26.2012	5.70483	7.61115	0.679961	0.855767	5.08689	6.92541	0	0	0	0
k107_13916589 flag=0 multi=23.0323 len=17326	17326	27.48	0	0	0	0	0	0	0	0	0.106379	0.135767	0	0	17.7318	19.8621	4.89045	5.40396	0.673755	0.911862	4.07754	5.243	0	0	0	0
k107_4619227 flag=0 multi=23.0041 len=122408	122408	28.5488	0	0	0	0	0	0	0	0	0.0765237	0.103453	0	0	18.0768	25.7277	5.01098	7.04423	0.721414	0.975691	4.66312	6.56843	0	0	0	0
k107_4156689 flag=0 multi=24.0055 len=80402	80402	29.1264	0.00377029	0.0053659	0.00372035	0.00589922	0	0	0	0	0.104794	0.162698	0	0	17.9972	21.3539	5.42245	8.19444	0.764732	1.13237	4.82971	6.27179	0	0	0	0
k107_5741663 flag=0 multi=26.0272 len=41111	41111	31.0596	0	0	0	0	0	0	0	0	0.0887794	0.120789	0	0	18.0955	25.2928	5.7824	8.42018	0.856012	1.18661	6.23688	7.87328	0	0	0	0
k107_4849951 flag=0 multi=23.0192 len=147656	147656	29.2897	0	0	0.00202234	0.00280483	0	0	0	0	0.0993458	0.145348	0	0	18.5064	25.3567	5.16872	7.22485	0.686768	0.912391	4.82638	6.55524	0	0	0	0
k107_11776737 flag=0 multi=29.0067 len=22614	22614	31.5605	0	0	0	0	0	0	0	0	0.121728	0.235459	0	0	19.1168	24.3377	6.02604	7.90264	0.802886	0.947343	5.49301	8.91545	0	0	0	0
k107_9850220 flag=0 multi=27.0133 len=60207	60207	31.9424	0	0	0	0	0	0	0	0	0.112562	0.172277	0	0	19.1587	27.7815	6.06217	9.18038	0.768567	1.16259	5.84046	8.45287	0	0	0	0
k107_11842354 flag=0 multi=23.0190 len=103418	103418	28.3589	0	0	0	0	0	0	0	0	0.0790178	0.109184	0	0	17.4368	22.6839	5.15285	7.26179	0.723806	1.03295	4.96646	7.72223	0	0	0	0
k107_6944711 flag=0 multi=27.0261 len=219890	219890	32.576	0	0	0	0	0	0	0	0	0.0824726	0.12185	0	0	18.907	24.0958	6.37328	9.45963	0.854159	1.21929	6.35908	9.11664	0	0	0	0
k107_7807120 flag=0 multi=28.0791 len=32508	32508	29.0493	0	0	0	0	0	0	0	0	0.107744	0.161583	0	0	18.2953	24.9566	5.03481	6.72415	0.838726	1.0272	4.77278	6.90437	0	0	0	0
k107_17976180 flag=0 multi=23.0140 len=24384	24384	28.072	0	0	0.0122498	0.02245	0	0	0	0	0.0625363	0.0734522	0	0	17.7809	21.5719	4.61303	6.79074	0.802093	1.13677	4.80118	5.31891	0	0	0	0
k107_3291940 flag=0 multi=24.5351 len=38313	38313	29.4416	0.00794507	0.0147736	0	0	0	0	0	0	0.0474336	0.0648804	0	0	17.7033	23.5238	5.51722	7.92901	0.741996	1.07452	5.41577	7.22861	0.00791876	0.0120907	0	0
k107_2118552 flag=0 multi=25.0108 len=55189	55189	31.2901	0	0	0	0	0	0	0	0	0.0935012	0.129318	0	0	18.9847	23.4621	5.76226	7.55595	0.797548	1.04621	5.65216	7.30152	0	0	0	0
k107_33004859 flag=0 multi=23.7181 len=90089	90089	29.4348	0	0	0	0	0	0	0	0	0.072271	0.107228	0	0	17.9552	24.5055	5.33694	7.89469	0.680344	0.869464	5.39007	7.28772	0	0	0	0
k107_4628833 flag=0 multi=22.0815 len=12237	12237	28.4876	0	0	0	0	0	0	0	0	0.0632593	0.0807226	0	0	17.522	28.6296	4.74336	7.35406	0.670214	0.841152	5.48881	6.56903	0	0	0	0
k107_9346751 flag=0 multi=24.0555 len=77486	77486	29.2847	0	0	0	0	0	0	0	0	0.0880105	0.133244	0	0	18.4645	25.1585	5.12998	6.62736	0.722961	0.924967	4.87925	7.51326	0	0	0	0
k107_22943893 flag=0 multi=22.6140 len=7325	7325	27.7403	0	0	0	0	0	0	0	0	0.0642176	0.0723075	0	0	16.1005	14.5632	5.55005	7.72981	0.428877	0.404334	5.59661	6.8329	0	0	0	0
k107_27197917 flag=0 multi=23.0026 len=152726	152726	28.9456	0	0	0	0	0	0	0	0	0.0910683	0.143422	0	0	17.4766	22.9338	5.4112	7.27609	0.704226	0.961614	5.26258	7.3298	0	0	0	0
k107_5244104 flag=0 multi=25.1321 len=126768	126768	28.7083	0	0	0	0	0	0	0	0	0.0775465	0.103613	0	0	18.161	22.7413	5.02568	7.83357	0.674252	0.92858	4.76739	7.1277	0	0	0.00238799	0.00237863
k107_35072997 flag=0 multi=26.0984 len=123107	123107	32.5677	0	0	0.00243475	0.00245309	0	0	0	0	0.0944913	0.138952	0	0	19.0458	25.4659	6.55822	9.27464	0.727014	1.0898	6.13978	8.05888	0	0	0	0
k107_29601156 flag=0 multi=42.0058 len=25308	25308	30.5002	0	0	0	0	0	0	0	0	0.0724626	0.123414	0	0	18.4177	21.6495	5.72955	7.12283	0.758898	1.11093	5.52151	9.11219	0	0	0	0
k107_20877964 flag=0 multi=23.0042 len=60934	60934	28.4654	0	0	0	0	0	0	0.00498087	0.00532214	0.0896556	0.141201	0	0	18.1981	22.4584	4.87516	6.13811	0.675007	0.872497	4.62246	5.69525	0	0	0	0
k107_35083952 flag=0 multi=25.0178 len=35966	35966	31.077	0	0	0	0	0	0	0	0	0.0677153	0.0812971	0	0	18.288	22.6476	5.9202	8.90208	0.877103	1.3402	5.92396	6.88926	0	0	0	0
