contigName	contigLen	totalAvgDepth	Cen01_MA.bam	Cen01_MA.bam-var	Cen03_MA.bam	Cen03_MA.bam-var	Cen04_MA.bam	Cen04_MA.bam-var	Cen05_MA.bam	Cen05_MA.bam-var	Cen06_MA.bam	Cen06_MA.bam-var	Cen07_MA.bam	Cen07_MA.bam-var	Cen10_MA.bam	Cen10_MA.bam-var	Cen12_MA.bam	Cen12_MA.bam-var	Cen14_MA.bam	Cen14_MA.bam-var	Cen15_MA.bam	Cen15_MA.bam-var	Cen16_MA.bam	Cen16_MA.bam-var	Cen17_MA.bam	Cen17_MA.bam-var
k107_22116344 flag=0 multi=37.6829 len=262226	262226	40.087	0	0	0	0	0.000561232	0.000576042	0.000561232	0.000576008	0	0	0	0	39.9771	54.059	0.00115301	0.0011515	0.107088	0.152912	0	0	0	0	0.000561232	0.000576011
k107_11421063 flag=0 multi=35.4032 len=14790	14790	42.2093	0	0	0	0	0.0206378	0.0349017	0	0	0	0	0	0	42.0845	59.905	0	0	0.104155	0.127606	0	0	0	0	0	0
k107_21013602 flag=0 multi=39.0037 len=109539	109539	38.3523	0	0	0	0	0	0	0	0	0	0	0	0	38.2721	59.2243	2.74632e-05	4.57683e-05	0.0800919	0.122086	0	0	0	0	0	0
k107_93488 flag=0 multi=34.9996 len=181744	181744	40.3271	0.00165893	0.00166022	0	0	0	0	0	0	0	0	0	0	40.2124	57.8213	0	0	0.113077	0.148524	0	0	0	0	0	0
k107_16291478 flag=0 multi=34.0139 len=56040	56040	39.3813	0	0	0	0	0	0	0	0	0	0	0	0	39.2713	54.453	0	0	0.109979	0.157619	0	0	0	0	0	0
k107_19057209 flag=0 multi=35.7705 len=5855	5855	40.6863	0	0	0	0	0	0	0	0	0	0	0	0	40.5813	52.2936	0	0	0.104988	0.117325	0	0	0	0	0	0
k107_574411 flag=0 multi=32.0174 len=12202	12202	40.244	0	0	0	0	0	0	0	0	0	0	0	0	40.1679	51.7999	0	0	0.0761345	0.0774039	0	0	0	0	0	0
k107_23682778 flag=0 multi=32.8840 len=142492	142492	39.3789	0	0	0	0	0	0	0.00103383	0.00105369	0	0	0	0	39.3026	54.3861	0	0	0.0752866	0.106158	0	0	0	0	0	0
k107_2070332 flag=0 multi=32.9580 len=169209	169209	40.2912	0	0	0	0	0	0	0	0	0	0	0	0	40.2073	58.655	0.00178797	0.0024809	0.0821221	0.113715	0	0	0	0	0	0
k107_4477990 flag=0 multi=36.0012 len=330820	330820	39.3038	0	0	0	0	0	0	0	0	0	0	0	0	39.2093	56.2136	0.00180323	0.0022746	0.0917197	0.125603	0	0	0.000913717	0.00123312	0	0
k107_10706300 flag=0 multi=45.1852 len=59111	59111	39.2482	0	0	0	0	0	0	0	0	0	0	0	0	39.1456	51.3137	0	0	0.10262	0.17408	0	0	0	0	0	0
k107_21657980 flag=0 multi=31.0013 len=90783	90783	37.9956	0	0	0	0	0	0	0	0	0	0	0	0	37.8923	56.0078	0	0	0.103248	0.131339	0	0	0	0	0	0
k107_9413213 flag=0 multi=33.0218 len=81978	81978	39.7628	0	0	0	0	0	0	0	0	0	0	0	0	39.6519	58.499	0.00368529	0.00451314	0.107143	0.178027	0	0	0	0	0	0
k107_6794310 flag=0 multi=38.4909 len=149379	149379	39.3662	0	0	0	0	0	0	0	0	0	0	0	0	39.2583	51.0461	0	0	0.10785	0.131545	0	0	0	0	0	0
k107_15627056 flag=0 multi=51.0026 len=55504	55504	39.9342	0	0	0	0	0	0	0	0	0	0	0	0	39.8741	48.4846	0	0	0.0600884	0.0682887	0	0	0	0	0	0
k107_16294103 flag=0 multi=31.3523 len=10218	10218	38.9953	0	0	0	0	0	0	0	0	0	0	0	0	38.9343	60.7365	0	0	0.0609117	0.0931218	0	0	0	0	0	0
k107_27270970 flag=0 multi=32.5643 len=126576	126576	39.5902	0	0	0	0	0	0	0	0	0	0	0	0	39.5018	56.3907	0	0	0.088403	0.107105	0	0	0	0	0	0
k107_16590035 flag=0 multi=34.9996 len=167945	167945	40.0394	0.00180145	0.00216789	0	0	0	0	0	0	0	0	0	0	39.9773	54.6706	0	0	0.0602888	0.0878081	0	0	0	0	0	0
k107_21924339 flag=0 multi=33.2097 len=42131	42131	37.8484	0	0	0	0	0	0	0	0	0	0	0.00540295	0.0108708	37.7643	53.5061	0	0	0.0474312	0.073631	0	0	0.0312702	0.33755	0	0
k107_6808568 flag=0 multi=31.0072 len=119019	119019	39.7061	0	0	0	0	0	0	0	0	0.00125509	0.00127032	0	0	39.616	61.026	0.00253544	0.00317259	0.0863482	0.11794	0	0	0	0	0	0
k107_89356 flag=0 multi=31.9992 len=52783	52783	40.1067	0	0	0	0	0	0	0	0	0	0	0	0	40.0321	53.8881	0	0	0.0746746	0.106254	0	0	0	0	0	0
k107_35548320 flag=0 multi=30.9956 len=76044	76044	39.3768	0	0	0	0	0	0	0	0	0	0	0	0	39.3091	58.7207	0	0	0.0677167	0.102322	0	0	0	0	0	0
k107_16535075 flag=0 multi=30.9738 len=36181	36181	39.0081	0	0	0	0	0	0	0	0	0	0	0	0	38.9492	44.4901	0	0	0.0588924	0.0636082	0	0	0	0	0	0
k107_15630021 flag=0 multi=34.9072 len=8042	8042	41.6802	0	0	0	0	0	0	0	0	0	0	0	0	41.5634	43.4562	0	0	0.116796	0.280389	0	0	0	0	0	0
k107_33083312 flag=0 multi=31.9989 len=55665	55665	38.9439	0	0	0	0	0	0	0	0	0	0	0	0	38.8622	53.3823	0	0	0.0817333	0.104846	0	0	0	0	0	0
k107_26751612 flag=0 multi=34.9996 len=471371	471371	39.978	0.000630481	0.000856806	0.000316302	0.000320343	0	0	0.00316514	0.00536731	0	0	0	0	39.8732	56.6251	0.000641095	0.000861297	0.0996967	0.147677	0	0	0.000320548	0.000320369	0	0
k107_30433233 flag=0 multi=49.0807 len=8593	8593	41.3497	0	0	0	0	0	0	0	0	0	0	0	0	41.2041	60.876	0	0	0.14558	0.18095	0	0	0	0	0	0
k107_2570580 flag=0 multi=32.0070 len=49582	49582	39.3233	0	0	0	0	0	0	0	0	0	0	0	0	39.2162	66.2019	0	0	0.107123	0.137375	0	0	0	0	0	0
