contigName	contigLen	totalAvgDepth	Cen01_MA.bam	Cen01_MA.bam-var	Cen03_MA.bam	Cen03_MA.bam-var	Cen04_MA.bam	Cen04_MA.bam-var	Cen05_MA.bam	Cen05_MA.bam-var	Cen06_MA.bam	Cen06_MA.bam-var	Cen07_MA.bam	Cen07_MA.bam-var	Cen10_MA.bam	Cen10_MA.bam-var	Cen12_MA.bam	Cen12_MA.bam-var	Cen14_MA.bam	Cen14_MA.bam-var	Cen15_MA.bam	Cen15_MA.bam-var	Cen16_MA.bam	Cen16_MA.bam-var	Cen17_MA.bam	Cen17_MA.bam-var
k107_3250001 flag=0 multi=42.8720 len=2622	2622	49.1181	0	0	0	0	0	0	0	0	0	0	0	0	0	0	49.1181	57.4833	0	0	0	0	0	0	0	0
k107_29246980 flag=0 multi=39.0020 len=68611	68611	47.4901	0	0	0	0	0	0	0.00216663	0.00220425	0.0130876	0.0195327	0	0	0	0	47.466	76.484	0.00879825	0.0112155	0	0	0	0	0	0
k107_3249047 flag=0 multi=37.9986 len=68715	68715	46.7991	0	0	0	0	0	0	0.00214871	0.00219769	0.0132431	0.0198266	0.00214871	0.00219873	0	0	46.7772	65.7751	0.00439975	0.0079819	0	0	0	0	0	0
k107_20154102 flag=0 multi=40.0112 len=304724	304724	46.6859	0	0	0	0	0	0	0.00825827	0.0117051	0.0108961	0.0172506	0.00586686	0.00929904	0	0	46.6545	73.061	0.00641215	0.00795156	0	0	0	0	0	0
k107_13785812 flag=0 multi=37.9996 len=478010	478010	46.1624	0	0	0.0012539	0.00212828	0	0	0.00463463	0.0075173	0.00757366	0.0103659	0.00185469	0.00474681	0.000632185	0.000773884	46.1393	76.1838	0.00721989	0.0105574	0	0	0	0	0	0
k107_21473708 flag=0 multi=42.6280 len=151896	151896	46.4488	0	0	0.00197897	0.00383246	0.00294867	0.00297303	0.0215708	0.0390783	0.0109371	0.0137758	0	0	0	0	46.3994	73.27	0.00992124	0.012904	0.00197897	0.00197462	0	0	0	0
k107_35082516 flag=0 multi=40.9999 len=284132	284132	46.4559	0	0	0.00103583	0.00145679	0.000517916	0.000531564	0.00363598	0.00476558	0.00531656	0.00719844	0.0020928	0.00211952	0	0	46.4374	70.8775	0.00477398	0.00742746	0.00106402	0.00106274	0	0	0	0
k107_5798271 flag=0 multi=43.0104 len=42494	42494	46.8224	0	0	0	0	0.00177759	0.00186543	0.0140311	0.0465262	0.0214733	0.0252943	0.00355518	0.00356775	0	0	46.778	65.3974	0.00357888	0.00356712	0	0	0	0	0	0
k107_13026613 flag=0 multi=25.0000 len=121534	121534	30.3219	0	0	0.00244985	0.00248191	0.0048667	0.00742411	0.0661129	0.090337	0.00497393	0.00743454	0	0	0	0	30.2373	46.4622	0.00621948	0.0071633	0	0	0	0	0	0
k107_29422854 flag=0 multi=38.0249 len=422183	422183	46.7638	0	0	0	0	0.00104769	0.00144127	0.00985349	0.0222681	0.0100099	0.0143614	0.000696879	0.000714834	0	0	46.7333	72.2749	0.00820374	0.0110923	0.000713471	0.000847944	0	0	0	0
k107_27945638 flag=0 multi=39.0000 len=102568	102568	47.1207	0	0	0	0	0	0	0	0	0.00295308	0.00338711	0	0	0	0	47.1075	82.1285	0.00734359	0.00887745	0.00295308	0.00294329	0	0	0	0
k107_20888919 flag=3 multi=31.1149 len=222241	222241	36.7306	0	0	0	0	0	0	0.00132469	0.00135757	0.00405967	0.00477204	0	0	0	0	36.7252	56.278	0	0	0	0	0	0	0	0
k107_26381008 flag=0 multi=38.0097 len=141996	141996	46.5916	0	0	0	0	0.0010445	0.00106397	0	0	0.0127881	0.0221496	0.00210312	0.00212451	0	0	46.5683	72.7627	0.00530721	0.00683094	0.00213135	0.00212382	0	0	0	0
