contigName	contigLen	totalAvgDepth	Cen01_MA.bam	Cen01_MA.bam-var	Cen03_MA.bam	Cen03_MA.bam-var	Cen04_MA.bam	Cen04_MA.bam-var	Cen05_MA.bam	Cen05_MA.bam-var	Cen06_MA.bam	Cen06_MA.bam-var	Cen07_MA.bam	Cen07_MA.bam-var	Cen10_MA.bam	Cen10_MA.bam-var	Cen12_MA.bam	Cen12_MA.bam-var	Cen14_MA.bam	Cen14_MA.bam-var	Cen15_MA.bam	Cen15_MA.bam-var	Cen16_MA.bam	Cen16_MA.bam-var	Cen17_MA.bam	Cen17_MA.bam-var
k107_4192756 flag=0 multi=81.0448 len=13028	13028	82.9091	82.3681	125.361	0	0	0.104589	0.135466	0.282257	0.467083	0.130363	0.277749	0.0237309	0.0404554	0	0	0	0	0	0	0	0	0	0	0	0
k107_9683514 flag=0 multi=65.4921 len=51016	51016	65.5731	65.5464	105.868	0.0208227	0.0283668	0	0	0	0	0	0	0	0	0	0	0	0	0	0	0	0	0.00585637	0.0063533	0	0
k107_285880 flag=0 multi=58.5072 len=90844	90844	67.8668	67.8519	147.048	0.0116521	0.0147509	0	0	0.0032692	0.00331478	0	0	0	0	0	0	0	0	0	0	0	0	0	0	0	0
k107_1802654 flag=0 multi=77.6446 len=24820	24820	71.3602	71.3479	89.9783	0.0123175	0.0162452	0	0	0	0	0	0	0	0	0	0	0	0	0	0	0	0	0	0	0	0
k107_20292548 flag=0 multi=58.9982 len=36414	36414	71.1869	71.1537	126.471	0.0248394	0.0285539	0	0	0	0	0	0	0	0	0.00836287	0.00828702	0	0	0	0	0	0	0	0	0	0
k107_29839293 flag=0 multi=60.6209 len=146678	146678	68.1235	68.0948	126.341	0.0153782	0.0228085	0.00407854	0.00566965	0.00303328	0.00460139	0	0	0	0	0.00618954	0.00672222	0	0	0	0	0	0	0	0	0	0
k107_20668755 flag=0 multi=55.0022 len=33968	33968	66.824	66.8016	151.025	0.0224262	0.0284463	0	0	0	0	0	0	0	0	0	0	0	0	0	0	0	0	0	0	0	0
k107_23269205 flag=0 multi=63.0242 len=5731	5731	82.5944	82.0389	157.543	0	0	0	0	0.0550746	0.0772194	0.277952	0.312104	0	0	0.222509	0.550346	0	0	0	0	0	0	0	0	0	0
k107_1866457 flag=0 multi=59.9391 len=35320	35320	66.2523	66.2052	109.797	0.00542578	0.00647914	0	0	0.0227883	0.127585	0.00165629	0.00165359	0	0	0	0	0.0172483	0.0654914	0	0	0	0	0	0	0	0
k107_3297909 flag=0 multi=58.0372 len=67306	67306	70.3171	70.288	131.728	0.0290729	0.0400088	0	0	0	0	0	0	0	0	0	0	0	0	0	0	0	0	0	0	0	0
k107_1372203 flag=0 multi=59.6693 len=81068	81068	77.8277	77.7686	167.663	0.0185846	0.0226933	0.00364015	0.00644472	0.0293688	0.075978	0	0	0	0	0.0037392	0.0037239	0	0	0.0037392	0.005377	0	0	0	0	0	0
k107_2881767 flag=0 multi=67.0131 len=47405	47405	66.9385	66.916	114.575	0.00959599	0.012542	0	0	0	0	0.012823	0.0234904	0	0	0	0	0	0	0	0	0	0	0	0	0	0
k107_28154521 flag=0 multi=70.9983 len=116233	116233	69.3038	69.2768	126.897	0.00910887	0.0114116	0	0	0.0140256	0.0434023	0	0	0	0	0.00257049	0.00340496	0	0	0	0	0	0	0	0	0.001268	0.00129932
k107_8735281 flag=0 multi=65.2820 len=96172	96172	73.406	73.3919	193.944	0.00471472	0.00470145	0.00153333	0.00157242	0.00461041	0.00470113	0	0	0.0031501	0.00486787	0	0	0	0	0	0	0	0	0	0	0	0
k107_2139285 flag=0 multi=65.7852 len=12255	12255	87.655	87.3157	117.051	0.0126328	0.0124731	0	0	0.276165	0.342401	0.0504476	0.0652237	0	0	0	0	0	0	0	0	0	0	0	0	0	0
k107_20028865 flag=0 multi=56.6024 len=106933	106933	70.239	70.2263	157.506	0.00706174	0.00923357	0	0	0	0	0.0028322	0.00359201	0	0	0.00282282	0.00282315	0	0	0	0	0	0	0	0	0	0
k107_15970155 flag=0 multi=57.4551 len=58762	58762	71.1982	71.1854	108.442	0.00766336	0.00806586	0	0	0	0	0	0	0	0	0.00516593	0.00579007	0	0	0	0	0	0	0	0	0	0
k107_20152344 flag=0 multi=57.4920 len=189314	189314	70.1914	70.1643	128.881	0.0159038	0.0207483	0	0	0.00156604	0.00159465	0	0	0.00159778	0.00159393	0.00798891	0.0112538	0	0	0	0	0	0	0	0	0	0
k107_16951075 flag=0 multi=52.0207 len=52297	52297	65.8113	65.7911	111.701	0.00859698	0.0130105	0	0	0.00580825	0.00719766	0	0	0	0	0.00580825	0.0103318	0	0	0	0	0	0	0	0	0	0
k107_10589677 flag=0 multi=60.8671 len=4726	4726	74.5188	74.5188	112.328	0	0	0	0	0	0	0	0	0	0	0	0	0	0	0	0	0	0	0	0	0	0
k107_15091164 flag=0 multi=59.0420 len=278083	278083	67.5725	67.5337	127.24	0.0086615	0.0116825	0.00161638	0.00162568	0.0143854	0.0292621	0.00217077	0.00330282	0	0	0.0108611	0.014107	0	0	0.00108719	0.00108505	0	0	0	0	0	0
k107_3459434 flag=0 multi=63.0078 len=5642	5642	74.3146	74.2309	73.6169	0.0561798	0.0953267	0	0	0.0275281	0.0274787	0	0	0	0	0	0	0	0	0	0	0	0	0	0	0	0
k107_5493913 flag=0 multi=57.6922 len=191004	191004	67.9262	67.9065	132.132	0.00945979	0.0116982	0.00158362	0.00252407	0	0	0	0	0	0	0.00869419	0.0100253	0	0	0	0	0	0	0	0	0	0
k107_24194393 flag=0 multi=48.4027 len=37982	37982	65.5394	65.5196	107.728	0.0197983	0.0207546	0	0	0	0	0	0	0	0	0	0	0	0	0	0	0	0	0	0	0	0
k107_11654385 flag=0 multi=63.1119 len=148804	148804	67.3807	67.3496	124.714	0.0133332	0.0189352	0.00203364	0.0020278	0.00350837	0.0100144	0.00203364	0.00362987	0	0	0.0101615	0.0118107	0	0	0	0	0	0	0	0	0	0
k107_32805383 flag=0 multi=63.9957 len=87749	87749	74.5207	74.4927	144.031	0.0257756	0.031823	0	0	0.00224136	0.00355617	0	0	0	0	0	0	0	0	0	0	0	0	0	0	0	0
k107_20584000 flag=0 multi=59.5944 len=45857	45857	66.8178	66.7882	97.842	0.00990012	0.0111579	0	0	0.00645374	0.0114611	0	0	0	0	0.0132587	0.0166437	0	0	0	0	0	0	0	0	0	0
k107_2366573 flag=0 multi=53.8866 len=4985	4985	70.4911	70.4911	65.0086	0	0	0	0	0	0	0	0	0	0	0	0	0	0	0	0	0	0	0	0	0	0
k107_28732445 flag=0 multi=60.9874 len=34518	34518	74.9861	74.9554	126.701	0.0218611	0.0281275	0	0	0	0	0	0	0	0	0.00882628	0.0109176	0	0	0	0	0	0	0	0	0	0
k107_5524555 flag=0 multi=62.1464 len=39185	39185	71.4456	71.4068	199.701	0.0232235	0.0310742	0	0	0	0	0	0	0	0	0.0155338	0.0205928	0	0	0	0	0	0	0	0	0	0
k107_23906516 flag=0 multi=50.7469 len=33117	33117	61.5781	61.5735	87.6469	0.00460155	0.00457908	0	0	0	0	0	0	0	0	0	0	0	0	0	0	0	0	0	0	0	0
k107_14827464 flag=0 multi=64.4986 len=33391	33391	69.4987	69.4851	131.182	0	0	0	0	0.00444256	0.00453822	0	0	0	0	0.0091269	0.00904808	0	0	0	0	0	0	0	0	0	0
k107_9112880 flag=0 multi=54.9707 len=45922	45922	67.925	67.9085	119.683	0.0165059	0.0162594	0	0	0	0	0	0	0	0	0	0	0	0	0	0	0	0	0	0	0	0
k107_12474796 flag=0 multi=58.4600 len=29556	29556	62.6433	62.6178	106.389	0	0	0.0152116	0.0289912	0	0	0	0	0	0	0.0103234	0.0102063	0	0	0	0	0	0	0	0	0	0
k107_34310814 flag=0 multi=53.6894 len=175356	175356	68.5611	68.5336	146.002	0.0103168	0.014379	0.00172518	0.00272648	0.00253065	0.00394549	0.00345036	0.00435506	0.000839741	0.000855809	0.00859735	0.0102444	0	0	0	0	0	0	0	0	0	0
k107_11704547 flag=0 multi=65.1740 len=310143	310143	76.5347	76.4978	179.455	0.018432	0.0235008	0.000971466	0.00121174	0.00480892	0.00755791	0.00194616	0.002872	0	0	0.00779109	0.00861756	0.00291763	0.00589035	0	0	0	0	0	0	0	0
k107_32493632 flag=0 multi=52.0001 len=31704	31704	64.5249	64.5056	102.286	0.00961722	0.0144289	0.00961722	0.0125816	0	0	0	0	0	0	0	0	0	0	0	0	0	0	0	0	0	0
k107_11826388 flag=0 multi=51.0193 len=193722	193722	63.5582	63.5347	119.309	0.0157429	0.0210447	0	0	0	0	0	0	0	0	0.00468411	0.00638992	0	0	0.00312274	0.00511237	0	0	0	0	0	0
k107_35250602 flag=0 multi=55.1483 len=34541	34541	69.6026	69.6026	98.6903	0	0	0	0	0	0	0	0	0	0	0	0	0	0	0	0	0	0	0	0	0	0
k107_28579892 flag=0 multi=59.0151 len=8993	8993	74.7245	74.7072	133.459	0.0173743	0.0170749	0	0	0	0	0	0	0	0	0	0	0	0	0	0	0	0	0	0	0	0
k107_7801108 flag=0 multi=58.0450 len=112881	112881	69.2828	69.2704	121.299	0.0108724	0.0143613	0	0	0.00159888	0.00196616	0	0	0	0	0	0	0	0	0	0	0	0	0	0	0	0
k107_9881434 flag=0 multi=54.9209 len=72069	72069	69.0287	69.0119	113.392	0.00416626	0.00419018	0	0	0	0	0	0	0	0	0.0126242	0.0151561	0	0	0	0	0	0	0	0	0	0
k107_27434312 flag=0 multi=70.8770 len=47995	47995	65.6794	65.6732	124.867	0.00308221	0.00315757	0	0	0.00308221	0.00315704	0	0	0	0	0	0	0	0	0	0	0	0	0	0	0	0
k107_33910430 flag=0 multi=55.4254 len=133970	133970	68.0502	68.0231	124.327	0.010339	0.012687	0.00335907	0.00394576	0.00335907	0.00531677	0.00333663	0.00804947	0.00440644	0.00838333	0.00225933	0.00225331	0	0	0	0	0	0	0	0	0	0
k107_7242299 flag=0 multi=67.0180 len=89434	89434	70.9324	70.9087	113.813	0.0151797	0.021147	0	0	0	0	0.00166046	0.00168843	0	0	0.00677647	0.0101554	0	0	0	0	0	0	0	0	0	0
k107_33822445 flag=0 multi=59.0241 len=17479	17479	73.6761	73.665	155.325	0.0110613	0.0111063	0	0	0	0	0	0	0	0	0	0	0	0	0	0	0	0	0	0	0	0
k107_23838498 flag=0 multi=56.8655 len=47734	47734	67.9231	67.8634	114.546	0.0284829	0.0471487	0.00624051	0.00943812	0.0156224	0.0361915	0.00619835	0.00631785	0.00309917	0.00317455	0	0	0	0	0	0	0	0	0	0	0	0
k107_2714180 flag=0 multi=59.6847 len=160059	160059	68.605	68.5767	132.029	0.0150729	0.0206877	0	0	0.000920147	0.000943772	0.0028293	0.00427667	0	0	0.00756148	0.00886416	0	0	0	0	0	0	0	0	0.00185281	0.00188366
k107_13145525 flag=0 multi=58.6532 len=56293	56293	69.7101	69.6967	110.609	0.0133593	0.0159113	0	0	0	0	0	0	0	0	0	0	0	0	0	0	0	0	0	0	0	0
k107_24588313 flag=0 multi=52.4756 len=61125	61125	61.6562	61.6265	100.98	0.0124131	0.0127029	0	0	0.00241685	0.00247602	0	0	0	0	0.0148628	0.0313282	0	0	0	0	0	0	0	0	0	0
k107_33369051 flag=0 multi=55.0285 len=13515	13515	68.2848	68.2848	100.165	0	0	0	0	0	0	0	0	0	0	0	0	0	0	0	0	0	0	0	0	0	0
k107_35797975 flag=0 multi=61.0427 len=119974	119974	68.3024	68.2882	141.694	0.00420316	0.00524802	0.00248178	0.00390422	0.00245672	0.00490382	0.00252356	0.00278135	0	0	0.00252356	0.00331329	0	0	0	0	0	0	0	0	0	0
k107_24921910 flag=0 multi=57.6215 len=11651	11651	70.9444	70.8009	153.308	0.0783329	0.115333	0.0129527	0.0131298	0.0521632	0.128082	0	0	0	0	0	0	0	0	0	0	0	0	0	0	0	0
k107_21975056 flag=0 multi=82.4511 len=73465	73465	74.8352	74.4425	188.587	0.0164837	0.0172521	0	0	0.270957	0.403304	0.0868198	0.120518	0.00817353	0.0156823	0.00825554	0.00823942	0	0	0	0	0	0	0	0	0.00202288	0.00205629
k107_7842546 flag=0 multi=74.4607 len=6430	6430	76.3788	76.366	107.753	0	0	0	0.000163159	0.0127285	0.0241321	0	0	0	0	0	0	0	0	0	0	0	0	0	0	0	0
k107_20066605 flag=0 multi=82.9951 len=8256	8256	80.3951	79.7278	146.667	0.0188584	0.0186278	0.060347	0.182549	0.355167	0.460984	0.232965	0.253166	0	0	0	0	0	0	0	0	0	0	0	0	0	0
k107_10323323 flag=0 multi=57.9313 len=57392	57392	66.9789	66.8908	135.437	0.0103521	0.0153019	0.00514976	0.00914567	0.0518129	0.13598	0.0102995	0.0198945	0.00516728	0.00524515	0.00528989	0.00701544	0	0	0	0	0	0	0	0	0	0
k107_18070827 flag=0 multi=50.0900 len=64045	64045	63.3185	63.2808	124.033	0.0212729	0.0274367	0	0	0.00701253	0.0107364	0	0	0	0	0.00939711	0.0094567	0	0	0	0	0	0	0	0	0	0
