contigName	contigLen	totalAvgDepth	Cen01_MA.bam	Cen01_MA.bam-var	Cen03_MA.bam	Cen03_MA.bam-var	Cen04_MA.bam	Cen04_MA.bam-var	Cen05_MA.bam	Cen05_MA.bam-var	Cen06_MA.bam	Cen06_MA.bam-var	Cen07_MA.bam	Cen07_MA.bam-var	Cen10_MA.bam	Cen10_MA.bam-var	Cen12_MA.bam	Cen12_MA.bam-var	Cen14_MA.bam	Cen14_MA.bam-var	Cen15_MA.bam	Cen15_MA.bam-var	Cen16_MA.bam	Cen16_MA.bam-var	Cen17_MA.bam	Cen17_MA.bam-var
k107_30291722 flag=0 multi=31.9943 len=20269	20269	40.0469	0	0	0	0	0	0	0	0	0.0827866	0.119946	0	0	6.28858	7.59389	6.08724	8.66285	10.8669	16.178	16.1169	28.4411	0.604497	0.644904	0	0
k107_11365529 flag=0 multi=35.8101 len=2814	2814	33.9475	0	0	0	0	0	0	0	0	0.120223	0.122544	0	0	2.65924	4.2839	2.44785	2.63102	13.752	14.5731	14.4439	22.614	0.524283	0.742552	0	0
k107_2744707 flag=0 multi=25.1691 len=8479	8479	30.5311	0	0	0	0	0	0	0	0	0.0738657	0.106557	0	0	4.76128	9.18728	4.03412	5.24149	10.87	11.1464	10.2485	12.3304	0.543353	0.663194	0	0
k107_2675870 flag=0 multi=40.9927 len=14902	14902	32.8844	0	0	0	0	0	0	0	0	0.0826712	0.104386	0	0	5.27493	7.90101	4.82788	6.63584	10.4003	16.143	11.7405	15.7925	0.558151	0.812046	0	0
k107_33486923 flag=0 multi=24.0116 len=57629	57629	30.2416	0	0	0	0	0	0	0	0	0.0737349	0.105266	0	0	4.5738	5.7821	3.3501	4.44533	10.576	15.1994	11.2092	14.5112	0.458806	0.562826	0	0
k107_1586298 flag=0 multi=28.0158 len=12191	12191	32.5916	0	0	0	0	0	0	0	0	0.0508033	0.0630425	0	0	5.16797	7.71037	3.56178	5.31097	10.422	10.0751	13.0864	17.6311	0.302717	0.314011	0	0
k107_24714066 flag=0 multi=29.0062 len=30414	30414	34.0907	0	0	0	0	0	0	0	0	0.0601753	0.100867	0.0100292	0.0137116	5.15024	7.05273	3.80144	5.01274	10.5185	14.4364	14.0116	18.4548	0.538755	0.667432	0	0
k107_9441444 flag=0 multi=33.0915 len=12110	12110	40.2159	0	0	0	0	0	0	0	0	0.0894309	0.126576	0	0	6.0575	8.50377	6.21858	8.52524	10.8955	16.7636	16.4619	24.1489	0.492971	0.653949	0	0
k107_1804991 flag=0 multi=26.0091 len=53746	53746	31.3932	0	0	0	0	0	0	0	0	0.070616	0.102893	0	0	4.87533	6.90165	4.43829	7.14223	10.4343	15.3378	11.1514	13.5446	0.423209	0.534947	0	0
k107_3076001 flag=0 multi=37.5520 len=25565	25565	31.9206	0	0	0	0	0	0	0	0	0.107509	0.228636	0	0	4.5136	6.09587	4.56304	6.72183	11.0346	14.9403	11.3375	14.0872	0.364367	0.423904	0	0
k107_16674024 flag=0 multi=30.0499 len=41344	41344	37.0287	0	0	0	0	0	0	0	0	0.124775	0.174024	0	0	5.76855	7.86295	5.07704	7.55078	10.867	17.1327	14.7788	19.44	0.412529	0.472245	0	0
k107_25706908 flag=0 multi=28.0193 len=19989	19989	34.6417	0	0	0	0	0	0	0	0	0.0613603	0.0919421	0	0	4.5654	5.08167	5.69107	8.06885	11.4147	17.6643	12.5342	19.9874	0.375019	0.466985	0	0
k107_20090583 flag=0 multi=30.7899 len=85954	85954	35.9882	0	0	0	0	0	0	0	0	0.0493509	0.0682988	0	0	5.65543	7.20263	4.21095	6.29107	11.1419	16.148	14.5101	20.7136	0.420446	0.528924	0	0
k107_34966955 flag=0 multi=25.3174 len=14643	14643	31.089	0	0	0	0	0	0	0	0	0.0841643	0.136408	0.0161774	0.0159168	5.35988	5.32972	2.83739	3.20138	10.6212	11.9784	11.7634	17.838	0.406806	0.570643	0	0
k107_3326971 flag=0 multi=35.0032 len=53626	53626	40.7955	0	0	0	0	0	0	0	0	0.0848023	0.105158	0.00845773	0.0133304	7.06802	9.24617	5.89479	7.56562	11.5429	16.9553	15.7893	19.276	0.40719	0.471885	0	0
k107_8772808 flag=0 multi=28.0843 len=24376	24376	34.3429	0	0	0	0	0	0	0	0	0.0751848	0.118696	0	0	5.49244	7.0686	4.0297	6.19133	11.0475	17.9186	13.3846	15.6151	0.313575	0.386351	0	0
k107_19527949 flag=0 multi=27.2446 len=93295	93295	33.6559	0	0	0	0	0	0	0	0	0.0966739	0.148841	0.00973191	0.0164383	5.15417	6.51042	4.03702	6.36417	11.0203	16.6264	12.8889	18.4246	0.449066	0.610271	0	0
k107_13926146 flag=0 multi=28.0693 len=99042	99042	33.3834	0	0	0	0	0	0	0	0	0.0473668	0.0719958	0.00458781	0.00704495	5.01216	7.46563	4.44633	6.45786	10.7311	17.2553	12.7046	16.7795	0.43734	0.589213	0	0
k107_20308467 flag=0 multi=28.1451 len=8524	8524	34.5122	0	0	0	0	0	0	0	0	0.0367307	0.0599562	0	0	5.44892	9.04882	3.86354	6.58729	11.9717	20.3218	12.693	18.776	0.498297	0.727296	0	0
k107_28465725 flag=0 multi=26.1128 len=21056	21056	31.3045	0	0	0	0	0	0	0	0	0.0363785	0.0477784	0	0	4.51523	6.2919	3.69452	4.51894	11.1013	14.3724	11.5532	15.9104	0.403874	0.540087	0	0
k107_15842562 flag=0 multi=30.3779 len=25876	25876	33.3119	0	0	0	0	0	0	0	0	0.082623	0.102114	0	0	5.15156	6.11019	3.53304	5.20427	10.9867	17.1554	13.0569	21.0324	0.501056	0.514276	0	0
k107_2681609 flag=0 multi=29.2051 len=13629	13629	35.9346	0	0	0	0	0	0	0	0	0.0906431	0.183591	0	0	6.39221	6.83637	4.42455	4.86993	10.4923	16.855	14.2397	17.8226	0.29519	0.314971	0	0
k107_20432206 flag=0 multi=27.3000 len=80805	80805	33.3054	0	0	0	0	0	0	0	0	0.0674261	0.102006	0	0	4.82229	6.41846	5.54405	8.19064	10.3986	14.4596	12.0739	15.9811	0.399066	0.48071	0	0
k107_28680074 flag=0 multi=28.0289 len=79124	79124	31.5495	0.00383142	0.00436279	0	0	0	0	0	0	0.0421202	0.0575849	0	0	4.59331	5.22396	4.482	7.12461	10.3782	14.998	11.6394	15.8525	0.410596	0.547963	0	0
k107_27169447 flag=0 multi=26.0035 len=107427	107427	31.5275	0.00281914	0.003836	0	0	0	0	0	0	0.0676406	0.108591	0.0042287	0.00553384	4.78097	6.89352	4.02427	5.44647	10.4302	15.1568	11.7468	16.7914	0.470553	0.560162	0	0
k107_15674074 flag=0 multi=28.1180 len=39167	39167	31.9276	0	0	0	0	0	0	0	0	0.0853982	0.133918	0	0	3.92847	5.00268	3.5435	5.06663	9.54934	15.1786	14.3707	18.9794	0.450148	0.592967	0	0
k107_10029447 flag=0 multi=31.0169 len=46779	46779	38.2946	0.00649784	0.00645546	0	0	0	0	0	0	0.0810293	0.135354	0.0129957	0.0190798	6.17236	7.70506	5.58939	7.74217	11.0928	16.3703	14.8592	18.0624	0.480259	0.600419	0	0
k107_28458540 flag=0 multi=28.0440 len=47930	47930	34.5273	0	0	0	0	0	0	0	0	0.0443647	0.0676852	0.00629882	0.0104518	5.65632	7.20081	4.29703	6.28877	10.948	15.0515	13.0507	19.4782	0.524586	0.676176	0	0
k107_11905261 flag=0 multi=29.8147 len=49887	49887	34.7873	0	0	0	0	0	0	0	0	0.0669154	0.0928685	0	0	5.79205	6.91905	4.43271	6.64926	10.7188	14.1479	13.3216	17.9685	0.455218	0.541798	0	0
k107_11670435 flag=0 multi=40.0816 len=2547	2547	35.1051	0	0	0	0	0	0	0	0	0.330512	0.417462	0	0	5.60178	3.86484	4.22851	7.72011	11.3612	8.17634	13.0851	22.1197	0.497996	0.283084	0	0
k107_13892939 flag=0 multi=26.0052 len=179541	179541	31.6078	0	0	0	0	0	0	0	0	0.0816898	0.131276	0.00504912	0.00794737	4.49301	6.19855	4.60362	7.23675	10.3432	14.925	11.6301	16.4475	0.451096	0.614292	0	0
k107_1824851 flag=0 multi=28.1484 len=12331	12331	34.1365	0	0	0	0	0	0	0	0	0.150636	0.184834	0	0	4.96375	5.64673	4.02303	6.52499	11.1174	17.8831	13.3401	22.3328	0.541608	0.714295	0	0
k107_19539769 flag=0 multi=31.9930 len=22197	22197	37.2465	0	0	0	0	0	0	0	0	0.0896095	0.123832	0	0	5.76639	6.99732	4.5251	5.61725	10.8108	13.7748	15.5441	22.1175	0.510573	0.712243	0	0
k107_29481541 flag=0 multi=31.1751 len=10935	10935	36.5277	0	0	0	0	0	0	0	0	0.0920719	0.114635	0	0	5.80288	7.1794	4.25684	5.04504	11.4559	19.0302	14.4852	12.7189	0.434779	0.718983	0	0
k107_34169181 flag=0 multi=27.0606 len=31291	31291	32.6809	0	0	0	0	0	0	0	0	0.126496	0.208544	0.00974539	0.0164891	5.20227	6.11809	4.68515	7.91617	10.6228	15.7822	11.6599	18.5482	0.37452	0.52812	0	0
k107_31128796 flag=0 multi=27.0069 len=53139	53139	33.645	0	0	0	0	0	0	0	0	0.0541098	0.0824504	0	0	5.36853	7.30446	3.75585	5.11045	10.7847	15.1569	13.3792	18.3363	0.302629	0.381373	0	0
k107_23559353 flag=0 multi=27.1234 len=15576	15576	33.4847	0	0	0	0	0	0	0	0	0.211798	0.351163	0	0	5.15156	6.00172	4.34444	5.75825	10.5585	14.6187	12.7646	16.6273	0.453778	0.619272	0	0
k107_33898285 flag=0 multi=30.0035 len=29772	29772	33.347	0	0	0	0	0	0	0	0	0.112419	0.163265	0.0102477	0.0191185	5.06912	6.18015	3.96461	5.35736	10.6064	16.0868	13.2236	20.4947	0.360672	0.453724	0	0
k107_13631867 flag=0 multi=25.7067 len=14820	14820	31.4353	0	0	0	0	0	0	0	0	0.0623364	0.112804	0	0	4.3435	5.42224	4.14361	5.25459	11.0192	17.2295	11.4043	13.7941	0.462254	0.579325	0	0
k107_34159133 flag=0 multi=33.0281 len=28124	28124	35.4752	0	0	0	0	0	0	0	0	0.0975487	0.122357	0	0	5.51326	7.33367	4.41773	6.87429	10.9026	14.7439	14.1246	18.996	0.41956	0.646237	0	0
k107_27743753 flag=0 multi=37.2243 len=4187	4187	34.6157	0	0	0	0	0	0	0	0	0.0126126	0.0124579	0	0	5.8973	6.6971	4.50013	2.79897	10.6695	9.64954	13.2255	23.4682	0.310682	0.321414	0	0
k107_12939429 flag=0 multi=32.0030 len=5094	5094	37.1475	0	0	0	0	0	0	0	0	0.0987062	0.17372	0	0	6.74645	7.35854	4.55885	5.49284	11.0392	14.8698	14.1678	21.7605	0.536519	0.696645	0	0
k107_35535500 flag=0 multi=29.6079 len=11486	11486	34.9228	0	0	0	0	0	0	0	0	0.0619635	0.0769822	0	0	4.76699	5.85444	6.57207	9.15319	10.6617	14.4725	12.509	13.3459	0.351127	0.441857	0	0
k107_13928950 flag=0 multi=25.0118 len=34554	34554	30.5667	0	0	0	0	0	0	0	0	0.0573105	0.0734882	0	0	4.34229	6.11523	3.85426	4.98571	10.1807	15.2438	11.6615	17.6273	0.470629	0.580547	0	0
k107_1061596 flag=0 multi=28.7379 len=48622	48622	34.8142	0	0	0	0	0	0	0	0	0.0749379	0.0930046	0.009375	0.0110218	5.43769	6.96636	4.51728	7.01382	11.0246	15.9539	13.2916	19.2716	0.458713	0.593338	0	0
k107_33488263 flag=0 multi=31.9030 len=4748	4748	37.7949	0.0679262	0.0997688	0	0	0	0	0	0	0.339181	0.526236	0	0	7.03261	7.28174	5.57917	9.60783	10.3054	12.4846	14.063	22.4062	0.407557	0.589307	0	0
k107_11047584 flag=0 multi=31.2953 len=7967	7967	38.2224	0	0	0	0	0	0	0	0	0.156947	0.281274	0	0	5.73594	9.21887	4.9028	6.08681	12.2441	11.3298	14.671	20.8519	0.511676	0.490018	0	0
k107_3637114 flag=0 multi=29.2532 len=31334	31334	34.8808	0.00963522	0.013051	0	0	0	0	0	0	0.087587	0.128045	0	0	5.33862	7.46105	4.80746	6.4913	11.2353	14.4205	13.0046	18.748	0.397622	0.555316	0	0
k107_16860957 flag=0 multi=39.1051 len=4996	4996	38.1643	0	0	0	0	0	0	0	0	0	0	0	0	6.54538	6.88766	5.20686	4.32909	11.634	22.3398	14.5239	14.5021	0.254154	0.239454	0	0
k107_9355523 flag=0 multi=28.0326 len=5816	5816	35.0631	0	0	0	0	0	0	0	0	0.164309	0.192831	0	0	5.3609	5.80977	4.47443	5.05571	10.9171	10.5802	13.6814	18.9046	0.464998	0.588057	0	0
k107_18668836 flag=0 multi=26.0623 len=31895	31895	32.2231	0	0	0	0	0	0	0	0	0.0581141	0.078648	0	0	4.94242	6.14906	3.77381	5.5884	10.5452	15.3008	12.4838	15.3841	0.419777	0.601001	0	0
k107_16866441 flag=0 multi=28.9992 len=127172	127172	36.014	0	0	0	0	0	0	0	0	0.0678096	0.103356	0.00474501	0.00824809	5.60348	7.334	4.37308	5.85354	11.0643	15.3148	14.4889	20.9987	0.411665	0.531681	0	0
k107_28681750 flag=0 multi=29.1058 len=5892	5892	36.3116	0	0	0	0	0	0	0	0	0.107871	0.194098	0	0	5.20644	9.07211	4.06297	4.80177	11.661	14.48	14.4614	18.8301	0.811986	1.00572	0	0
k107_1947823 flag=0 multi=29.1661 len=38863	38863	34.6653	0.00783175	0.0115569	0	0	0	0	0	0	0.0977153	0.134357	0	0	5.26784	8.28358	4.18545	5.81604	11.2264	13.276	13.5122	20.378	0.367885	0.480848	0	0
k107_6239845 flag=0 multi=32.1485 len=41393	41393	39.6391	0	0	0	0	0	0	0	0	0.0660729	0.0938636	0.00734954	0.0106057	6.00015	8.61848	6.02957	9.88193	11.5846	16.9518	15.6326	20.9957	0.318853	0.382665	0	0
k107_24021635 flag=0 multi=64.2963 len=3539	3539	30.6367	0	0	0	0	0	0	0	0	0.0926784	0.136528	0	0	5.01205	6.62288	3.48224	3.85812	10.6738	12.4791	11.0522	16.5403	0.323757	0.219004	0	0
k107_19339236 flag=0 multi=26.1424 len=34897	34897	30.4969	0	0	0	0	0	0	0	0	0.0698367	0.121219	0	0	4.47651	7.36308	3.9824	6.18052	10.1341	15.0859	11.3274	16.4143	0.506663	0.722014	0	0
k107_2158194 flag=0 multi=31.0121 len=38051	38051	34.4902	0	0	0	0	0	0	0	0	0.0795783	0.14796	0.00800021	0.00978883	4.84561	7.52161	4.79321	7.99151	11.364	18.053	12.9563	18.216	0.443455	0.535968	0	0
k107_9165850 flag=0 multi=26.0141 len=20638	20638	31.6852	0	0	0	0	0	0	0	0	0.0296518	0.0288056	0	0	3.43455	4.90272	2.82115	4.67524	10.917	14.1888	13.9265	21.8078	0.556353	0.768966	0	0
k107_4192529 flag=0 multi=27.4208 len=99918	99918	33.1056	0	0	0	0	0	0	0.00303164	0.00426229	0.0848257	0.140723	0.00303164	0.00562648	4.85597	6.16716	4.84524	7.03921	10.5888	15.3972	12.2742	17.3719	0.45044	0.599562	0	0
k107_34986002 flag=0 multi=29.0192 len=60815	60815	35.2755	0.00495761	0.00519881	0	0	0	0	0	0	0.0722324	0.116629	0	0	5.60375	7.72812	3.9783	5.37505	11.0975	15.7604	14.1005	18.6426	0.41829	0.519337	0	0
k107_33341352 flag=0 multi=27.0261 len=9293	9293	33.2468	0	0	0	0	0	0	0	0	0.0335891	0.0582514	0	0	5.03214	5.9179	3.37326	5.82732	10.353	13.2314	14.0549	17.2281	0.399844	0.466546	0	0
k107_27748662 flag=0 multi=33.1352 len=16917	16917	38.7989	0	0	0	0	0	0	0	0	0.090641	0.12792	0	0	6.51682	7.75131	4.37611	5.89007	11.9478	17.0118	15.41	25.2577	0.457599	0.534703	0	0
k107_13038866 flag=0 multi=29.0202 len=3775	3775	34.1247	0	0	0	0	0	0	0	0	0	0	0	0	5.0645	5.2939	4.71869	5.29868	11.9326	17.2334	11.9752	9.43285	0.433631	0.843158	0	0
k107_11258072 flag=0 multi=26.0253 len=27964	27964	32.9638	0	0	0	0	0	0	0	0	0.0980045	0.14313	0	0	4.81885	5.61705	4.30294	7.01548	11.056	15.149	12.3116	16.1378	0.376365	0.459272	0	0
k107_15834883 flag=0 multi=32.3333 len=4589	4589	34.4446	0	0	0	0	0	0	0	0	0.0704455	0.0836995	0	0	5.91649	5.26489	2.72008	3.8782	11.6165	14.8567	13.9097	21.6692	0.211337	0.280574	0	0
k107_11912291 flag=0 multi=25.0277 len=12614	12614	30.9415	0	0	0	0	0	0	0	0	0.0243665	0.0435922	0	0	3.34771	6.30013	2.85071	5.0311	10.6234	15.3664	13.6304	20.0518	0.464912	0.707691	0	0
k107_202345 flag=0 multi=25.2906 len=34564	34564	30.0879	0.00881443	0.0130001	0	0	0	0	0	0	0.061701	0.0930834	0	0	4.32488	5.216	4.48161	6.29795	9.88757	12.9012	10.8613	14.7486	0.462086	0.632285	0	0
k107_14496970 flag=0 multi=27.3932 len=9474	9474	33.5468	0	0	0	0	0	0	0	0	0.0657436	0.0639196	0	0	4.96849	5.63427	4.2005	7.10737	10.3375	13.5299	13.514	20.3068	0.460532	0.500794	0	0
k107_29587513 flag=0 multi=27.0485 len=22908	22908	32.5758	0	0	0	0	0	0	0	0	0.0601168	0.0865944	0	0	4.70282	6.62986	4.39428	5.55622	11.2343	18.1904	11.7358	16.7298	0.448465	0.616818	0	0
k107_1820507 flag=0 multi=34.7365 len=2805	2805	38.3436	0	0	0	0	0	0	0	0	0	0	0	0	7.02797	4.32684	6.0831	7.72227	12.4682	13.8221	12.5282	24.3279	0.236117	0.187043	0	0
k107_947100 flag=0 multi=28.0051 len=32368	32368	34.8095	0	0	0	0	0	0	0	0	0.0637747	0.12351	0	0	5.60996	7.67386	3.90966	5.80738	11.2883	15.7444	13.3028	20	0.63494	0.776843	0	0
k107_3310648 flag=0 multi=25.0831 len=12990	12990	31.5177	0	0	0	0	0	0	0	0	0.023802	0.0232423	0.0126892	0.0164769	4.11515	3.47605	3.9829	5.5786	10.4316	16.5859	12.2853	20.9051	0.666299	0.79069	0	0
k107_10014196 flag=0 multi=27.0199 len=17910	17910	32.1608	0	0	0	0	0	0	0	0	0.0514539	0.0805182	0.0171513	0.0285596	4.84859	4.07432	4.18168	5.08353	11.0655	18.0805	11.4309	17.5052	0.565425	0.704801	0	0
k107_6443033 flag=0 multi=31.1786 len=9812	9812	33.3032	0	0	0	0	0	0	0	0	0.0952681	0.125932	0	0	4.64932	6.44301	3.51283	3.67283	10.8157	14.6986	13.9883	21.0635	0.241746	0.272136	0	0
k107_24463768 flag=0 multi=32.9998 len=4710	4710	34.9725	0	0	0	0	0	0	0	0	0.137024	0.140978	0	0	4.86116	5.12765	3.30785	4.09305	10.7434	10.3597	15.4555	20.1157	0.467559	0.415566	0	0
k107_18721683 flag=0 multi=25.0483 len=147545	147545	30.1021	0	0	0	0	0	0	0	0	0.0942592	0.120204	0.00408169	0.00663051	4.24588	5.34707	4.05818	6.67875	10.0842	14.9493	11.2027	16.1888	0.412841	0.530414	0	0
k107_1046377 flag=0 multi=29.1001 len=18108	18108	35.745	0	0	0	0	0	0	0	0	0.135572	0.205754	0	0	5.11008	7.13145	5.06678	5.72721	10.832	13.8198	14.2447	20.9019	0.355891	0.386639	0	0
k107_17101802 flag=0 multi=26.9999 len=50729	50729	32.7942	0	0	0	0	0	0	0	0	0.0836655	0.133638	0	0	4.47435	5.52889	4.41113	6.74709	10.9787	15.786	12.3147	18.3195	0.53162	0.773597	0	0
