contigName	contigLen	totalAvgDepth	Cen01_MA.bam	Cen01_MA.bam-var	Cen03_MA.bam	Cen03_MA.bam-var	Cen04_MA.bam	Cen04_MA.bam-var	Cen05_MA.bam	Cen05_MA.bam-var	Cen06_MA.bam	Cen06_MA.bam-var	Cen07_MA.bam	Cen07_MA.bam-var	Cen10_MA.bam	Cen10_MA.bam-var	Cen12_MA.bam	Cen12_MA.bam-var	Cen14_MA.bam	Cen14_MA.bam-var	Cen15_MA.bam	Cen15_MA.bam-var	Cen16_MA.bam	Cen16_MA.bam-var	Cen17_MA.bam	Cen17_MA.bam-var
k107_22592671 flag=0 multi=11.9980 len=28278	28278	12.0175	0	0	0	0	0	0	0	0	0	0	0	0	0.560874	0.715288	2.19306	3.03185	0	0	9.26355	12.4774	0	0	0	0
k107_23038126 flag=0 multi=9.1489 len=5964	5964	10.6469	0	0	0	0	0	0	0	0	0	0	0	0	0.533027	0.85479	2.07489	4.09839	0	0	8.03903	10.9987	0	0	0	0
k107_16578313 flag=1 multi=10.0000 len=39810	39810	11.8582	0	0	0	0	0	0	0	0	0	0	0	0	0.403614	0.565114	2.02961	2.5652	0	0	9.425	12.5129	0	0	0	0
k107_10255673 flag=0 multi=10.0211 len=70116	70116	12.4067	0	0	0	0	0	0	0	0	0	0	0	0	0.472341	0.633155	2.27303	3.26783	0	0	9.66133	13.2086	0	0	0	0
k107_27649935 flag=0 multi=10.0647 len=22098	22098	11.8501	0	0	0	0	0	0	0	0	0	0	0	0	0.394705	0.531208	2.22197	2.81007	0	0	9.23339	13.0559	0	0	0	0
k107_378411 flag=1 multi=10.0000 len=16864	16864	11.8898	0	0	0	0	0	0	0	0	0	0	0	0	0.513948	0.5586	1.96335	3.29299	0	0	9.41251	11.2692	0	0	0	0
k107_10746100 flag=0 multi=10.0053 len=168024	168024	12.1902	0	0	0	0	0	0	0	0	0	0	0	0	0.628868	0.845697	1.96717	2.89353	0.00899703	0.011845	9.58516	13.575	0	0	0	0
k107_27535914 flag=0 multi=11.0007 len=65309	65309	11.4847	0	0	0	0	0	0	0	0	0	0	0	0	0.466396	0.662335	1.8586	2.60776	0	0	9.15969	12.0928	0	0	0	0
k107_8173651 flag=0 multi=10.0048 len=121983	121983	11.882	0	0	0	0	0	0	0	0	0	0	0	0	0.46151	0.589984	1.99099	3.22442	0.0049638	0.0173925	9.42449	13.1883	0	0	0	0
k107_18702990 flag=0 multi=17.0813 len=60132	60132	11.8584	0	0	0	0	0	0	0	0	0	0	0	0	0.552031	0.671872	1.85559	2.61441	0.0100786	0.0120583	9.44067	14.3303	0	0	0	0
k107_34513674 flag=1 multi=31.0000 len=18771	18771	11.9274	0	0	0.0163517	0.0200954	0	0	0	0	0	0	0	0	0.432671	0.550137	2.25307	2.92493	0	0	9.22535	14.7934	0	0	0	0
k107_13500701 flag=0 multi=10.0587 len=15452	15452	12.2834	0	0	0	0	0	0	0	0	0	0	0	0	0.63736	0.73088	1.98455	2.7139	0	0	9.66145	10.6213	0	0	0	0
k107_23190704 flag=1 multi=10.5188 len=168376	168376	11.9401	0	0	0	0	0	0	0	0	0.00179683	0.00227937	0	0	0.534669	0.711744	2.07203	2.95459	0.00358771	0.0037606	9.32797	13.1614	0	0	0	0
k107_1521708 flag=0 multi=10.0240 len=27548	27548	12.4831	0	0	0	0	0	0	0	0	0	0	0	0	0.623468	0.873849	2.05072	3.61212	0.0110842	0.0133842	9.79784	12.3284	0	0	0	0
k107_16649108 flag=0 multi=13.0002 len=219758	219758	11.9554	0	0	0	0	0	0	0	0	0	0	0	0	0.527682	0.682553	2.09472	2.87004	0.00412383	0.00592291	9.32885	12.8383	0	0	0	0
k107_32009645 flag=1 multi=10.0000 len=63458	63458	12.1393	0	0	0	0	0	0	0	0	0	0	0	0	0.622934	0.679522	2.11777	3.12862	0.00239091	0.00238043	9.39624	14.1779	0	0	0	0
k107_14222307 flag=1 multi=11.0000 len=55886	55886	12.5314	0	0	0	0	0	0	0	0	0	0	0	0	0.600047	0.847005	2.1474	3.15747	0	0	9.78391	15.3608	0	0	0	0
k107_2895832 flag=1 multi=11.0000 len=19972	19972	11.5521	0	0	0	0	0	0	0	0	0	0	0	0	0.506304	0.562345	2.07031	3.29056	0	0	8.9755	11.2324	0	0	0	0
k107_3244723 flag=0 multi=10.0026 len=187747	187747	12.0172	0	0	0	0	0	0	0	0	0	0	0	0	0.520862	0.707925	2.00983	2.97986	0.0016058	0.00160643	9.48495	12.9702	0	0	0	0
k107_32595499 flag=0 multi=11.0348 len=131305	131305	12.2317	0	0	0	0	0	0	0	0	0	0	0	0	0.508927	0.638334	2.11597	2.95429	0.00230529	0.00229493	9.60451	12.9948	0	0	0	0
k107_24511845 flag=0 multi=10.0679 len=130637	130637	12.0145	0	0	0	0	0	0	0	0	0	0	0	0	0.56018	0.737925	1.94199	2.60269	0	0	9.51237	14.2797	0	0	0	0
k107_12091095 flag=0 multi=10.0423 len=56650	56650	12.445	0	0	0	0	0	0	0	0	0	0	0	0	0.572727	0.760034	2.0843	2.78265	0.00796834	0.0091451	9.77997	14.1525	0	0	0	0
k107_23045057 flag=0 multi=38.0030 len=18242	18242	11.3687	0	0	0	0	0	0	0	0	0	0	0	0	0.378372	0.45887	1.55747	2.07931	0.0168339	0.0220083	9.416	14.2183	0	0	0	0
k107_14908164 flag=0 multi=10.0070 len=89940	89940	12.0969	0	0	0	0	0	0	0	0	0	0	0	0	0.524856	0.744698	2.10539	3.25018	0.0101073	0.0138866	9.45656	12.6508	0	0	0	0
k107_18680891 flag=0 multi=11.5276 len=19126	19126	13.1698	0	0	0	0	0	0	0	0	0	0	0	0	0.584892	0.817904	2.57347	3.04149	0	0	10.0114	15.388	0	0	0	0
k107_29759126 flag=1 multi=10.0000 len=171002	171002	12.2082	0	0	0	0	0	0	0	0	0.00176919	0.00195307	0	0	0.590023	0.739493	1.91475	2.90289	0.0106151	0.0198964	9.69107	13.1827	0	0	0	0
k107_34163075 flag=1 multi=11.0000 len=44912	44912	11.6481	0	0	0	0	0	0	0	0	0	0	0	0	0.527258	0.772047	1.77054	2.81368	0	0	9.3503	13.0959	0	0	0	0
k107_15123358 flag=0 multi=25.9974 len=38889	38889	12.0738	0	0	0	0	0	0	0	0	0	0	0	0	0.379273	0.570341	2.06093	3.15056	0.0156529	0.0199168	9.61798	13.8707	0	0	0	0
k107_16570393 flag=0 multi=10.0094 len=108685	108685	11.7997	0	0	0	0	0	0	0	0	0	0	0	0	0.534318	0.744097	2.01963	3.02223	0.00278641	0.00456515	9.243	11.8507	0	0	0	0
k107_13526137 flag=0 multi=10.0083 len=80434	80434	11.9136	0	0	0	0	0	0	0	0	0	0	0	0	0.562821	0.719382	2.07674	3.08052	0	0	9.27409	14.7856	0	0	0	0
k107_31785448 flag=0 multi=11.1605 len=8167	8167	12.6655	0	0	0	0	0	0	0	0	0	0	0	0	0.537317	0.846328	1.89307	2.41892	0.038398	0.0369233	10.1967	11.0369	0	0	0	0
k107_27620249 flag=0 multi=11.1487 len=16037	16037	12.1276	0	0	0	0	0	0	0	0	0	0	0	0	0.556085	0.798119	2.02854	3.21565	0	0	9.54299	10.7125	0	0	0	0
k107_5380103 flag=1 multi=11.0000 len=171477	171477	12.2877	0	0	0	0	0	0	0	0	0	0	0	0	0.470758	0.601904	2.07935	2.97985	0.00175843	0.00232023	9.73579	14.2114	0	0	0	0
k107_4393942 flag=0 multi=11.1487 len=108901	108901	11.8919	0	0	0	0	0	0	0	0	0	0	0	0	0.544664	0.71532	2.04057	2.79014	0.00833341	0.0112011	9.29831	12.695	0	0	0	0
k107_30508063 flag=0 multi=11.0041 len=43448	43448	12.2342	0	0	0	0	0	0	0	0	0	0	0	0	0.593172	0.728866	2.02765	2.74612	0	0	9.60641	13.1403	0.00697631	0.0113591	0	0
k107_4484056 flag=0 multi=9.0932 len=15630	15630	11.4357	0	0	0	0	0	0	0	0	0	0	0	0	0.488518	0.497265	2.04795	2.73693	0	0	8.89927	10.7359	0	0	0	0
k107_2573175 flag=1 multi=11.4900 len=247256	247256	12.1278	0	0	0	0	0	0	0	0	0	0	0	0	0.55712	0.72495	2.03627	2.89364	0.005499	0.00739328	9.52887	13.486	0	0	0	0
k107_32014492 flag=1 multi=10.0000 len=16805	16805	12.1373	0	0	0	0	0	0	0	0	0	0	0	0	0.620311	0.792694	1.94268	3.64828	0	0	9.57432	13.3202	0	0	0	0
