contigName	contigLen	totalAvgDepth	Cen01_MA.bam	Cen01_MA.bam-var	Cen03_MA.bam	Cen03_MA.bam-var	Cen04_MA.bam	Cen04_MA.bam-var	Cen05_MA.bam	Cen05_MA.bam-var	Cen06_MA.bam	Cen06_MA.bam-var	Cen07_MA.bam	Cen07_MA.bam-var	Cen10_MA.bam	Cen10_MA.bam-var	Cen12_MA.bam	Cen12_MA.bam-var	Cen14_MA.bam	Cen14_MA.bam-var	Cen15_MA.bam	Cen15_MA.bam-var	Cen16_MA.bam	Cen16_MA.bam-var	Cen17_MA.bam	Cen17_MA.bam-var
k107_31323881 flag=1 multi=13.9873 len=2789	2789	4.16767	0	0	0	0	0	0	0	0	0	0	0	0	3.19984	5.853	0	0	0.303579	0.211507	0.544029	0.656626	0.120225	0.106726	0	0
k107_35885216 flag=0 multi=12.2205 len=3508	3508	7.2801	0	0	0	0	0	0	0	0	0	0	0	0	4.03993	4.24284	2.43512	4.02601	0	0	0.805053	0.784864	0	0	0	0
k107_27692679 flag=0 multi=15.0817 len=4267	4267	9.43405	0	0	0	0	0	0	0	0	0	0	0	0	4.40681	4.29014	3.96267	4.06246	0	0	1.06456	1.64874	0	0	0	0
k107_24876493 flag=0 multi=15.2480 len=2643	2643	9.77275	0	0	0	0	0	0	0	0	0	0	0	0	5.06023	7.08145	4.00427	3.56959	0	0	0.708244	0.899344	0	0	0	0
k107_12826147 flag=1 multi=7.0000 len=4359	4359	8.45822	0	0	0	0	0	0	0	0	0	0	0	0	4.73872	9.48549	3.08652	3.8562	0	0	0.63298	0.775495	0	0	0	0
k107_9564348 flag=0 multi=15.0996 len=2526	2526	9.47392	0	0	0	0	0	0	0	0	0	0	0	0	4.17131	4.68088	4.24101	4.48781	0	0	1.0616	1.52651	0	0	0	0
k107_2100563 flag=1 multi=26.1949 len=12053	12053	8.44158	0	0	0	0	0	0	0	0	0	0	0	0	4.12756	4.64434	3.48762	4.85369	0	0	0.826398	0.861083	0	0	0	0
k107_2062923 flag=1 multi=6.0000 len=4610	4610	6.88556	0	0	0	0	0	0	0	0	0	0	0	0	3.67897	2.18804	2.43663	3.0879	0	0	0.769963	0.770496	0	0	0	0
k107_25111370 flag=1 multi=7.0000 len=2574	2574	4.7993	0	0	0.195863	0.426528	0	0	0	0	0	0	0.307658	0.267112	3.90317	3.07952	0	0	0	0	0	0	0.392606	0.760513	0	0
k107_21476656 flag=1 multi=7.0000 len=5508	5508	8.24837	0	0	0	0	0	0	0	0	0	0	0	0	4.51056	4.32213	3.04187	4.08573	0	0	0.695928	1.0127	0	0	0	0
k107_2126493 flag=1 multi=11.0000 len=4532	4532	7.56785	0	0	0	0	0	0	0	0	0	0	0	0	4.21915	5.11577	2.71064	3.16617	0	0	0.638061	0.633599	0	0	0	0
k107_35352813 flag=1 multi=6.0000 len=2570	2570	7.28836	0	0	0	0	0	0	0	0	0	0	0	0	2.49559	3.4446	3.81966	2.59814	0	0	0.973104	1.27196	0	0	0	0
k107_34029653 flag=1 multi=8.0000 len=2636	2636	7.86332	0	0	0	0	0	0	0.0394173	0.0378799	0	0	0	0	2.68166	2.61598	3.86075	4.33633	0	0	1.28149	1.07091	0	0	0	0
k107_31207196 flag=0 multi=18.7151 len=2975	2975	9.11785	0	0	0	0	0	0	0	0	0	0	0	0	5.05238	5.14986	3.44594	2.35542	0	0	0.619529	0.757783	0	0	0	0
k107_29223925 flag=1 multi=47.0000 len=2931	2931	5.07189	0	0	0	0	0	0	0	0	0	0	0	0	3.03614	1.79412	1.69228	1.54556	0	0	0.343477	0.328687	0	0	0	0
k107_28939506 flag=1 multi=9.0000 len=3364	3364	7.37198	0	0	0	0	0	0	0	0	0	0	0	0	4.10745	5.15858	2.18877	3.07907	0	0	1.07577	0.977285	0	0	0	0
k107_9386642 flag=1 multi=13.0000 len=2575	2575	8.18346	0	0	0	0	0	0	0	0	0	0	0	0	3.70128	2.11345	3.48834	4.84243	0	0	0.993841	1.25792	0	0	0	0
k107_9363351 flag=0 multi=10.6367 len=6050	6050	8.81541	0	0	0	0	0	0	0	0	0	0	0	0	3.64701	3.12279	4.03323	6.01742	0	0	1.13518	1.76737	0	0	0	0
k107_6356608 flag=1 multi=6.0000 len=3012	3012	6.88745	0	0	0	0	0	0	0	0	0	0	0	0	3.1679	2.78197	2.96716	4.91731	0	0	0.752399	1.11659	0	0	0	0
k107_5570141 flag=0 multi=6.2612 len=4338	4338	7.37488	0	0	0	0	0	0	0	0	0	0	0	0	3.57408	4.42924	3.04336	3.97479	0	0	0.757433	0.922286	0	0	0	0
k107_4986840 flag=1 multi=72.0000 len=3255	3255	9.21368	0	0	0	0	0	0	0.0352184	0.0346189	0	0	0	0	5.5381	11.4136	3.1297	8.63059	0	0	0.510667	0.684912	0	0	0	0
k107_4170799 flag=1 multi=8.0000 len=2710	2710	9.00747	0	0	0	0	0	0	0	0	0	0	0	0	3.77658	8.08273	4.10216	7.12276	0	0	1.12874	1.94438	0	0	0	0
k107_23539621 flag=1 multi=7.0000 len=3694	3694	8.4036	0	0	0	0	0	0	0	0	0	0	0	0	4.24145	3.7089	3.2786	5.75291	0	0	0.88355	1.47373	0	0	0	0
k107_3703427 flag=0 multi=9.1366 len=4959	4959	9.26047	0	0	0	0	0	0	0	0	0	0	0	0	5.34937	7.45684	2.7857	2.75702	0	0	1.1254	1.1759	0	0	0	0
k107_107846 flag=1 multi=7.0000 len=2827	2827	9.47248	0	0	0	0	0	0	0	0	0	0	0	0	4.76356	3.547	3.75208	2.93492	0	0	0.956832	1.05996	0	0	0	0
k107_7119597 flag=1 multi=7.0000 len=9448	9448	7.99224	0	0	0	0	0	0	0	0	0	0	0	0	3.99169	5.23846	3.40739	4.72075	0	0	0.593156	0.942706	0	0	0	0
k107_1553302 flag=1 multi=7.0000 len=7448	7448	8.29359	0	0	0	0	0	0	0	0	0	0	0	0	3.93129	6.08143	3.66667	6.20228	0	0	0.695634	0.975604	0	0	0	0
k107_7605101 flag=1 multi=7.0000 len=14653	14653	8.10828	0	0	0	0	0	0	0	0	0	0	0.00139363	0.00153075	4.07735	5.48181	3.05798	4.85813	0	0	0.97157	1.29557	0	0	0	0
k107_1746742 flag=1 multi=6.0000 len=4589	4589	6.95685	0	0	0	0	0	0	0	0	0	0	0	0	3.35946	2.38097	2.78003	3.77918	0	0	0.817355	1.7357	0	0	0	0
k107_2828773 flag=1 multi=13.0000 len=3258	3258	7.28045	0	0	0	0	0	0	0	0	0	0	0	0	3.82612	5.52179	2.75778	3.12265	0	0	0.696549	0.992642	0	0	0	0
k107_25208520 flag=1 multi=8.0000 len=4528	4528	8.48841	0	0	0	0	0	0	0	0	0	0	0	0	4.55206	5.90196	3.47231	5.50396	0	0	0.464032	0.859009	0	0	0	0
k107_13951580 flag=0 multi=7.0827 len=7105	7105	7.66529	0	0	0	0	0	0	0	0	0	0	0	0	3.93429	5.2759	2.72894	3.75615	0	0	1.00206	1.20657	0	0	0	0
k107_13462522 flag=1 multi=5.0000 len=3281	3281	6.86975	0	0	0	0	0	0	0	0	0	0	0	0	3.47667	2.83332	2.58308	6.6029	0	0	0.810003	0.865869	0	0	0	0
k107_24308444 flag=1 multi=7.0000 len=3250	3250	8.96744	0	0	0	0	0	0	0	0	0	0	0	0	4.38195	3.71088	3.16927	1.866	0	0	1.41621	1.81567	0	0	0	0
k107_33478129 flag=1 multi=6.0000 len=5107	5107	7.59272	0	0	0	0	0	0	0	0	0	0	0	0	4.22601	4.08519	2.51988	3.2221	0	0	0.846826	1.11943	0	0	0	0
k107_8097809 flag=1 multi=7.0000 len=9273	9273	7.242	0	0	0	0	0	0	0	0	0	0	0	0	3.67551	5.19919	2.91183	3.6867	0	0	0.654665	1.41751	0	0	0	0
k107_11528347 flag=1 multi=7.0000 len=8237	8237	8.0097	0	0	0	0	0	0	0	0	0	0	0	0	4.62684	4.75137	2.61853	3.2932	0	0	0.764335	0.711028	0	0	0	0
k107_11658253 flag=0 multi=7.0458 len=4559	4559	8.49565	0	0	0	0	0	0	0	0	0	0	0	0	4.59784	5.92611	3.31947	5.36019	0	0	0.578342	1.12682	0	0	0	0
k107_22322365 flag=1 multi=6.0000 len=2778	2778	6.75808	0	0	0	0	0	0	0	0	0	0	0	0	4.19548	2.16469	2.19669	2.35338	0	0	0.365913	0.713746	0	0	0	0
k107_22990273 flag=1 multi=7.0000 len=9051	9051	7.87964	0	0	0	0	0	0	0	0	0	0	0	0	4.08915	5.34954	2.97028	3.36494	0	0	0.820208	0.996604	0	0	0	0
k107_5256346 flag=1 multi=9.0000 len=2914	2914	8.00459	0	0	0	0	0	0	0	0	0	0	0	0	3.87213	4.70172	3.32504	1.92436	0	0	0.807427	0.502134	0	0	0	0
k107_32621308 flag=1 multi=6.0000 len=4344	4344	6.68431	0	0	0	0	0	0	0	0	0	0	0	0	3.80134	5.27317	2.45967	3.72788	0	0	0.423305	0.487852	0	0	0	0
k107_29302794 flag=1 multi=8.0000 len=5191	5191	8.12947	0	0	0	0	0	0	0	0	0	0	0	0	3.7478	5.16994	3.82062	4.41912	0	0	0.561055	1.1803	0	0	0	0
k107_12562858 flag=0 multi=8.2945 len=3727	3727	7.93139	0	0	0	0	0	0	0	0	0	0	0	0	3.57372	4.96024	3.33898	5.06826	0	0	1.01869	1.82319	0	0	0	0
k107_25583987 flag=1 multi=12.0000 len=8060	8060	7.73524	0	0	0	0	0	0	0	0	0	0	0	0	3.66164	4.03054	3.15558	4.17433	0	0	0.91802	1.37676	0	0	0	0
k107_23960880 flag=1 multi=6.0000 len=11544	11544	6.87458	0	0	0	0	0	0	0	0	0	0	0	0	3.5958	5.18232	2.53078	3.48715	0	0	0.747999	1.02895	0	0	0	0
k107_6632611 flag=0 multi=9.2918 len=10524	10524	7.89611	0	0	0	0	0	0	0	0	0	0	0	0	4.07151	4.4023	3.03003	4.21189	0	0	0.794561	1.02623	0	0	0	0
k107_7403050 flag=1 multi=8.0000 len=5399	5399	9.05023	0	0	0	0	0	0	0	0	0	0	0	0	4.56072	5.97149	3.62507	6.72505	0	0	0.86443	0.928897	0	0	0	0
k107_5637827 flag=1 multi=6.0000 len=17366	17366	7.09863	0	0	0	0	0	0	0	0	0	0	0	0	3.49725	4.40683	2.89446	5.2902	0	0	0.706927	0.986908	0	0	0	0
k107_8268657 flag=0 multi=7.0181 len=31084	31084	7.84855	0	0	0	0	0	0	0	0	0	0	0	0	4.12296	4.61512	2.94682	4.11603	0	0	0.778767	1.13029	0	0	0	0
k107_9568994 flag=1 multi=10.0430 len=3758	3758	8.75231	0	0	0	0	0	0	0	0	0	0	0	0	3.75231	4.6323	3.66522	5.27987	0	0	1.33478	1.69048	0	0	0	0
k107_26068914 flag=1 multi=8.0000 len=4156	4156	7.47094	0	0	0	0	0	0	0	0	0	0	0	0	3.61365	5.40506	3.03607	2.90679	0	0	0.821225	1.31065	0	0	0	0
k107_20229149 flag=1 multi=7.0000 len=24249	24249	7.23326	0.0123606	0.0124501	0	0	0	0	0	0	0	0	0	0	3.50925	4.1412	3.19522	4.36058	0	0	0.516432	0.527756	0	0	0	0
k107_584039 flag=1 multi=6.4015 len=5798	5798	7.48217	0	0	0	0	0	0	0	0	0	0	0	0	3.97271	4.82262	3.04585	3.52128	0	0	0.46361	0.329641	0	0	0	0
k107_7419565 flag=1 multi=5.0000 len=9846	9846	6.69436	0	0	0	0	0	0	0	0	0	0	0	0	3.53039	4.82074	2.64344	3.25345	0	0	0.520536	0.769249	0	0	0	0
k107_21798080 flag=0 multi=6.5891 len=6746	6746	6.64758	0	0	0	0	0	0	0	0	0	0	0	0	3.07557	3.63706	2.70763	2.5571	0	0	0.86437	2.02781	0	0	0	0
k107_32317985 flag=1 multi=7.0000 len=3177	3177	7.66017	0	0	0	0	0	0	0	0	0	0	0	0	3.4553	4.31656	3.40835	4.8937	0	0	0.796522	0.633879	0	0	0	0
k107_6376860 flag=1 multi=9.0000 len=8144	8144	6.65927	0	0	0	0	0	0	0	0	0	0	0	0	3.28615	4.74686	2.77748	3.70494	0	0	0.595639	0.776285	0	0	0	0
k107_12979792 flag=1 multi=6.0000 len=18736	18736	7.46854	0	0	0	0	0	0	0	0	0	0	0	0	3.75486	4.64925	3.09846	4.05627	0	0	0.615222	0.916245	0	0	0	0
k107_4715448 flag=0 multi=8.0080 len=6567	6567	8.5585	0	0	0	0	0	0	0	0	0	0	0	0	4.13982	5.33525	3.38388	4.64053	0	0	0.986592	1.8268	0.0482043	0.0458867	0	0
k107_25415321 flag=1 multi=8.0000 len=19125	19125	8.28927	0	0	0	0	0	0	0	0	0	0	0	0	4.28603	5.25931	3.19444	4.29316	0	0	0.808798	0.904452	0	0	0	0
k107_1163457 flag=1 multi=7.0000 len=4816	4816	7.97497	0	0	0	0	0	0	0	0	0	0	0	0	4.05871	4.09016	3.24369	6.44083	0	0	0.672574	0.751662	0	0	0	0
k107_18298868 flag=1 multi=8.0000 len=7655	7655	8.10649	0	0	0	0	0	0	0	0	0	0	0	0	3.72868	3.1497	3.53148	5.41467	0	0	0.846321	1.09228	0	0	0	0
k107_25822161 flag=1 multi=10.0000 len=7905	7905	8.26411	0	0	0	0	0	0	0	0	0	0	0	0	4.46337	4.05169	3.05827	5.16298	0	0	0.74247	1.07237	0	0	0	0
k107_5625897 flag=1 multi=6.0000 len=6550	6550	7.26953	0	0	0	0	0	0	0	0	0	0	0	0	3.83371	3.11388	2.78393	3.72145	0	0	0.651889	0.787372	0	0	0	0
k107_3412688 flag=1 multi=7.0000 len=13466	13466	8.06822	0	0	0	0	0	0	0	0	0	0	0	0	3.94614	3.72326	3.36645	3.23586	0	0	0.755621	1.00338	0	0	0	0
k107_28210891 flag=1 multi=6.0000 len=4460	4460	7.35137	0	0	0	0	0	0	0	0	0	0	0	0	3.2138	5.02812	3.37614	3.86192	0	0	0.761424	0.68768	0	0	0	0
k107_10910337 flag=1 multi=6.0000 len=11223	11223	7.52019	0	0	0	0	0	0	0	0	0	0	0	0	3.51799	3.44253	3.13048	3.73846	0	0	0.871715	1.30361	0	0	0	0
k107_27000709 flag=1 multi=7.0000 len=14749	14749	8.10701	0	0	0	0	0	0	0	0	0	0	0	0	4.22385	4.96264	3.1493	4.45572	0	0	0.733855	1.07385	0	0	0	0
k107_9154489 flag=1 multi=8.0000 len=3801	3801	7.73049	0	0	0	0	0	0	0	0	0	0	0	0	3.72506	4.27047	3.48871	2.08755	0	0	0.516719	0.648251	0	0	0	0
k107_11576967 flag=1 multi=6.0083 len=6595	6595	7.04354	0	0	0	0	0	0	0	0	0	0	0	0	3.15128	4.68299	3.21341	4.9329	0	0	0.67885	0.705431	0	0	0	0
k107_9132053 flag=1 multi=6.0000 len=6453	6453	7.76833	0	0	0	0	0	0	0	0	0	0	0	0	3.99187	4.55457	2.83986	3.35492	0	0	0.936596	1.65227	0	0	0	0
k107_2093199 flag=1 multi=12.0000 len=3658	3658	8.71812	0	0	0	0	0	0	0	0	0.0438021	0.0427119	0	0	3.79291	3.17546	4.1183	4.00378	0.0446961	0.042986	0.718415	0.57977	0	0	0	0
k107_11931174 flag=1 multi=7.0000 len=7241	7241	8.22467	0	0	0	0	0	0	0	0	0	0	0	0	4.32915	3.35603	3.35221	4.13693	0	0	0.543306	0.593721	0	0	0	0
k107_15533052 flag=1 multi=15.0000 len=6215	6215	7.5772	0	0	0	0	0	0	0	0	0	0	0	0	3.8735	5.93157	2.86809	4.15839	0	0	0.835616	0.774591	0	0	0	0
k107_23791808 flag=1 multi=6.0000 len=2676	2676	7.1904	0	0	0	0	0	0	0	0	0	0	0	0	3.88711	4.40617	2.79486	2.80795	0	0	0.508425	0.59304	0	0	0	0
k107_26927015 flag=1 multi=9.0000 len=3344	3344	7.357	0	0	0	0	0	0	0	0	0	0	0	0	3.82084	2.68454	2.99211	3.93092	0	0	0.54405	0.829322	0	0	0	0
k107_14523591 flag=1 multi=6.0000 len=14851	14851	7.25679	0	0	0	0	0	0	0	0	0	0	0	0	3.80741	5.0475	2.71586	4.09175	0	0	0.733521	0.87322	0	0	0	0
k107_15876697 flag=1 multi=16.2004 len=4264	4264	7.46492	0	0	0	0	0	0	0	0	0	0	0	0	4.30262	5.34606	2.70545	4.30045	0	0	0.45684	0.487544	0	0	0	0
k107_9119595 flag=1 multi=6.0000 len=6404	6404	7.63782	0	0	0	0	0	0	0	0	0	0	0	0	4.00311	4.19838	2.79122	2.80087	0	0	0.843494	1.0501	0	0	0	0
k107_11608932 flag=1 multi=7.0000 len=3889	3889	7.66936	0	0	0	0	0	0	0	0	0	0	0	0	4.44355	4.17277	2.8896	3.75591	0	0	0.336214	0.359497	0	0	0	0
k107_7634320 flag=1 multi=11.0000 len=7361	7361	7.37555	0	0	0	0	0	0	0	0	0	0	0	0	3.76314	3.18918	2.86415	4.52073	0	0	0.748265	1.05415	0	0	0	0
k107_10060879 flag=0 multi=10.1245 len=3135	3135	8.0533	0	0	0	0	0	0	0	0	0	0	0	0	4.97529	5.2347	2.68196	3.49139	0	0	0.396047	0.742294	0	0	0	0
k107_2450025 flag=1 multi=8.0000 len=6446	6446	7.51074	0	0	0	0	0	0	0	0	0	0	0	0	3.69076	5.48432	3.03532	4.05215	0	0	0.784668	0.878702	0	0	0	0
k107_13502636 flag=1 multi=6.0000 len=9355	9355	7.20247	0	0	0	0	0	0	0	0	0	0	0	0	3.45742	3.30554	3.09621	4.29721	0	0	0.648846	0.884065	0	0	0	0
k107_12030615 flag=1 multi=6.0000 len=4453	4453	7.60202	0	0	0	0	0	0	0	0	0	0	0	0	4.13828	8.39445	2.99181	5.2464	0	0	0.471934	0.651252	0	0	0	0
k107_5477734 flag=1 multi=6.0000 len=5206	5206	7.77447	0	0	0	0	0	0	0	0	0	0	0	0	4.02386	4.95143	2.81403	5.05576	0	0	0.936582	0.856618	0	0	0	0
k107_7907953 flag=1 multi=6.0000 len=5238	5238	7.61953	0	0	0	0	0	0	0	0	0	0	0	0	4.14425	3.86236	2.83387	4.29905	0	0	0.64141	0.830165	0	0	0	0
k107_35018767 flag=0 multi=12.9994 len=8612	8612	6.73153	0	0	0	0	0	0	0	0	0	0	0	0	3.17497	3.52625	3.0302	4.42851	0	0	0.526354	0.530404	0	0	0	0
k107_13360963 flag=1 multi=7.0000 len=15646	15646	7.77477	0	0	0	0	0	0	0	0	0	0	0	0	4.1104	4.54037	2.92694	4.87333	0	0	0.737422	1.13124	0	0	0	0
k107_13224279 flag=1 multi=8.0000 len=3673	3673	8.32216	0	0	0	0	0	0	0	0	0	0	0	0	4.33195	5.38022	3.3536	3.28244	0	0	0.636606	0.793596	0	0	0	0
k107_17434105 flag=0 multi=12.1064 len=2721	2721	6.96982	0	0	0	0	0	0	0	0	0	0	0	0	3.69285	6.19942	2.84084	3.06518	0	0	0.436131	0.6786	0	0	0	0
k107_12101847 flag=1 multi=7.0000 len=21605	21605	7.45942	0	0	0	0	0	0	0	0	0	0	0	0	3.70145	4.07698	3.02164	3.73852	0	0	0.736328	0.877237	0	0	0	0
k107_14635439 flag=1 multi=7.0000 len=5143	5143	7.98389	0	0	0	0	0	0	0	0	0	0	0	0	4.74427	5.13159	2.51291	1.86591	0	0	0.726709	1.14698	0	0	0	0
k107_613237 flag=0 multi=28.0513 len=12221	12221	6.98129	0	0	0	0	0	0	0	0	0	0	0	0	3.47487	3.92163	3.05084	4.07785	0	0	0.455575	0.532383	0	0	0	0
k107_326767 flag=1 multi=6.0000 len=4152	4152	7.46494	0	0	0	0	0	0	0	0	0	0	0	0	3.71584	8.10287	2.5413	3.06285	0	0	1.20779	1.1567	0	0	0	0
k107_11627188 flag=1 multi=27.0000 len=24743	24743	7.59691	0.00437789	0.00701811	0	0	0	0	0.0121517	0.0191598	0	0	0	0	4.15392	4.37751	2.77583	3.90283	0	0	0.64625	0.911829	0	0	0.00437789	0.00444001
k107_1069348 flag=1 multi=5.0000 len=2614	2614	5.87976	0	0	0	0	0	0	0	0	0	0	0	0	2.63971	3.57574	2.51384	4.48521	0	0	0.726211	1.52331	0	0	0	0
k107_9296045 flag=1 multi=6.0000 len=3651	3651	7.65632	0	0	0	0	0	0	0	0	0	0	0	0	3.69185	2.90905	3.05584	3.35428	0	0	0.908629	1.30581	0	0	0	0
k107_23485948 flag=1 multi=7.0000 len=16746	16746	7.617	0	0	0	0	0	0	0	0	0	0	0	0	3.75778	3.95688	2.9882	3.93232	0	0	0.871017	0.999999	0	0	0	0
k107_15149837 flag=0 multi=11.7636 len=2556	2556	7.38243	0	0	0	0	0	0	0	0	0	0	0	0	4.32254	3.97841	2.5386	2.48898	0	0	0.521295	0.978459	0	0	0	0
k107_27072328 flag=1 multi=10.0000 len=10054	10054	7.2337	0	0	0	0	0	0	0	0	0	0	0	0	4.07711	3.95696	2.49518	3.61547	0	0	0.661403	0.686403	0	0	0	0
k107_13019487 flag=1 multi=8.0000 len=8113	8113	7.39534	0	0	0	0	0	0	0	0	0	0	0	0	3.64614	5.31723	3.06107	3.16396	0	0	0.688132	0.700446	0	0	0	0
k107_22314558 flag=1 multi=12.8836 len=23132	23132	7.39374	0	0	0	0	0	0	0	0	0	0	0	0	3.67289	3.25483	2.85287	3.57899	0	0	0.867981	1.40606	0	0	0	0
k107_20861498 flag=1 multi=5.0000 len=7952	7952	6.40967	0	0	0	0	0	0	0	0	0	0	0	0	3.10379	2.92816	2.68588	3.23493	0	0	0.62	1.06737	0	0	0	0
k107_30723144 flag=1 multi=8.0000 len=13399	13399	7.96663	0	0	0	0	0	0	0	0	0	0	0	0	3.91907	4.54204	3.44209	4.79668	0	0	0.605482	1.07274	0	0	0	0
k107_35148972 flag=1 multi=6.0000 len=4782	4782	7.37634	0	0	0	0	0	0	0	0	0	0	0	0	3.85714	3.11894	2.66295	4.34503	0	0	0.85625	1.231	0	0	0	0
k107_14745266 flag=1 multi=5.0000 len=2906	2906	6.85445	0	0	0	0	0	0	0	0	0	0	0	0	3.4616	5.63799	2.81605	2.96726	0	0	0.576805	0.827702	0	0	0	0
k107_16481243 flag=1 multi=7.0000 len=5690	5690	7.93727	0	0	0	0	0	0	0	0	0	0	0	0	3.97123	4.10146	3.23701	5.6983	0	0	0.729027	0.905194	0	0	0	0
k107_15278459 flag=1 multi=6.0000 len=3095	3095	7.15431	0	0	0	0	0	0	0	0	0	0	0	0	3.41461	2.71455	2.90512	4.82356	0	0	0.834586	0.917465	0	0	0	0
k107_30876741 flag=1 multi=6.0000 len=3267	3267	6.96155	0	0	0	0	0	0	0	0	0	0	0	0	3.72681	4.19639	2.62428	2.57557	0	0	0.610455	1.34819	0	0	0	0
k107_3075799 flag=1 multi=7.0000 len=4291	4291	7.78165	0	0	0	0	0	0	0	0	0	0	0	0	4.0732	3.24002	3.36551	3.63013	0	0	0.342943	0.457218	0	0	0	0
k107_4153137 flag=1 multi=7.0000 len=4326	4326	8.70477	0	0	0	0	0	0	0	0	0	0	0	0	4.67868	7.0079	2.97639	5.81203	0	0	1.0497	0.837688	0	0	0	0
k107_29993382 flag=1 multi=9.0000 len=14206	14206	8.06674	0	0	0	0	0	0	0	0	0	0	0	0	4.17736	4.86286	3.1957	4.70418	0	0	0.693685	1.00806	0	0	0	0
k107_10922523 flag=1 multi=8.0000 len=5963	5963	8.37749	0	0	0	0	0	0	0	0	0	0	0	0	4.49479	4.89847	3.43049	4.54362	0	0	0.452217	0.572604	0	0	0	0
k107_14963939 flag=1 multi=17.0000 len=3187	3187	7.45338	0	0	0	0	0	0	0	0	0	0	0	0	4.09913	5.03608	2.64714	1.98261	0	0	0.707106	1.04166	0	0	0	0
k107_228766 flag=1 multi=11.0000 len=11408	11408	9.07293	0	0	0	0	0	0	0	0	0	0	0	0	4.79516	6.14814	3.44985	5.08483	0	0	0.827931	1.15423	0	0	0	0
k107_16774929 flag=1 multi=7.0000 len=28453	28453	7.34816	0	0	0	0	0	0	0	0	0	0	0	0	3.68555	4.15149	2.81905	3.91176	0	0	0.843558	1.24837	0	0	0	0
k107_27945191 flag=1 multi=6.0000 len=12408	12408	7.40707	0	0	0	0	0	0	0	0	0	0	0	0	3.76491	4.55246	2.86255	3.63431	0	0	0.779613	0.967777	0	0	0	0
k107_1500882 flag=1 multi=8.0000 len=16601	16601	7.51604	0	0	0	0	0	0	0	0	0	0	0	0	3.8868	5.32464	2.9657	3.67512	0	0	0.663538	0.713021	0	0	0	0
k107_2063269 flag=1 multi=5.0000 len=5557	5557	6.5764	0	0	0	0	0	0	0	0	0	0	0	0	3.39372	3.30579	2.58059	2.54915	0	0	0.602093	1.06618	0	0	0	0
k107_7380148 flag=1 multi=23.0000 len=8181	8181	7.55134	0	0	0	0	0	0	0	0	0	0	0	0	4.1584	5.82278	2.74185	4.26385	0	0	0.651098	0.859962	0	0	0	0
k107_18123407 flag=1 multi=6.0000 len=4923	4923	7.87211	0	0	0	0	0	0	0	0	0	0	0	0	4.07855	3.55572	3.06427	3.89405	0	0	0.729279	0.655549	0	0	0	0
k107_16737412 flag=1 multi=7.0000 len=5141	5141	8.63257	0	0	0	0	0	0	0	0	0	0	0	0	4.70862	7.21087	2.81174	5.38035	0	0	1.11221	1.33857	0	0	0	0
k107_24732408 flag=1 multi=8.0000 len=12041	12041	7.55533	0	0	0	0	0	0	0	0	0	0	0	0	3.8229	4.81314	2.91422	4.4694	0	0	0.818213	1.00898	0	0	0	0
k107_24589711 flag=0 multi=10.1664 len=5028	5028	7.20694	0	0	0	0	0	0	0	0	0	0	0	0	3.31972	3.65678	2.88658	3.62607	0	0	1.00063	1.31069	0	0	0	0
k107_8187891 flag=1 multi=8.9932 len=8843	8843	8.20267	0	0	0	0	0	0	0	0	0	0	0	0	3.54303	6.23877	3.93642	5.94771	0	0	0.723217	0.887265	0	0	0	0
k107_2476449 flag=1 multi=7.0000 len=9077	9077	7.29037	0	0	0	0	0	0	0	0	0	0	0	0	3.8857	3.71014	2.90769	3.53051	0	0	0.49698	0.45609	0	0	0	0
k107_12565341 flag=0 multi=6.0283 len=7938	7938	6.42719	0	0	0	0	0	0	0	0	0	0	0	0	3.12742	3.91174	2.65506	3.26173	0	0	0.644709	0.679103	0	0	0	0
k107_26023919 flag=0 multi=5.1896 len=5097	5097	6.00605	0	0	0	0	0	0	0	0	0.220438	0.587817	0	0	2.18686	2.96425	2.71762	3.90007	0.376017	1.35754	0.505109	0.559585	0	0	0	0
k107_13313134 flag=1 multi=10.0000 len=14831	14831	7.43251	0	0	0	0	0	0	0	0	0	0	0	0	3.55221	4.37382	3.33726	4.28583	0	0	0.543052	0.547528	0	0	0	0
k107_29622075 flag=1 multi=6.0000 len=12242	12242	7.0139	0	0	0	0	0	0	0	0	0	0	0	0	3.86457	4.50685	2.45561	2.94122	0	0	0.693719	0.848311	0	0	0	0
k107_17973544 flag=0 multi=34.3763 len=4178	4178	7.36326	0	0	0	0	0	0	0	0	0	0	0	0	4.03612	4.56114	2.80134	2.59293	0	0	0.5258	0.558558	0	0	0	0
k107_33548211 flag=1 multi=7.1376 len=3473	3473	6.65594	0	0	0	0	0	0	0	0	0	0	0	0	3.29864	2.89874	2.13403	4.60764	0	0	1.22327	1.64805	0	0	0	0
k107_306461 flag=1 multi=7.0000 len=17771	17771	7.82054	0	0	0	0	0	0	0	0	0	0	0	0	4.06915	4.8348	3.05868	3.48265	0	0	0.692713	1.04458	0	0	0	0
k107_29163186 flag=0 multi=8.0267 len=6729	6729	8.0571	0	0	0	0	0	0	0	0	0	0	0	0	4.60246	3.50781	2.75105	3.30049	0	0	0.703594	0.725636	0	0	0	0
k107_5152250 flag=1 multi=8.0000 len=23421	23421	8.06497	0	0	0	0	0	0	0	0	0	0	0	0	3.99693	5.14184	3.20801	4.95347	0	0	0.860029	1.11441	0	0	0	0
k107_5985095 flag=1 multi=7.0000 len=7837	7837	7.54745	0	0	0	0	0	0	0	0	0	0	0	0	3.64539	5.19707	3.0848	3.38795	0	0	0.817253	1.00549	0	0	0	0
k107_18267641 flag=1 multi=112.0000 len=3565	3565	6.89672	0	0	0	0	0	0	0	0	0	0	0	0	3.81428	4.70163	2.16672	3.13878	0	0	0.915722	0.937545	0	0	0	0
k107_5547282 flag=1 multi=8.0000 len=3907	3907	7.6957	0	0	0	0	0	0	0	0	0	0	0	0	3.43495	3.96982	3.39667	4.82656	0	0	0.864078	1.0859	0	0	0	0
k107_31275923 flag=1 multi=5.0000 len=4889	4889	6.72553	0	0	0	0	0	0	0	0	0	0	0	0	3.38631	3.35679	3.04426	4.26288	0	0	0.294964	0.263922	0	0	0	0
k107_16714149 flag=1 multi=19.0000 len=8427	8427	7.44345	0	0	0	0	0	0	0	0	0	0	0	0	3.816	3.89085	2.92234	3.39482	0	0	0.705108	1.36365	0	0	0	0
k107_22846336 flag=1 multi=6.0000 len=5801	5801	7.83597	0	0	0	0	0	0	0	0	0	0	0	0	4.31333	4.98168	3.0291	5.15437	0	0	0.493544	1.07785	0	0	0	0
k107_1920933 flag=0 multi=7.9630 len=4084	4084	8.43258	0	0	0	0	0	0	0	0	0	0	0	0	4.24352	4.66867	3.43628	4.33849	0	0	0.752776	0.666412	0	0	0	0
k107_19755834 flag=1 multi=5.0000 len=2551	2551	6.58559	0	0	0	0	0	0	0	0	0	0	0	0	2.83904	2.74746	3.0787	4.53765	0	0	0.667852	1.5641	0	0	0	0
k107_32075137 flag=1 multi=7.0000 len=3564	3564	7.32005	0	0	0	0	0	0	0	0	0	0	0	0	3.16002	5.08258	3.51318	2.41427	0	0	0.646842	0.839573	0	0	0	0
k107_10138574 flag=1 multi=14.0000 len=13599	13599	6.90727	0	0	0	0	0	0	0	0	0	0	0	0	3.42664	4.05181	3.06889	3.67856	0	0	0.411747	0.5631	0	0	0	0
k107_8494362 flag=1 multi=17.0000 len=15457	15457	6.88136	0	0	0	0	0	0	0	0	0	0	0	0	3.52504	4.70402	2.76694	3.31093	0	0	0.589376	0.910103	0	0	0	0
k107_10671885 flag=0 multi=7.0442 len=6211	6211	7.6265	0	0	0	0	0	0	0	0	0	0	0	0	3.52073	3.35776	3.49315	4.28022	0	0	0.612625	0.822197	0	0	0	0
k107_16579679 flag=1 multi=7.0000 len=5258	5258	6.7157	0	0	0	0	0	0	0	0	0	0	0	0	3.58273	4.9662	2.37288	2.42432	0	0	0.760089	1.01059	0	0	0	0
k107_19332240 flag=1 multi=105.0000 len=8015	8015	8.50344	0	0	0	0	0	0	0	0	0	0	0	0	4.1841	6.52806	3.40114	4.32436	0	0	0.91819	1.47392	0	0	0	0
k107_4209113 flag=1 multi=6.0000 len=2790	2790	6.85852	0	0	0	0	0	0	0	0	0	0	0	0	3.53778	2.95526	2.74558	5.7432	0	0	0.575161	0.588214	0	0	0	0
k107_16193538 flag=1 multi=6.0000 len=6279	6279	7.06826	0	0	0	0	0	0	0	0	0	0	0	0	3.75975	3.96571	2.90999	3.99217	0	0	0.398528	0.450337	0	0	0	0
k107_25842504 flag=1 multi=8.0000 len=2842	2842	7.0063	0	0	0	0	0	0	0	0	0	0	0	0	4.2378	5.77141	1.99803	2.4301	0	0	0.770472	0.704824	0	0	0	0
k107_1667725 flag=1 multi=6.0000 len=12717	12717	7.26138	0	0	0	0	0	0	0	0	0	0	0	0	3.55264	3.85169	2.9445	3.86499	0	0	0.764237	1.0974	0	0	0	0
k107_24295281 flag=1 multi=15.0000 len=7205	7205	7.87614	0	0	0	0	0	0	0	0	0	0	0	0	4.25974	4.60728	2.97943	3.90621	0	0	0.636969	0.786469	0	0	0	0
k107_23965638 flag=1 multi=6.0000 len=6395	6395	6.69522	0	0	0	0	0	0	0	0	0	0	0	0	3.63959	5.23001	2.1098	2.9699	0	0	0.945839	0.807999	0	0	0	0
k107_21223347 flag=1 multi=7.0000 len=2609	2609	8.40442	0	0	0	0	0	0	0	0	0	0	0	0	3.55093	5.58452	4.14738	3.08019	0	0	0.706112	1.10974	0	0	0	0
k107_3605774 flag=0 multi=8.0817 len=11308	11308	7.65982	0	0	0	0	0	0	0	0	0	0	0	0	3.834	4.67625	2.89524	3.68694	0	0	0.930583	1.33619	0	0	0	0
k107_28539456 flag=1 multi=8.9906 len=5203	5203	7.2626	0	0	0	0	0	0	0.0912059	0.209376	0	0	0	0	3.92491	4.15661	2.69251	3.00898	0	0	0.553969	1.04832	0	0	0	0
k107_16650723 flag=1 multi=6.0000 len=22772	22772	7.48932	0	0	0	0	0	0	0	0	0	0	0	0	3.81077	4.8115	2.92123	4.03158	0	0	0.757321	0.892734	0	0	0	0
k107_3235265 flag=1 multi=7.0000 len=5372	5372	7.38185	0	0	0	0	0	0	0	0	0	0	0	0	3.81144	5.52839	2.60079	3.25474	0	0	0.969625	1.33305	0	0	0	0
k107_22643275 flag=1 multi=6.0000 len=3067	3067	6.36673	0	0	0	0	0	0	0	0	0	0	0	0	2.55045	3.42237	3.65389	4.75754	0	0	0.162387	0.137048	0	0	0	0
k107_20879319 flag=1 multi=37.0000 len=4530	4530	7.81315	0	0	0	0	0	0	0	0	0	0	0	0	4.01135	3.92727	3.23936	4.91384	0	0	0.562441	0.761766	0	0	0	0
k107_387616 flag=1 multi=9.0000 len=25951	25951	7.77153	0	0	0	0	0	0	0	0	0	0	0	0	3.62053	4.1527	3.4247	4.31352	0	0	0.726305	1.05853	0	0	0	0
k107_20478947 flag=1 multi=6.0000 len=2705	2705	8.25884	0	0	0	0	0	0	0	0	0	0	0	0	4.14232	3.44015	3.11194	6.82398	0	0	1.00458	1.30593	0	0	0	0
k107_31364582 flag=1 multi=11.0000 len=19438	19438	7.54411	0	0	0	0	0	0	0	0	0	0	0	0	4.06266	4.58438	2.77388	4.7645	0	0	0.707567	1.11811	0	0	0	0
k107_24190046 flag=1 multi=9.0000 len=6842	6842	7.78058	0	0	0	0	0	0	0	0	0	0	0	0	3.83716	2.95187	3.09037	3.15379	0	0	0.853058	1.23539	0	0	0	0
k107_33142254 flag=1 multi=7.0000 len=11915	11915	8.02592	0	0	0	0	0	0	0	0	0	0	0	0	3.78335	4.60184	3.21726	4.08512	0	0	1.02532	1.60973	0	0	0	0
k107_4971674 flag=1 multi=6.0000 len=8155	8155	7.54438	0	0	0	0	0	0	0	0	0	0	0	0	3.5156	4.24444	3.37629	3.60968	0	0	0.652489	1.05522	0	0	0	0
k107_1186101 flag=0 multi=10.3776 len=7940	7940	7.94462	0	0	0	0	0	0	0	0	0	0	0	0	4.32927	5.33507	2.87942	3.51821	0	0	0.735926	0.921564	0	0	0	0
k107_14485379 flag=1 multi=7.0000 len=7920	7920	7.59937	0	0	0	0	0	0	0	0	0	0	0	0	4.05776	5.37984	2.65083	2.55904	0	0	0.890785	0.93868	0	0	0	0
k107_33537255 flag=1 multi=8.0000 len=30913	30913	7.69553	0	0	0	0	0	0	0	0	0	0	0	0	4.10078	5.44106	3.11228	3.87643	0	0	0.482474	0.620283	0	0	0	0
k107_20024360 flag=1 multi=11.0000 len=11583	11583	7.3068	0	0	0	0	0	0	0	0	0	0	0	0	3.69285	4.05532	2.90808	3.61789	0	0	0.705877	0.87737	0	0	0	0
k107_22107840 flag=1 multi=6.0076 len=30085	30085	7.45566	0	0	0	0	0	0	0	0	0	0	0	0	3.78558	4.57451	2.93869	3.99075	0	0	0.73139	0.855688	0	0	0	0
k107_25257878 flag=0 multi=11.3850 len=7623	7623	7.81027	0	0	0	0	0	0	0	0	0	0	0	0	3.93484	5.10453	3.23494	4.98783	0	0	0.640486	0.821238	0	0	0	0
k107_14385768 flag=1 multi=11.0000 len=12651	12651	7.85149	0	0	0	0	0	0	0	0	0	0	0	0	4.45704	4.45079	2.78257	3.18221	0	0	0.611871	0.878542	0	0	0	0
k107_19717450 flag=1 multi=7.0000 len=11767	11767	7.63201	0	0	0	0	0	0	0	0	0	0	0	0	3.81945	4.00243	3.17401	4.06997	0	0	0.638552	0.666733	0	0	0	0
k107_14204958 flag=1 multi=7.0000 len=10715	10715	7.55267	0	0	0	0	0	0	0	0	0	0	0	0	4.23538	4.97326	2.70479	2.74244	0	0	0.612504	0.710239	0	0	0	0
k107_10723798 flag=1 multi=8.0000 len=12879	12879	7.78087	0	0	0	0	0	0	0	0	0	0	0	0	4.04532	4.9529	2.89075	3.09758	0	0	0.844796	1.15813	0	0	0	0
k107_4624549 flag=1 multi=6.0000 len=4129	4129	7.39848	0	0	0	0	0	0	0	0	0	0	0	0	3.05513	3.80997	3.28168	4.84121	0	0	1.06167	1.40022	0	0	0	0
k107_25564298 flag=1 multi=7.0000 len=8280	8280	7.67423	0	0	0	0	0	0	0	0	0	0	0	0	3.90724	5.56364	2.97205	3.09435	0	0	0.794936	0.902134	0	0	0	0
k107_22812062 flag=1 multi=8.0000 len=8143	8143	8.89695	0	0	0	0	0	0	0	0	0	0	0	0	4.71305	4.62048	3.56026	6.00488	0	0	0.623645	0.680585	0	0	0	0
k107_11553413 flag=0 multi=13.0006 len=10519	10519	8.34139	0	0	0	0	0	0	0	0	0	0	0	0	3.7648	4.92285	3.6359	4.01124	0	0	0.940687	1.36795	0	0	0	0
k107_22942601 flag=1 multi=7.0000 len=6886	6886	7.87409	0	0	0	0	0	0	0	0	0	0	0	0	4.13806	5.51451	2.96218	2.82404	0	0	0.773846	1.76443	0	0	0	0
k107_3138184 flag=1 multi=6.0000 len=13956	13956	7.27347	0	0	0	0	0	0	0	0	0	0	0	0	3.46734	4.73701	3.13315	4.37089	0	0	0.67299	0.87123	0	0	0	0
k107_8780487 flag=1 multi=6.0000 len=3167	3167	7.62234	0	0	0	0	0	0	0	0	0	0	0	0	4.13194	4.44005	2.97941	5.42114	0	0	0.510995	0.925872	0	0	0	0
k107_15722060 flag=1 multi=23.7742 len=9480	9480	7.02048	0	0	0	0	0	0	0	0	0	0	0	0	3.59011	4.0132	2.70767	5.3472	0	0	0.722706	0.840567	0	0	0	0
k107_23251703 flag=1 multi=6.0000 len=7246	7246	7.27117	0	0	0	0	0	0	0	0	0	0	0	0	4.01901	4.78545	2.70276	4.52424	0	0	0.549395	0.61643	0	0	0	0
k107_11500093 flag=1 multi=6.0000 len=14156	14156	7.25364	0	0	0	0	0	0	0	0	0	0	0	0	3.69308	4.48056	2.88884	3.47343	0	0	0.671719	0.755755	0	0	0	0
k107_23792303 flag=1 multi=7.2335 len=22677	22677	7.53564	0	0	0	0	0	0	0	0	0	0	0	0	3.80125	4.62953	3.08563	4.61062	0	0	0.64876	0.758854	0	0	0	0
k107_21690393 flag=0 multi=6.0635 len=5006	5006	7.44494	0	0	0	0	0	0	0	0	0	0	0	0	3.23746	3.77495	3.18367	3.83038	0	0	1.02381	1.54938	0	0	0	0
k107_15544183 flag=1 multi=10.0000 len=12152	12152	7.39266	0	0	0	0	0	0	0	0	0	0	0	0	3.58186	3.63209	3.36591	4.78037	0	0	0.444895	0.449748	0	0	0	0
k107_24528661 flag=1 multi=8.0000 len=7144	7144	8.78267	0	0	0	0	0	0	0	0	0	0	0	0	4.11415	5.0457	4.0171	5.1822	0	0	0.651418	0.891816	0	0	0	0
k107_1835018 flag=1 multi=14.0000 len=4453	4453	6.52758	0	0	0	0	0	0	0	0	0	0	0	0	3.60467	4.94108	2.27006	2.64271	0	0	0.652855	1.24535	0	0	0	0
k107_9473256 flag=1 multi=7.0000 len=4311	4311	8.04814	0	0	0	0	0	0	0	0	0	0	0	0	3.92492	5.10501	2.53604	2.82493	0	0	1.58718	2.94555	0	0	0	0
k107_12310834 flag=1 multi=5.0000 len=3889	3889	6.42208	0	0	0	0	0	0	0	0	0	0	0	0	3.35155	2.99296	2.77586	3.53674	0	0	0.294675	0.394713	0	0	0	0
k107_9594054 flag=0 multi=10.0448 len=15569	15569	7.68409	0	0	0	0	0	0	0	0	0	0	0	0	3.83775	3.89669	3.39222	4.6314	0	0	0.454117	0.462198	0	0	0	0
k107_1838334 flag=1 multi=6.0000 len=5733	5733	7.83834	0	0	0	0	0	0	0	0	0	0	0	0	4.00037	6.41119	2.86688	2.85143	0	0	0.971092	1.30974	0	0	0	0
k107_3888051 flag=1 multi=6.0000 len=3430	3430	7.7078	0	0	0	0	0	0	0	0	0	0	0	0	4.07577	3.22433	2.95364	4.69896	0	0	0.678389	0.8137	0	0	0	0
k107_25426224 flag=1 multi=6.0000 len=5216	5216	7.03297	0	0	0	0	0	0	0	0	0	0	0	0	3.51709	4.65504	2.50529	2.78045	0	0	1.01058	1.37477	0	0	0	0
k107_5036524 flag=1 multi=6.0000 len=4331	4331	7.83445	0	0	0	0	0	0	0	0	0	0	0	0	3.97121	4.43212	3.41474	3.73728	0	0	0.448498	0.586157	0	0	0	0
k107_25510700 flag=1 multi=6.0000 len=6243	6243	7.19896	0	0	0	0	0	0	0	0	0	0	0	0	3.53341	3.69251	2.85423	4.45215	0	0	0.811311	1.04581	0	0	0	0
k107_13951885 flag=0 multi=10.0136 len=12357	12357	8.43899	0	0	0	0	0	0	0	0	0	0	0	0	4.17453	4.91144	3.4584	4.26851	0	0	0.806056	1.1046	0	0	0	0
k107_19672875 flag=1 multi=7.0000 len=4277	4277	7.49409	0	0	0	0	0	0	0	0	0	0	0	0	3.67899	3.14297	2.89107	2.27835	0	0	0.924025	1.22441	0	0	0	0
k107_5163595 flag=0 multi=37.5242 len=3121	3121	9.01561	0	0	0	0	0	0	0	0	0	0	0	0	3.94856	2.62213	4.5321	4.5636	0	0	0.534941	0.705152	0	0	0	0
k107_17249424 flag=1 multi=6.0000 len=3164	3164	7.84696	0	0	0	0	0	0	0	0	0	0	0	0	4.05136	2.9625	2.84661	2.03496	0	0	0.948987	0.902039	0	0	0	0
k107_11010004 flag=1 multi=8.0000 len=4297	4297	7.84506	0	0	0	0	0	0	0	0	0	0	0	0	3.4413	3.76706	3.49712	2.29462	0	0	0.906633	1.9941	0	0	0	0
k107_13745246 flag=1 multi=13.0000 len=4479	4479	7.66363	0	0	0	0	0	0	0	0	0	0	0	0	4.32559	5.35175	2.77232	2.84437	0	0	0.565717	0.754137	0	0	0	0
k107_24490655 flag=1 multi=7.0000 len=5388	5388	6.37515	0	0	0	0	0	0	0	0	0	0	0	0	2.75383	3.34251	2.96913	3.11781	0	0	0.652182	0.847247	0	0	0	0
k107_7322268 flag=1 multi=10.0000 len=5743	5743	8.30583	0	0	0	0	0	0	0	0	0	0	0	0	4.13159	3.41107	3.03621	3.92492	0	0	1.13803	1.76718	0	0	0	0
k107_9361762 flag=0 multi=5.1555 len=2968	2968	6.62716	0	0	0	0	0	0	0	0	0	0	0	0	3.91185	3.60054	2.02063	3.61074	0	0	0.694674	0.677627	0	0	0	0
k107_20541484 flag=1 multi=6.0000 len=7913	7913	6.82735	0	0	0	0	0	0	0	0	0	0	0	0	3.6107	3.22784	2.46433	3.26448	0	0	0.752332	0.913006	0	0	0	0
k107_25904668 flag=0 multi=6.3613 len=4220	4220	7.43032	0	0	0	0	0	0	0	0	0	0	0	0	3.80168	3.53978	2.70572	4.00266	0	0	0.92292	1.78812	0	0	0	0
k107_26137484 flag=1 multi=7.0000 len=17820	17820	8.10852	0	0	0	0	0	0	0	0	0	0	0	0	4.3203	5.90425	3.14317	3.97751	0.00856262	0.00854731	0.636488	0.820556	0	0	0	0
k107_11079865 flag=1 multi=8.0000 len=12509	12509	7.92103	0	0	0	0	0	0	0	0	0	0	0	0	3.86909	4.89847	3.29033	4.07658	0	0	0.761612	1.08662	0	0	0	0
k107_16428375 flag=1 multi=9.9784 len=4728	4728	8.02124	0	0	0	0	0	0	0	0	0	0	0	0	4.36082	5.39631	2.70538	3.35884	0	0	0.955038	1.391	0	0	0	0
k107_33843472 flag=1 multi=9.0000 len=3203	3203	9.72044	0	0	0	0	0	0	0	0	0	0	0	0	4.67218	5.50877	3.9183	4.63251	0	0	1.12996	1.76512	0	0	0	0
k107_26310352 flag=0 multi=7.0382 len=12343	12343	8.06644	0	0	0	0	0	0	0	0	0	0	0	0	3.78723	4.51683	3.41982	4.93707	0	0	0.859397	1.088	0	0	0	0
k107_12211750 flag=1 multi=8.0000 len=3069	3069	8.29165	0	0	0	0	0	0	0	0	0	0	0	0	4.33249	3.15513	3.50271	4.59715	0	0	0.456451	0.536834	0	0	0	0
k107_22042732 flag=1 multi=7.0000 len=5082	5082	7.80042	0	0	0	0	0	0	0	0	0	0	0	0	3.86464	3.42674	3.03138	8.89956	0	0	0.904393	2.20862	0	0	0	0
k107_4180805 flag=1 multi=7.0000 len=8796	8796	7.33412	0	0	0	0	0	0	0	0	0	0	0	0	3.84071	4.07282	2.71168	3.63289	0	0	0.781728	1.06759	0	0	0	0
k107_11674789 flag=1 multi=37.0000 len=7668	7668	7.80369	0	0	0	0	0	0	0	0	0	0	0	0	4.10318	6.36375	2.88108	3.0607	0	0	0.819441	0.903078	0	0	0	0
k107_26916441 flag=1 multi=7.0000 len=17956	17956	7.18398	0	0	0	0	0	0	0	0	0	0	0	0	3.7647	4.659	2.88133	3.94198	0	0	0.537952	0.791052	0	0	0	0
k107_9917686 flag=1 multi=6.0000 len=4552	4552	7.54588	0	0	0	0	0	0	0	0	0	0	0	0	4.18753	3.58728	2.94871	4.21079	0	0	0.409647	0.550326	0	0	0	0
k107_21216468 flag=0 multi=16.4795 len=9462	9462	8.61987	0	0	0	0	0	0	0	0	0	0	0	0	4.29574	7.01877	3.525	6.09813	0	0	0.799127	1.09705	0	0	0	0
k107_18494267 flag=1 multi=6.0000 len=4675	4675	7.79442	0	0	0	0	0	0	0.0336154	0.033345	0	0	0	0	3.75623	3.07459	3.378	4.37917	0	0	0.626572	0.630516	0	0	0	0
k107_23289263 flag=0 multi=8.0214 len=4599	4599	8.09448	0	0	0	0	0	0	0	0	0	0	0	0	4.21922	3.45043	3.09728	4.22109	0	0	0.777985	1.09211	0	0	0	0
k107_27419488 flag=1 multi=8.0000 len=11204	11204	8.39433	0	0	0	0	0	0	0	0	0	0	0	0	4.22776	5.52545	3.26857	4.87475	0	0	0.898	1.5703	0	0	0	0
k107_25353563 flag=1 multi=7.0000 len=5248	5248	7.35301	0	0	0	0	0	0	0	0	0	0	0.0515568	0.0888152	3.89183	5.2846	2.67833	2.78845	0	0	0.731298	1.3397	0	0	0	0
k107_8600340 flag=1 multi=7.0000 len=14640	14640	8.32731	0	0	0	0	0	0	0	0	0	0	0	0	3.92649	4.60759	3.41986	4.55903	0	0	0.98096	2.21296	0	0	0	0
k107_2099082 flag=0 multi=67.5995 len=6239	6239	6.94138	0	0	0	0	0	0	0	0	0	0	0	0	3.35944	3.44257	3.12026	5.12483	0	0	0.461681	0.848062	0	0	0	0
k107_3138784 flag=1 multi=5.0000 len=5123	5123	6.96246	0	0	0	0	0	0	0	0	0	0	0	0	3.03485	3.26089	3.2431	4.18031	0	0	0.684505	1.46442	0	0	0	0
k107_27415447 flag=1 multi=6.0000 len=9855	9855	7.57396	0	0	0	0	0	0	0	0	0	0	0	0	3.59186	3.65258	3.07589	3.07161	0	0	0.906208	1.25888	0	0	0	0
k107_27272347 flag=1 multi=6.0000 len=5029	5029	6.87963	0	0	0	0	0	0	0	0	0	0	0	0	3.47155	4.04543	2.9615	3.34273	0	0	0.446583	0.515991	0	0	0	0
k107_17322073 flag=1 multi=6.0000 len=7469	7469	7.6262	0	0	0	0	0	0	0	0	0	0	0	0	4.36835	5.93007	2.62718	3.82037	0	0	0.630668	0.915765	0	0	0	0
k107_29212419 flag=1 multi=8.0000 len=3460	3460	7.82394	0	0	0	0	0	0	0	0	0	0	0	0	3.28974	3.42038	3.519	5.08896	0	0	1.0152	1.49798	0	0	0	0
k107_15957325 flag=0 multi=52.9396 len=3686	3686	7.73168	0	0	0	0	0	0	0	0	0	0	0	0	4.08363	5.10946	3.07033	4.69267	0	0	0.577719	0.666344	0	0	0	0
k107_28390249 flag=1 multi=37.0000 len=5939	5939	8.6303	0	0	0	0	0	0	0	0	0	0	0	0	4.46674	5.58027	3.51801	4.28137	0	0	0.645556	0.96843	0	0	0	0
k107_11441709 flag=1 multi=6.0000 len=6646	6646	7.22604	0	0	0	0	0	0	0	0	0	0	0	0	3.4918	3.72658	3.25851	5.181	0	0	0.475725	0.781068	0	0	0	0
k107_27863738 flag=1 multi=9.0000 len=17339	17339	7.2737	0	0	0	0	0	0	0	0	0	0	0	0	3.33826	4.3146	3.14821	3.7246	0	0	0.787228	1.07261	0	0	0	0
k107_14342145 flag=1 multi=6.0000 len=5287	5287	7.09649	0	0	0	0	0	0	0	0	0	0	0	0	3.0333	2.54063	3.49689	2.86802	0	0	0.566299	0.498322	0	0	0	0
k107_15049027 flag=1 multi=6.0000 len=3922	3922	7.55111	0	0	0	0	0	0	0	0	0	0	0	0	4.16989	4.21879	2.78674	2.73112	0	0	0.594475	1.12526	0	0	0	0
k107_31918837 flag=1 multi=7.0000 len=2781	2781	3.92578	0	0	0	0	0	0	0	0	0	0	0.256555	0.383108	3.31021	2.38906	0	0	0	0	0	0	0.359016	0.253044	0	0
k107_28611371 flag=1 multi=7.0000 len=14273	14273	8.0131	0	0	0	0	0	0	0	0	0	0	0	0	3.64548	3.53806	3.29969	4.5534	0	0	1.06793	1.7783	0	0	0	0
k107_4550034 flag=0 multi=10.3606 len=2517	2517	6.77878	0	0	0	0	0	0	0	0	0	0	0	0	3.11964	2.02547	2.86005	5.68413	0	0	0.799097	0.733962	0	0	0	0
k107_29164449 flag=0 multi=6.0354 len=4875	4875	7.90422	0	0	0	0	0	0	0	0	0	0	0	0	4.09031	4.65736	3.26569	3.05611	0	0	0.548218	0.800077	0	0	0	0
k107_30219295 flag=1 multi=7.0000 len=8447	8447	8.08692	0	0	0	0	0	0	0	0	0	0	0	0	3.62689	3.30053	3.67317	4.30351	0	0	0.786863	1.03967	0	0	0	0
k107_27261348 flag=1 multi=7.0000 len=3201	3201	8.26906	0	0	0	0	0	0	0	0	0	0	0	0	3.63436	5.00883	3.78337	4.84477	0	0	0.851328	0.929634	0	0	0	0
k107_366890 flag=1 multi=13.0000 len=4236	4236	7.55135	0	0	0	0	0	0	0	0	0	0	0	0	4.21784	4.69432	2.64413	2.78051	0	0	0.689375	0.839572	0	0	0	0
k107_29644316 flag=1 multi=6.0000 len=2984	2984	7.71402	0	0	0	0	0	0	0	0	0	0	0	0	3.68643	3.98551	3.35981	3.50258	0	0	0.667785	1.18849	0	0	0	0
k107_14304634 flag=1 multi=6.0000 len=8921	8921	7.16278	0	0	0	0	0	0	0	0	0	0	0	0	3.76772	5.69795	2.45086	2.96589	0	0	0.944193	1.1719	0	0	0	0
k107_31244319 flag=1 multi=9.0000 len=27850	27850	7.87618	0	0	0	0	0	0	0.00392043	0.00936556	0	0	0	0	3.7712	4.06687	3.47746	4.71385	0	0	0.623602	0.83016	0	0	0	0
k107_24319394 flag=1 multi=7.0000 len=4644	4644	7.3397	0	0	0	0	0	0	0	0	0	0	0	0	3.68816	4.18599	2.6976	2.93392	0	0	0.953938	0.666564	0	0	0	0
k107_15661108 flag=1 multi=5.0000 len=3506	3506	6.04963	0	0	0	0	0	0	0	0	0	0	0	0	3.19039	2.54578	2.32147	3.92477	0	0	0.537765	0.673753	0	0	0	0
k107_19287641 flag=1 multi=7.0000 len=28464	28464	7.43601	0	0	0	0	0	0	0	0	0	0	0	0	3.47472	3.5847	3.14946	4.0706	0	0	0.811839	1.06303	0	0	0	0
k107_30446890 flag=1 multi=7.0000 len=28066	28066	7.77997	0	0	0	0	0	0	0	0	0	0	0	0	3.78144	4.43232	3.17018	4.2266	0	0	0.828339	1.31805	0	0	0	0
k107_6589417 flag=0 multi=7.1893 len=15367	15367	7.84886	0	0	0	0	0	0	0	0	0	0	0	0	3.87249	4.41054	3.37584	4.00714	0	0	0.600531	0.637393	0	0	0	0
k107_20715873 flag=1 multi=6.0000 len=2785	2785	7.11357	0	0	0	0	0	0	0	0	0	0	0	0	3.32098	1.31683	2.71969	2.46046	0	0	1.0729	1.50147	0	0	0	0
k107_31160470 flag=1 multi=7.0000 len=11114	11114	7.86839	0	0	0	0	0	0	0	0	0	0	0	0	3.81077	5.26545	3.43748	3.36859	0	0	0.620144	1.06292	0	0	0	0
k107_7777435 flag=1 multi=9.0000 len=7883	7883	8.40206	0	0	0	0	0	0	0	0	0	0	0	0	5.15961	6.29839	2.43226	4.42871	0	0	0.810183	1.15228	0	0	0	0
k107_21267783 flag=1 multi=7.0000 len=6311	6311	7.70112	0	0	0	0	0	0	0	0	0	0	0	0	4.20369	4.12562	3.06973	4.89527	0	0	0.427692	0.449644	0	0	0	0
k107_34615135 flag=1 multi=6.0000 len=11378	11378	6.51029	0	0	0	0	0	0	0	0	0	0	0	0	3.46343	4.20745	2.65186	3.13795	0	0	0.394998	0.526003	0	0	0	0
k107_18107020 flag=1 multi=10.0000 len=11049	11049	8.08272	0	0	0	0	0	0	0	0	0	0	0	0	3.93961	6.34982	3.37313	4.03397	0	0	0.769982	1.16022	0	0	0	0
k107_20030261 flag=1 multi=7.0000 len=9384	9384	7.19456	0	0	0	0	0	0	0	0	0	0	0	0	3.45772	3.54563	3.05737	3.94072	0	0	0.679476	0.983302	0	0	0	0
k107_4407566 flag=0 multi=153.9652 len=3587	3587	8.94795	0	0	0	0	0	0	0	0	0	0	0	0	3.81644	4.46709	4.5723	4.80433	0	0	0.559209	0.583218	0	0	0	0
k107_12484587 flag=1 multi=7.0000 len=14012	14012	7.72312	0	0	0	0	0	0	0	0	0	0	0	0	4.13523	4.83573	2.73516	5.51495	0.0219548	0.0266506	0.83078	0.949504	0	0	0	0
k107_33625127 flag=1 multi=12.0000 len=19239	19239	7.03755	0	0	0	0	0	0	0	0	0	0	0	0	3.41944	4.38215	2.96203	3.28203	0	0	0.65607	0.902097	0	0	0	0
k107_24077393 flag=0 multi=16.3345 len=5096	5096	7.44952	0	0	0	0	0	0	0	0	0	0	0	0	4.23029	5.00361	2.94785	3.39668	0	0	0.271381	0.237499	0	0	0	0
k107_21485926 flag=1 multi=6.0000 len=4604	4604	7.23454	0	0	0	0	0	0	0	0	0	0	0	0	3.69665	5.71061	2.58949	2.54422	0	0	0.948396	0.716015	0	0	0	0
k107_2024460 flag=1 multi=9.0000 len=5975	5975	8.10312	0	0	0	0	0	0	0	0	0	0	0	0	3.99771	5.26107	3.37493	4.53203	0	0	0.730478	1.0351	0	0	0	0
k107_19653434 flag=1 multi=6.0000 len=2562	2562	7.67301	0	0	0	0	0	0	0	0	0	0	0	0	4.54912	3.75427	2.56549	2.87456	0	0	0.558407	0.507868	0	0	0	0
k107_31409709 flag=1 multi=69.0000 len=11689	11689	7.73408	0	0	0	0	0	0	0	0	0	0	0	0	4.07956	5.36042	2.98674	4.65532	0	0	0.667779	0.823598	0	0	0	0
k107_15814717 flag=1 multi=8.0000 len=3451	3451	6.34455	0	0	0	0	0	0	0	0	0	0	0	0	3.04382	6.18443	2.29851	3.2736	0	0	1.00222	0.964704	0	0	0	0
k107_22766873 flag=1 multi=8.0000 len=14887	14887	7.85684	0	0	0	0	0	0	0	0	0	0	0	0	3.64176	4.26378	3.30573	5.34289	0	0	0.909359	1.44701	0	0	0	0
k107_17763620 flag=1 multi=7.0000 len=4782	4782	8.29308	0	0	0	0	0	0	0	0	0	0	0	0	4.49062	4.07011	2.91786	3.20703	0	0	0.884598	1.17562	0	0	0	0
k107_32358520 flag=0 multi=6.0856 len=5226	5226	7.77478	0	0	0	0	0	0	0	0	0	0	0	0	4.37713	6.21936	2.60236	2.80714	0	0	0.795288	1.22684	0	0	0	0
k107_24486653 flag=1 multi=8.0000 len=3773	3773	8.35638	0	0	0	0	0	0	0	0	0	0	0	0	4.63325	7.51629	3.11524	3.64996	0	0	0.607894	0.955137	0	0	0	0
k107_20637227 flag=1 multi=5.0000 len=2665	2665	6.30851	0	0	0	0	0	0	0	0	0	0	0	0	3.55142	4.24191	2.62928	2.39143	0	0	0.127804	0.16486	0	0	0	0
k107_16999032 flag=1 multi=9.0000 len=10055	10055	8.08315	0	0	0	0	0	0	0	0	0	0	0	0	4.13124	6.04323	3.07044	6.37546	0	0	0.881472	1.08463	0	0	0	0
k107_11268449 flag=1 multi=7.0000 len=5285	5285	8.03652	0	0	0	0	0	0	0	0	0	0	0	0	4.10616	3.8431	3.43749	4.0879	0	0	0.492876	0.624151	0	0	0	0
k107_34155772 flag=1 multi=5.0000 len=5557	5557	6.41846	0	0	0	0	0	0	0	0	0	0	0	0	3.2942	4.24492	2.4647	2.52913	0	0	0.659562	0.932848	0	0	0	0
k107_33473910 flag=1 multi=7.0000 len=5656	5656	7.26392	0	0	0	0	0	0	0	0	0	0	0	0	3.64232	4.55442	3.12925	3.24608	0	0	0.492342	0.714396	0	0	0	0
k107_35377177 flag=1 multi=15.0000 len=5518	5518	8.24406	0	0	0	0	0	0	0	0	0	0	0	0	4.43923	4.86112	2.93808	6.00636	0.0575153	0.0545599	0.809241	0.974664	0	0	0	0
k107_33361046 flag=0 multi=7.0947 len=4774	4774	6.9877	0	0	0	0	0	0	0	0	0	0	0	0	3.88171	6.71866	2.43135	2.41599	0	0	0.674642	0.615665	0	0	0	0
k107_17451430 flag=1 multi=7.0000 len=10579	10579	7.57799	0	0	0	0	0	0	0	0	0	0	0	0	3.92167	4.99497	2.96176	3.19567	0	0	0.694561	0.78791	0	0	0	0
k107_21977092 flag=1 multi=7.0000 len=4389	4389	7.28407	0	0	0	0	0	0	0	0	0	0	0	0	3.45828	3.97399	3.19794	3.67672	0	0	0.627844	0.568944	0	0	0	0
k107_6868037 flag=1 multi=40.0000 len=7292	7292	8.6073	0	0	0	0	0	0	0	0	0	0	0	0	4.34721	5.1396	3.32461	5.23641	0	0	0.935479	1.2058	0	0	0	0
k107_8216308 flag=1 multi=5.0000 len=4075	4075	6.58786	0	0	0	0	0	0	0	0	0	0	0	0	2.63583	2.20375	3.27432	4.14706	0	0	0.67771	0.908227	0	0	0	0
k107_33312839 flag=0 multi=7.1691 len=5163	5163	7.75067	0	0	0	0	0	0	0	0	0	0	0	0	3.64493	6.15447	3.30405	3.98816	0	0	0.801687	0.953472	0	0	0	0
k107_34870818 flag=1 multi=9.9357 len=5007	5007	7.8423	0	0	0	0	0	0	0	0	0	0	0	0	3.9271	4.52065	2.82465	2.61236	0	0	1.09054	2.68747	0	0	0	0
k107_31457658 flag=1 multi=8.0000 len=4783	4783	8.41709	0	0	0	0	0	0	0	0	0	0	0	0	3.59005	3.69357	4.04307	5.97172	0	0	0.783977	0.743825	0	0	0	0
k107_25912125 flag=1 multi=6.0000 len=3038	3038	7.2807	0	0	0	0	0	0	0	0	0	0	0	0	3.80044	2.91632	2.59722	1.19253	0	0	0.883041	2.0302	0	0	0	0
k107_28009643 flag=1 multi=6.0000 len=7670	7670	7.12948	0	0	0	0	0	0	0	0	0	0	0	0	3.75149	4.27049	2.9867	3.57706	0	0	0.391287	0.519733	0	0	0	0
k107_35339492 flag=1 multi=9.0000 len=7427	7427	7.29403	0	0	0.205053	0.863665	0	0	0.0844912	0.126446	0	0	0	0	3.45137	4.39528	3.02414	4.42899	0	0	0.528982	0.75899	0	0	0	0
k107_18401128 flag=1 multi=131.0000 len=5185	5185	7.01044	0	0	0	0	0	0	0	0	0	0	0	0	3.64038	3.97156	2.75343	3.89769	0	0	0.616629	0.798497	0	0	0	0
k107_12849139 flag=1 multi=74.0000 len=5485	5485	6.84546	0	0	0	0	0	0	0	0	0	0	0	0	3.59541	3.39517	2.64557	4.64487	0	0	0.604476	0.698798	0	0	0	0
k107_21666290 flag=1 multi=7.0024 len=9615	9615	7.11071	0	0	0	0	0	0	0	0	0	0	0	0	3.26995	3.20108	3.19242	3.52675	0	0	0.648341	0.742785	0	0	0	0
k107_3938557 flag=1 multi=7.0000 len=9044	9044	7.07149	0	0	0	0	0	0	0	0	0	0	0	0	3.82384	4.73209	2.43423	3.3885	0	0	0.813429	1.42795	0	0	0	0
k107_15569201 flag=1 multi=63.0000 len=7361	7361	7.7953	0	0	0	0	0	0	0	0	0	0	0	0	4.09024	3.94052	2.8725	3.7628	0	0	0.832554	0.906158	0	0	0	0
k107_11414784 flag=1 multi=6.0000 len=5901	5901	7.81068	0	0	0	0	0	0	0	0	0	0	0	0	3.44651	4.35053	3.88051	5.05957	0	0	0.483658	0.656	0	0	0	0
k107_11876912 flag=1 multi=6.0000 len=5427	5427	7.10868	0	0	0	0	0	0	0	0	0	0	0	0	3.92039	4.27069	2.86478	3.76963	0	0	0.323512	0.349543	0	0	0	0
k107_1304285 flag=1 multi=7.0000 len=8481	8481	7.20577	0	0	0	0	0	0	0	0	0	0	0	0	3.13547	5.27242	3.17899	4.19331	0	0	0.891307	1.2926	0	0	0	0
k107_35754225 flag=1 multi=8.0000 len=5506	5506	8.73693	0	0	0	0	0	0	0	0	0	0	0	0	4.63912	5.24015	3.50327	4.34418	0	0	0.594543	0.721846	0	0	0	0
k107_21870106 flag=1 multi=7.0000 len=3298	3298	8.45928	0	0	0	0	0	0	0	0	0	0	0	0	4.55874	6.12148	3.06842	3.96514	0	0	0.832109	1.18881	0	0	0	0
k107_2448890 flag=1 multi=36.0000 len=3834	3834	8.38562	0	0	0	0	0	0	0	0	0	0	0	0	3.94649	5.80495	3.7214	4.4696	0	0	0.717724	0.525016	0	0	0	0
k107_33271329 flag=1 multi=7.0000 len=16852	16852	7.28979	0	0	0	0	0	0	0	0	0	0	0	0	3.47964	4.1795	3.08314	4.38735	0	0	0.727009	0.964651	0	0	0	0
k107_25412844 flag=1 multi=6.0000 len=6393	6393	7.43129	0	0	0	0	0	0	0	0	0	0	0	0	3.65818	3.81177	3.12921	4.56785	0	0	0.643901	0.710261	0	0	0	0
k107_33582890 flag=1 multi=7.0000 len=16042	16042	7.87306	0	0	0	0	0	0	0	0	0	0	0	0	4.34428	5.16363	2.9528	3.84145	0	0	0.575985	0.79449	0	0	0	0
k107_33359788 flag=0 multi=9.1252 len=13915	13915	7.35922	0	0	0	0	0	0	0	0	0	0	0	0	3.67546	4.21038	2.87534	3.415	0	0	0.808418	1.10019	0	0	0	0
k107_13096290 flag=1 multi=7.0000 len=16730	16730	7.52581	0	0	0	0	0	0	0	0	0	0	0	0	3.6288	3.99409	3.18548	4.0242	0	0	0.711529	1.07531	0	0	0	0
k107_22265979 flag=1 multi=6.0000 len=3510	3510	7.46696	0	0	0	0	0	0	0	0	0	0	0	0	3.44451	4.72442	3.27057	5.55129	0	0	0.75187	0.721857	0	0	0	0
k107_17501869 flag=1 multi=10.0000 len=5118	5118	8.04506	0	0	0	0	0	0	0	0	0	0	0	0	3.98007	3.77324	3.33015	7.54061	0	0	0.734842	1.052	0	0	0	0
k107_25735871 flag=0 multi=16.0998 len=2642	2642	6.25256	0	0	0	0	0.0017094	0.00170715	0	0	0	0	0	0	2.89957	3.90393	2.66667	2.71513	0	0	0.684615	0.553768	0	0	0	0
k107_525710 flag=1 multi=8.0000 len=3834	3834	8.07022	0	0	0	0	0	0	0	0	0	0	0	0	4.72452	4.34166	3.00368	8.32222	0	0	0.342016	0.414841	0	0	0	0
k107_34905810 flag=1 multi=11.0000 len=4191	4191	7.49139	0	0	0	0	0	0	0	0	0	0	0	0	3.1098	4.27958	3.16842	3.13653	0	0	1.21317	2.90138	0	0	0	0
k107_25425526 flag=1 multi=7.0000 len=6113	6113	7.81931	0	0	0	0	0	0	0	0	0	0	0	0	3.79986	5.61777	3.26742	3.95064	0	0	0.752022	0.930971	0	0	0	0
k107_12455230 flag=1 multi=7.0000 len=16799	16799	7.63054	0	0	0	0	0	0	0	0	0	0	0	0	3.93144	4.35213	2.76256	2.84041	0	0	0.936534	1.24165	0	0	0	0
k107_29363225 flag=1 multi=10.0000 len=2956	2956	9.28184	0	0	0	0	0	0	0	0	0	0	0	0	5.38018	5.80805	3.20535	4.06186	0	0	0.696307	0.575217	0	0	0	0
k107_32794135 flag=1 multi=148.7271 len=2529	2529	9.32061	0	0	0	0	0	0	0	0	0	0	0	0	4.94836	8.66988	3.61518	6.82509	0	0	0.757072	0.893059	0	0	0	0
k107_12929538 flag=1 multi=7.0000 len=8376	8376	7.85992	0	0	0	0	0	0	0	0	0	0	0	0	4.0218	4.7309	2.97077	3.82936	0	0	0.867352	1.12883	0	0	0	0
k107_4049222 flag=0 multi=18.0186 len=7109	7109	8.15925	0	0	0	0	0	0	0	0	0	0	0	0	4.17541	4.24994	2.76583	3.04561	0	0	1.21801	1.49082	0	0	0	0
k107_5197844 flag=1 multi=8.0000 len=16427	16427	8.05712	0	0	0	0	0	0	0	0	0	0	0	0	4.46735	5.57307	2.85141	3.73568	0	0	0.738357	1.05047	0	0	0	0
k107_13371961 flag=1 multi=9.0000 len=3475	3475	7.46391	0	0	0	0	0	0	0	0	0	0	0	0	3.8336	4.42358	2.81941	2.97677	0	0	0.810905	1.07466	0	0	0	0
k107_19819354 flag=0 multi=9.4145 len=6736	6736	6.07352	0	0	0	0	0	0	0	0	0	0	0	0	3.57289	3.90317	2.07973	2.80307	0	0	0.373951	0.468954	0.0469381	0.0640135	0	0
k107_22518532 flag=0 multi=10.0193 len=16098	16098	8.45455	0	0	0	0	0	0	0	0	0	0	0	0	4.39181	5.86993	3.11186	4.06873	0	0	0.950874	1.31241	0	0	0	0
k107_23050947 flag=1 multi=6.0000 len=3774	3774	6.57805	0	0	0	0	0	0	0	0	0	0	0	0	3.96227	3.68487	1.84533	3.48383	0	0	0.770449	0.876063	0	0	0	0
k107_26001675 flag=1 multi=11.0000 len=2634	2634	6.64451	0	0	0	0	0	0	0	0	0	0	0	0	3.48413	2.38563	2.33276	2.34851	0	0	0.827616	1.56701	0	0	0	0
k107_12967000 flag=1 multi=8.0000 len=3531	3531	8.99814	0	0	0	0	0	0	0	0	0	0	0	0	5.04924	5.77264	3.01115	2.177	0	0	0.937752	1.16032	0	0	0	0
k107_19073625 flag=0 multi=6.0480 len=6750	6750	6.46557	0	0	0	0	0	0	0	0	0	0	0	0	2.97333	2.6243	2.92308	3.37899	0	0	0.569169	0.82498	0	0	0	0
k107_3660535 flag=1 multi=6.0000 len=11874	11874	8.28534	0	0	0	0	0	0	0	0	0	0	0	0	4.16791	3.50135	3.27013	4.67814	0	0	0.847304	1.05138	0	0	0	0
k107_14574567 flag=1 multi=7.0000 len=4916	4916	8.20546	0	0	0	0	0	0	0	0	0	0	0	0	3.88773	7.3522	3.51214	4.81476	0	0	0.805592	0.783597	0	0	0	0
k107_4257498 flag=1 multi=9.1981 len=7652	7652	7.36694	0	0	0	0	0	0	0	0	0	0	0	0	4.33102	3.11184	2.35905	2.769	0	0	0.676871	0.660047	0	0	0	0
k107_11170436 flag=1 multi=6.0000 len=2990	2990	6.72879	0	0	0	0	0	0	0	0	0	0	0	0	3.11421	2.50499	2.53088	3.28078	0	0	1.08371	0.967258	0	0	0	0
k107_27905863 flag=1 multi=12.0000 len=3491	3491	6.58514	0	0	0	0	0	0	0	0	0	0	0	0	2.66949	1.72413	3.28222	4.54135	0	0	0.633427	0.892143	0	0	0	0
k107_31987068 flag=1 multi=9.0000 len=5344	5344	6.85522	0	0	0	0	0	0	0	0	0	0	0	0	3.38814	3.18821	2.76418	3.41378	0	0	0.702896	1.4803	0	0	0	0
k107_19168252 flag=1 multi=7.0000 len=6345	6345	7.81168	0	0	0	0	0	0	0	0	0	0	0	0	4.20205	3.9134	2.76071	2.93007	0	0	0.848916	0.80682	0	0	0	0
k107_10179638 flag=1 multi=8.0000 len=7552	7552	8.07903	0	0	0	0	0	0	0	0	0	0	0	0	4.1291	6.41443	3.1811	3.58623	0	0	0.768828	0.909621	0	0	0	0
k107_31192738 flag=1 multi=10.0000 len=4519	4519	8.44036	0	0	0	0	0	0	0	0	0	0	0	0	4.42139	4.2872	2.92601	2.90107	0	0	1.09296	1.40418	0	0	0	0
k107_35842294 flag=1 multi=6.0000 len=7001	7001	6.89894	0	0	0	0	0	0	0	0	0	0	0	0	3.9276	4.86418	2.09494	1.588	0	0	0.876399	1.29562	0	0	0	0
k107_24661554 flag=1 multi=8.0000 len=7839	7839	7.22754	0	0	0	0	0	0	0	0	0	0	0	0	3.39737	6.22415	2.83428	3.93659	0	0	0.995887	1.18351	0	0	0	0
k107_5899177 flag=0 multi=52.1227 len=2830	2830	5.37935	0	0	0	0	0	0	0	0	0	0	0	0	2.82634	3.06962	1.82595	1.10781	0	0	0.727057	0.642246	0	0	0	0
k107_32124974 flag=1 multi=7.0000 len=2576	2576	8.28892	0	0	0	0	0	0	0	0	0	0	0	0	3.6051	2.90556	3.8263	6.79526	0	0	0.85752	1.23157	0	0	0	0
k107_29797324 flag=1 multi=5.0000 len=3031	3031	6.80103	0	0	0	0	0	0	0	0	0	0	0	0	3.78124	4.07528	2.23415	3.32787	0	0	0.785636	0.940544	0	0	0	0
k107_5299894 flag=1 multi=6.0000 len=4615	4615	7.94319	0	0	0	0	0	0	0	0	0	0	0	0	4.06585	5.48486	2.66613	3.97149	0	0	1.21122	1.52949	0	0	0	0
k107_30033780 flag=1 multi=12.0000 len=3484	3484	7.38121	0	0	0	0	0	0	0	0	0	0	0	0	4.12696	4.97894	2.87524	4.05689	0	0	0.379007	0.699573	0	0	0	0
k107_10422021 flag=1 multi=6.0000 len=2926	2926	6.61623	0	0	0	0	0	0	0	0	0	0	0	0	3.22218	3.89489	2.90282	2.31379	0	0	0.491235	0.537472	0	0	0	0
k107_23056405 flag=0 multi=9.1932 len=12233	12233	8.36158	0	0	0	0	0	0	0	0	0	0	0	0	4.34767	6.16145	3.18917	4.62504	0	0	0.824742	1.02243	0	0	0	0
k107_16541590 flag=1 multi=6.0000 len=3125	3125	6.0255	0	0	0	0	0	0	0	0	0	0	0	0	3.62628	4.08288	2.07829	2.84652	0	0	0.320935	0.418591	0	0	0	0
k107_15144038 flag=1 multi=9.0000 len=8559	8559	7.4085	0	0	0	0	0	0	0	0	0	0	0	0	4.0178	5.09654	2.70946	3.63562	0	0	0.68124	0.698388	0	0	0	0
k107_25899485 flag=1 multi=7.0000 len=18995	18995	7.74397	0	0	0	0	0	0	0	0	0	0	0	0	3.82223	4.53723	3.09918	3.93182	0	0	0.822554	1.16385	0	0	0	0
k107_11987399 flag=1 multi=6.0000 len=9583	9583	7.03987	0	0	0	0	0	0	0	0	0	0	0	0	3.5244	4.49413	3.09988	5.57144	0	0	0.41558	0.513728	0	0	0	0
k107_31413048 flag=1 multi=18.0000 len=7358	7358	7.37571	0	0	0	0	0	0	0	0	0	0	0	0	3.50113	2.66559	3.38365	4.65901	0.0211168	0.0209451	0.469813	0.579167	0	0	0	0
k107_14691107 flag=1 multi=7.0531 len=3834	3834	5.938	0	0	0	0	0	0	0	0	0	0	0	0	2.32956	4.5144	2.92469	4.48362	0	0	0.683749	0.705591	0	0	0	0
k107_18775567 flag=1 multi=23.0000 len=3174	3174	7.09366	0	0	0	0	0	0	0	0	0	0	0	0	4.44812	5.74026	1.80675	2.67915	0	0	0.838788	0.853458	0	0	0	0
k107_24152183 flag=0 multi=14.0817 len=12587	12587	7.86992	0	0	0	0	0	0	0	0	0	0	0	0	4.43166	5.2135	2.82759	3.54794	0	0	0.610663	0.668775	0	0	0	0
k107_24244051 flag=0 multi=13.0892 len=3090	3090	7.50215	0	0	0	0	0	0	0	0	0	0	0	0	3.72131	1.5345	2.93508	2.21564	0	0	0.845768	1.76782	0	0	0	0
k107_23267949 flag=0 multi=6.0316 len=7894	7894	7.1466	0	0	0	0	0	0	0	0	0	0	0	0	3.63396	4.90812	2.76712	4.012	0	0	0.745522	1.16971	0	0	0	0
k107_7230986 flag=1 multi=10.0000 len=6438	6438	7.68954	0	0	0	0	0	0	0	0	0	0	0	0	3.54857	3.23542	3.2707	3.9269	0	0	0.870274	1.03078	0	0	0	0
k107_6861807 flag=0 multi=8.0736 len=7064	7064	7.52884	0	0	0	0	0	0	0	0	0	0	0	0	3.6436	4.64053	3.26738	4.16605	0	0	0.617865	0.643	0	0	0	0
k107_830748 flag=1 multi=7.0000 len=11512	11512	9.02748	0	0	0	0	0	0	0	0	0	0	0	0	4.89839	5.0104	3.41722	3.4789	0	0	0.711864	0.652846	0	0	0	0
k107_24894152 flag=1 multi=6.0000 len=8066	8066	7.93431	0	0	0	0	0	0	0	0	0	0	0	0	4.10265	5.02939	2.94603	2.98423	0	0	0.885626	1.42056	0	0	0	0
k107_21122928 flag=1 multi=8.0000 len=2546	2546	7.80258	0	0	0	0	0	0	0	0	0	0	0	0	4.13859	3.31237	2.99287	2.52068	0	0	0.671123	0.493933	0	0	0	0
k107_1167739 flag=1 multi=16.0000 len=9101	9101	8.29844	0	0	0	0	0	0	0	0	0	0	0	0	3.72656	5.30577	3.45812	4.7762	0	0	1.11376	1.50246	0	0	0	0
k107_3915839 flag=1 multi=7.0000 len=3359	3359	8.23978	0	0	0	0	0	0	0	0	0	0	0	0	4.71017	4.73126	3.035	5.01359	0	0	0.494603	0.685257	0	0	0	0
k107_30941331 flag=1 multi=7.0000 len=12466	12466	8.52943	0	0	0	0	0	0	0	0	0	0	0	0	3.9954	3.74625	3.63269	5.63646	0	0	0.901348	1.0505	0	0	0	0
k107_33117792 flag=1 multi=7.0000 len=8663	8663	7.52589	0	0	0	0	0	0	0	0	0	0	0	0	3.46155	3.69884	3.25248	3.79153	0	0	0.811865	0.846539	0	0	0	0
k107_35564960 flag=1 multi=6.0000 len=11528	11528	7.43159	0	0	0	0	0	0	0	0	0	0	0	0	3.60137	5.0712	3.25281	4.4639	0	0	0.57741	0.592895	0	0	0	0
k107_32353521 flag=1 multi=6.0000 len=4380	4380	6.87052	0	0	0	0	0	0	0	0	0	0	0	0	3.55051	2.98256	2.80211	2.51208	0	0	0.517901	0.851647	0	0	0	0
k107_2175674 flag=1 multi=10.0000 len=5917	5917	7.87729	0	0	0	0	0	0	0	0	0	0	0	0	3.43152	5.48493	3.37293	5.30362	0	0	1.07284	2.11318	0	0	0	0
k107_2580925 flag=1 multi=7.0000 len=4165	4165	7.57831	0	0	0	0	0	0	0	0	0	0	0	0	3.80999	3.48235	3.00285	3.56338	0	0	0.765467	1.30807	0	0	0	0
k107_13467763 flag=1 multi=8.0000 len=30850	30850	8.54393	0	0	0	0	0	0	0	0	0	0	0	0	4.12338	5.42838	3.65084	5.08095	0	0	0.769707	1.14566	0	0	0	0
k107_15411015 flag=1 multi=7.0000 len=5364	5364	8.89233	0	0	0	0	0	0	0	0	0	0	0	0	3.40735	4.83992	4.29297	5.68654	0	0	1.19202	1.40704	0	0	0	0
k107_24023342 flag=1 multi=7.0000 len=10288	10288	7.90817	0	0	0	0	0	0	0	0	0	0	0	0	4.40937	6.00821	2.73483	3.10383	0	0	0.76397	1.15437	0	0	0	0
k107_7615976 flag=1 multi=7.0000 len=3310	3310	6.74335	0	0	0	0	0	0	0	0	0	0	0	0	3.21011	4.02033	2.98438	2.75244	0	0	0.54887	0.821703	0	0	0	0
k107_3871890 flag=1 multi=6.0000 len=6164	6164	8.13903	0	0	0	0	0	0	0	0	0	0	0	0	4.29597	4.7067	3.12402	4.64259	0	0	0.719038	1.04599	0	0	0	0
k107_19733436 flag=1 multi=7.0000 len=5540	5540	8.40283	0	0	0	0	0	0	0	0	0.0280641	0.0279993	0	0	4.14719	5.60463	3.42192	5.02363	0	0	0.805651	0.819796	0	0	0	0
k107_23768653 flag=1 multi=9.0000 len=5089	5089	7.6737	0	0	0	0	0	0	0	0	0	0	0	0	3.81492	2.88004	3.48109	6.67526	0	0	0.37769	0.457209	0	0	0	0
k107_22009827 flag=1 multi=6.0000 len=6461	6461	7.01932	0	0	0	0	0	0	0	0	0	0	0	0	3.41289	5.06754	2.6165	2.81092	0	0	0.989933	0.882843	0	0	0	0
k107_15089935 flag=1 multi=7.0000 len=2878	2878	8.42197	0	0	0	0	0	0	0	0	0	0	0	0	3.27174	2.55868	4.85792	10.1267	0	0	0.292314	0.464201	0	0	0	0
k107_26861149 flag=0 multi=9.5454 len=3666	3666	7.53656	0	0	0	0	0	0	0	0	0	0	0	0	3.74108	2.75933	2.78805	4.28253	0	0	1.00743	0.929478	0	0	0	0
k107_21353356 flag=1 multi=8.0000 len=4577	4577	9.33918	0	0	0	0	0	0	0	0	0	0	0	0	4.65263	8.49547	3.83977	4.48164	0	0	0.846784	0.703314	0	0	0	0
k107_22132826 flag=1 multi=6.0000 len=3546	3546	6.10265	0	0	0	0	0	0	0	0	0	0	0	0	2.9701	3.11224	2.44575	2.7709	0	0	0.686806	0.743452	0	0	0	0
k107_24012037 flag=0 multi=6.1706 len=4883	4883	7.59616	0	0	0	0	0	0	0	0	0	0	0	0	3.82362	4.31345	3.35342	5.22886	0	0	0.419122	0.420947	0	0	0	0
k107_13822126 flag=1 multi=6.0000 len=3298	3298	7.96595	0	0	0	0	0	0	0	0	0	0	0	0	4.16088	5.03349	2.84913	4.12378	0	0	0.955941	0.964132	0	0	0	0
k107_5982401 flag=1 multi=7.0000 len=4483	4483	7.79742	0	0	0	0	0	0	0	0	0	0	0	0	3.78546	3.48346	3.26692	5.26333	0	0	0.745037	0.630442	0	0	0	0
k107_2322856 flag=1 multi=185.0000 len=3980	3980	8.9845	0.0821098	0.0753893	0	0	0	0	0	0	0	0	0	0	4.26971	5.16183	3.73083	6.84182	0	0	0.901849	0.993595	0	0	0	0
k107_16944168 flag=1 multi=6.0000 len=3284	3284	6.58484	0	0	0	0	0	0	0	0	0	0	0	0	3.0664	2.61977	2.74279	1.81607	0	0	0.775654	0.848804	0	0	0	0
k107_22028441 flag=1 multi=28.0000 len=5935	5935	7.25652	0	0	0	0	0	0	0	0	0	0	0	0	3.50417	3.229	3.14167	4.18336	0	0	0.610687	1.00032	0	0	0	0
k107_4641898 flag=1 multi=8.0000 len=7268	7268	7.53962	0	0	0	0	0	0	0	0	0	0	0	0	4.04206	5.4926	2.93497	3.97978	0	0	0.56259	0.639381	0	0	0	0
k107_34585455 flag=1 multi=7.0000 len=5144	5144	8.14168	0	0	0	0	0	0	0	0	0	0	0	0	4.36968	5.29129	3.01074	4.08679	0	0	0.761256	1.0371	0	0	0	0
k107_13882504 flag=1 multi=7.0000 len=9745	9745	8.07254	0	0	0	0	0	0	0	0	0	0	0	0	4.21053	5.73144	3.06492	4.63496	0	0	0.797098	1.62807	0	0	0	0
k107_7758059 flag=1 multi=8.0000 len=18699	18699	7.72001	0	0	0	0	0	0	0	0	0	0	0	0	4.11187	4.88449	2.84932	4.43921	0	0	0.758819	1.02509	0	0	0	0
k107_31788055 flag=1 multi=7.0000 len=6140	6140	7.39157	0	0	0	0	0	0	0	0	0	0	0	0	3.93234	3.43775	3.02518	3.59312	0	0	0.434053	0.668572	0	0	0	0
k107_24061227 flag=0 multi=6.0540 len=10262	10262	7.66576	0	0	0	0	0	0	0	0	0	0	0	0	3.77932	3.46811	3.08384	5.7707	0	0	0.80261	1.07969	0	0	0	0
k107_5846324 flag=1 multi=23.0000 len=4587	4587	6.21144	0	0	0	0	0	0	0	0	0	0	0	0	2.81704	2.47974	2.93722	1.9829	0	0	0.457176	0.781036	0	0	0	0
k107_5890861 flag=1 multi=6.0000 len=4646	4646	7.52532	0	0	0	0	0	0	0	0	0	0	0	0	3.86211	4.90897	2.59807	3.83682	0	0	1.06515	0.83723	0	0	0	0
k107_22238752 flag=1 multi=7.0000 len=8398	8398	7.34486	0	0	0	0	0	0	0	0	0	0	0	0	3.78953	5.86949	2.69788	3.76449	0	0	0.85746	1.02769	0	0	0	0
k107_1983189 flag=1 multi=11.0000 len=20027	20027	7.67645	0	0	0	0	0	0	0	0	0	0	0	0	3.94368	4.96613	3.05952	4.29731	0	0	0.673257	1.05711	0	0	0	0
k107_33242132 flag=1 multi=6.0000 len=4925	4925	6.89444	0	0	0	0	0	0	0	0	0	0	0	0	2.9801	3.31705	2.87173	3.96868	0	0	1.04261	1.11801	0	0	0	0
k107_28969428 flag=1 multi=8.0000 len=4037	4037	7.41606	0	0	0	0	0	0	0	0	0	0	0	0	3.82142	4.19038	2.4257	2.0482	0	0	1.16894	1.65373	0	0	0	0
k107_33355531 flag=0 multi=37.0424 len=4514	4514	8.91287	0	0	0	0	0	0	0	0	0	0	0	0	4.72887	6.76748	3.52422	4.35946	0	0	0.659782	1.04053	0	0	0	0
k107_16096114 flag=1 multi=6.0000 len=12024	12024	7.88244	0	0	0	0	0	0	0	0	0	0	0	0	4.00068	5.56059	3.1324	4.71912	0	0	0.74936	1.08759	0	0	0	0
k107_2121577 flag=1 multi=6.0000 len=7842	7842	7.72812	0	0	0	0	0	0	0	0	0	0	0	0	4.26406	3.90556	2.6447	3.66489	0	0	0.819363	0.841457	0	0	0	0
k107_33171222 flag=1 multi=7.0000 len=9543	9543	8.16557	0	0	0	0	0	0	0	0	0	0	0	0	3.84536	4.51123	3.57461	5.33404	0	0	0.74559	0.902492	0	0	0	0
k107_22065677 flag=1 multi=7.0000 len=10884	10884	6.99962	0	0	0	0	0	0	0	0	0	0	0	0	3.4725	3.79135	3.00095	3.24541	0	0	0.526177	0.481623	0	0	0	0
k107_3143303 flag=1 multi=9.0000 len=2672	2672	8.49662	0	0	0	0	0	0	0	0	0	0	0	0	3.97806	4.16937	4.12489	3.49833	0	0	0.393671	0.542314	0	0	0	0
k107_32506296 flag=1 multi=8.0000 len=15417	15417	8.41019	0	0	0	0	0	0	0	0	0	0	0	0	4.11757	5.17701	3.57519	4.54102	0	0	0.717433	0.880733	0	0	0	0
k107_14961892 flag=1 multi=6.0000 len=12269	12269	7.31286	0.00835631	0.0084551	0	0	0	0	0	0	0	0	0	0	3.74672	5.53385	2.87733	4.61423	0	0	0.680455	0.705864	0	0	0	0
k107_29593136 flag=0 multi=10.1293 len=6103	6103	8.93398	0	0	0	0	0	0	0	0	0	0	0	0	4.90071	6.8381	3.26806	4.49446	0	0	0.765213	0.841699	0	0	0	0
k107_30027697 flag=1 multi=9.0000 len=10212	10212	7.66519	0	0	0	0	0	0	0	0	0.0302725	0.0410415	0	0	3.89435	4.51393	2.91736	3.97336	0	0	0.823209	1.13455	0	0	0	0
k107_10261058 flag=1 multi=6.0000 len=4153	4153	7.58894	0	0	0	0	0	0	0	0	0	0	0	0	3.99974	3.32413	2.80551	3.06414	0	0	0.783693	1.70524	0	0	0	0
k107_2526349 flag=1 multi=6.0000 len=4293	4293	7.24756	0	0	0	0	0	0	0	0	0	0	0	0	3.52593	3.07927	2.92809	3.77723	0	0	0.793535	1.10867	0	0	0	0
k107_1179429 flag=0 multi=7.6362 len=9945	9945	7.96816	0	0	0	0	0	0	0	0	0	0	0	0	4.1877	5.12354	3.06067	3.8359	0	0	0.719797	1.11985	0	0	0	0
k107_28852117 flag=1 multi=6.0000 len=7524	7524	7.19399	0	0	0	0	0	0	0	0	0	0	0	0	3.64248	4.48583	2.73775	3.19805	0	0	0.813763	0.946903	0	0	0	0
k107_8666105 flag=1 multi=7.0000 len=10820	10820	7.8379	0	0	0	0	0	0	0	0	0	0	0	0	4.07463	6.74795	3.2182	3.40168	0	0	0.545066	0.820609	0	0	0	0
k107_187221 flag=1 multi=6.0000 len=9958	9958	6.3778	0	0	0	0	0	0	0	0	0	0	0	0	3.33637	4.22978	2.51118	3.45925	0	0	0.53024	0.677611	0	0	0	0
k107_26075166 flag=1 multi=8.0000 len=3630	3630	8.99549	0	0	0	0	0	0	0	0	0	0	0	0	4.60787	5.46527	3.3768	5.75875	0	0	1.01082	0.652379	0	0	0	0
k107_30840246 flag=0 multi=10.4552 len=7429	7429	6.92606	0	0	0	0	0	0	0	0	0	0	0	0	4.16066	4.37402	2.10074	2.89908	0	0	0.664656	0.805122	0	0	0	0
k107_18192365 flag=1 multi=5.0000 len=2781	2781	5.97499	0	0	0	0	0	0	0	0	0	0	0	0	3.38201	3.51681	2.13473	1.91385	0	0	0.458249	0.437289	0	0	0	0
k107_8107874 flag=1 multi=14.0000 len=22080	22080	7.68436	0	0	0	0	0	0	0	0	0	0	0	0	4.05129	4.46499	3.07443	4.81267	0	0	0.558637	0.707037	0	0	0	0
k107_6613054 flag=1 multi=7.0000 len=33289	33289	7.66002	0	0	0	0	0	0	0	0	0	0	0	0	3.91045	4.85991	2.99715	4.20457	0	0	0.752418	0.98797	0	0	0	0
k107_15709198 flag=1 multi=7.0000 len=3585	3585	7.00914	0	0	0	0	0	0	0	0	0	0	0	0	3.25343	3.28092	3.24368	4.69728	0	0	0.512032	0.812356	0	0	0	0
k107_18778513 flag=1 multi=6.0000 len=5472	5472	7.92476	0	0	0	0	0	0	0	0	0	0	0	0	4.06248	6.07954	3.09787	4.46725	0	0	0.76441	1.13064	0	0	0	0
k107_7540217 flag=0 multi=22.2295 len=3959	3959	8.61116	0	0	0	0	0	0	0	0	0	0	0	0	4.02598	4.38119	3.5953	5.98551	0	0	0.989882	1.18397	0	0	0	0
k107_21504322 flag=1 multi=6.0000 len=3813	3813	7.43008	0	0	0	0	0	0	0	0	0	0	0	0	4.30248	5.76659	2.46967	3.66867	0	0	0.657932	0.789042	0	0	0	0
k107_4429809 flag=1 multi=7.0000 len=12879	12879	8.50902	0	0	0	0	0	0	0	0	0	0	0	0	4.24791	5.47559	3.51729	4.80679	0	0	0.743818	1.05209	0	0	0	0
k107_8364680 flag=1 multi=7.0000 len=6457	6457	8.39123	0	0	0	0	0	0	0	0	0	0	0	0	4.55873	4.64662	2.87864	4.56076	0	0	0.953859	1.10088	0	0	0	0
k107_10200900 flag=0 multi=8.0326 len=15095	15095	7.62631	0	0	0	0	0	0	0	0	0	0	0	0	3.56953	4.66654	3.31231	4.06313	0	0	0.744474	1.22397	0	0	0	0
k107_4715264 flag=1 multi=5.0000 len=3976	3976	6.66086	0	0	0	0	0	0	0	0	0	0	0	0	2.773	1.20448	3.51769	2.85574	0	0	0.370169	0.385272	0	0	0	0
k107_23780274 flag=1 multi=7.0000 len=10546	10546	8.53729	0	0	0	0	0	0	0	0	0.058278	0.0791173	0	0	4.23555	5.17246	3.49434	5.81386	0	0	0.749121	1.02363	0	0	0	0
k107_30165619 flag=1 multi=8.0000 len=2866	2866	8.21685	0	0	0	0	0	0	0	0	0	0	0	0	4.54446	6.91618	3.14392	4.05339	0	0	0.528471	0.499683	0	0	0	0
k107_28635215 flag=1 multi=5.0000 len=2542	2542	3.92277	0	0	0	0	0	0	0	0	0	0	0	0	3.72277	5.46591	0	0	0	0	0	0	0.2	0.162921	0	0
k107_15768262 flag=0 multi=31.0110 len=12371	12371	7.3876	0	0	0.0243599	0.0244127	0.346839	1.66281	0	0	0	0	0	0	3.32778	4.4448	2.96172	5.49715	0	0	0.726904	1.05593	0	0	0	0
k107_2049865 flag=1 multi=8.0000 len=15441	15441	7.81954	0	0	0	0	0	0	0	0	0	0	0	0	3.98824	4.20992	3.26343	4.54202	0.00990818	0.00988115	0.557963	0.741506	0	0	0	0
k107_5556406 flag=1 multi=17.0000 len=3329	3329	6.50314	0	0	0	0	0	0	0	0	0	0	0	0	2.85464	2.14005	3.20119	4.29549	0	0	0.447308	0.532983	0	0	0	0
k107_9451443 flag=0 multi=11.1395 len=2981	2981	7.72938	0	0	0	0	0	0	0	0	0	0	0	0	4.19037	5.7683	2.69504	3.72676	0	0	0.843972	1.00674	0	0	0	0
k107_14115701 flag=1 multi=7.0000 len=11234	11234	7.19521	0	0	0	0	0	0	0	0	0	0	0	0	3.56248	5.06049	2.98289	3.73264	0	0	0.649835	0.907652	0	0	0	0
k107_7409896 flag=1 multi=8.0000 len=2673	2673	8.2674	0	0	0	0	0	0	0	0	0	0	0	0	3.71404	5.32332	3.4728	3.32888	0	0	1.08056	1.82271	0	0	0	0
k107_13177227 flag=1 multi=9.0000 len=20125	20125	8.36397	0	0	0	0	0	0	0	0	0	0	0	0	4.25491	4.73744	3.22741	4.6374	0	0	0.881653	0.999667	0	0	0	0
k107_232206 flag=1 multi=7.0000 len=3686	3686	8.01241	0	0	0	0	0	0	0	0	0	0	0	0	4.22902	5.34625	2.763	3.0007	0	0	1.02039	1.91148	0	0	0	0
k107_27958055 flag=1 multi=5.0000 len=4296	4296	7.06209	0	0	0	0	0	0	0	0	0	0	0	0	3.52328	2.86995	2.79369	5.0898	0	0	0.745118	0.622092	0	0	0	0
k107_26399107 flag=1 multi=6.0000 len=16721	16721	7.88513	0	0	0	0	0	0	0	0	0	0	0	0	4.09312	3.66273	3.20013	5.0835	0	0	0.591875	0.875362	0	0	0	0
k107_9642694 flag=1 multi=6.0000 len=3627	3627	6.96271	0	0	0	0	0	0	0	0	0	0	0	0	4.01684	4.04765	2.58256	4.09434	0	0	0.363308	0.493714	0	0	0	0
k107_31755650 flag=1 multi=7.0170 len=33165	33165	7.78718	0	0	0.00447312	0.00456808	0	0	0	0	0.00897666	0.00911017	0	0	3.77899	4.37307	3.16353	4.38787	0	0	0.831208	1.26728	0	0	0	0
k107_22753113 flag=1 multi=7.0000 len=4115	4115	7.85497	0	0	0	0	0	0	0	0	0	0	0	0	3.30999	4.6648	4.0139	4.14508	0.0723839	0.102385	0.458694	0.468319	0	0	0	0
k107_28746245 flag=1 multi=7.0000 len=5381	5381	8.20004	0	0	0	0	0	0	0	0	0	0	0	0	3.78913	5.79219	3.45285	4.18159	0	0	0.958063	0.938381	0	0	0	0
k107_25373956 flag=1 multi=7.0000 len=7416	7416	7.25344	0	0	0	0	0	0	0	0	0	0	0	0	3.21591	2.58353	3.2429	5.1973	0	0	0.79463	0.901014	0	0	0	0
k107_9776141 flag=1 multi=7.0000 len=8452	8452	8.15975	0	0	0	0	0	0	0	0	0	0	0	0	3.9184	4.03016	3.66785	4.01112	0	0	0.573497	0.655837	0	0	0	0
k107_13349767 flag=0 multi=8.9789 len=3812	3812	7.21424	0	0	0	0	0	0	0	0	0	0	0	0	3.76467	2.56487	2.67863	2.06238	0	0	0.77094	0.644887	0	0	0	0
k107_23407323 flag=1 multi=7.0000 len=5767	5767	7.82855	0	0	0	0	0	0	0	0	0	0	0	0	3.54785	4.37033	3.71912	4.14372	0	0	0.561574	0.727895	0	0	0	0
k107_31412869 flag=0 multi=6.0076 len=7429	7429	6.92549	0	0	0	0	0	0	0	0	0	0	0	0	3.15069	3.06627	2.92241	4.13577	0	0	0.852392	1.04208	0	0	0	0
k107_14912228 flag=1 multi=6.0000 len=3238	3238	7.55518	0	0	0	0	0	0	0	0	0	0	0	0	4.18631	5.92483	2.64952	3.43309	0	0	0.719346	0.52124	0	0	0	0
k107_25701422 flag=1 multi=9.0000 len=24549	24549	7.36141	0	0	0	0	0	0	0	0	0	0	0	0	3.53722	4.29324	3.10616	4.5704	0	0	0.718027	0.935408	0	0	0	0
k107_30477358 flag=1 multi=6.0000 len=15308	15308	7.19779	0	0	0	0	0	0	0	0	0	0	0	0	3.5825	5.21608	3.04272	3.92159	0	0	0.572571	0.706063	0	0	0	0
k107_10066833 flag=1 multi=7.0000 len=2890	2890	7.6619	0	0	0	0	0	0	0	0	0	0	0	0	3.77087	4.2867	3.15417	2.72845	0	0	0.736862	1.5163	0	0	0	0
k107_4888909 flag=0 multi=9.2641 len=8758	8758	7.88694	0	0	0	0	0	0	0	0	0	0	0	0	3.74137	4.30376	3.43224	3.75846	0	0	0.71334	0.952762	0	0	0	0
k107_31593391 flag=1 multi=6.0000 len=12631	12631	7.54368	0	0	0	0	0	0	0	0	0	0	0	0	4.07641	5.16646	2.59267	2.97143	0	0	0.874605	1.20849	0	0	0	0
k107_2105290 flag=1 multi=7.0000 len=6513	6513	8.37546	0	0	0	0	0	0	0	0	0	0	0	0	4.08276	5.48118	3.39478	3.46839	0	0	0.897923	0.911295	0	0	0	0
k107_3709338 flag=1 multi=8.0000 len=9527	9527	6.81713	0	0	0	0	0	0	0	0	0	0	0	0	3.09626	4.21381	2.89268	2.88506	0	0	0.828184	0.795836	0	0	0	0
k107_3145672 flag=1 multi=8.6580 len=17346	17346	7.53162	0	0	0	0	0	0	0	0	0	0	0	0	3.63448	3.79187	3.24695	4.35782	0	0	0.650199	0.836484	0	0	0	0
k107_19644057 flag=1 multi=6.0000 len=4916	4916	6.97659	0	0	0	0	0	0	0	0	0	0	0	0	3.373	4.51143	3.01582	3.40521	0	0	0.587776	0.904576	0	0	0	0
k107_20215918 flag=1 multi=7.0000 len=3118	3118	8.13601	0	0	0	0	0	0	0	0	0	0	0	0	4.56143	6.88443	3.09304	2.41125	0	0	0.481534	0.499167	0	0	0	0
k107_16979791 flag=1 multi=6.0000 len=3917	3917	8.13084	0	0	0	0	0	0	0	0	0	0	0	0	4.07441	2.41653	3.31535	5.20706	0	0	0.741079	0.598712	0	0	0	0
k107_17402388 flag=1 multi=12.0000 len=4512	4512	7.29762	0	0	0	0	0	0	0	0	0	0	0	0	3.71544	4.05018	3.04537	3.61435	0	0	0.536817	0.539885	0	0	0	0
k107_28565935 flag=1 multi=7.0000 len=5214	5214	7.21336	0	0	0	0	0	0	0	0	0	0	0	0	3.28766	3.08991	3.12378	5.10606	0	0	0.801914	2.0082	0	0	0	0
k107_16618895 flag=1 multi=6.0000 len=3637	3637	7.5979	0	0	0	0	0	0	0	0	0	0	0	0	4.1955	3.47581	2.81409	5.36953	0	0	0.588306	0.869684	0	0	0	0
k107_35197407 flag=1 multi=7.0000 len=12210	12210	7.88915	0	0	0	0	0	0	0	0	0	0	0	0	3.85119	4.99535	3.3281	4.8594	0	0	0.709859	0.979136	0	0	0	0
k107_9528105 flag=1 multi=8.0000 len=4268	4268	9.1939	0	0	0	0	0	0	0	0	0	0	0	0	4.27206	3.38651	4.2002	5.49746	0	0	0.721634	1.05158	0	0	0	0
k107_14083345 flag=0 multi=13.5457 len=2916	2916	6.81484	0	0	0	0	0	0	0	0	0	0	0	0	2.94032	5.0457	2.96901	4.0736	0	0	0.905509	1.56985	0	0	0	0
k107_16979697 flag=1 multi=7.0000 len=14238	14238	7.06114	0	0	0	0	0	0	0	0	0	0	0	0	3.48852	4.37003	2.87077	3.17081	0	0	0.701851	1.09386	0	0	0	0
k107_3141608 flag=1 multi=7.0000 len=9575	9575	8.09328	0	0	0	0	0	0	0	0	0	0	0	0	4.01154	6.11955	3.43136	4.59417	0	0	0.650383	1.11313	0	0	0	0
k107_12457212 flag=1 multi=7.0000 len=7759	7759	7.86898	0	0	0	0	0	0	0	0	0	0	0	0	4.2438	5.42182	2.88856	2.62263	0	0	0.736623	1.26446	0	0	0	0
k107_4399055 flag=1 multi=8.0000 len=7825	7825	8.4037	0	0	0	0	0	0	0	0	0	0	0	0	3.92583	3.44716	3.51655	3.85506	0	0	0.961319	1.35992	0	0	0	0
k107_19383889 flag=1 multi=11.4818 len=9740	9740	9.44247	0	0	0	0	0	0	0	0	0	0	0	0	4.7082	7.04521	3.76436	5.01916	0	0	0.969909	1.26708	0	0	0	0
k107_28740341 flag=1 multi=7.0000 len=2973	2973	8.10595	0	0	0	0	0	0	0	0	0	0	0	0	4.34706	5.76406	3.20217	3.14886	0	0	0.55672	0.647932	0	0	0	0
k107_28543061 flag=1 multi=7.0000 len=9971	9971	8.01934	0	0	0	0	0	0	0	0	0	0	0	0	4.38318	5.42511	3.0573	4.89808	0	0	0.57886	0.885513	0	0	0	0
k107_907201 flag=1 multi=9.0000 len=2742	2742	8.91598	0	0	0	0	0	0	0	0	0	0	0	0	4.84672	5.09115	3.5873	6.38986	0	0	0.481967	0.39575	0	0	0	0
k107_16689223 flag=1 multi=6.0000 len=17372	17372	7.31523	0	0	0	0	0	0	0	0	0	0	0	0	3.65495	4.14694	2.99192	4.16518	0	0	0.668366	0.896339	0	0	0	0
k107_19685823 flag=1 multi=6.0000 len=3024	3024	7.07531	0	0	0.110948	0.108224	0	0	0	0	0	0	0	0	3.83725	4.00653	2.37766	2.22757	0	0	0.749449	0.641908	0	0	0	0
k107_15354201 flag=1 multi=101.0000 len=5839	5839	8.21708	0	0	0	0	0	0	0	0	0	0	0	0	4.22196	6.01707	3.23334	5.54196	0	0	0.761784	1.67834	0	0	0	0
k107_17435198 flag=0 multi=6.0843 len=3725	3725	6.74905	0	0	0	0	0	0	0	0	0	0	0	0	3.40462	6.85659	2.82004	3.71092	0	0	0.524394	0.702369	0	0	0	0
k107_8023652 flag=1 multi=6.0000 len=3649	3649	7.55692	0	0	0	0	0	0	0	0	0	0	0	0	4.41022	5.94319	2.45563	4.38018	0	0	0.691067	0.994458	0	0	0	0
k107_8258639 flag=1 multi=7.0000 len=4769	4769	7.27826	0	0	0	0	0	0	0	0	0	0	0	0	3.94426	4.42658	2.86098	2.51436	0	0	0.473024	0.659996	0	0	0	0
k107_17358389 flag=1 multi=7.0000 len=9100	9100	7.84076	0	0	0	0	0	0	0	0	0	0	0	0	3.85895	3.98916	2.98318	2.8222	0	0	0.998636	1.10925	0	0	0	0
k107_19161959 flag=1 multi=7.0000 len=3983	3983	7.09074	0	0	0	0	0	0	0	0	0	0	0	0	3.56099	2.80342	3.17169	4.1797	0	0	0.358055	0.298385	0	0	0	0
k107_1093989 flag=1 multi=8.0000 len=10842	10842	8.04213	0	0	0	0	0	0	0	0	0	0	0	0	3.88605	5.43473	3.14194	3.42551	0	0	1.01414	1.03575	0	0	0	0
k107_32392204 flag=0 multi=11.6191 len=3095	3095	7.81955	0	0	0	0	0	0	0	0	0	0	0	0	4.50054	5.94439	3.10276	4.36582	0	0	0.216255	0.264817	0	0	0	0
k107_20388864 flag=1 multi=8.0000 len=5715	5715	8.60059	0	0	0	0	0	0	0	0	0	0	0	0	4.20913	5.8702	3.40643	3.83873	0	0	0.985036	1.083	0	0	0	0
k107_18457419 flag=1 multi=7.0000 len=9692	9692	8.09286	0	0	0	0	0	0	0	0	0	0	0	0	4.95197	8.62954	2.52215	3.68183	0	0	0.618743	0.762013	0	0	0	0
k107_6867288 flag=0 multi=7.0066 len=12457	12457	7.18799	0	0	0	0	0	0	0	0	0	0	0	0	3.88902	4.13754	2.7907	3.43032	0	0	0.508268	0.665091	0	0	0	0
k107_1183535 flag=0 multi=12.0887 len=4301	4301	9.11928	0	0	0	0	0	0	0	0	0	0	0	0	5.46987	6.47741	3.19655	5.18131	0	0	0.452863	0.444965	0	0	0	0
k107_25980333 flag=1 multi=6.0000 len=21394	21394	7.40219	0	0	0	0	0	0	0	0	0	0	0	0	3.86668	4.59538	2.8499	4.08812	0	0	0.685615	0.947222	0	0	0	0
k107_2367648 flag=0 multi=10.4039 len=3709	3709	8.20223	0	0	0	0	0	0	0	0	0	0	0	0	3.84796	4.56454	3.34018	5.43954	0	0	1.01409	1.03497	0	0	0	0
