contigName	contigLen	totalAvgDepth	Cen01_MA.bam	Cen01_MA.bam-var	Cen03_MA.bam	Cen03_MA.bam-var	Cen04_MA.bam	Cen04_MA.bam-var	Cen05_MA.bam	Cen05_MA.bam-var	Cen06_MA.bam	Cen06_MA.bam-var	Cen07_MA.bam	Cen07_MA.bam-var	Cen10_MA.bam	Cen10_MA.bam-var	Cen12_MA.bam	Cen12_MA.bam-var	Cen14_MA.bam	Cen14_MA.bam-var	Cen15_MA.bam	Cen15_MA.bam-var	Cen16_MA.bam	Cen16_MA.bam-var	Cen17_MA.bam	Cen17_MA.bam-var
k107_1415491 flag=0 multi=32.0000 len=20811	20811	39.2574	0	0	39.2574	76.26	0	0	0	0	0	0	0	0	0	0	0	0	0	0	0	0	0	0	0	0
k107_7758448 flag=0 multi=34.2011 len=179854	179854	36.7929	0.0100361	0.0139045	36.7721	65.0239	0.00741846	0.0106127	0	0	0	0	0.00333051	0.00497887	0	0	0	0	0	0	0	0	0	0	0	0
k107_8679345 flag=0 multi=33.4483 len=30118	30118	38.2691	0	0	38.254	64.3273	0.0100617	0.0168657	0	0	0.00496378	0.00504039	0	0	0	0	0	0	0	0	0	0	0	0	0	0
k107_28805566 flag=0 multi=41.0274 len=37907	37907	38.9788	0.00396224	0.00399924	38.9701	72.512	0	0	0	0	0.0047866	0.00869955	0	0	0	0	0	0	0	0	0	0	0	0	0	0
k107_2470745 flag=0 multi=41.6311 len=38140	38140	36.8845	0.00798139	0.0108238	36.8568	53.5632	0.00784925	0.011034	0	0	0	0	0.00798139	0.0123571	0	0	0	0	0	0	0	0	0	0	0.00391141	0.00397426
k107_3162105 flag=0 multi=38.1352 len=23731	23731	40.1515	0.00627428	0.00640396	40.0958	79.0746	0.0188655	0.0294621	0	0	0.0125912	0.0127252	0	0	0	0	0	0	0	0	0	0	0	0	0.0179692	0.0301721
k107_3813085 flag=0 multi=38.5693 len=320445	320445	37.4263	0.00564123	0.00615262	37.4113	67.6567	0.00323605	0.00363145	0.00186479	0.00326873	0	0	0.00328916	0.00482041	0	0	0	0	0.000937081	0.00124826	0	0	0	0	0	0
k107_16346351 flag=0 multi=41.0087 len=26106	26106	38.0067	0	0	37.9895	59.9341	0.00581305	0.00581495	0	0	0	0	0.0114323	0.0162542	0	0	0	0	0	0	0	0	0	0	0	0
k107_2064055 flag=0 multi=35.2370 len=156325	156325	38.1529	0.00576197	0.00765001	38.1319	70.2036	0.00569788	0.00772361	0	0	0.00188434	0.00383872	0.00387122	0.00384441	0	0	0	0	0	0	0	0	0	0	0.0037879	0.00563229
k107_18393525 flag=0 multi=42.9897 len=14507	14507	40.2108	0.0212601	0.0243346	40.1896	77.919	0	0	0	0	0	0	0	0	0	0	0	0	0	0	0	0	0	0	0	0
k107_3375449 flag=0 multi=43.8896 len=264640	264640	40.9615	0.00910198	0.0123757	40.9322	88.039	0.0089431	0.0119483	0.000559889	0.000570885	0.000556106	0.000570883	0.00396462	0.00622035	0.00113869	0.00114046	0.000556106	0.000570885	0	0	0.00112356	0.00223814	0	0	0.0033442	0.00512072
k107_17515734 flag=0 multi=37.0085 len=203640	203640	40.1459	0.0111194	0.020129	40.1231	73.0548	0.00947191	0.0124811	0	0	0.000722934	0.00074155	0.00148521	0.00196292	0	0	0	0	0	0	0	0	0	0	0	0
k107_4527272 flag=0 multi=40.6487 len=138915	138915	36.92	0.00757505	0.00905864	36.8919	64.9092	0.00641354	0.00649738	0	0	0.00212823	0.00336708	0.00870048	0.0131197	0	0	0.00217873	0.00414731	0	0	0	0	0	0	0.00107494	0.00108763
k107_5765434 flag=0 multi=42.9984 len=172166	172166	36.7101	0.00351441	0.00577376	36.6987	59.9241	0.00343877	0.00349371	0	0	0	0	0.00438137	0.00443526	0	0	0	0	0	0	0	0	0	0	0	0
k107_2022929 flag=0 multi=36.0075 len=95530	95530	38.2816	0.00632167	0.0063114	38.2705	66.2244	0.00154366	0.00158184	0	0	0.00317134	0.0054079	0	0	0	0	0	0	0	0	0	0	0	0	0	0
k107_1304473 flag=0 multi=31.3414 len=69049	69049	37.5362	0.00437837	0.00708652	37.5166	69.5035	0.00644392	0.010923	0.00439292	0.00438112	0	0	0.00439292	0.00635857	0	0	0	0	0	0	0	0	0	0	0	0
k107_26694666 flag=0 multi=35.9607 len=76672	76672	38.6889	0.0137489	0.0184821	38.6516	81.7032	0.0156737	0.0219781	0.00394134	0.0044725	0	0	0	0	0	0	0.00395443	0.006674	0	0	0	0	0	0	0	0
k107_17534727 flag=0 multi=34.9984 len=212729	212729	37.9044	0.00423675	0.00643441	37.8903	66.5351	0.0048958	0.00494882	0	0	0	0	0.00425558	0.00565528	0	0	0	0	0	0	0	0	0	0	0.000692002	0.000710243
k107_23466275 flag=0 multi=27.5427 len=168164	168164	33.7392	0.00179314	0.00179276	33.732	56.1363	0	0	0	0	0	0	0.00358628	0.0063659	0	0	0	0	0.0017991	0.00256862	0	0	0	0	0	0
k107_2714712 flag=0 multi=38.0001 len=221579	221579	36.689	0.0033849	0.00442915	36.6762	69.8395	0.00401307	0.00407834	0.00136481	0.00136258	0.00136029	0.00165082	0.00272057	0.00370063	0	0	0	0	0	0	0	0	0	0	0	0
k107_2380299 flag=0 multi=41.0021 len=94242	94242	36.7589	0.0112519	0.0164234	36.7285	64.6262	0.00945284	0.00970669	0	0	0	0	0.00964445	0.0128631	0	0	0	0	0	0	0	0	0	0	0	0
k107_9666173 flag=0 multi=74.9914 len=16681	16681	37.6889	0	0	37.6889	61.5361	0	0	0	0	0	0	0	0	0	0	0	0	0	0	0	0	0	0	0	0
k107_1310163 flag=0 multi=29.0032 len=15152	15152	34.9403	0	0	34.92	40.9341	0	0	0	0	0	0	0.0203367	0.0351555	0	0	0	0	0	0	0	0	0	0	0	0
k107_8320043 flag=0 multi=35.8877 len=289183	289183	37.773	0.00365548	0.00425879	37.7548	64.9891	0.00308085	0.00397639	0	0	0	0	0.0114892	0.0173637	0	0	0	0	0	0	0	0	0	0	0	0
k107_6667400 flag=0 multi=39.7559 len=201930	201930	37.3899	0.00372468	0.00372283	37.3751	65.6342	0.00146309	0.00183111	0	0	0.000729065	0.000732997	0.00748408	0.0139461	0	0	0	0	0	0	0	0	0	0	0.00145813	0.00149352
k107_5767797 flag=0 multi=37.5494 len=138935	138935	37.5426	0.00540997	0.00723084	37.5219	68.7125	0.00748018	0.00947988	0	0	4.32797e-05	7.2123e-05	0.00652803	0.00827538	0	0	0.000209185	0.000237927	0	0	0	0	0	0	0.00106757	0.00108701
k107_31991414 flag=0 multi=43.0000 len=62068	62068	35.835	0.0122236	0.0172476	35.7985	61.4897	0.00237995	0.00243571	0	0	0	0	0.0219376	0.0329523	0	0	0	0	0	0	0	0	0	0	0	0
k107_28987011 flag=0 multi=33.2686 len=32194	32194	37.4191	0.0234542	0.0343376	37.3864	70.6023	0.00921861	0.0153386	0	0	0	0	0	0	0	0	0	0	0	0	0	0	0	0	0	0
k107_18863714 flag=0 multi=34.0016 len=95680	95680	37.2036	0.00158317	0.00157907	37.1989	62.541	0	0	0	0	0	0	0.00316635	0.00543746	0	0	0	0	0	0	0	0	0	0	0	0
k107_6588379 flag=0 multi=30.0518 len=17581	17581	39.1778	0	0	39.1778	67.7879	0	0	0	0	0	0	0	0	0	0	0	0	0	0	0	0	0	0	0	0
k107_28017454 flag=0 multi=35.5899 len=229105	229105	35.9562	0.003951	0.00564257	35.934	64.6929	0.00324296	0.00376804	0.00388981	0.00863183	0.00390729	0.00854442	0.00525343	0.00605294	0.000659956	0.000659113	0	0	0.00131991	0.00262795	0	0	0	0	0	0
k107_20550719 flag=0 multi=31.0587 len=6102	6102	39.6314	0.0258621	0.0253579	39.6055	60.5753	0	0	0	0	0	0	0	0	0	0	0	0	0	0	0	0	0	0	0	0
k107_16387689 flag=0 multi=41.0043 len=66661	66661	36.217	0.00681143	0.00763246	36.1921	60.0077	0	0	0.00453593	0.00453056	0	0	0.0136229	0.031437	0	0	0	0	0	0	0	0	0	0	0	0
k107_30573891 flag=0 multi=41.0179 len=154663	154663	38.3987	0.00779342	0.0110866	38.3793	61.4009	0.00574627	0.00679439	0	0	0	0	0.00584992	0.0106871	0	0	0	0	0	0	0	0	0	0	0	0
k107_21748306 flag=0 multi=43.3565 len=170341	170341	37.6711	0.0105917	0.0137543	37.6544	65.8817	0.00611624	0.00765563	0	0	0	0	0	0	0	0	0	0	0	0	0	0	0	0	0	0
k107_31489937 flag=0 multi=35.0202 len=50781	50781	37.641	0	0	37.635	62.5656	0	0	0	0	0	0	0.00598269	0.00990706	0	0	0	0	0	0	0	0	0	0	0	0
k107_31241803 flag=0 multi=38.0045 len=126838	126838	37.2941	0.00592717	0.00795008	37.2834	73.4841	0	0	0	0	0	0	0.00475754	0.00669604	0	0	0	0	0	0	0	0	0	0	0	0
k107_18894744 flag=0 multi=37.3911 len=54581	54581	38.2927	0.00270823	0.00277694	38.257	63.1928	0.0163415	0.0245266	0	0	0	0	0.0166731	0.022926	0	0	0	0	0	0	0	0	0	0	0	0
k107_20028034 flag=0 multi=39.9223 len=98389	98389	37.6335	0.00461835	0.00459739	37.5933	64.3309	0.0201964	0.0395928	0	0	0.00149867	0.00153478	0.0123156	0.0205003	0	0	0	0	0	0	0	0	0	0	0.00149867	0.00153677
k107_25041062 flag=0 multi=71.0000 len=34383	34383	38.6247	0	0	38.6115	73.0858	0	0	0.0088319	0.0143697	0.00431325	0.00440692	0	0	0	0	0	0	0	0	0	0	0	0	0	0
k107_13442738 flag=0 multi=30.0111 len=190467	190467	36.0794	0.0079247	0.00966922	36.0613	59.0058	0.00622617	0.00912372	0	0	0	0	0.00317619	0.00408343	0	0	0	0	0	0	0	0	0	0	0.00078353	0.000792946
k107_7097425 flag=0 multi=41.2385 len=130867	130867	38.6076	0.00803431	0.00948132	38.5835	67.7456	0.00339295	0.00345189	0.0034389	0.00448208	0	0	0.00919848	0.0129502	0	0	0	0	0	0	0	0	0	0	0	0
k107_33704087 flag=0 multi=68.0000 len=12537	12537	39.9751	0	0	39.9504	91.2693	0	0	0	0	0	0	0.0246833	0.0240763	0	0	0	0	0	0	0	0	0	0	0	0
k107_29376313 flag=0 multi=34.0233 len=2507	2507	36.7501	0	0	36.7501	63.0764	0	0	0	0	0	0	0	0	0	0	0	0	0	0	0	0	0	0	0	0
k107_3261296 flag=0 multi=158.6901 len=3147	3147	29.0158	0	0	28.3062	88.4254	0	0	0.709666	0.968699	0	0	0	0	0	0	0	0	0	0	0	0	0	0	0	0
