contigName	contigLen	totalAvgDepth	Cen01_MA.bam	Cen01_MA.bam-var	Cen03_MA.bam	Cen03_MA.bam-var	Cen04_MA.bam	Cen04_MA.bam-var	Cen05_MA.bam	Cen05_MA.bam-var	Cen06_MA.bam	Cen06_MA.bam-var	Cen07_MA.bam	Cen07_MA.bam-var	Cen10_MA.bam	Cen10_MA.bam-var	Cen12_MA.bam	Cen12_MA.bam-var	Cen14_MA.bam	Cen14_MA.bam-var	Cen15_MA.bam	Cen15_MA.bam-var	Cen16_MA.bam	Cen16_MA.bam-var	Cen17_MA.bam	Cen17_MA.bam-var
k107_11922908 flag=0 multi=35.0617 len=145582	145582	38.8121	0.00165887	0.0068152	0.000557544	0.00101803	0.00145925	0.00513704	0	0	0	0	0.00118392	0.00285346	0	0	0	0	0	0	0.000261564	0.000688147	38.7945	53.4303	0.0124862	0.0323054
k107_696158 flag=0 multi=38.9993 len=151106	151106	40.7567	0	0	0	0	0	0	0	0	0	0	0	0	0	0	0	0	0	0	0	0	40.7488	63.3328	0.00795735	0.00869684
k107_10206493 flag=0 multi=53.6694 len=21745	21745	38.9952	0	0	0	0	0	0	0	0	0	0	0	0	0	0	0	0	0	0	0	0	38.9902	50.3007	0.00494334	0.00533747
k107_3535591 flag=0 multi=36.0763 len=23488	23488	39.5211	0	0	0	0	0	0	0	0	0	0	0	0	0	0	0	0	0	0	0	0	39.5082	66.3302	0.0128526	0.0128558
k107_5796170 flag=0 multi=35.1783 len=8397	8397	41.7935	0	0	0	0	0	0	0	0	0	0	0	0	0	0	0	0	0	0	0	0	41.7935	65.2327	0	0
k107_19135629 flag=0 multi=33.0008 len=55985	55985	40.4301	0	0	0	0	0	0	0	0	0	0	0	0	0	0	0	0	0	0	0	0	40.4086	54.2488	0.0215146	0.027475
k107_377434 flag=0 multi=34.9969 len=20383	20383	40.511	0	0	0	0	0	0	0	0	0	0	0	0	0	0	0	0	0	0	0	0	40.5035	55.4636	0.00751955	0.00746439
k107_8679713 flag=0 multi=32.0086 len=52219	52219	38.8839	0	0	0.000308184	0.00157889	0	0	0.000115569	0.000192545	0	0	0	0	0	0	0	0	0	0	0	0	38.8805	53.4817	0.00290849	0.00290393
k107_9837628 flag=0 multi=15.0337 len=7118	7118	17.966	0	0	0	0	0	0	0	0	0	0	0	0	0	0	0	0	0	0	0	0	17.966	25.9688	0	0
k107_324737 flag=0 multi=32.0240 len=87519	87519	39.4208	0	0	0	0	0	0	0	0	0	0	0	0	0	0	0	0	0	0	0	0	39.4087	55.5651	0.0120275	0.0123774
k107_12292177 flag=0 multi=34.9897 len=13262	13262	42.6663	0	0	0	0	0	0	0	0	0	0	0	0	0	0	0	0	0	0	0	0	42.6199	62.6105	0.0463735	0.0641978
k107_8891808 flag=0 multi=32.3387 len=10787	10787	41.0172	0	0	0	0	0	0	0	0	0	0	0	0	0	0	0	0	0	0	0	0	40.9884	47.2472	0.0288031	0.0279732
k107_5105312 flag=0 multi=33.9123 len=626791	626791	41.0706	0	0	0	0	0.000236237	0.000240923	0	0	0	0	0.00117799	0.00544845	0	0	0	0	0	0	0	0	41.056	58.3482	0.0131351	0.0153266
k107_24671780 flag=0 multi=34.0387 len=151142	151142	40.8852	0	0	0	0	0	0	0.00199549	0.00302915	0.00200212	0.00199605	0	0	0	0	0	0	0	0	0	0	40.8663	59.7955	0.014943	0.0164025
k107_1322210 flag=0 multi=38.6662 len=102650	102650	40.9614	0	0	0	0	0	0	0	0	0	0	0	0	0	0	0	0	0	0	0	0	40.9454	57.3919	0.0160433	0.0210541
k107_20425117 flag=0 multi=32.0279 len=33660	33660	40.7375	0	0	0	0	0	0	0	0	0	0	0	0	0	0	0	0	0	0	0	0	40.733	49.3306	0.00449667	0.00450535
k107_9072219 flag=0 multi=37.0926 len=4320	4320	44.5968	0	0	0	0	0	0	0	0	0	0	0	0	0	0	0	0	0	0	0	0	44.5968	58.4191	0	0
k107_35074654 flag=0 multi=32.0172 len=24758	24758	39.6229	0	0	0	0	0	0	0	0	0	0	0	0	0	0	0	0	0	0	0	0	39.6108	46.3909	0.0121443	0.018903
k107_17484736 flag=0 multi=32.0055 len=16560	16560	38.2432	0	0	0	0	0	0	0	0	0	0	0	0	0	0	0	0	0	0	0	0	38.2432	44.9262	0	0
k107_21467050 flag=0 multi=35.5562 len=25067	25067	41.2303	0	0	0	0	0	0	0	0	0	0	0	0	0	0	0	0	0	0	0	0	41.2063	61.6741	0.0239855	0.0237927
k107_18291205 flag=0 multi=32.7564 len=60085	60085	40.0092	0	0	0	0	0	0	0	0	0	0	0	0	0	0	0	0	0	0	0	0	39.9942	56.0721	0.0149875	0.0157708
k107_26897730 flag=0 multi=32.1072 len=11166	11166	42.6437	0	0	0	0	0	0	0	0	0	0	0	0	0	0	0	0	0	0	0	0	42.6299	45.524	0.0138071	0.0137119
k107_24934365 flag=0 multi=29.9655 len=18665	18665	40.5975	0	0	0	0	0	0	0	0	0	0	0	0	0	0	0	0	0	0	0	0	40.5812	62.288	0.0163372	0.0168307
k107_4845899 flag=0 multi=34.0090 len=129543	129543	41.2564	0	0	0	0	0	0	0	0	0	0	0	0	0	0	0	0	0	0	0	0	41.2436	60.2414	0.0127901	0.01485
k107_9487078 flag=0 multi=162.7600 len=5448	5448	41.2621	0	0	0	0	0	0	0	0	0	0	0	0	0	0	0	0	0	0	0	0	41.2621	88.3104	0	0
k107_12104180 flag=0 multi=36.7277 len=31684	31684	39.4989	0	0	0	0	0	0	0	0	0	0	0	0	0	0	0	0	0	0	0	0	39.4989	61.4993	0	0
k107_22778822 flag=0 multi=33.2761 len=39787	39787	41.2769	0	0	0	0	0	0	0	0	0	0	0	0	0	0	0	0	0	0	0	0	41.258	58.8448	0.0188679	0.0251896
k107_17240781 flag=0 multi=33.0025 len=173018	173018	41.2386	0	0	0	0	0	0	0	0	0	0	0	0	0	0	0	0	0	0	0	0	41.2247	56.0287	0.0139072	0.0156479
k107_31761169 flag=0 multi=53.1290 len=10119	10119	38.5236	0	0	0	0	0	0	0	0	0	0	0	0	0	0	0	0	0	0	0	0	38.493	38.9229	0.0305592	0.0332834
k107_30736379 flag=0 multi=36.1403 len=285048	285048	39.5561	0	0	0	0	0	0	0	0	0	0	0	0	0	0	0	0	0	0	0	0	39.5472	57.0891	0.00892374	0.0104246
k107_14376890 flag=0 multi=34.0332 len=102724	102724	40.4747	0	0	0	0	0	0	0	0	0	0	0	0	0	0	0	0	0	0	0	0	40.4601	57.5103	0.0145769	0.0163911
k107_30561772 flag=0 multi=45.4153 len=111340	111340	40.5964	0	0	0	0	0	0	0.00271979	0.00292529	0	0	0	0	0	0	0	0	0	0	0	0	40.5775	61.0234	0.0161927	0.0169246
k107_11832718 flag=0 multi=33.0242 len=41927	41927	41.5619	0	0	0	0	0	0	0	0	0	0	0	0	0	0	0	0	0	0	0	0	41.5403	48.553	0.0215976	0.0278406
k107_34954569 flag=0 multi=36.0000 len=120788	120788	39.6983	0	0	0	0	0	0	0	0	0	0	0	0	0	0	0	0	0.00248162	0.00496915	0	0	39.6759	58.4444	0.0198612	0.0215893
k107_8132957 flag=0 multi=33.7696 len=144716	144716	40.3626	0	0	0	0	0	0	0	0	0	0	0	0	0	0	0	0	0	0	0	0	40.349	55.4177	0.0135652	0.015143
k107_30517478 flag=0 multi=32.0324 len=23007	23007	39.2251	0	0	0	0	0	0	0	0	0	0	0	0	0	0	0	0	0	0	0	0	39.2054	56.624	0.0197754	0.0195532
k107_1097151 flag=0 multi=32.9084 len=315979	315979	40.8261	0	0	0	0	0	0	0	0	0	0	0	0	0	0	0	0	0	0	0	0	40.8104	57.4207	0.0156933	0.017682
k107_1551462 flag=0 multi=56.1286 len=30780	30780	39.7466	0	0	0	0	0	0	0	0	0	0	0	0	0	0	0	0	0	0	0	0	39.717	53.1733	0.0295951	0.0348123
k107_8125799 flag=0 multi=33.0312 len=213773	213773	40.4147	0	0	0	0	0	0	0	0	0	0	0	0	0	0	0	0	0	0	0	0	40.3943	59.1511	0.02034	0.0228674
k107_14896398 flag=0 multi=33.0762 len=61167	61167	40.9172	0	0	0	0	0	0	0	0	0	0	0	0	0	0	0	0	0	0	0	0	40.9	54.5525	0.0172184	0.0185014
k107_30602284 flag=0 multi=33.0098 len=73025	73025	40.8223	0	0	0	0	0	0	0	0	0	0	0	0	0	0	0	0	0	0	0	0	40.8162	57.4326	0.00613286	0.00836437
k107_20890687 flag=0 multi=35.2534 len=57015	57015	40.2332	0	0	0	0	0	0	0	0	0	0	0	0	0	0	0	0	0	0	0	0	40.2201	60.6094	0.0131892	0.0155733
k107_22764995 flag=0 multi=33.4857 len=31997	31997	40.8761	0	0	0	0	0	0	0	0	0	0	0	0	0	0	0	0	0	0	0	0	40.8666	59.0957	0.00943366	0.00943813
k107_17578559 flag=0 multi=32.9993 len=81712	81712	40.4296	0	0	0	0	0	0	0	0	0	0	0	0	0	0	0	0	0	0	0	0	40.4204	56.3541	0.00920034	0.00918315
k107_27642834 flag=0 multi=36.0104 len=129016	129016	40.4849	0	0	0	0	0	0	0	0	0	0	0	0	0	0	0	0	0	0	0	0	40.4733	49.8387	0.0116537	0.0137603
k107_18852771 flag=0 multi=33.9948 len=35821	35821	40.3197	0	0	0	0	0	0	0	0	0	0	0	0	0	0	0	0	0	0	0	0	40.3028	54.2573	0.0168361	0.0167122
k107_16579028 flag=0 multi=34.6452 len=6403	6403	41.1949	0	0	0	0	0	0	0	0	0	0	0	0	0	0	0	0	0	0	0	0	41.1949	45.0279	0	0
k107_26426620 flag=0 multi=32.0021 len=91586	91586	40.468	0	0	0	0	0	0	0	0	0	0	0	0	0	0	0	0	0	0	0	0	40.4516	56.1953	0.0164103	0.0179169
k107_478265 flag=0 multi=30.4790 len=5026	5026	37.083	0	0	0	0	0	0	0	0	0	0	0	0	0	0	0	0	0	0	0	0	37.0514	62.4339	0.0315411	0.0309498
k107_31453187 flag=0 multi=37.0063 len=108785	108785	40.5137	0	0	0	0	0.00275619	0.00514842	0	0	0	0	0.000156707	0.000193506	0	0	0	0	0.000156707	0.000193506	0	0	40.4899	58.7904	0.0206853	0.0216697
k107_22435224 flag=0 multi=34.3201 len=102576	102576	40.7902	0	0	0	0	0	0	0	0	0	0	0	0	0	0	0	0	0	0	0	0	40.7785	61.4827	0.0116843	0.0116609
k107_27351342 flag=0 multi=33.0169 len=30074	30074	40.346	0	0	0	0	0	0	0	0	0	0	0	0	0	0	0	0	0	0	0	0	40.3308	49.067	0.0151485	0.0149902
k107_8590908 flag=0 multi=32.0038 len=41141	41141	39.0467	0	0	0	0	0	0	0	0	0	0	0	0	0.00369745	0.00368503	0	0	0	0	0	0	39.0283	49.8811	0.0147163	0.0178014
k107_1548806 flag=0 multi=32.9996 len=216009	216009	40.2873	0	0	0	0	0	0	0	0	0	0	0	0	0	0	0	0	0	0	0	0	40.2707	56.1502	0.0166337	0.0194079
k107_28257037 flag=0 multi=35.7854 len=68585	68585	40.7884	0	0	0	0	0	0	0	0	0	0	0	0	0	0	0	0	0	0	0	0	40.7819	68.6073	0.006517	0.00658743
k107_18857080 flag=0 multi=33.0475 len=37911	37911	40.0008	0	0	0	0	0	0	0	0	0	0	0	0	0	0	0	0	0	0	0	0	39.9928	55.3897	0.00792364	0.00796499
k107_1621029 flag=0 multi=38.6834 len=209178	209178	40.6099	0	0	0	0	0	0	0	0	0	0	0	0	0.00144105	0.0014418	0	0	0	0	0	0	40.592	56.8273	0.0164883	0.0177902
k107_31424835 flag=0 multi=40.9975 len=73971	73971	42.1004	0	0	0	0	0	0	0	0	0	0	0	0	0	0	0	0	0	0	0	0	42.078	58.7144	0.0223975	0.0294677
k107_19814915 flag=0 multi=32.0756 len=37509	37509	40.7864	0	0	0	0	0	0	0	0	0	0	0	0	0	0	0	0	0	0	0	0	40.7783	57.0523	0.00803612	0.00804718
k107_9165029 flag=0 multi=34.5057 len=245458	245458	40.7764	0	0	0	0	0	0	0	0	0	0	0	0	0	0	0	0	0	0	0	0	40.7649	57.2972	0.0115763	0.012488
k107_16290134 flag=0 multi=33.0586 len=27695	27695	40.5679	0	0	0	0	0	0	0	0	0	0	0	0	0	0	0	0	0	0	0	0	40.5679	54.2228	0	0
k107_13560432 flag=0 multi=32.1002 len=16671	16671	39.235	0	0	0	0	0	0	0	0	0	0	0	0	0	0	0	0	0	0	0	0	39.235	54.5642	0	0
k107_5629137 flag=0 multi=36.1493 len=137475	137475	40.3235	0	0	0	0	0	0	0	0	0	0	0	0	0	0	0	0	0	0	0	0	40.3083	55.1236	0.0152727	0.0169431
