contigName	contigLen	totalAvgDepth	Cen01_MA.bam	Cen01_MA.bam-var	Cen03_MA.bam	Cen03_MA.bam-var	Cen04_MA.bam	Cen04_MA.bam-var	Cen05_MA.bam	Cen05_MA.bam-var	Cen06_MA.bam	Cen06_MA.bam-var	Cen07_MA.bam	Cen07_MA.bam-var	Cen10_MA.bam	Cen10_MA.bam-var	Cen12_MA.bam	Cen12_MA.bam-var	Cen14_MA.bam	Cen14_MA.bam-var	Cen15_MA.bam	Cen15_MA.bam-var	Cen16_MA.bam	Cen16_MA.bam-var	Cen17_MA.bam	Cen17_MA.bam-var
k107_83584 flag=0 multi=82.3539 len=98904	98904	86.9837	0.00918845	0.0116646	0.0122513	0.0174176	0	0	0	0	16.7106	24.4193	0.00303239	0.00544194	0.931878	1.23335	42.7728	70.4914	3.18786	4.25023	23.3256	31.4176	0.0305673	0.037125	0	0
k107_17646107 flag=0 multi=67.0226 len=104927	104927	84.3002	0.005773	0.0084195	0.0086595	0.00959107	0	0	0	0	16.8247	27.0313	0.012951	0.0155494	0.95265	1.11908	40.6457	62.4564	3.05515	4.17717	22.7628	36.0816	0.0317133	0.0450211	0	0
k107_26781570 flag=0 multi=75.7073 len=3161	3161	59.609	0	0	0.105282	0.101507	0	0	0	0	0.105282	0.0973078	0	0	1.48758	2.13597	7.90626	14.7568	27.2746	32.1514	22.73	99.115	0	0	0	0
k107_5071094 flag=0 multi=67.2030 len=18296	18296	84.3017	0.0335667	0.0542255	0	0	0	0	0	0	17.1728	27.8503	0	0	0.809714	0.953273	40.2497	79.2418	3.26303	4.65858	22.7662	28.9229	0.00666889	0.00662478	0	0
k107_5527928 flag=0 multi=70.0009 len=230844	230844	84.4375	0.00523983	0.00871066	0.0130909	0.0168468	0	0	0.00130996	0.00158541	16.9171	24.8539	0.0077513	0.0116285	0.905245	1.17608	40.6545	64.3119	3.05659	4.16374	22.8399	33.1095	0.0366311	0.0492699	0	0
k107_30978297 flag=0 multi=66.5455 len=4791	4791	78.3337	0	0	0	0	0	0	0	0	16.17	29.534	0	0	0.703275	1.0041	36.6801	45.4878	2.76209	2.79132	21.8837	40.9848	0.134551	0.123612	0	0
k107_25354786 flag=0 multi=66.8113 len=117369	117369	85.458	0.0064493	0.00881173	0.00514235	0.00665518	0	0	0	0	16.6868	24.8972	0.0128388	0.0177898	0.855168	1.05016	41.5535	66.8485	3.16937	4.23684	23.1417	38.4037	0.02707	0.0376009	0	0
k107_745825 flag=0 multi=81.4240 len=56229	56229	90.0927	0.00536414	0.00537104	0.0107819	0.0142638	0	0	0	0	17.6686	30.753	0.0107819	0.0114709	1.02512	1.32419	43.5046	62.7464	3.36401	4.87681	24.4657	35.8458	0.0377278	0.0498945	0	0
k107_2014701 flag=0 multi=67.9988 len=257393	257393	83.7252	0.00469095	0.00608128	0.0164261	0.021065	0	0	0	0	16.7488	25.1604	0.0105527	0.0149862	0.886923	1.21355	40.1488	60.2294	3.17528	4.38895	22.7037	32.6885	0.0275622	0.0336249	0.00234936	0.00299257
k107_11812672 flag=0 multi=68.1831 len=215187	215187	84.7347	0.0168509	0.0315549	0.0182563	0.0317601	0	0	0	0	16.7294	26.6537	0.00421156	0.00653854	0.941192	1.15548	40.6476	60.6331	3.31016	4.61405	23.0439	31.1312	0.0231473	0.0320706	0	0
k107_16079829 flag=0 multi=68.0698 len=58841	58841	86.9053	0	0	0.00193034	0.00192664	0	0	0	0	16.889	26.0738	0.0101642	0.0125362	0.820496	0.969078	42.2778	67.4823	3.13487	4.36595	23.7426	37.8286	0.0283742	0.0344725	0	0
k107_4032120 flag=0 multi=74.0249 len=7427	7427	90.2262	0	0	0	0	0	0	0	0	17.7833	22.15	0	0	0.695018	0.886598	43.0302	80.9493	3.5934	3.7612	25.082	42.8268	0.042386	0.0518267	0	0
k107_31550985 flag=0 multi=69.9994 len=156395	156395	85.7482	0.0116085	0.0126934	0.0135432	0.0183357	0	0	0	0	16.5921	26.1998	0.0124605	0.0171826	0.903154	1.16365	41.5279	69.6066	3.12085	4.32753	23.5434	32.9714	0.0231977	0.0239573	0	0
k107_27304918 flag=0 multi=118.8824 len=2615	2615	33.2105	0	0	0.320363	0.603057	0	0	0	0	0	0	0	0	1.35279	1.35526	8.03243	17.6249	1.71509	1.68367	21.7899	27.3831	0	0	0	0
k107_7845518 flag=0 multi=73.4266 len=366092	366092	84.4372	0.0057738	0.0074316	0.0189781	0.0276057	0	0	0	0	16.6693	25.5968	0.0122857	0.0178657	0.856029	1.08455	40.9053	60.6219	3.19524	4.6109	22.7323	31.5475	0.0404358	0.0542122	0.00164849	0.002162
k107_7221972 flag=0 multi=71.5588 len=154180	154180	82.91	0.00785038	0.00992504	0.00588778	0.00884291	0	0	0.00196259	0.00195672	16.5921	24.1863	0.0116911	0.022117	0.954568	1.27893	39.8746	64.988	3.0463	4.77073	22.3768	33.8728	0.0382446	0.0473052	0	0
k107_16115380 flag=0 multi=72.0272 len=384360	384360	86.8811	0.0109905	0.0161351	0.0110009	0.0153195	0	0	0.00157008	0.00168807	17.2305	26.5103	0.0113603	0.015843	0.878451	1.13258	41.7201	67.6412	3.23792	4.44162	23.757	34.6077	0.0223508	0.0300117	0	0
k107_16462648 flag=0 multi=77.5593 len=112301	112301	84.3351	0.00269645	0.00536176	0.00269645	0.00359418	0	0	0	0	16.8162	27.1537	0.0079465	0.0107931	0.882088	1.01717	40.7365	63.7368	3.02435	4.11337	22.8343	31.7345	0.0256074	0.0284474	0.00269645	0.0039339
k107_5232076 flag=0 multi=68.5125 len=134052	134052	87.0552	0.00903178	0.0133413	0.020314	0.0423437	0	0	0	0	17.0884	27.3129	0.010086	0.0119447	0.976381	1.19125	41.6731	61.1622	3.2061	4.40014	24.0425	34.0398	0.0270355	0.0428496	0.00225794	0.00326933
k107_11214810 flag=0 multi=69.1048 len=26849	26849	86.3378	0	0	0.0226768	0.0305073	0	0	0	0	16.772	25.4743	0	0	1.06811	1.646	43.1645	71.2781	3.20157	4.70396	22.0635	34.053	0.0455042	0.0480347	0	0
k107_17409209 flag=0 multi=72.0545 len=85987	85987	83.873	0.0104569	0.0320363	0.0105736	0.0171701	0.00343117	0.00350418	0	0	17.0256	25.989	0.00877633	0.00873939	0.878964	1.10791	40.9031	70.6323	3.08225	4.18852	21.9252	30.835	0.0246017	0.0299203	0	0
k107_1843338 flag=0 multi=67.0028 len=136960	136960	83.806	0.00883958	0.0129467	0.0176499	0.0257857	0	0	0.0022099	0.00395833	16.5649	23.5189	0.0154181	0.02384	0.9611	1.27933	39.6639	62.1522	3.30508	4.89097	23.2493	33.7613	0.0176499	0.022676	0	0
k107_8981298 flag=0 multi=65.8918 len=249510	249510	83.1497	0.00847084	0.0172835	0.0133142	0.0175201	0.00117974	0.001209	0.000593881	0.000605428	16.674	26.582	0.00841466	0.0123748	0.945158	1.21498	39.8814	59.0057	3.14608	4.36855	22.4502	30.7203	0.0208139	0.024297	0	0
k107_1629254 flag=0 multi=67.0012 len=186417	186417	83.2422	0.00809177	0.00944721	0.02103	0.031705	0	0	0	0	16.587	25.1751	0.0113478	0.0158463	0.823964	1.04914	40.2463	61.0573	2.95454	4.09189	22.5688	33.8297	0.0210945	0.0246364	0	0
k107_17864673 flag=0 multi=65.1858 len=86431	86431	83.4099	0.00525955	0.00604541	0.0175318	0.0245851	0	0	0	0	17.0007	25.7747	0.0277839	0.0413813	0.891036	1.1381	39.9061	63.1551	3.08557	4.26818	22.448	35.4994	0.0280277	0.0327001	0	0
k107_24206436 flag=0 multi=73.3029 len=145753	145753	84.5495	0.0041526	0.00486573	0.0083052	0.0119895	0	0	0	0	16.83	25.9799	0.022083	0.0326046	0.921114	1.23359	40.2796	59.1043	3.2652	4.24341	23.1941	37.9784	0.024895	0.0293894	0	0
k107_7280688 flag=0 multi=67.0038 len=176460	176460	84.4598	0.00942336	0.0130723	0.0128067	0.0167616	0.00166896	0.00299294	0	0	16.9934	26.0339	0.0136582	0.0191458	0.912136	1.14616	40.4663	64.938	3.11029	4.62741	22.9025	32.6843	0.0376594	0.0508721	0	0
k107_20686664 flag=0 multi=138.2737 len=8240	8240	83.8699	0	0	0	0	0	0	0	0	17.822	33.152	0.037163	0.0629413	1.16175	1.26888	39.4317	56.3778	2.93802	4.16683	22.4412	28.6126	0.0380448	0.0365959	0	0
k107_20717412 flag=0 multi=70.9939 len=108440	108440	82.0929	0.0139636	0.0210269	0.0139636	0.0207767	0	0	0	0	16.5903	24.7581	0.00271875	0.00278662	0.977862	1.3142	38.3115	61.173	3.26659	4.27605	22.8908	31.1361	0.0251253	0.0300946	0	0
k107_20149110 flag=0 multi=65.0000 len=15326	15326	82.2209	0.0199681	0.0252859	0.0201012	0.02555	0	0	0	0	17.104	19.7541	0.00985091	0.00995347	0.752995	1.02997	38.177	59.5569	2.77063	3.94072	23.3061	32.0335	0.060237	0.0761223	0	0
k107_34886566 flag=0 multi=55.4007 len=17206	17206	79.0584	0	0	0.0178656	0.0265375	0.0174515	0.0175384	0	0	16.439	23.6108	0.0614647	0.0613422	0.74787	0.867814	37.7262	57.4474	3.05093	4.02059	20.9976	36.7668	0	0	0	0
k107_31371630 flag=0 multi=81.0000 len=69192	69192	85.8119	0	0	0.0087676	0.0108928	0	0	0	0	17.6865	28.178	0.0153143	0.016157	0.833546	1.01139	40.6561	60.8484	3.26042	5.2138	23.3294	33.4502	0.021919	0.0243171	0	0
k107_7579868 flag=0 multi=84.0375 len=56197	56197	88.2291	0.00540299	0.00666331	0.010806	0.0164194	0.0157975	0.0256186	0	0	17.3745	25.1146	0.00803292	0.00803532	0.934932	1.33685	42.7542	70.5683	3.18621	4.06996	23.9176	37.1467	0.0215583	0.0286327	0	0
k107_25196384 flag=0 multi=72.8464 len=188712	188712	87.5591	0.00960671	0.014957	0.0176318	0.0300724	0	0	0.000801444	0.000800266	17.3025	26.8054	0.0143411	0.0190973	0.902855	1.08766	42.1275	70.1449	3.16019	4.52728	24.006	35.1545	0.0175999	0.0199291	0	0
k107_30720980 flag=0 multi=73.0084 len=147822	147822	83.7564	0.0122627	0.0178496	0.0143235	0.0194841	0	0	0	0	16.8705	23.456	0.0182552	0.0293621	0.898766	1.09297	40.4106	62.4184	3.06987	4.16726	22.4455	32.1749	0.0163232	0.0218528	0	0
k107_21647275 flag=0 multi=73.0545 len=169123	169123	85.1678	0.00357183	0.00588077	0.0124925	0.0157557	0	0	0	0	17.553	27.9312	0.00966112	0.0153733	0.842668	1.08352	41.1611	65.1498	3.11195	4.42154	22.4438	35.5588	0.0294632	0.0314695	0	0
k107_17558037 flag=0 multi=72.0014 len=210632	210632	87.4413	0.0129178	0.023618	0.0157895	0.0230794	0	0	0.00574336	0.00727986	17.235	25.4995	0.0157705	0.0209142	0.905829	1.18653	41.1132	61.5479	3.39167	4.63151	24.7232	36.8114	0.022227	0.032015	0	0
k107_34379289 flag=0 multi=71.6169 len=71552	71552	89.133	0.0042386	0.00568694	0.0338526	0.0642047	0	0	0	0	18.0982	25.8992	0.0317333	0.0506632	0.828449	1.03715	42.8486	67.3393	3.30595	4.90054	23.9693	35.7789	0.0127158	0.0160659	0	0
k107_14075864 flag=0 multi=70.0758 len=143160	143160	86.9616	0.0169119	0.0343556	0.0169119	0.0225824	0	0	0	0	16.8622	26.5979	0.00520797	0.0069741	0.938841	1.27208	42.357	66.2031	3.2706	4.9857	23.477	36.7812	0.0168769	0.0251388	0	0
k107_573407 flag=0 multi=73.5252 len=43571	43571	84.531	0.00697959	0.00906289	0.00697959	0.00999101	0	0	0.00697959	0.0081385	16.282	24.735	0.0206383	0.0222954	0.724976	0.783069	41.4561	66.7687	3.22238	4.55641	22.7621	35.7054	0.0418544	0.0464061	0	0
k107_17647579 flag=0 multi=71.9820 len=5265	5265	85.1995	0	0	0	0	0	0	0	0	16.4445	29.0184	0	0	0.486198	0.536458	41.9522	88.2349	2.91114	4.93031	23.2843	33.0301	0.121096	0.148424	0	0
k107_16172314 flag=0 multi=65.2765 len=39370	39370	80.3457	0.00773011	0.0147875	0.0154346	0.0376473	0	0	0.00773011	0.01274	17.3779	27.7596	0	0	0.856788	1.09102	38.7776	57.2206	3.14129	4.73412	20.1381	32.4484	0.0230879	0.0292164	0	0
k107_6510635 flag=0 multi=71.0072 len=56820	56820	83.9751	0.0106869	0.0137653	0.0132878	0.0137845	0	0	0	0	16.9114	25.9362	0.0184366	0.0340032	1.05467	1.41153	40.3759	50.296	3.15526	4.74786	22.4088	33.5694	0.0266995	0.0293408	0	0
k107_12514297 flag=0 multi=71.3735 len=14737	14737	88.3252	0	0	0	0	0	0	0	0	17.3102	29.99	0	0	0.948874	0.890813	42.7568	56.8208	3.17797	4.38286	24.1	29.0434	0.0313821	0.0326104	0	0
k107_10782861 flag=0 multi=68.9539 len=650662	650662	84.3843	0.00765884	0.01009	0.01114	0.0152323	0.000464358	0.000464114	0.000464358	0.00068538	16.9205	26.0618	0.0122178	0.0165999	0.873828	1.11496	40.5174	65.2633	3.10317	4.14095	22.9141	33.3609	0.0234501	0.0328796	0	0
