contigName	contigLen	totalAvgDepth	Cen01_MA.bam	Cen01_MA.bam-var	Cen03_MA.bam	Cen03_MA.bam-var	Cen04_MA.bam	Cen04_MA.bam-var	Cen05_MA.bam	Cen05_MA.bam-var	Cen06_MA.bam	Cen06_MA.bam-var	Cen07_MA.bam	Cen07_MA.bam-var	Cen10_MA.bam	Cen10_MA.bam-var	Cen12_MA.bam	Cen12_MA.bam-var	Cen14_MA.bam	Cen14_MA.bam-var	Cen15_MA.bam	Cen15_MA.bam-var	Cen16_MA.bam	Cen16_MA.bam-var	Cen17_MA.bam	Cen17_MA.bam-var
k107_10171262 flag=0 multi=14.0184 len=22809	22809	13.5055	0	0	0	0	0	0	0	0	0	0	0	0	0	0	0	0	0	0	0	0	13.5055	20.5222	0	0
k107_5943972 flag=0 multi=11.0119 len=103749	103749	12.8953	0	0	0	0	0	0	0	0	0	0	0	0	0	0	0	0	0	0	0	0	12.8938	18.1026	0.00145968	0.00145697
k107_6287010 flag=0 multi=11.0049 len=54866	54866	13.2514	0	0	0	0	0	0	0	0	0	0	0	0	0	0	0	0	0	0	0.00276739	0.00276354	13.2459	18.3773	0.00276739	0.00276088
k107_13262288 flag=0 multi=21.2601 len=62928	62928	13.3153	0	0	0	0	0	0	0	0	0	0	0	0	0	0	0	0	0	0	0	0	13.3153	18.5538	0	0
k107_26370053 flag=0 multi=13.1748 len=70876	70876	15.0433	0	0	0	0	0	0	0	0	0	0	0	0	0	0	0	0	0	0	0	0	15.0433	21.0782	0	0
k107_24460964 flag=0 multi=17.2120 len=125308	125308	14.3974	0	0	0	0	0	0	0	0	0	0	0	0	0	0	0	0	0	0	0	0	14.3962	20.2521	0.00118394	0.00120631
k107_10675583 flag=1 multi=15.0000 len=110187	110187	13.1424	0	0	0	0	0	0	0	0	0	0	0	0	0	0	0	0	0	0	0	0	13.1383	16.7745	0.00406789	0.00410942
k107_8919252 flag=0 multi=11.0052 len=127449	127449	13.0571	0	0	0	0	0	0	0	0	0	0	0	0	0	0	0	0	0	0	0	0	13.0524	17.7311	0.00471108	0.00472015
k107_22854937 flag=0 multi=16.0016 len=217220	217220	14.614	0	0	0	0	0	0	0	0	0	0	0	0	0	0	0	0	0	0	0	0	14.6105	19.3611	0.00346214	0.00345718
k107_5829451 flag=0 multi=10.0008 len=72448	72448	12.884	0	0	0	0	0	0	0	0	0	0	0	0	0	0	0	0	0	0	0.00415823	0.00658732	12.8757	18.938	0.00415823	0.00555757
k107_13239549 flag=0 multi=12.1206 len=120988	120988	12.7593	0	0	0	0	0	0	0	0	0	0	0	0	0	0	0	0	0	0	0.00121804	0.00124925	12.7556	17.4528	0.00248579	0.00307303
k107_19125703 flag=0 multi=11.0000 len=49418	49418	13.7054	0	0	0	0	0	0	0	0	0	0	0	0	0	0	0	0	0	0	0.00614871	0.00610574	13.6962	20.4594	0.00307435	0.00307023
k107_26385919 flag=0 multi=13.2734 len=39120	39120	13.8105	0	0	0	0	0	0	0	0	0	0	0	0	0	0	0	0	0	0	0	0	13.8028	19.6892	0.00770261	0.0104504
k107_13916917 flag=1 multi=11.0000 len=70738	70738	13.7555	0	0	0	0	0	0	0	0	0	0	0	0	0	0	0	0	0	0	0	0	13.7555	16.8461	0	0
k107_16896816 flag=0 multi=11.0058 len=38398	38398	12.2338	0	0	0	0	0	0	0	0	0	0	0	0	0	0	0	0	0	0	0	0	12.2338	15.3656	0	0
k107_12403068 flag=0 multi=24.2766 len=11797	11797	11.9239	0	0	0	0	0	0	0	0	0	0	0	0	0	0	0	0	0	0	0	0	11.9239	17.3336	0	0
k107_7200875 flag=0 multi=11.7214 len=97923	97923	13.9998	0	0	0	0	0	0	0	0	0	0	0	0	0	0	0	0	0	0	0	0	13.9967	20.4082	0.0030936	0.00471888
k107_15347823 flag=0 multi=10.0170 len=34760	34760	12.3891	0	0	0	0	0	0	0	0	0	0	0	0	0	0	0	0	0	0	0	0	12.3891	15.7027	0	0
k107_13241970 flag=0 multi=18.2027 len=10484	10484	13.7929	0	0	0	0	0	0	0	0	0	0	0	0	0	0	0	0	0	0	0	0	13.7929	19.9475	0	0
k107_21923285 flag=0 multi=12.0015 len=7575	7575	14.2663	0	0	0	0	0	0	0	0	0	0	0	0	0	0	0	0	0	0	0	0	14.2663	30.0574	0	0
k107_26345999 flag=0 multi=14.5793 len=18753	18753	13.6074	0	0	0	0	0	0	0	0	0	0	0	0	0	0	0	0	0	0	0	0	13.6074	18.4332	0	0
k107_7164065 flag=0 multi=11.0386 len=41614	41614	12.7119	0	0	0	0	0	0	0	0	0	0	0	0	0	0	0	0	0	0	0	0	12.7119	16.4352	0	0
k107_7297271 flag=0 multi=11.3312 len=26152	26152	13.4046	0	0	0	0	0	0	0	0	0	0	0	0	0	0	0	0	0	0	0	0	13.4046	19.3659	0	0
k107_7288836 flag=0 multi=12.1301 len=51901	51901	13.6851	0	0	0	0	0	0	0	0	0	0	0	0	0	0	0	0	0	0	0	0	13.6851	18.993	0	0
k107_26892689 flag=0 multi=11.0214 len=211255	211255	12.9285	0	0	0	0	0	0	0	0	0	0	0	0	0	0	0	0	0	0	0	0	12.9236	17.1799	0.00496793	0.00599391
k107_8881409 flag=0 multi=15.2063 len=19806	19806	14.1211	0	0	0	0	0	0	0	0	0	0	0	0	0	0	0	0	0	0	0.015484	0.0265287	14.0979	22.7451	0.00769073	0.00768277
k107_14285537 flag=0 multi=12.2874 len=6064	6064	14.5319	0	0	0	0	0	0	0	0	0	0	0	0	0	0	0	0	0	0	0	0	14.5319	16.3751	0	0
k107_20234569 flag=0 multi=13.0181 len=136100	136100	14.1443	0	0	0	0	0	0	0	0	0	0	0	0	0	0	0	0	0	0	0.00665695	0.00930158	14.1343	20.4885	0.00329902	0.00332411
k107_10162334 flag=0 multi=22.0692 len=6510	6510	13.6456	0	0	0	0	0	0	0	0	0	0	0	0	0	0	0	0	0	0	0	0	13.6213	17.7924	0.0243235	0.0237367
k107_27254098 flag=0 multi=11.0034 len=61441	61441	13.3271	0.00493956	0.00534508	0	0	0	0	0	0	0	0	0	0	0	0	0	0	0	0	0	0	13.3198	18.0826	0.00240436	0.00246075
k107_29610413 flag=0 multi=12.0490 len=21572	21572	14.0278	0	0	0	0	0	0	0	0	0	0	0	0	0	0	0	0	0	0	0	0	14.0278	21.498	0	0
k107_27121456 flag=0 multi=12.0081 len=82645	82645	13.7879	0	0	0	0	0	0	0	0	0	0	0	0	0	0	0	0	0	0	0.00365544	0.00365253	13.7769	17.7269	0.00728659	0.00765074
k107_32792765 flag=0 multi=13.3770 len=86890	86890	14.0011	0	0	0	0	0	0	0	0	0	0	0	0	0	0	0	0	0	0	0.00348778	0.00501889	13.9941	19.8251	0.00343004	0.00347586
k107_31324005 flag=0 multi=12.1656 len=6168	6168	13.6412	0	0	0	0	0	0	0	0	0	0	0	0	0	0	0	0	0	0	0	0	13.6412	26.5011	0	0
k107_33818880 flag=0 multi=11.0000 len=32493	32493	13.222	0	0	0	0	0	0	0	0	0	0	0	0	0	0	0	0	0	0	0	0	13.2127	17.0877	0.0093815	0.0117805
k107_19883007 flag=0 multi=9.7878 len=58815	58815	12.6514	0	0	0	0	0	0	0	0	0	0	0	0	0	0	0	0	0	0	0	0	12.6436	17.1592	0.00774187	0.00768294
k107_14324244 flag=0 multi=18.0038 len=28141	28141	12.6182	0	0	0	0	0	0	0	0	0	0	0	0	0	0	0	0	0	0	0	0	12.6182	17.3066	0	0
k107_28412141 flag=0 multi=16.2958 len=190414	190414	13.7662	0.000789009	0.000793068	0	0	0	0	0	0	0	0	0	0	0	0	0	0	0	0	0.00391874	0.00696059	13.7474	18.1944	0.0140864	0.0305724
k107_31322162 flag=0 multi=12.3348 len=167669	167669	14.6727	0	0	0	0	0	0	0	0	0	0	0	0	0	0	0	0	0	0	0	0	14.6682	21.4004	0.00448715	0.00558287
k107_35259891 flag=1 multi=10.8680 len=68272	68272	12.8606	0	0	0	0	0	0	0	0	0	0	0	0	0	0	0	0	0	0	0	0	12.8584	19.6548	0.00220686	0.00221587
k107_13024441 flag=0 multi=11.1357 len=83733	83733	12.7152	0	0	0	0	0	0	0	0	0	0	0	0	0	0	0	0	0	0	0.00361976	0.00359687	12.7116	16.9427	0	0
k107_22211023 flag=0 multi=18.0679 len=8160	8160	13.4222	0	0	0	0	0	0	0	0	0	0	0	0	0	0	0	0	0	0	0	0	13.3846	17.6535	0.0376686	0.0369581
k107_8626982 flag=0 multi=12.1500 len=46752	46752	14.5637	0	0	0	0	0	0	0	0	0	0	0	0	0	0	0	0	0	0	0	0	14.5637	19.8213	0	0
k107_32482375 flag=1 multi=11.0000 len=4521	4521	13.4243	0	0	0	0	0	0	0	0	0	0	0	0	0	0	0	0	0	0	0	0	13.4243	20.2379	0	0
k107_33480124 flag=1 multi=19.0000 len=80378	80378	14.0325	0	0	0	0	0	0	0	0	0	0	0	0	0	0	0	0	0	0	0.00754283	0.0253766	14.0212	19.8344	0.00373395	0.00375591
k107_25802270 flag=0 multi=11.1544 len=7097	7097	11.4403	0	0	0	0	0	0	0	0	0	0	0	0	0	0	0	0	0	0	0	0	11.4403	15.2885	0	0
k107_27849194 flag=0 multi=11.2080 len=4689	4689	13.3905	0	0	0	0	0	0	0	0	0	0	0	0	0	0	0	0	0	0	0	0	13.3905	13.2343	0	0
k107_20187805 flag=0 multi=10.0773 len=13121	13121	13.4234	0	0	0	0	0	0	0	0	0	0	0	0	0	0	0	0	0	0	0	0	13.4234	14.9422	0	0
k107_29560367 flag=0 multi=12.0079 len=74645	74645	12.8969	0	0	0	0	0	0	0	0	0	0	0	0	0	0	0	0	0	0	0	0	12.8969	16.595	0	0
k107_10248143 flag=0 multi=12.5878 len=10574	10574	14.9541	0	0	0	0	0	0	0	0	0	0	0	0	0	0	0	0	0	0	0	0	14.9541	24.4924	0	0
k107_10975295 flag=0 multi=8.2428 len=5485	5485	9.15705	0	0	0	0	0	0	0	0	0	0	0	0	0	0	0	0	0	0	0	0	9.15705	10.006	0	0
