contigName	contigLen	totalAvgDepth	Cen01_MA.bam	Cen01_MA.bam-var	Cen03_MA.bam	Cen03_MA.bam-var	Cen04_MA.bam	Cen04_MA.bam-var	Cen05_MA.bam	Cen05_MA.bam-var	Cen06_MA.bam	Cen06_MA.bam-var	Cen07_MA.bam	Cen07_MA.bam-var	Cen10_MA.bam	Cen10_MA.bam-var	Cen12_MA.bam	Cen12_MA.bam-var	Cen14_MA.bam	Cen14_MA.bam-var	Cen15_MA.bam	Cen15_MA.bam-var	Cen16_MA.bam	Cen16_MA.bam-var	Cen17_MA.bam	Cen17_MA.bam-var
k107_26314313 flag=0 multi=21.0200 len=156269	156269	20.9535	0	0	0.0348086	0.0472962	0	0	0	0	1.52455	2.44089	0	0	4.97901	6.18781	11.2914	16.4941	2.83476	3.7292	0.0318785	0.0421862	0.257118	0.333659	0	0
k107_25863840 flag=0 multi=33.0370 len=38261	38261	21.8789	0	0	0.033905	0.0406679	0	0	0.00252904	0.00464834	1.38776	2.22892	0.000553228	0.000947479	4.8784	6.4762	12.5681	16.8558	2.68587	3.29149	0.0238152	0.030464	0.298032	0.388129	0	0
k107_16042789 flag=0 multi=21.0007 len=55012	55012	21.9657	0	0	0.0331201	0.0486268	0	0	0	0	1.60799	2.4699	0	0	5.0032	6.56748	11.901	17.7291	3.05379	3.93986	0.0496619	0.0719382	0.31698	0.426545	0	0
k107_152890 flag=0 multi=31.5133 len=180893	180893	20.4888	0.00167229	0.00183492	0.0183785	0.0291144	0	0	0	0	1.52626	2.31859	0	0	4.68878	6.12371	11.0671	15.6839	2.85542	3.82178	0.0242205	0.0366254	0.306909	0.366404	0	0
k107_23295292 flag=0 multi=18.3348 len=29563	29563	21.3143	0	0	0.0309627	0.0457347	0	0	0	0	1.69177	2.10518	0	0	5.11408	5.61748	11.4082	14.4526	2.73118	4.5248	0.0411127	0.0533247	0.291993	0.355163	0.00502375	0.00513722
k107_1536477 flag=0 multi=17.0191 len=60759	60759	20.7097	0.00499529	0.00695914	0.0299717	0.0418059	0	0	0	0	1.42299	2.27631	0	0	4.8122	6.03762	11.2635	16.6627	2.8492	3.82498	0.0572473	0.0795575	0.269547	0.342166	0	0
k107_31494838 flag=0 multi=25.0137 len=67124	67124	21.3788	0.00451947	0.00630396	0.0180779	0.0203524	0	0	0	0	1.57144	2.42868	0	0	5.20387	6.86032	11.2989	16.6068	2.9909	4.25115	0.0247823	0.0283501	0.26629	0.337916	0	0
k107_12440933 flag=0 multi=27.0058 len=72729	72729	20.3105	0	0	0.029188	0.0546996	0	0	0	0	1.46564	1.96652	0	0	4.81822	5.71175	11.0384	16.2996	2.66755	3.54486	0.0374998	0.0552485	0.254021	0.32089	0	0
k107_11502062 flag=0 multi=21.0122 len=128808	128808	21.1728	0	0	0.0375936	0.0494853	0	0	0	0	1.54401	2.2932	0	0	5.04377	6.37553	11.3042	16.6359	2.88651	4.03941	0.0339751	0.0540843	0.32267	0.458362	0	0
k107_4074136 flag=0 multi=21.0156 len=81682	81682	20.9225	0	0	0.0408086	0.0678917	0	0	0.00368641	0.00369091	1.60815	2.15271	0	0	4.91597	6.51857	11.2225	17.2497	2.86203	3.41633	0.0444704	0.0560671	0.224846	0.268976	0	0
k107_12945193 flag=0 multi=22.0060 len=302868	302868	21.1397	0	0	0.0344123	0.051237	0	0	0	0	1.55288	2.3005	0.000998129	0.0017369	4.89096	6.15361	11.4171	15.9486	2.92409	4.1757	0.0363491	0.0463841	0.282953	0.366412	0	0
k107_24072549 flag=0 multi=19.0020 len=239096	239096	20.8692	0	0	0.0404617	0.054806	0	0	0	0	1.62214	2.32423	0	0	4.82412	6.06505	11.2862	16.6432	2.78012	3.88475	0.0428151	0.0518078	0.272134	0.355241	0.00126469	0.00164767
k107_25549557 flag=0 multi=23.0152 len=73520	73520	21.8663	0	0	0.0287498	0.0403819	0.00401541	0.00715327	0.0020077	0.00205464	1.67647	2.3248	0.00405638	0.00411878	5.01389	7.08332	11.8253	17.0765	2.97359	3.94648	0.0391161	0.0529497	0.299148	0.418609	0	0
k107_19579859 flag=0 multi=25.0052 len=63779	63779	21.5114	0	0	0.0190305	0.0268325	0	0	0.00475763	0.00473825	1.61367	2.42871	0	0	4.83257	6.74774	11.7028	15.8703	3.08257	5.03636	0.0332246	0.0372442	0.218079	0.285574	0.00469461	0.00562256
k107_4565125 flag=0 multi=23.0000 len=108588	108588	20.9636	0.00278891	0.00368022	0.0361635	0.046854	0	0	0.00686146	0.00802495	1.65218	2.61896	0.0109155	0.0165513	4.68911	6.19053	11.3786	17.1787	2.86112	3.60911	0.0458877	0.0818589	0.279953	0.336372	0	0
k107_17787499 flag=0 multi=20.0022 len=100114	100114	20.0729	0	0	0.0333828	0.0435977	0	0	0	0	1.47665	2.22989	0	0	4.64844	6.21953	10.7214	15.1435	2.86218	4.17183	0.0438424	0.0715866	0.28703	0.339443	0	0
k107_5535087 flag=0 multi=22.0108 len=192100	192100	21.3611	0	0	0.0267469	0.0430315	0	0	0	0	1.52533	2.3514	0.000776859	0.000786367	5.0367	6.34794	11.5811	16.6971	2.88226	3.98088	0.0227844	0.0281585	0.285404	0.368755	0	0
k107_4231066 flag=0 multi=16.6749 len=24646	24646	21.3037	0	0	0.018485	0.0219552	0	0	0.0123644	0.0185783	1.48106	2.05768	0	0	4.81753	6.39148	11.7684	16.7551	2.9519	3.59248	0.0371755	0.0395382	0.216768	0.330475	0	0
k107_10249942 flag=0 multi=23.0047 len=102640	102640	21.7451	0	0	0.0206375	0.0352019	0	0	0	0	1.54072	2.35892	0	0	5.04335	7.08637	11.8916	17.2653	2.95455	3.88058	0.0176767	0.0217943	0.276603	0.398798	0	0
k107_24186657 flag=0 multi=18.0156 len=23180	23180	21.6716	0	0	0.0396014	0.0558777	0	0	0	0	1.56862	1.97974	0	0	4.93933	6.1791	11.7651	14.1026	3.06268	3.5739	0.0264009	0.0257027	0.269823	0.334927	0	0
k107_31477942 flag=0 multi=18.0398 len=32693	32693	20.9335	0	0	0.0326325	0.0411526	0	0	0	0	1.42641	1.91056	0	0	4.94761	6.07232	11.0056	14.6735	3.27273	4.83068	0.0466179	0.0978017	0.201939	0.242429	0	0
k107_19631037 flag=0 multi=25.0052 len=125282	125282	21.3898	0.00483277	0.00797191	0.0338054	0.0509886	0	0	0	0	1.63732	2.44981	0	0	4.82828	6.41863	11.6159	16.8063	2.93781	4.07155	0.0385422	0.0600556	0.293247	0.377276	0	0
k107_7942344 flag=0 multi=19.0722 len=183405	183405	20.6366	0	0	0.0271377	0.0402822	0	0	0	0	1.5563	2.18495	0	0	4.65142	5.81007	11.3162	16.038	2.7716	3.78899	0.0255539	0.0321047	0.288335	0.370064	0	0
k107_12525644 flag=0 multi=23.0011 len=172019	172019	20.2954	0	0	0.0333863	0.0483206	0	0	0	0	1.5421	2.11987	0	0	4.7392	5.83167	10.8938	15.4883	2.74442	3.68805	0.0412132	0.0537027	0.301298	0.39359	0	0
k107_2422502 flag=0 multi=46.0015 len=32130	32130	21.3202	0	0	0	0	0	0	0	0	1.77454	2.44118	0	0	4.99513	6.28607	11.5522	16.4911	2.66806	3.56621	0.0378597	0.0555063	0.292321	0.382159	0	0
k107_13474317 flag=0 multi=58.0264 len=3967	3967	20.0431	0	0	0	0	0	0	0	0	1.06139	1.80199	0.00381992	0.00488921	5.5307	5.9042	9.33561	11.1623	3.75007	4.11624	0.040382	0.039511	0.321146	0.282322	0	0
k107_24011193 flag=0 multi=22.3157 len=259216	259216	20.66	0	0	0.0320261	0.0467009	0	0	0.00116641	0.00169023	1.49157	2.05975	0.000567756	0.000582539	4.85851	6.66492	11.1135	15.9373	2.89492	4.04719	0.0302572	0.0414383	0.237511	0.299295	0	0
k107_25114900 flag=0 multi=20.8982 len=155121	155121	21.3901	0	0	0.0156053	0.0233329	0	0	0.000949496	0.000973892	1.57303	2.26589	0	0	4.91993	6.78931	11.7379	17.7121	2.81361	4.05301	0.0350409	0.0507873	0.294066	0.407115	0	0
