contigName	contigLen	totalAvgDepth	Cen01_MA.bam	Cen01_MA.bam-var	Cen03_MA.bam	Cen03_MA.bam-var	Cen04_MA.bam	Cen04_MA.bam-var	Cen05_MA.bam	Cen05_MA.bam-var	Cen06_MA.bam	Cen06_MA.bam-var	Cen07_MA.bam	Cen07_MA.bam-var	Cen10_MA.bam	Cen10_MA.bam-var	Cen12_MA.bam	Cen12_MA.bam-var	Cen14_MA.bam	Cen14_MA.bam-var	Cen15_MA.bam	Cen15_MA.bam-var	Cen16_MA.bam	Cen16_MA.bam-var	Cen17_MA.bam	Cen17_MA.bam-var
k107_14283366 flag=0 multi=123.7879 len=65946	65946	137.627	0.00460057	0.00504137	0.00460057	0.00458342	0	0	0	0	0	0	0	0	118.206	199.765	18.3256	25.776	0.0735939	0.141393	1.01048	1.26464	0.00230029	0.00229117	0	0
k107_14634460 flag=0 multi=110.9597 len=42339	42339	140.273	0	0	0.00718415	0.00847049	0	0	0	0	0	0	0	0	120.937	202.521	18.2974	24.5317	0.0932274	0.135866	0.937888	1.42395	0	0	0	0
k107_34018342 flag=0 multi=145.9550 len=14917	14917	137.837	0.0205953	0.0247543	0	0	0	0	0	0	0	0	0	0	118.369	226.392	18.149	29.6706	0.0825864	0.109909	1.21594	1.7014	0	0	0	0
k107_16696258 flag=0 multi=115.4405 len=187515	187515	141.529	0.00161314	0.00216355	0.00159177	0.0016085	0	0	0	0	0.000785202	0.000805402	0	0	121.766	194.205	18.7317	28.4537	0.0813779	0.116027	0.942557	1.35631	0.00322627	0.00410384	0	0
k107_21002960 flag=0 multi=113.9854 len=33751	33751	144.292	0	0	0	0	0	0	0	0	0.00902867	0.0143369	0	0	124.092	173.158	19.1225	31.231	0.0541421	0.0666604	1.01501	1.34783	0	0	0	0
k107_4797212 flag=0 multi=113.4169 len=223246	223246	140.61	0	0	0	0	0	0	0	0	0	0	0	0	120.741	191.426	18.8147	27.6085	0.0825275	0.126918	0.967732	1.35678	0.0040324	0.00578479	0	0
k107_833942 flag=0 multi=113.6298 len=395790	395790	139.856	0.00229084	0.00311853	0.00229084	0.003267	0	0	0	0	0	0	0	0	120.073	190.366	18.7622	27.1515	0.0770011	0.112375	0.939697	1.29308	0	0	0	0
k107_4534386 flag=0 multi=113.9896 len=77902	77902	141.415	0.00389175	0.00696789	0	0	0	0	0	0	0	0	0	0	121.52	213.282	18.8705	27.9458	0.0932088	0.111191	0.927423	1.33395	0	0	0	0
k107_18666011 flag=0 multi=111.9918 len=177108	177108	140.82	0.00170809	0.0028117	0.00255647	0.0025519	0	0	0	0	0	0	0	0	121.144	193.162	18.727	26.9641	0.0656822	0.0829655	0.876746	1.23608	0.00170809	0.00170271	0	0
k107_15403509 flag=0 multi=114.8306 len=83345	83345	141.302	0	0	0	0	0	0	0	0	0	0	0	0	121.468	187.913	18.7702	27.2613	0.110834	0.163115	0.953386	1.21079	0	0	0	0
k107_12382110 flag=0 multi=121.4274 len=24429	24429	143.405	0	0	0.0125171	0.0187425	0	0	0	0	0	0	0	0	123.025	191.492	19.2732	24.3815	0.0500684	0.0589198	1.04369	1.41212	0	0	0	0
k107_31957714 flag=0 multi=118.4631 len=111052	111052	142.693	0.00272686	0.00368868	0	0	0	0	0	0	0	0	0	0	122.296	198.781	19.3032	29.1265	0.0840271	0.117859	1.00685	1.42767	0	0	0	0
k107_1340931 flag=0 multi=107.8831 len=9458	9458	140.022	0	0	0	0	0	0	0	0	0	0	0	0	119.917	181.85	19.1275	27.3132	0.171909	0.27221	0.805374	1.11069	0	0	0	0
k107_2359221 flag=0 multi=113.9244 len=504342	504342	141.941	0.00299579	0.00408985	0.00179152	0.00239827	0	0	0	0	0	0	0	0	121.912	190.997	18.9865	28.4984	0.0866975	0.125405	0.949234	1.29648	0.00179748	0.00186004	0	0
k107_14620649 flag=0 multi=148.4519 len=4851	4851	143.752	0	0	0	0	0	0	0	0	0	0	0	0	122.828	154.097	19.8149	27.3223	0.0663882	0.083534	1.04221	1.11324	0	0	0	0
k107_31141959 flag=0 multi=124.0873 len=12954	12954	141.802	0	0	0	0	0	0	0	0	0	0	0	0	121.42	207.969	19.3551	27.0917	0.0716092	0.0864064	0.955027	1.16747	0	0	0	0
k107_20397362 flag=0 multi=109.2197 len=31715	31715	142.078	0	0	0	0	0	0	0	0	0	0	0	0	122.159	181.195	18.9645	25.5235	0.076879	0.143351	0.878108	1.18774	0	0	0	0
k107_20613874 flag=0 multi=113.5169 len=60801	60801	143.17	0.00242979	0.00248965	0.000446288	0.000512151	6.61168e-05	0.000132218	0.000148763	0.000413158	0	0	0.000859518	0.00403193	122.672	253.204	19.4412	29.4978	0.0819683	0.116053	0.964363	1.26137	0.00730591	0.0213496	0	0
k107_5783643 flag=0 multi=115.8011 len=33709	33709	136.208	0	0	0	0	0	0	0	0	0	0	0	0	116.896	184.432	18.2655	24.5609	0.10839	0.176839	0.938486	1.21937	0	0	0	0
k107_19340873 flag=0 multi=110.0164 len=73698	73698	139.883	0.00411467	0.0069104	0.00821571	0.00963051	0	0	0	0	0	0	0	0	120.731	212.527	18.0579	28.1458	0.0821571	0.104984	0.99515	1.49405	0.00408742	0.00467506	0	0
k107_3380929 flag=0 multi=109.0197 len=219445	219445	135.504	0.00275163	0.00384022	0	0	0	0	0	0	0	0	0	0	116.627	202.778	17.8674	26.9837	0.0833109	0.119463	0.923853	1.23724	0	0	0	0
k107_10914953 flag=0 multi=114.5863 len=173276	173276	142.064	0.00174593	0.00309468	0.00174593	0.00244745	0	0	0	0	0	0	0	0	122.067	197.747	18.9722	29.3852	0.0941702	0.123776	0.926879	1.23607	0	0	0	0
k107_27931140 flag=0 multi=112.9974 len=98952	98952	141.235	0	0	0.00611252	0.00610591	0	0	0	0	0	0	0	0	121.238	195.858	18.9156	26.5419	0.0963001	0.127266	0.969093	1.27398	0.00912316	0.0106102	0	0
k107_32751449 flag=0 multi=107.5361 len=26434	26434	137.222	0	0	0.0231134	0.0310095	0	0	0	0	0.0115567	0.0175364	0	0	119.056	210.684	17.1416	25.1353	0.074889	0.113624	0.914587	1.17402	0	0	0	0
k107_13662134 flag=0 multi=38.0590 len=27603	27603	44.1118	0	0	0	0	0	0	0	0	0	0	0	0	42.1136	58.1667	1.55155	2.07691	0.065602	0.0779972	0.381085	0.623652	0	0	0	0
k107_10039766 flag=0 multi=111.5671 len=94019	94019	139.479	0	0	0	0	0	0	0	0	0	0	0	0	119.278	213.691	19.0823	29.1886	0.107899	0.137702	1.00503	1.48898	0.00642359	0.0100837	0	0
k107_17503635 flag=0 multi=117.9898 len=67249	67249	141.352	0.00449609	0.0059589	0	0	0	0	0	0	0	0	0	0	121.754	197.994	18.6257	26.1454	0.0742378	0.10585	0.888569	1.29981	0.00451103	0.00449806	0	0
k107_14980803 flag=0 multi=113.8107 len=185558	185558	142.648	0	0	0	0	0	0	0	0	0	0	0.00163018	0.00274841	122.752	178.455	18.8314	26.911	0.0651099	0.0855436	0.997674	1.35587	0	0	0	0
k107_12384049 flag=0 multi=109.1503 len=5258	5258	134.574	0	0	0	0	0	0	0	0	0	0	0	0	114.494	133.841	19.0397	32.0681	0.0914044	0.12061	0.948951	1.34318	0	0	0	0
