contigName	contigLen	totalAvgDepth	Cen01_MA.bam	Cen01_MA.bam-var	Cen03_MA.bam	Cen03_MA.bam-var	Cen04_MA.bam	Cen04_MA.bam-var	Cen05_MA.bam	Cen05_MA.bam-var	Cen06_MA.bam	Cen06_MA.bam-var	Cen07_MA.bam	Cen07_MA.bam-var	Cen10_MA.bam	Cen10_MA.bam-var	Cen12_MA.bam	Cen12_MA.bam-var	Cen14_MA.bam	Cen14_MA.bam-var	Cen15_MA.bam	Cen15_MA.bam-var	Cen16_MA.bam	Cen16_MA.bam-var	Cen17_MA.bam	Cen17_MA.bam-var
k107_27061530 flag=0 multi=51.9656 len=4555	4555	13.8298	0	0	0	0	0	0	0	0	0	0	0	0	0	0	11.1406	13.1642	0.284035	0.408968	2.40513	3.21533	0	0	0	0
k107_25262629 flag=0 multi=11.0486 len=5337	5337	11.4612	0	0	0	0	0	0	0	0	0.432572	0.728365	0.0599801	0.0996993	0	0	10.4002	12.3051	0	0	0.568421	0.69333	0	0	0	0
k107_17776462 flag=0 multi=11.7167 len=3252	3252	12.9617	0	0	0	0	0	0	0	0	0	0	0	0	0.204746	0.206969	10.34	6.72875	0.204746	0.26597	2.2122	2.04104	0	0	0	0
k107_28903925 flag=3 multi=19.0185 len=84932	84932	23.3249	0	0	0.00711332	0.0195717	0.00173697	0.00177896	0.0669739	0.0862813	0	0	0.00350939	0.00354638	0.00349758	0.0045171	23.2314	33.2488	0.00708968	0.0087246	0.00356847	0.00501123	0	0	0	0
k107_26981227 flag=0 multi=12.2234 len=3522	3522	13.2522	0	0	0	0	0	0	0	0	0	0	0	0	0	0	11.4056	16.8901	0.47795	0.695704	1.36863	1.79559	0	0	0	0
k107_9006184 flag=1 multi=8.0000 len=5748	5748	10.6072	0	0	0	0	0	0	0	0	0	0	0	0	0.0554535	0.0788371	8.59769	15.0859	0.360448	0.361701	1.59365	1.74239	0	0	0	0
k107_7165717 flag=0 multi=16.0248 len=7364	7364	11.3387	0	0	0	0	0	0	0	0	0	0	0	0	0.0427641	0.0511396	8.93076	17.0278	0.128151	0.175315	2.23704	4.32792	0	0	0	0
k107_23373574 flag=0 multi=9.0766 len=38558	38558	9.40995	0	0	0	0	0	0	0	0	0	0	0	0	0.047339	0.0645473	7.54757	11.3102	0.20091	0.388062	1.61413	1.9391	0	0	0	0
k107_2741725 flag=0 multi=10.0847 len=29144	29144	11.8264	0	0	0	0	0	0	0	0	0	0	0	0	0.0418834	0.0507942	9.6364	13.5823	0.381388	0.457846	1.76673	2.03001	0	0	0	0
k107_1092413 flag=0 multi=10.1229 len=14983	14983	11.9938	0	0	0	0	0	0	0	0	0	0	0	0	0.0411416	0.0436724	9.91853	18.2473	0.24685	0.409565	1.78728	2.07095	0	0	0	0
k107_14163593 flag=0 multi=10.1185 len=8785	8785	11.3047	0	0	0	0	0	0	0	0	0.0356006	0.0598133	0	0	0	0	9.17447	12.9663	0.249204	0.456576	1.84546	2.27358	0	0	0	0
k107_7756954 flag=1 multi=9.0000 len=9756	9756	11.6462	0	0	0	0	0	0	0	0	0	0	0	0	0.0638883	0.078859	9.42151	8.51881	0.478633	0.632299	1.68215	3.03518	0	0	0	0
k107_9090014 flag=1 multi=8.0000 len=13658	13658	10.3607	0	0	0	0	0	0	0	0	0	0	0	0	0.0225367	0.0291467	8.24266	11.7275	0.28242	0.298587	1.81312	2.2444	0	0	0	0
k107_13370827 flag=1 multi=9.0000 len=26661	26661	10.9634	0	0	0	0	0	0	0	0	0	0	0	0	0.0343336	0.0375937	8.94727	11.3855	0.228878	0.323695	1.75295	2.52717	0	0	0	0
k107_17144003 flag=1 multi=8.0000 len=17600	17600	9.87808	0	0	0	0	0	0	0	0	0	0	0	0	0.0349173	0.0441075	7.95682	10.3689	0.252862	0.386551	1.63348	2.11361	0	0	0	0
k107_22626318 flag=0 multi=10.0308 len=39794	39794	11.4871	0	0	0	0	0	0	0	0	0	0	0	0	0.0458574	0.0574859	9.42958	13.5785	0.301757	0.494288	1.70987	2.40538	0	0	0	0
k107_11960625 flag=0 multi=10.0375 len=37384	37384	10.8914	0	0	0	0	0	0	0	0	0	0	0	0	0.0325225	0.0418279	8.99045	14.3187	0.252252	0.312809	1.6162	2.23141	0	0	0	0
k107_10094121 flag=1 multi=7.0000 len=5949	5949	9.74659	0	0	0	0	0	0	0	0	0	0	0	0	0	0	7.93359	12.8452	0.213919	0.285803	1.59908	1.43725	0	0	0	0
k107_30760775 flag=1 multi=11.7573 len=8141	8141	11.1902	0	0	0	0	0	0	0	0	0	0	0	0	0.0385253	0.0482774	8.84245	15.8654	0.289705	0.315855	2.01952	3.02392	0	0	0	0
k107_3520920 flag=0 multi=10.0066 len=86546	86546	11.3121	0	0	0	0	0	0	0	0	0	0	0	0	0.0594128	0.0731854	9.20186	14.6124	0.255322	0.360819	1.79553	2.33156	0	0	0	0
k107_9787770 flag=0 multi=11.0768 len=21081	21081	12.1443	0	0	0	0	0	0	0	0	0	0	0	0	0.0581356	0.0699828	9.6175	13.5066	0.377497	0.517524	2.0912	3.15366	0	0	0	0
k107_20656695 flag=0 multi=9.0935 len=12447	12447	11.0964	0	0	0	0	0	0	0	0	0	0	0	0	0	0	9.11626	14.3964	0.34788	0.391444	1.63228	2.07285	0	0	0	0
k107_26762313 flag=1 multi=8.0000 len=4797	4797	9.02536	0	0	0	0	0	0	0	0	0	0	0	0	0	0	7.40868	8.01633	0.335929	0.553342	1.28076	1.36189	0	0	0	0
k107_2575968 flag=1 multi=10.0000 len=10245	10245	11.5442	0	0	0	0	0	0	0	0	0	0	0	0	0.0606457	0.0831969	9.19873	10.9318	0.344262	0.427402	1.94056	3.49701	0	0	0	0
k107_12080210 flag=0 multi=10.1034 len=9895	9895	11.6276	0	0	0	0	0	0	0	0	0	0	0	0	0	0	9.26915	13.8372	0.503388	0.600506	1.8551	2.57228	0	0	0	0
k107_27359137 flag=0 multi=9.0182 len=18866	18866	11.0077	0	0	0	0	0	0	0	0	0	0	0	0	0.0325361	0.0415	9.18412	11.1303	0.211431	0.314453	1.57962	2.21487	0	0	0	0
k107_10890464 flag=1 multi=7.0000 len=5190	5190	8.26657	0	0	0	0	0	0	0	0	0	0	0	0	0	0	8.26657	11.6998	0	0	0	0	0	0	0	0
k107_8376729 flag=0 multi=9.0122 len=83534	83534	11.1406	0	0	0	0	0	0	0	0	0	0	0	0	0.0289792	0.035057	8.94865	12.9074	0.289889	0.433322	1.87305	2.30629	0	0	0	0
k107_33665350 flag=0 multi=9.0887 len=10904	10904	10.7541	0	0	0	0	0	0	0	0	0	0	0	0	0	0	8.74788	14.3704	0.241464	0.344999	1.76476	1.70914	0	0	0	0
k107_21068259 flag=0 multi=11.0080 len=8473	8473	12.4914	0	0	0	0	0	0	0	0	0	0	0	0	0.147718	0.203595	10.0195	13.4889	0.461143	0.709032	1.86305	2.52162	0	0	0	0
k107_32911899 flag=0 multi=126.7700 len=3915	3915	10.3249	0	0	0	0	0	0	0.123443	0.294187	0	0	2.1478	3.59218	0	0	7.98395	12.6769	0	0	0	0	0.0697481	0.0986689	0	0
k107_33797683 flag=0 multi=10.0276 len=21339	21339	11.5148	0	0	0	0	0	0	0	0	0	0	0	0	0.0287113	0.0403574	9.18158	14.2045	0.243856	0.344986	2.06061	3.16624	0	0	0	0
k107_24308862 flag=0 multi=12.0243 len=6564	6564	12.7625	0	0	0	0	0	0	0	0	0	0	0	0	0.0482274	0.0532542	10.2432	12.5489	0.288566	0.358043	2.18253	2.1818	0	0	0	0
k107_9188177 flag=0 multi=10.0340 len=36252	36252	11.4707	0	0	0	0	0	0	0	0	0.00840056	0.00832446	0	0	0.0251739	0.0363557	9.13875	14.0453	0.348428	0.483368	1.9499	2.837	0	0	0	0
k107_33606243 flag=0 multi=9.0069 len=62895	62895	11.4114	0	0	0	0	0	0	0	0	0	0	0	0	0.0192993	0.0194653	9.40185	14.0346	0.272522	0.349063	1.71773	2.28846	0	0	0	0
k107_28396495 flag=0 multi=12.0560 len=13211	13211	11.8795	0	0	0	0	0	0	0	0	0	0	0.00488032	0.00485688	0.0440778	0.053058	9.50554	13.4385	0.257262	0.355709	2.06778	3.24365	0	0	0	0
k107_28807514 flag=0 multi=11.6080 len=41465	41465	11.4683	0	0	0	0	0	0	0	0	0	0	0	0	0.0806307	0.0902998	9.28961	13.9132	0.241576	0.355658	1.8565	2.64906	0	0	0	0
k107_34457041 flag=0 multi=10.0501 len=34632	34632	11.5815	0	0	0	0	0	0	0	0	0	0	0	0	0.0351879	0.0434963	9.48075	18.2455	0.383222	0.558131	1.68235	2.24193	0	0	0	0
k107_3725058 flag=0 multi=9.0270 len=25625	25625	11.5899	0	0	0	0	0	0	0	0	0	0	0	0	0.0595901	0.0609663	9.16511	14.1394	0.361332	0.585666	2.00383	2.58672	0	0	0	0
k107_31176700 flag=1 multi=9.0000 len=23228	23228	9.14857	0	0	0	0	0	0	0	0	0	0	0	0	0.0394748	0.0515801	7.22987	7.9754	0.124924	0.174297	1.7543	2.98075	0	0	0	0
k107_30339586 flag=1 multi=10.0000 len=4044	4044	11.0192	0	0	0	0	0	0	0	0	0	0	0	0	0.0807055	0.0742058	8.94388	13.8083	0.351416	0.703269	1.64324	2.22924	0	0	0	0
k107_2521651 flag=0 multi=10.0528 len=28877	28877	11.7144	0	0	0	0	0	0	0	0	0	0	0	0	0.0211024	0.0230014	9.63584	15.5714	0.263937	0.428473	1.79353	2.82487	0	0	0	0
k107_24948475 flag=0 multi=11.0383 len=31822	31822	11.5961	0	0	0	0	0	0	0	0	0	0	0	0	0.0287119	0.0361253	9.33033	12.7652	0.244067	0.303586	1.99302	2.89623	0	0	0	0
k107_34004160 flag=0 multi=9.0044 len=15242	15242	10.0077	0	0	0	0	0	0	0	0	0	0	0	0	0	0	8.12062	10.9381	0.220549	0.320529	1.66653	2.25232	0	0	0	0
k107_35315512 flag=1 multi=15.0380 len=16263	16263	10.4996	0	0	0	0	0	0	0	0	0	0	0	0	0.0372784	0.05732	8.42466	11.1621	0.330618	0.439325	1.70704	1.73373	0	0	0	0
k107_13022259 flag=0 multi=10.9513 len=11495	11495	11.7363	0	0	0	0	0	0	0	0	0.0269811	0.026257	0	0	0	0	9.81846	12.9531	0.152059	0.156645	1.73877	2.34809	0	0	0	0
k107_11755596 flag=0 multi=10.0453 len=14158	14158	11.898	0	0	0	0	0	0	0	0	0	0	0	0	0.0217956	0.03605	9.8649	9.6071	0.337471	0.376725	1.67379	2.17514	0	0	0	0
k107_2748996 flag=0 multi=15.2958 len=4438	4438	10.1262	0	0	0	0	0	0	0	0	0	0	0	0	0.0365087	0.0351826	7.7234	19.2292	0.411509	0.411568	1.95479	2.80105	0	0	0	0
k107_30624297 flag=0 multi=11.0063 len=59800	59800	11.5783	0	0	0	0	0	0	0	0	0	0	0	0	0.025379	0.027092	9.3385	13.1741	0.315237	0.468067	1.89917	2.5706	0	0	0	0
k107_28283864 flag=0 multi=8.1129 len=5299	5299	9.93496	0	0	0	0	0	0	0	0	0	0	0	0	0	0	8.42926	11.7256	0.398439	0.888758	1.10726	1.37085	0	0	0	0
k107_12389306 flag=0 multi=8.2239 len=3176	3176	10.1862	0	0	0	0	0	0	0	0	0	0	0	0	0	0	8.37996	10.8628	0.314892	0.389268	1.4913	1.59291	0	0	0	0
k107_28419082 flag=0 multi=10.0166 len=66626	66626	11.3969	0	0	0	0	0	0	0	0	0	0	0	0	0.022767	0.0278674	9.27536	12.1343	0.291358	0.438969	1.80746	2.53632	0	0	0	0
k107_27123040 flag=0 multi=9.0287 len=35684	35684	10.9862	0	0	0	0	0	0	0	0	0	0	0	0	0.0426488	0.0577672	8.89642	11.3371	0.221808	0.27842	1.82531	2.19894	0	0	0	0
k107_11947889 flag=0 multi=10.0195 len=13357	13357	11.3386	0	0	0	0	0	0	0	0	0	0	0	0	0.115664	0.128966	9.09299	11.3195	0.381616	0.498008	1.74837	2.13957	0	0	0	0
k107_2217874 flag=0 multi=12.0218 len=9317	9317	11.2014	0	0	0	0	0	0	0	0	0	0	0	0	0.00532446	0.0052967	8.85391	12.7659	0.401775	0.536861	1.94043	2.8541	0	0	0	0
k107_20139027 flag=0 multi=18.3956 len=9428	9428	10.4018	0	0	0	0	0	0	0	0	0	0	0	0	0.0661845	0.0618232	8.39919	20.2663	0.433706	0.547786	1.50274	2.43927	0	0	0	0
k107_20934629 flag=0 multi=10.0276 len=3733	3733	12.6724	0	0	0	0	0	0	0	0	0	0	0	0	0	0	10.0469	18.319	0.597493	0.718625	2.02798	1.8864	0	0	0	0
k107_28815569 flag=0 multi=11.0400 len=24920	24920	11.2696	0	0	0	0	0	0	0	0	0	0	0	0	0.032659	0.0398755	9.22029	11.2682	0.324884	0.40303	1.69177	2.39662	0	0	0	0
k107_10054625 flag=0 multi=16.0319 len=60984	60984	11.1719	0	0	0	0	0	0	0	0	0	0	0	0	0.0236973	0.0286103	9.0568	14.3785	0.250931	0.392672	1.84051	2.62988	0	0	0	0
k107_9082844 flag=0 multi=11.0700 len=12301	12301	12.5334	0	0	0	0	0	0	0	0	0.0251688	0.0377119	0	0	0.0503375	0.0588186	10.2185	11.1802	0.326944	0.531693	1.91241	2.04281	0	0	0	0
k107_18287366 flag=0 multi=16.8039 len=21111	21111	10.863	0	0	0	0	0	0	0	0	0	0	0.00706425	0.00719933	0.0435389	0.0536607	9.12653	18.0692	0.214619	0.306311	1.47129	2.06518	0	0	0	0
k107_20694472 flag=0 multi=9.1095 len=13192	13192	11.8413	0	0	0	0	0	0	0	0	0.0232739	0.0356059	0	0	0.046858	0.0696502	9.69597	17.8073	0.374011	0.406597	1.70124	1.9708	0	0	0	0
k107_34418049 flag=0 multi=9.0081 len=27051	27051	11.6737	0	0	0	0	0	0	0	0	0.0225803	0.0437353	0	0	0.0656847	0.0896993	9.44805	14.4572	0.293357	0.42981	1.84399	2.61445	0	0	0	0
k107_12760647 flag=1 multi=10.0000 len=37355	37355	11.3642	0	0	0	0	0	0	0	0	0	0	0	0	0.016247	0.0187732	9.24832	12.1057	0.324292	0.432697	1.77535	2.31349	0	0	0	0
k107_23553386 flag=0 multi=13.3125 len=10557	10557	12.1114	0	0	0	0	0	0	0	0	0	0	0	0	0.0881521	0.0895273	10.0071	14.748	0.353291	0.356912	1.6628	1.82461	0	0	0	0
k107_12554526 flag=1 multi=7.0000 len=24991	24991	9.35814	0	0	0	0	0	0	0	0	0.0122322	0.0192127	0	0	0.036656	0.0436109	7.61108	11.1366	0.280975	0.496163	1.41719	1.93199	0	0	0	0
k107_32664554 flag=0 multi=10.0202 len=14063	14063	11.68	0	0	0	0	0	0	0	0	0	0	0	0	0.0438922	0.0428411	9.53608	13.7425	0.241262	0.365414	1.8588	2.03979	0	0	0	0
k107_1840185 flag=1 multi=9.0000 len=9935	9935	10.9173	0	0	0	0	0	0	0	0	0	0	0	0	0.0940517	0.100584	8.71359	15.1983	0.201599	0.214943	1.90802	3.46069	0	0	0	0
k107_3727807 flag=0 multi=11.0489 len=8969	8969	9.56882	0	0	0	0	0	0	0	0	0	0	0	0	0.0348448	0.0340976	7.47064	10.1761	0.278412	0.386603	1.78493	2.70236	0	0	0	0
k107_6216766 flag=1 multi=9.0000 len=11614	11614	10.7732	0	0	0	0	0	0	0	0	0	0	0	0	0.0797383	0.106395	8.62553	10.4508	0.266266	0.265863	1.80172	2.09157	0	0	0	0
k107_32192098 flag=0 multi=10.0318 len=4919	4919	11.8269	0	0	0	0	0	0	0	0	0	0	0	0	0	0	9.98765	13.3952	0.0654104	0.0945042	1.77388	2.52059	0	0	0	0
k107_35436628 flag=0 multi=7.4140 len=2653	2653	9.05445	0	0	0	0	0	0	0	0	0	0	0	0	0	0	7.76691	6.21483	0.125904	0.165406	1.16163	2.97078	0	0	0	0
k107_24405474 flag=1 multi=7.0000 len=6508	6508	8.88028	0	0	0	0	0	0	0	0	0	0	0	0	0	0	7.03013	8.85512	0.188366	0.225318	1.66178	2.77728	0	0	0	0
k107_12440803 flag=0 multi=11.0032 len=30917	30917	11.8056	0	0	0	0	0	0	0	0	0	0	0	0	0.0295933	0.031455	9.08787	10.7789	0.364331	0.520463	2.32383	2.82052	0	0	0	0
k107_11589626 flag=0 multi=9.0554 len=21140	21140	11.1877	0	0	0	0	0	0	0	0	0	0	0	0	0.11575	0.158066	8.77373	12.588	0.299645	0.42804	1.99861	2.47403	0	0	0	0
k107_27354168 flag=0 multi=14.4887 len=47848	47848	11.3595	0	0	0	0	0	0	0	0	0	0	0	0	0.0508139	0.0567071	9.32041	11.7661	0.278993	0.362012	1.70929	2.28866	0	0	0	0
k107_11942211 flag=0 multi=17.3988 len=3337	3337	11.1713	0	0	0.0734761	0.0951122	0	0	0	0	0	0	0	0	0	0	8.97891	8.75266	0.606919	0.759931	1.51203	2.01458	0	0	0	0
k107_11175175 flag=1 multi=8.0000 len=33839	33839	9.5708	0	0	0	0	0	0	0	0	0	0	0	0	0.01801	0.023642	7.69806	10.8357	0.314757	0.589	1.53997	1.86551	0	0	0	0
k107_12633772 flag=1 multi=9.0000 len=9887	9887	11.1028	0	0	0	0	0	0	0	0	0	0	0	0	0	0	9.00386	11.7714	0.188732	0.34297	1.91017	2.52356	0	0	0	0
k107_33870663 flag=0 multi=20.2015 len=7664	7664	11.0935	0	0	0	0	0	0	0	0	0	0	0	0	0.123064	0.151402	8.38332	12.294	0.286607	0.255234	2.30046	2.63604	0	0	0	0
k107_33652197 flag=1 multi=9.0000 len=22234	22234	11.0082	0	0	0	0	0	0	0	0	0	0	0	0	0.0137698	0.0135788	8.8784	11.3762	0.151331	0.197113	1.96471	2.56683	0	0	0	0
k107_4508586 flag=1 multi=8.0000 len=13353	13353	10.1887	0	0	0	0	0	0	0	0	0	0	0	0	0.04628	0.112534	8.26787	9.58406	0.20803	0.231898	1.66654	2.66469	0	0	0	0
k107_33799647 flag=0 multi=10.2114 len=7222	7222	12.6918	0	0	0	0	0	0	0	0	0	0	0	0	0.123988	0.109177	10.7341	16.1883	0.343642	0.534928	1.49003	2.25233	0	0	0	0
k107_25792349 flag=0 multi=10.9965 len=56823	56823	12.2242	0	0	0	0	0	0	0	0	0.0106863	0.0149627	0	0	0.026698	0.0281752	9.93218	14.5351	0.31107	0.425448	1.94358	2.67471	0	0	0	0
k107_30224014 flag=1 multi=9.0000 len=3217	3217	10.7383	0	0	0	0	0	0	0	0	0	0	0	0	0	0	8.59931	9.13089	0.207204	0.22952	1.93173	1.9266	0	0	0	0
k107_23340741 flag=0 multi=10.0931 len=11607	11607	10.013	0	0	0	0	0	0	0	0	0	0	0	0	0	0	7.84591	9.85925	0.213622	0.366032	1.95347	2.61678	0	0	0	0
k107_20933330 flag=0 multi=10.0200 len=33413	33413	11.0659	0	0	0	0	0	0	0	0	0	0	0	0	0.00936245	0.00927838	8.93682	14.6103	0.218719	0.262741	1.90103	2.99977	0	0	0	0
k107_2747398 flag=0 multi=13.1149 len=13689	13689	11.9453	0	0	0	0	0	0	0	0	0.0225592	0.0250448	0	0	0.0225592	0.0245936	9.59259	18.228	0.428326	0.648584	1.87929	2.68114	0	0	0	0
k107_29094745 flag=0 multi=9.4886 len=37013	37013	10.78	0	0	0.00400425	0.00401468	0	0	0	0	0	0	0.00403149	0.00409529	0.0614802	0.0715275	8.79774	15.3645	0.209338	0.318658	1.70336	2.32919	0	0	0	0
k107_11693090 flag=0 multi=10.0505 len=19142	19142	10.5621	0	0	0	0	0	0	0	0	0	0	0	0	0.0160297	0.0224539	8.55754	10.6187	0.248248	0.369286	1.74029	1.89922	0	0	0	0
k107_12983992 flag=0 multi=13.3709 len=30903	30903	11.1227	0	0	0	0	0	0	0	0	0	0	0	0	0	0	9.1366	13.2773	0.320578	0.409311	1.66557	2.25941	0	0	0	0
k107_10290825 flag=1 multi=8.0000 len=11787	11787	9.65599	0	0	0	0	0	0	0	0	0	0	0	0	0.0788855	0.0778949	7.81471	7.06382	0.183631	0.31968	1.57875	2.25853	0	0	0	0
k107_33812117 flag=1 multi=91.0000 len=6720	6720	11.1578	0	0	0	0	0	0	0	0	0	0	0	0	0	0	9.09956	10.3349	0.375818	0.622685	1.68246	1.48986	0	0	0	0
k107_3135647 flag=0 multi=17.5358 len=6602	6602	9.9546	0	0	0	0	0	0	0	0	0	0	0	0	0	0	8.21619	11.0665	0.215714	0.301285	1.5227	2.31767	0	0	0	0
k107_31034263 flag=1 multi=8.0000 len=11943	11943	9.8001	0	0	0	0	0	0	0	0	0	0	0	0	0.0778284	0.0983969	8.00103	11.6669	0.270509	0.323879	1.45073	1.93821	0	0	0	0
k107_2759240 flag=1 multi=8.0000 len=7002	7002	9.84388	0	0	0	0	0	0	0	0	0	0	0	0	0	0	8.24015	11.0606	0.214328	0.228819	1.3894	2.55396	0	0	0	0
k107_6362704 flag=0 multi=12.0021 len=74268	74268	11.3793	0	0	0	0	0	0	0	0	0	0	0	0	0.0244707	0.0390697	9.29334	12.6356	0.303802	0.375584	1.75773	2.48756	0	0	0	0
k107_19696923 flag=0 multi=11.5048 len=6522	6522	12.514	0	0	0	0	0	0	0	0	0	0	0	0	0.0485531	0.057132	10.3574	10.5279	0.233923	0.218714	1.87412	3.10149	0	0	0	0
k107_13387031 flag=0 multi=10.0075 len=31774	31774	11.518	0	0	0	0	0	0	0	0	0	0	0	0	0.00959583	0.00950353	9.39918	10.2063	0.250508	0.36882	1.85867	2.39048	0	0	0	0
k107_27360830 flag=0 multi=15.2908 len=5620	5620	11.5506	0	0	0	0	0	0	0	0	0	0	0	0	0.0567883	0.0832932	9.65137	14.3748	0.170365	0.156045	1.67206	2.39949	0	0	0	0
k107_1310566 flag=0 multi=9.7250 len=2856	2856	10.6496	0	0	0	0	0	0	0	0	0	0	0	0	0	0	8.80227	21.1447	0.118246	0.114488	1.72905	2.25547	0	0	0	0
k107_33272755 flag=0 multi=9.0062 len=53856	53856	11.3031	0	0	0	0	0	0	0	0	0	0	0	0	0.04502	0.058243	9.43631	12.5114	0.225436	0.333834	1.59631	1.9321	0	0	0	0
k107_27794155 flag=0 multi=9.0354 len=36645	36645	11.0827	0	0	0	0	0	0	0	0	0	0	0	0	0.0251493	0.0280364	9.03228	12.1197	0.272845	0.387213	1.75247	2.26502	0	0	0	0
k107_4548748 flag=1 multi=8.0000 len=36435	36435	9.36128	0	0	0	0	0	0	0	0	0	0	0	0	0.033432	0.0602156	7.6204	9.34095	0.283951	0.404696	1.42349	2.01558	0	0	0	0
k107_29669369 flag=0 multi=9.0317 len=56490	56490	11.3424	0	0	0	0	0	0	0	0	0	0	0	0	0.0376059	0.0423185	9.22305	13.2701	0.214779	0.279344	1.86693	2.7949	0	0	0	0
k107_12428054 flag=0 multi=10.0020 len=92897	92897	11.2724	0	0	0	0	0	0	0	0	0.00326152	0.00568658	0.00326152	0.00583386	0.032572	0.034211	9.13341	11.9098	0.294876	0.395932	1.80505	2.51628	0	0	0	0
k107_8087745 flag=0 multi=12.1042 len=99332	99332	11.2807	0	0	0	0	0	0	0	0	0	0	0	0	0.0243865	0.0267923	9.04783	12.2255	0.304998	0.424941	1.90345	2.85233	0	0	0	0
k107_24724469 flag=0 multi=9.6388 len=47751	47751	11.1064	0	0	0	0	0	0	0	0	0	0	0.0153006	0.052455	0.0381884	0.0414567	8.84613	12.2434	0.29244	0.361865	1.91431	2.58021	0	0	0	0
k107_4211755 flag=0 multi=12.3922 len=15323	15323	11.2739	0	0	0	0	0	0	0	0	0	0	0	0	0.0201052	0.0197013	9.13468	10.0628	0.262166	0.324838	1.85693	2.53815	0	0	0	0
k107_532034 flag=1 multi=17.0000 len=10611	10611	11.1489	0	0	0	0	0	0	0	0	0	0	0.0289068	0.0476644	0.0292948	0.0319292	9.10816	10.0165	0.321855	0.353245	1.66068	2.53062	0	0	0	0
k107_5098422 flag=0 multi=9.8201 len=11665	11665	10.4941	0	0	0	0	0	0	0	0	0	0	0	0	0	0	8.76635	12.3466	0.265335	0.267124	1.46238	2.16585	0	0	0	0
