contigName	contigLen	totalAvgDepth	Cen01_MA.bam	Cen01_MA.bam-var	Cen03_MA.bam	Cen03_MA.bam-var	Cen04_MA.bam	Cen04_MA.bam-var	Cen05_MA.bam	Cen05_MA.bam-var	Cen06_MA.bam	Cen06_MA.bam-var	Cen07_MA.bam	Cen07_MA.bam-var	Cen10_MA.bam	Cen10_MA.bam-var	Cen12_MA.bam	Cen12_MA.bam-var	Cen14_MA.bam	Cen14_MA.bam-var	Cen15_MA.bam	Cen15_MA.bam-var	Cen16_MA.bam	Cen16_MA.bam-var	Cen17_MA.bam	Cen17_MA.bam-var
k107_26331004 flag=0 multi=20.9271 len=4594	4594	19.7435	0	0	0	0	0	0	0	0	0	0	0	0	0	0	0	0	0.527027	0.790327	19.2164	23.1037	0	0	0	0
k107_18262062 flag=0 multi=72.3723 len=3303	3303	15.9164	0	0	0	0	0	0	0	0	0	0	0	0	0	0	0	0	1.8937	2.12337	0.752083	0.885498	13.2706	28.3043	0	0
k107_17334843 flag=0 multi=33.9847 len=4693	4693	19.417	0	0	0	0	0	0	0	0	0	0	0	0	0	0	0	0	0.0664997	0.158675	18.9547	36.8802	0.39581	4.04153	0	0
k107_11176019 flag=0 multi=42.0967 len=3033	3033	15.1904	0	0	0.110582	0.173118	0	0	0	0	0.10985	0.166523	0	0	0	0	0	0	1.96595	1.48893	0.505676	0.493287	12.4984	16.0013	0	0
k107_6109068 flag=0 multi=36.2235 len=4017	4017	14.0277	0	0	0	0	0	0	0	0	0	0	0	0	0	0	0	0	0.325168	0.510822	0.318977	1.13983	13.3836	14.1178	0	0
k107_2955033 flag=0 multi=11.1776 len=2922	2922	13.6771	0	0	0	0	0	0	0	0	0	0	0	0	0	0	0	0	1.22366	2.16862	0.121756	0.107265	12.3317	15.5887	0	0
k107_2405190 flag=0 multi=90.7587 len=3488	3488	40.2379	0	0	0	0	0	0	0	0	0.0734463	0.102878	0	0	0	0	0	0	3.26334	4.42313	23.9375	20.5155	12.9636	17.4279	0	0
k107_2242716 flag=0 multi=35.2418 len=7005	7005	20.0207	0	0	0	0	0	0	0	0	0	0	0	0	0	0	0	0	0	0	19.9767	22.3539	0.0440101	0.0490048	0	0
k107_1600349 flag=0 multi=76.5101 len=5528	5528	16.9631	0	0	0	0	0	0	0	0	0	0	0	0	0	0	0	0	0	0	16.9631	17.6515	0	0	0	0
k107_2332864 flag=0 multi=178.1873 len=4293	4293	32.2245	0	0	0	0	0	0	0	0	0	0	0	0	0	0	0.150589	0.27988	1.68028	1.5035	17.9116	25.3216	12.4821	15.1616	0	0
k107_16289601 flag=0 multi=39.1345 len=61509	61509	35.391	0	0	0	0	0	0	0	0	0	0	0	0	0	0	0.00493408	0.00540426	2.01289	2.61895	20.3416	27.7466	13.0243	16.0133	0.0073521	0.00829829
k107_5728679 flag=0 multi=37.8002 len=18792	18792	34.8431	0	0	0	0	0	0	0	0	0	0	0	0	0	0	0	0	2.0059	2.72628	19.9491	27.2369	12.8881	20.502	0	0
k107_109832 flag=0 multi=51.2087 len=6452	6452	19.5029	0	0	0	0	0	0	0	0	0	0	0	0	0	0	0	0	0.0491057	0.0649163	19.3567	27.3166	0.0970732	0.134765	0	0
k107_18752942 flag=0 multi=27.0045 len=7491	7491	32.1142	0	0	0	0	0	0	0	0	0	0	0	0	0	0	0.0420086	0.0408069	2.22465	2.86788	18.1321	22.7981	11.7154	25.2877	0	0
k107_449521 flag=0 multi=59.5973 len=12897	12897	35.0766	0	0	0	0	0	0	0	0	0	0	0	0	0	0	0.0435093	0.0478132	1.97618	2.96879	20.8118	33.5273	12.2214	15.8251	0.0237396	0.0234071
k107_629655 flag=0 multi=30.1154 len=5280	5280	36.3777	0	0	0	0	0	0	0	0	0	0	0	0	0	0	0	0	1.93692	3.28966	21.8984	37.1202	12.5424	15.0365	0	0
k107_18103968 flag=0 multi=33.0263 len=15252	15252	35.5904	0	0	0	0	0	0	0	0	0.0202007	0.0197938	0	0	0	0	0	0	1.85445	2.59164	19.7348	30.2858	13.9809	20.3192	0	0
k107_11762427 flag=0 multi=42.9763 len=8600	8600	35.9047	0	0	0	0	0	0	0	0	0	0	0	0	0	0	0	0	1.80646	1.76076	20.9434	19.3382	13.1549	22.1782	0	0
k107_15486574 flag=0 multi=29.0548 len=18160	18160	35.9104	0	0	0	0	0	0	0	0	0	0	0	0	0	0	0	0	1.93023	2.7819	21.1487	25.9671	12.8147	18.7764	0.0167992	0.016623
k107_5009641 flag=0 multi=32.0671 len=23826	23826	35.2906	0	0	0	0	0	0	0	0	0	0	0	0	0	0	0	0	2.04859	3.20415	20.436	34.1685	12.8059	17.5801	0	0
k107_31577206 flag=0 multi=26.0466 len=2808	2808	35.2322	0	0	0	0	0	0	0	0	0	0	0	0	0	0	0	0	2.49761	3.17067	20.6177	40.5813	12.1169	18.7037	0	0
k107_17128614 flag=0 multi=70.0102 len=23129	23129	35.9424	0.0132299	0.021823	0	0	0	0	0	0	0	0	0	0	0	0	0.0264599	0.0357466	1.98335	2.48469	20.3479	32.6922	13.5715	18.7852	0	0
k107_3232692 flag=0 multi=34.9921 len=17241	17241	34.3984	0	0	0	0	0	0	0	0	0.011748	0.0198906	0	0	0	0	0	0	1.70589	2.24601	20.1235	28.4017	12.5572	16.1731	0	0
k107_2787278 flag=0 multi=47.8669 len=5300	5300	33.9322	0	0	0	0	0	0	0	0	0	0	0	0	0	0	0.0302121	0.0293052	1.93998	2.73222	20.3097	33.6575	11.6523	16.9521	0	0
k107_5060281 flag=0 multi=64.6852 len=13379	13379	35.2995	0	0	0	0	0	0	0	0	0.011547	0.0114164	0	0	0	0	0	0	1.88988	2.45481	20.653	31.3129	12.745	13.5858	0	0
k107_9540301 flag=0 multi=111.4271 len=6702	6702	34.6637	0	0	0	0	0	0	0	0	0	0	0	0	0	0	0	0	1.96906	2.43539	20.3923	21.8105	12.3023	13.2511	0	0
k107_15483550 flag=0 multi=29.5931 len=34007	34007	35.2715	0	0	0	0	0	0	0	0	0.0268506	0.0338773	0	0	0	0	0.0399347	0.070881	1.7849	2.76873	20.6222	33.0525	12.7931	16.3614	0.00448005	0.00445851
k107_28250827 flag=0 multi=31.2975 len=3364	3364	36.6502	0	0	0	0	0	0	0	0	0	0	0	0	0	0	0	0	1.66982	1.8845	20.9086	28.9186	14.0718	32.1925	0	0
k107_4270885 flag=0 multi=27.4493 len=4701	4701	32.8338	0	0	0	0	0	0	0	0	0	0	0	0	0	0	0	0	2.07343	3.27105	20.639	40.7084	10.1214	32.3743	0	0
k107_3673348 flag=0 multi=37.0210 len=47374	47374	35.7842	0	0	0	0	0	0	0	0	0	0	0	0	0	0	0.0256416	0.0250115	2.25903	2.77216	20.5153	33.9041	12.9811	18.6386	0.00312288	0.00320167
k107_6058298 flag=0 multi=84.9016 len=16059	16059	33.7704	0.0191661	0.0288268	0	0	0	0	0	0	0.0191026	0.0187993	0	0	0	0	0.095767	0.107705	1.87352	3.07918	18.5951	26.6237	13.1677	17.1662	0	0
k107_8657682 flag=0 multi=55.0011 len=13428	13428	35.0907	0	0	0	0	0	0	0	0	0	0	0	0	0	0	0.0230078	0.022477	2.06019	2.32406	19.7253	25.1274	13.2822	16.1811	0	0
k107_21096981 flag=0 multi=36.0549 len=10967	10967	36.4369	0	0	0	0	0	0	0	0	0	0	0	0	0	0	0.0282232	0.0363284	1.52677	2.01834	22.4728	22.923	12.4092	13.5993	0	0
k107_5523863 flag=0 multi=57.2883 len=53827	53827	35.3662	0.00564222	0.00904723	0	0	0	0	0	0	0.0112844	0.0114511	0	0	0	0	0.0338347	0.0411814	1.96583	2.66554	20.5115	30.8869	12.8325	16.6621	0.00562354	0.00691804
k107_12357086 flag=0 multi=27.0144 len=17550	17550	33.3566	0	0	0	0	0	0	0	0	0.0173933	0.0260164	0	0	0	0	0	0	2.34207	4.29798	18.4165	25.5968	12.5807	15.8166	0	0
k107_19043052 flag=0 multi=71.0121 len=34016	34016	35.4874	0	0	0.0089577	0.0109629	0	0	0	0	0.000148306	0.000207549	0	0	0	0	0.0089577	0.0107245	2.24014	2.84957	20.1951	26.6938	13.0253	16.3191	0.0088094	0.00888228
k107_24329503 flag=0 multi=37.0212 len=23913	23913	36.2384	0	0	0	0	0	0	0	0	0.0127483	0.0143999	0	0	0	0	0.0127906	0.0171156	2.10563	2.89229	20.8229	29.3089	13.2843	17.7143	0	0
k107_18485325 flag=0 multi=29.7105 len=2950	2950	33.7054	0	0	0	0	0	0	0	0	0	0	0	0	0	0	0	0	2.41843	3.85252	19.4524	26.8521	11.8346	11.1254	0	0
k107_28406352 flag=0 multi=41.1728 len=19470	19470	34.0786	0	0	0	0	0	0	0	0	0	0	0	0	0	0	0.0315109	0.0341732	1.72976	2.7259	19.846	22.3901	12.4555	17.6871	0.0157554	0.0278198
k107_31327051 flag=0 multi=43.1201 len=17147	17147	33.2086	0	0	0	0	0	0	0	0	0.0179282	0.0176205	0	0	0	0	0.0358563	0.0425258	1.93232	2.86544	19.5266	24.3596	11.6959	16.6425	0	0
k107_516195 flag=0 multi=41.9580 len=10837	10837	35.6443	0	0	0	0	0	0	0	0	0.0570479	0.0650658	0	0	0	0	0	0	2.4113	3.56851	20.685	29.64	12.4909	16.4789	0	0
k107_3653862 flag=0 multi=39.9761 len=7947	7947	32.8531	0	0	0	0	0	0	0.0393721	0.0706654	0.0395029	0.059661	0	0	0	0	0	0	2.27273	3.49215	18.3044	33.7243	12.1971	10.1924	0	0
k107_2084737 flag=0 multi=38.0081 len=20858	20858	33.303	0	0	0	0	0	0	0	0	0.0293831	0.0406789	0	0	0	0	0.0146916	0.0221627	1.76275	2.29024	19.8029	27.1838	11.6933	16.0546	0	0
k107_7364751 flag=0 multi=44.4984 len=26855	26855	34.2461	0	0	0	0	0	0	0	0	0.0169096	0.0194129	0	0	0	0	0	0	1.97383	2.53951	19.7832	27.0607	12.4722	14.4579	0	0
k107_3660720 flag=0 multi=44.5367 len=16533	16533	35.5479	0	0	0	0	0	0	0	0	0.0184831	0.0244184	0	0	0	0	0	0	1.87579	2.26952	20.6024	35.2033	13.0513	16.2709	0	0
k107_32093 flag=0 multi=42.0680 len=28724	28724	34.3686	0	0	0	0	0	0	0	0	0	0	0	0	0	0	0.0105904	0.0169873	1.95528	2.69718	19.8829	28.1068	12.4987	18.8354	0.0211456	0.0309174
k107_12405318 flag=0 multi=46.9097 len=21276	21276	33.9837	0	0	0	0	0	0	0	0	0.0287499	0.0403787	0	0	0	0	0.0573091	0.0793475	2.09884	2.90631	19.603	24.9678	12.1815	16.381	0.0143034	0.0209686
k107_7878440 flag=0 multi=27.0023 len=5393	5393	36.0841	0	0	0	0	0	0	0	0	0	0	0	0	0	0	0.0593204	0.0558122	1.85936	2.28206	21.2544	42.648	12.911	20.5504	0	0
k107_2247333 flag=0 multi=29.5657 len=14161	14161	20.2192	0	0	0	0	0	0	0	0	0	0	0	0	0	0	0	0	2.08132	2.79155	6.80323	101.945	11.3129	16.5241	0.0217187	0.0307075
k107_10323703 flag=0 multi=30.2707 len=19955	19955	35.0205	0	0	0	0	0	0	0	0	0	0	0	0	0	0	0.0153666	0.0299901	1.92332	2.83424	20.0848	26.1987	12.9969	18.3071	0	0
k107_21751411 flag=0 multi=25.8326 len=2682	2682	32.6227	0	0	0	0	0	0	0	0	0	0	0	0	0	0	0	0	1.14832	1.23749	17.9521	19.1236	13.5223	23.3053	0	0
k107_25497314 flag=0 multi=63.1583 len=34797	34797	35.0675	0	0	0	0	0	0	0	0	0.00869691	0.0130945	0	0	0	0	0.00875489	0.0158062	2.0754	2.82372	20.4431	26.35	12.5229	14.5078	0.0087259	0.0130874
k107_7111844 flag=0 multi=30.4030 len=9546	9546	33.8979	0	0	0.0326698	0.035934	0	0	0	0	0	0	0	0	0	0	0	0	1.69072	1.78356	20.0564	32.8214	12.102	15.081	0.0161186	0.0160669
k107_10873243 flag=0 multi=38.5169 len=97104	97104	35.7774	0	0	0	0	0	0	0	0	0.00618789	0.0066016	0	0	0	0	0.00622921	0.0108901	2.08223	2.92196	20.7923	29.3689	12.8858	16.0964	0.00465899	0.00685204
k107_6251889 flag=0 multi=83.0821 len=13312	13312	34.5409	0	0	0	0	0	0	0	0	0	0	0.0232129	0.0345215	0	0	0	0	1.94727	2.55313	19.9203	29.6503	12.6386	15.73	0.0115296	0.0114743
k107_16982639 flag=0 multi=41.9132 len=15102	15102	35.4868	0	0	0	0	0	0	0	0	0	0	0	0	0	0	0	0	1.80696	2.91339	21.1639	38.2618	12.5159	12.9496	0	0
k107_2071509 flag=0 multi=29.0990 len=19569	19569	33.8862	0	0	0	0	0	0	0	0	0.031297	0.0350341	0	0	0	0	0	0	2.19536	3.15355	19.8168	30.6116	11.8427	17.8165	0	0
k107_18056458 flag=0 multi=35.0138 len=16069	16069	35.0209	0	0	0.0191539	0.0255115	0	0	0	0	0.0475677	0.0490233	0	0	0	0	0	0	1.89129	2.99228	20.127	28.9771	12.9359	22.5406	0	0
k107_30754943 flag=0 multi=37.9980 len=11741	11741	35.9148	0	0	0	0	0	0	0	0	0	0	0	0	0	0	0	0	2.10779	2.89002	20.0149	23.0796	13.792	11.564	0	0
k107_3868555 flag=0 multi=30.3146 len=4868	4868	21.4871	0	0	0	0	0	0	0	0	0	0	0	0	0	0	0	0	0.066141	0.101202	21.3239	35.1344	0.0970215	0.0893898	0	0
k107_18983932 flag=0 multi=99.0000 len=4632	4632	35.9296	0	0	0	0	0	0	0	0	0	0	0	0	0	0	0	0	2.4739	3.95279	22.3524	27.0597	11.1032	12.234	0	0
k107_13627164 flag=0 multi=29.8866 len=7794	7794	34.8426	0	0	0	0	0	0	0	0	0.0403097	0.0528403	0	0	0	0	0	0	1.78857	2.09768	20.8966	25.8551	12.1172	17.0087	0	0
k107_18029817 flag=0 multi=28.9975 len=8572	8572	37.3566	0.0365175	0.035192	0	0	0	0	0	0	0	0	0	0	0	0	0	0	2.39371	3.45873	21.2826	31.2311	13.6438	18.3022	0	0
k107_14282205 flag=0 multi=37.0925 len=8526	8526	34.9202	0	0	0	0	0	0	0	0	0	0	0	0	0	0	0	0	2.33718	3.29333	19.799	31.242	12.784	17.0052	0	0
k107_1165731 flag=0 multi=59.3456 len=6317	6317	31.391	0	0	0	0	0	0	0	0	0	0	0	0	0	0	0	0	1.9616	2.75071	17.5839	18.7342	11.7957	13.6116	0.0498753	0.047702
k107_10245719 flag=0 multi=65.8075 len=27194	27194	36.2119	0	0	0	0	0	0	0	0	0.0111557	0.012811	0	0	0	0	0	0	2.20448	3.69816	20.2661	29.4068	13.7191	20.2415	0.0111185	0.0142249
k107_22816867 flag=0 multi=27.1130 len=3940	3940	35.5541	0	0	0	0	0	0	0	0	0	0	0	0	0	0	0	0	2.02996	3.32018	20.8758	23.4275	12.6484	15.0796	0	0
k107_20413798 flag=0 multi=43.3588 len=25293	25293	35.7746	0	0	0	0	0	0	0	0	0.0120843	0.0196246	0	0	0	0	0.0120843	0.0173821	1.83902	2.80972	20.8769	31.4925	13.0345	17.1413	0	0
k107_1159274 flag=0 multi=40.7742 len=11425	11425	36.2274	0	0	0	0	0	0	0	0	0	0	0	0	0	0	0	0	2.09737	2.4885	21.3625	26.6321	12.7675	17.416	0	0
k107_20647080 flag=0 multi=218.0000 len=3526	3526	34.4339	0	0	0	0	0	0	0	0	0	0	0	0	0	0	0.0936725	0.137675	2.72301	2.80623	18.8731	34.42	12.7441	9.66662	0	0
k107_8810218 flag=0 multi=66.0955 len=32624	32624	34.7122	0	0	0	0	0	0	0	0	0.00934348	0.0130333	0	0	0	0	0.00931254	0.0117321	2.13994	2.84776	19.8766	29.6317	12.666	15.2124	0.0108904	0.0126602
k107_21146985 flag=0 multi=34.3445 len=17225	17225	34.2231	0	0	0	0	0	0	0	0	0.00886368	0.00884215	0	0	0	0	0.0178455	0.0328921	1.98877	2.0672	19.0851	25.241	13.1225	16.9067	0	0
k107_16623868 flag=0 multi=66.5211 len=14928	14928	35.7494	0	0	0	0	0	0	0	0	0.0206482	0.0270613	0	0	0	0	0	0	2.19971	3.19334	20.6533	27.9885	12.8758	17.9779	0	0
k107_4594961 flag=0 multi=48.3243 len=9355	9355	34.3063	0	0	0	0	0	0	0	0	0	0	0	0	0	0	0.0332486	0.0322442	2.04739	2.84051	20.3459	28.6033	11.8798	16.3479	0	0
k107_22110396 flag=0 multi=30.0000 len=5950	5950	35.6967	0	0	0	0	0	0	0	0	0	0	0	0	0	0	0	0	1.57047	1.9825	19.2645	38.3581	14.8617	17.1136	0	0
k107_24146421 flag=0 multi=27.0000 len=9872	9872	35.6347	0	0	0	0	0	0	0	0	0	0	0	0	0	0	0	0	1.71191	2.86588	20.1743	22.8853	13.7485	18.3813	0	0
k107_18161153 flag=0 multi=292.0000 len=3963	3963	34.8096	0	0	0	0	0	0	0	0	0	0	0	0	0	0	0	0	2.0407	2.26874	19.1942	23.4486	13.5747	13.5563	0	0
k107_8040057 flag=0 multi=55.0260 len=6602	6602	35.0994	0	0	0	0	0	0	0	0	0	0	0	0	0	0	0	0	1.77667	2.36028	19.946	34.7371	13.3767	15.0734	0	0
k107_30223978 flag=0 multi=72.7970 len=16107	16107	34.256	0	0	0	0	0	0	0	0	0.0285353	0.0331568	0	0	0	0	0.0191079	0.0225416	2.19779	2.70202	19.0355	28.278	12.9441	14.6426	0.0310028	0.041221
k107_24088095 flag=0 multi=29.0449 len=6615	6615	36.4749	0.0478378	0.0702716	0	0	0	0	0	0	0	0	0	0	0	0	0.0955172	0.128678	1.8058	2.20247	20.5584	48.5293	13.9674	15.0908	0	0
k107_22220830 flag=0 multi=39.0018 len=15707	15707	38.5625	0	0	0	0	0	0	0	0	0	0	0	0	0	0	0.0392081	0.0518163	2.4272	3.79593	22.2587	32.7713	13.8374	24.9395	0	0
k107_28362401 flag=0 multi=28.0205 len=4115	4115	34.8715	0	0	0	0	0	0	0	0	0	0	0	0	0	0	0	0	2.57304	3.49138	19.5014	23.497	12.797	19.3076	0	0
k107_6608840 flag=0 multi=38.0553 len=10484	10484	34.6496	0	0	0	0	0	0	0	0	0	0	0	0	0	0	0.0593204	0.0723116	2.57317	4.34945	19.9723	30.1122	12.0448	17.7265	0	0
k107_24853677 flag=0 multi=43.4282 len=6323	6323	35.869	0	0	0	0	0	0	0	0	0	0	0	0	0	0	0	0	1.95167	2.20677	20.7339	20.9216	13.1834	14.5323	0	0
k107_11932758 flag=0 multi=35.0137 len=24556	24556	34.1545	0	0	0	0	0	0	0	0	0.0123691	0.0122969	0	0	0	0	0	0	1.95432	2.83712	19.9567	24.5827	12.2311	17.3385	0	0
k107_21426791 flag=0 multi=45.9971 len=36140	36140	35.6268	0	0	0.00842681	0.00834751	0	0	0	0	0	0	0	0	0	0	0.0251967	0.0373953	2.03591	2.31989	20.7758	26.7091	12.7773	16.1449	0.00412969	0.00419563
k107_25017821 flag=0 multi=30.5412 len=11535	11535	32.4136	0	0	0	0	0	0	0	0	0.0268851	0.040773	0	0	0	0	0.026796	0.0375683	2.30864	4.18431	18.3305	28.8855	11.7075	18.4254	0.0133535	0.0132647
k107_25065902 flag=0 multi=41.9775 len=7630	7630	31.7666	0	0	0	0	0	0	0	0	0.0412118	0.0438868	0	0	0	0	0	0	2.03343	3.211	18.0041	28.3545	11.6879	16.1266	0	0
k107_26308624 flag=0 multi=30.0115 len=9641	9641	34.3326	0	0	0	0	0	0	0	0	0	0	0	0	0	0	0	0	2.70425	4.09901	18.8337	22.3111	12.7946	17.4105	0	0
k107_25526957 flag=0 multi=99.0000 len=3139	3139	30.3765	0	0	0	0	0	0	0	0	0	0	0	0	0	0	0	0	1.30983	1.43773	20.0067	18.3554	9.05992	9.41696	0	0
k107_4141421 flag=0 multi=28.0158 len=4153	4153	36.8439	0	0	0	0	0	0	0	0	0	0	0	0	0	0	0	0	2.07453	2.52686	20.9416	20.7647	13.8278	9.49987	0	0
k107_23325110 flag=0 multi=40.1348 len=12320	12320	34.0444	0	0	0	0	0	0	0	0	0	0	0	0	0	0	0	0	1.85339	2.11934	20.0796	25.4024	12.1114	19.6989	0	0
k107_2773987 flag=0 multi=69.0623 len=11220	11220	33.735	0	0	0	0	0	0	0	0	0	0	0	0	0	0	0.0276607	0.0268972	2.26415	2.85186	18.8249	20.6014	12.6183	13.8528	0	0
k107_20160041 flag=0 multi=28.0802 len=4968	4968	33.4436	0	0	0	0	0	0	0	0	0	0	0	0	0	0	0	0	2.76275	4.1744	18.4833	36.4622	12.1976	12.3047	0	0
k107_16294470 flag=0 multi=63.7568 len=10457	10457	34.6354	0	0	0	0	0	0	0	0	0	0	0	0	0	0	0.0296406	0.028858	2.32555	4.55977	18.8885	31.5343	13.3916	18.1459	0	0
k107_8549442 flag=0 multi=42.9746 len=6956	6956	34.6461	0	0	0	0	0	0	0	0	0.022092	0.0221847	0	0	0	0	0	0	2.27622	2.40389	19.7369	18.6378	12.6109	16.4394	0	0
k107_25837106 flag=0 multi=69.1465 len=20834	20834	34.9162	0	0	0	0	0	0	0	0	0.0147087	0.0234532	0	0	0	0	0.0147087	0.0246229	2.15327	2.9748	20.3242	30.5976	12.4094	14.5094	0	0
k107_34587201 flag=0 multi=63.0075 len=10664	10664	36.2983	0	0	0	0	0	0	0	0	0	0	0	0	0	0	0	0	2.18664	2.98881	21.0856	19.945	13.0261	18.8659	0	0
k107_7749789 flag=0 multi=76.0099 len=2632	2632	34.3043	0	0	0	0	0	0	0	0	0	0	0	0	0	0	0	0	2.60987	5.11958	18.6172	12.2433	13.0773	16.6863	0	0
k107_23949041 flag=0 multi=92.0064 len=32188	32188	34.1561	0	0	0	0	0	0	0	0	0	0	0	0	0	0	0	0	2.00536	2.7459	20.2545	30.7236	11.8916	14.1048	0.00464154	0.0047124
k107_22717473 flag=0 multi=28.0574 len=5748	5748	37.2407	0	0	0	0	0	0	0	0	0	0	0	0	0	0	0	0	2.21833	1.92509	21.7486	28.8167	13.2738	14.3762	0	0
k107_27982645 flag=0 multi=30.0992 len=3435	3435	34.4411	0	0	0	0	0	0	0	0	0	0	0	0	0	0	0	0	2.02553	3.70416	19.1727	21.4107	13.2429	10.5881	0	0
k107_7518304 flag=0 multi=61.0612 len=10746	10746	33.4553	0	0	0	0	0	0	0	0	0	0	0	0	0	0	0.0289161	0.0280748	1.91986	2.39313	19.1904	20.1423	12.3019	17.9046	0.0141708	0.0142533
k107_4559721 flag=0 multi=30.0536 len=3019	3019	34.9165	0	0	0	0	0	0	0	0	0	0	0	0	0	0	0	0	2.18108	2.53091	19.4347	21.4191	13.3007	14.5909	0	0
k107_5049508 flag=0 multi=34.7650 len=9838	9838	38.6283	0	0	0	0	0	0	0	0	0.0316695	0.0407409	0	0	0	0	0	0	2.10256	2.89829	22.8595	36.67	13.619	20.7807	0.0155201	0.0155834
k107_8571812 flag=0 multi=27.0107 len=5911	5911	34.7406	0	0	0	0	0	0	0	0	0	0	0	0	0	0	0	0	1.95026	2.38895	20.0735	28.2061	12.7169	16.1208	0	0
k107_31862061 flag=0 multi=25.8113 len=9202	9202	33.4124	0	0	0	0	0	0	0.0339326	0.0577378	0.0497753	0.0728075	0	0	0	0	0	0	1.75303	2.31437	19.4725	30.7095	12.1031	20.2522	0	0
k107_32035281 flag=0 multi=113.8657 len=13722	13722	35.4089	0	0	0	0	0	0	0	0	0	0	0	0	0	0	0	0	1.92228	2.44249	20.7484	29.4613	12.727	14.5501	0.0111773	0.0111246
k107_32517715 flag=0 multi=39.9953 len=9633	9633	34.8255	0	0	0	0	0	0	0	0	0	0	0	0	0	0	0	0	1.49277	1.58335	20.3361	26.4852	12.9967	16.0521	0	0
k107_22911754 flag=0 multi=29.0566 len=4488	4488	32.8168	0	0	0	0	0	0	0	0	0	0	0	0	0	0	0	0	2.16937	2.05221	18.1923	25.5201	12.4551	16.5505	0	0
k107_22274877 flag=0 multi=26.7790 len=3378	3378	34.5998	0	0	0	0	0	0	0	0	0.138166	0.201296	0	0	0	0	0	0	2.01756	2.73619	20.4662	30.7246	11.9779	18.2829	0	0
k107_29208896 flag=0 multi=34.7773 len=2895	2895	35.5461	0	0	0	0	0	0	0	0	0	0	0	0	0	0	0.116082	0.173147	1.13112	1.0435	21.4863	30.3844	12.8126	14.8628	0	0
k107_14340133 flag=0 multi=47.1493 len=50185	50185	34.044	0	0	0	0	0	0	0	0	0.011948	0.0152853	0	0	0	0	0.0181625	0.039134	2.02223	2.49374	19.4518	28.6722	12.5369	17.2198	0.0029469	0.00302069
k107_2511027 flag=0 multi=25.0064 len=3224	3224	31.6759	0	0	0	0	0	0	0	0	0	0	0	0	0	0	0	0	2.27276	2.85607	18.0931	26.8301	11.3101	8.33329	0	0
k107_32723370 flag=0 multi=48.9077 len=12131	12131	35.3093	0	0	0	0	0	0	0	0	0	0	0	0	0	0	0	0	1.99907	2.11123	20.0792	26.187	13.2184	15.3935	0.0126807	0.0126058
k107_6983878 flag=0 multi=41.0390 len=9475	9475	33.8759	0	0	0	0	0	0	0	0	0	0	0	0	0	0	0	0	2.04938	2.99375	18.6181	19.2719	13.2084	15.3804	0	0
k107_14234397 flag=0 multi=61.0000 len=5711	5711	33.6903	0	0	0	0	0	0	0	0	0	0	0	0	0	0	0	0	2.07377	1.63177	18.8122	16.625	12.8044	17.6367	0	0
k107_5857439 flag=0 multi=122.2460 len=10238	10238	32.4152	0	0	0	0	0	0	0	0	0	0	0	0	0	0	0	0	2.59249	3.69543	17.8955	22.6923	11.9271	17.467	0	0
k107_33155569 flag=0 multi=19.0283 len=44272	44272	21.0763	0	0	0	0	0	0	0	0	0	0	0	0	0	0	0	0	0.21849	0.329052	20.8578	28.9553	0	0	0	0
k107_31578626 flag=0 multi=33.0517 len=4982	4982	33.378	0	0	0	0	0	0	0	0	0	0	0	0	0	0	0	0	1.41368	1.07136	19.4419	28.4392	12.5224	15.3091	0	0
k107_33228661 flag=0 multi=43.5280 len=39062	39062	33.9875	0	0	0	0	0	0	0	0	0.00379257	0.00388071	0	0	0	0	0	0	1.96447	2.5391	19.0444	25.4636	12.9748	14.8853	0	0
k107_33125147 flag=0 multi=41.9822 len=9001	9001	36.2137	0	0	0	0	0	0	0	0	0	0	0	0	0	0	0.0692034	0.183253	1.71054	3.33191	20.927	22.8547	13.507	24.5206	0	0
k107_8787684 flag=0 multi=49.8162 len=27916	27916	35.1741	0	0	0	0	0	0	0	0	0	0	0	0	0	0	0.0216195	0.0211851	2.29655	3.47287	20.2913	30.8182	12.5646	17.0017	0	0
k107_177618 flag=0 multi=31.0000 len=2722	2722	36.8029	0	0	0	0	0	0	0	0	0	0	0	0	0	0	0	0	1.55537	1.12455	22.0194	35.1054	13.2281	15.1323	0	0
k107_33038204 flag=0 multi=55.0031 len=29987	29987	35.2578	0	0	0	0	0	0	0	0	0.0305205	0.0640503	0	0	0	0	0.0202459	0.0200785	2.10268	3.58133	20.5037	25.8401	12.6006	14.7516	0	0
k107_21426397 flag=0 multi=98.1292 len=12402	12402	34.8253	0	0	0	0	0	0	0	0	0	0	0	0	0	0	0.0747107	0.0978796	1.45975	2.31654	20.7131	30.9917	12.5777	21.3238	0	0
k107_31923021 flag=0 multi=33.5686 len=11835	11835	34.3017	0	0	0	0	0	0	0	0	0	0	0	0	0	0	0.0261857	0.0320822	1.87081	2.40876	19.9026	22.6165	12.5021	19.5346	0	0
k107_34846751 flag=0 multi=44.0533 len=5891	5891	35.2786	0	0	0	0	0	0	0	0	0.188764	0.637029	0	0	0	0	0	0	2.18519	4.75109	20.7262	27.1861	12.1784	19.2975	0	0
k107_34236600 flag=0 multi=32.0000 len=19820	19820	35.0346	0	0	0	0	0	0	0	0	0.0154217	0.019542	0	0	0	0	0	0	1.76002	2.28308	20.6225	23.2631	12.6212	18.0288	0.0154729	0.0190286
k107_818333 flag=0 multi=36.4737 len=22350	22350	34.188	0	0	0	0	0	0	0	0	0.0273948	0.048771	0	0	0	0	0.0136974	0.0135092	2.00213	2.92559	19.4901	30.4166	12.6479	15.9766	0.00680334	0.00680191
k107_29586506 flag=0 multi=54.4370 len=2551	2551	14.6163	0	0	0	0	0	0	0	0	0	0	0	0	0.666518	1.10239	0.268564	0.371786	1.47221	1.58424	8.6763	12.0287	3.53268	4.53607	0	0
k107_17823751 flag=0 multi=49.9924 len=6823	6823	34.6292	0	0	0	0	0	0	0	0	0	0	0	0	0	0	0	0	2.67597	4.2763	19.7092	32.0756	12.1983	12.5371	0.0456985	0.0460096
k107_11016063 flag=0 multi=35.0766 len=9324	9324	35.2726	0	0	0	0	0	0	0	0	0	0	0	0	0	0	0	0	1.73653	2.81817	20.8156	34.4988	12.6873	16.3307	0.0331412	0.0332478
k107_3866571 flag=0 multi=18.4923 len=2707	2707	16.0208	0	0	0	0	0	0	0	0	0	0	0	0	0	0	0	0	1.9185	2.68079	0.140956	0.203499	13.9613	18.2307	0	0
k107_2510914 flag=0 multi=60.5019 len=4610	4610	34.1641	0	0	0	0	0	0	0	0	0	0	0	0	0	0	0	0	2.54039	3.59154	19.8032	18.7435	11.7922	17.5043	0.0283194	0.0275229
k107_10638863 flag=0 multi=35.4379 len=9420	9420	34.1521	0	0	0	0	0	0	0	0	0	0	0	0	0	0	0	0	2.14071	2.17919	18.5281	29.0265	13.4833	26.8017	0	0
k107_21791023 flag=0 multi=61.6442 len=2847	2847	19.587	0	0	0	0	0	0	0	0	0	0	0	0	0	0	0	0	0	0	19.5289	19.8529	0.0581532	0.055837	0	0
k107_18261097 flag=0 multi=18.2395 len=3297	3297	19.4725	0	0	0	0	0	0	0	0	0	0	0	0	0	0	0	0	0	0	19.4725	30.4611	0	0	0	0
k107_4023696 flag=0 multi=40.9947 len=19862	19862	34.1945	0	0	0	0	0	0	0	0	0	0	0	0	0	0	0	0	1.88062	3.13484	20.8395	30.5707	11.4669	15.5872	0.00756646	0.00766202
k107_22922297 flag=0 multi=23.0000 len=2866	2866	32.8066	0	0	0	0	0	0	0	0	0	0	0	0	0	0	0	0	1.8748	1.86065	19.4883	27.4007	11.4434	14.9971	0	0
k107_30761448 flag=0 multi=32.0413 len=21596	21596	34.602	0	0	0	0	0	0	0	0	0.0141354	0.0167064	0	0	0	0	0	0	2.15718	2.84915	20.2984	27.6721	12.1182	16.9287	0.0140885	0.0184086
k107_10832142 flag=0 multi=37.0328 len=24528	24528	35.2551	0	0	0	0	0	0	0	0	0	0	0	0	0	0	0.0248493	0.0293365	2.18125	2.68404	19.7191	28.9091	13.3299	15.5222	0	0
k107_13468865 flag=0 multi=52.0000 len=17280	17280	35.1	0	0	0	0	0	0	0	0	0.0212628	0.0318746	0	0	0	0	0.0355754	0.133031	1.90753	2.57083	19.8653	30.6893	13.2703	14.0353	0	0
k107_7824430 flag=0 multi=95.0058 len=9537	9537	35.1886	0	0	0	0	0	0	0	0	0	0	0	0	0	0	0	0	2.0889	2.63346	20.6831	36.8551	12.4167	15.0241	0	0
k107_11560064 flag=0 multi=31.0000 len=13583	13583	35.8917	0	0	0	0	0	0	0	0	0.0227393	0.0222251	0	0	0	0	0.0227393	0.0222252	2.13071	3.13211	20.9318	23.8986	12.7837	16.8114	0	0
k107_13115097 flag=0 multi=43.0000 len=4533	4533	33.0428	0	0	0	0	0	0	0	0	0	0	0	0	0	0	0	0	2.75467	2.76476	18.8523	16.3093	11.4358	9.68125	0	0
k107_10811988 flag=0 multi=73.8846 len=7323	7323	33.8909	0	0	0	0	0	0	0	0	0.169919	0.469241	0	0	0	0	0	0	1.89289	1.62294	19.2306	23.1431	12.5975	13.023	0	0
k107_24456578 flag=0 multi=28.0821 len=19454	19454	34.2517	0	0	0	0	0	0	0	0	0	0	0	0	0	0	0.0157686	0.0262766	2.08401	2.47683	19.8099	24.9747	12.342	13.5734	0	0
k107_26206263 flag=0 multi=58.8153 len=6679	6679	35.7242	0	0	0	0	0	0	0	0	0.0473577	0.0868425	0	0	0	0	0	0	1.9274	2.73377	21.477	31.8658	12.2724	23.3702	0	0
k107_3345059 flag=0 multi=43.7158 len=28313	28313	34.3301	0.0107458	0.0173805	0	0	0	0	0	0	0	0	0	0	0	0	0.021563	0.038887	2.13288	2.81879	20.2724	29.2326	11.8925	15.7059	0	0
k107_9426553 flag=0 multi=47.4912 len=7251	7251	22.5818	0	0	0	0	0	0	0	0	0	0	0	0	0	0	0	0	2.18406	3.8612	6.9292	117.192	13.4686	16.3391	0	0
k107_35347761 flag=0 multi=68.0073 len=14035	14035	36.4806	0	0	0	0	0	0	0	0	0	0	0	0	0	0	0	0	1.67414	2.9077	20.9806	36.004	13.8258	14.3852	0	0
k107_10286452 flag=0 multi=28.1486 len=4307	4307	37.2427	0	0	0	0	0	0	0	0	0	0	0	0	0	0	0	0	2.53009	3.41972	22.4162	46.8954	12.2964	13.6608	0	0
k107_7211298 flag=0 multi=34.7219 len=4109	4109	32.9275	0	0	0	0	0	0	0	0	0	0	0	0	0	0	0	0	1.97058	2.11328	18.8986	20.9181	12.0583	14.3718	0	0
k107_33278467 flag=0 multi=31.9881 len=9360	9360	33.4345	0	0	0	0	0	0	0	0	0	0	0	0	0	0	0.0333407	0.039076	2.10709	2.03126	18.323	23.8516	12.9544	17.9616	0.0166703	0.0163942
k107_158910 flag=0 multi=48.0275 len=4842	4842	32.55	0	0	0	0	0	0	0	0	0	0	0	0	0	0	0	0	1.41366	3.75901	19.5874	55.2025	11.4824	32.4883	0.0665198	0.102206
k107_22653467 flag=0 multi=76.0004 len=37934	37934	35.6796	0	0	0	0	0	0	0	0	0.00794537	0.0116271	0	0	0	0	0.00802508	0.00822458	1.96065	2.75849	21.024	38.7748	12.671	16.8539	0.00799851	0.00976489
k107_28932520 flag=0 multi=75.9937 len=18235	18235	34.7776	0	0	0	0	0	0	0	0	0	0	0	0	0	0	0	0	1.92606	2.37721	19.6921	24.4315	13.1594	13.5787	0	0
k107_1485726 flag=0 multi=33.1443 len=8778	8778	35.1988	0	0	0	0	0	0	0	0	0	0	0	0	0	0	0.07126	0.0886046	2.09379	2.25779	20.3944	27.1422	12.6393	19.8396	0	0
k107_1943506 flag=0 multi=28.3280 len=7610	7610	34.4453	0	0	0	0	0	0	0	0	0	0	0	0	0	0	0	0	1.99507	2.78784	19.4324	28.776	13.0178	19.0767	0	0
k107_17360789 flag=0 multi=20.8337 len=3475	3475	21.3044	0	0	0	0	0	0	0	0	0	0	0	0	0	0	0	0	1.48125	0.904898	19.8232	21.1558	0	0	0	0
k107_406218 flag=0 multi=45.0286 len=54443	54443	34.325	0	0	0	0	0	0	0	0	0.0111561	0.0140222	0	0	0	0	0.0166971	0.022425	2.14494	2.43914	19.6435	28.2703	12.5005	17.1181	0.00825622	0.00976878
k107_5597657 flag=0 multi=81.3730 len=27825	27825	33.7106	0	0	0	0	0	0	0	0	0.0109363	0.0149964	0	0	0	0	0.0107183	0.0160863	1.91393	2.50763	19.458	32.6022	12.3171	15.4962	0	0
k107_9967813 flag=0 multi=33.5636 len=23512	23512	34.1651	0	0	0	0	0	0	0	0	0.0259802	0.0327537	0	0	0	0	0.0130116	0.0197394	2.28927	2.92916	19.518	34.5105	12.3188	14.1602	0	0
k107_11376495 flag=0 multi=76.9341 len=9434	9434	33.9051	0	0	0	0	0	0	0	0	0	0	0	0	0	0	0.0745729	0.091329	1.91962	2.53984	19.1857	28.1708	12.7251	16.473	0	0
k107_6937108 flag=0 multi=45.4935 len=32718	32718	34.0208	0	0	0	0	0	0	0	0	0.00931639	0.014598	0	0	0	0	0.0186328	0.0262447	1.81108	2.2794	19.3491	27.8426	12.8188	17.3563	0.0138512	0.0189623
k107_30509324 flag=0 multi=61.0013 len=7624	7624	33.8271	0	0	0	0	0	0	0	0	0.0408358	0.0534877	0	0	0	0	0	0	2.13193	2.59342	18.7406	20.3286	12.9137	13.1267	0	0
k107_5076543 flag=0 multi=34.0018 len=20069	20069	34.9334	0	0	0	0	0	0	0	0	0	0	0	0	0	0	0.030556	0.0792041	2.25492	4.46382	21.1902	29.4924	11.4502	14.0403	0.00748723	0.00758332
k107_14976791 flag=0 multi=53.1654 len=60547	60547	34.7837	0	0	0	0	0	0	0	0	0.00248983	0.00249487	0	0	0	0	0.00499627	0.00568904	1.93535	2.67983	20.2217	25.8356	12.6168	15.9786	0.00244004	0.00249812
k107_9679886 flag=0 multi=41.6961 len=12344	12344	34.3598	0	0	0	0	0	0	0	0	0.0267397	0.0261062	0	0	0	0	0.0250789	0.0325958	1.99153	2.92473	20.3617	28.3428	11.9498	15.157	0.00498256	0.00495814
k107_35624217 flag=0 multi=64.0397 len=20365	20365	36.011	0	0	0	0	0	0	0	0	0	0	0	0	0	0	0	0	1.93321	3.06501	20.6796	37.7533	13.3908	16.7109	0.00737676	0.00747308
k107_9090860 flag=0 multi=77.0000 len=7953	7953	36.2029	0	0	0	0	0	0	0	0	0	0	0	0	0	0	0	0	1.96419	2.74665	21.4429	30	12.7957	17.1218	0	0
k107_7383724 flag=0 multi=29.0026 len=12361	12361	36.1827	0	0	0	0	0	0	0	0	0	0	0	0	0	0	0.0250435	0.0355404	2.10598	3.55367	20.9763	26.7724	13.0503	16.4594	0.0250435	0.035043
k107_33541412 flag=0 multi=39.3321 len=48493	48493	34.9795	0	0	0	0	0	0	0	0	0.04063	0.0649273	0	0	0	0	0.00626673	0.0074303	2.13023	2.9207	20.1613	30.1628	12.6411	15.9971	0	0
k107_12373989 flag=0 multi=48.2592 len=3603	3603	35.7346	0	0	0	0	0	0	0	0	0.182672	0.313781	0	0	0	0	0	0	2.08785	4.97001	21.4414	49.7175	12.0227	8.47105	0	0
k107_21223970 flag=0 multi=36.1841 len=17215	17215	33.4752	0	0	0	0	0	0	0	0	0	0	0	0	0	0	0.0357122	0.0763907	1.9556	3.01411	18.1081	24.3971	13.3758	19.4438	0	0
k107_5466102 flag=0 multi=98.4525 len=4690	4690	33.0809	0	0	0	0	0	0	0	0	0	0	0	0	0	0	0	0	1.73359	2.6161	18.1552	26.551	13.1921	12.5086	0	0
k107_12243040 flag=0 multi=28.0051 len=24983	24983	34.336	0	0	0	0	0	0	0	0	0	0	0	0	0	0	0.0367084	0.0539992	1.71257	2.02743	19.9999	25.9358	12.5868	17.1693	0	0
k107_15369102 flag=0 multi=59.2669 len=18468	18468	34.0884	0	0	0	0	0	0	0	0	0	0	0	0	0	0	0	0	1.92079	3.2061	19.4796	25.2593	12.688	18.8438	0	0
k107_28526884 flag=0 multi=30.0330 len=9513	9513	35.2843	0	0	0	0	0	0	0	0	0.0326783	0.0475627	0	0	0	0	0.0653566	0.0886303	1.5716	1.59928	20.3457	24.6082	13.269	16.2498	0	0
k107_9640117 flag=0 multi=28.0490 len=5295	5295	36.1254	0	0	0	0	0	0	0	0	0.120369	0.32691	0	0	0	0	0	0	1.30383	1.55712	20.8246	22.7086	13.8766	11.6592	0	0
k107_9339576 flag=0 multi=42.0233 len=11920	11920	34.409	0	0	0	0	0	0	0	0	0	0	0	0	0	0	0	0	2.19091	2.49603	20.1314	31.3716	12.0867	13.5266	0	0
k107_22640911 flag=0 multi=32.1667 len=29894	29894	34.9416	0.0102055	0.0139456	0.0102055	0.013074	0	0	0	0	0.0199716	0.0621584	0	0	0	0	0.0204109	0.0275722	1.89717	2.59608	20.2679	28.7589	12.7107	15.2266	0.00503514	0.00507883
k107_944723 flag=0 multi=77.7914 len=12958	12958	33.7506	0	0	0	0	0	0	0	0	0.0238622	0.0233034	0	0	0	0	0	0	1.95062	3.08825	19.569	29.2226	12.2072	17.979	0	0
k107_32426924 flag=0 multi=28.1766 len=13833	13833	33.3027	0	0	0.0223191	0.0352685	0	0	0	0	0	0	0	0	0	0	0.0223191	0.0314258	1.94664	3.08265	19.3697	20.8229	11.9417	14.0685	0	0
k107_2377813 flag=0 multi=43.9990 len=52707	52707	35.5547	0	0	0	0	0	0	0	0	0.00572464	0.00816987	0	0	0	0	0.0115256	0.0157354	1.96264	3.09846	20.6247	29.7186	12.9501	17.3471	0	0
k107_31118067 flag=0 multi=85.7973 len=2835	2835	13.4039	0	0	0	0	0	0	0	0	0	0	0	0	0	0	0.119226	0.105054	1.44966	1.68567	0.287801	0.441455	11.5472	9.66607	0	0
k107_62004 flag=0 multi=33.4817 len=15581	15581	35.0365	0	0	0	0	0	0	0.0197657	0.0315517	0.0197657	0.0374212	0	0	0	0	0	0	2.08665	2.6181	20.3494	28.2533	12.5609	16.5071	0	0
k107_6120382 flag=0 multi=28.0000 len=4114	4114	32.5611	0	0	0	0	0	0	0	0	0	0	0	0	0	0	0	0	2.18179	1.43741	20.4297	38.5369	9.87146	12.2374	0.0781742	0.072968
k107_2780041 flag=0 multi=438.3968 len=4169	4169	31.474	0	0	0	0	0	0	0	0	0.0762865	0.119613	0	0	0	0	0	0	1.63227	3.83722	20.7344	40.37	9.03103	49.3894	0	0
k107_1863987 flag=0 multi=86.3715 len=3235	3235	29.4023	0	0	0	0	0	0	0	0	0	0	0	0	0	0	0	0	1.209	1.37	19.9298	26.4245	8.26355	26.1348	0	0
k107_28758242 flag=0 multi=36.1333 len=11028	11028	34.1068	0	0	0	0	0	0	0	0	0	0	0	0	0	0	0	0	1.92159	3.70757	19.5048	36.9353	12.6804	17.01	0	0
k107_31117272 flag=0 multi=22.1578 len=2807	2807	19.604	0	0	0	0	0	0	0	0	0	0	0	0	0	0	0	0	0	0	19.4267	43.543	0.177246	0.179352	0	0
k107_15460321 flag=0 multi=34.0000 len=3294	3294	31.8299	0	0	0	0	0	0	0	0	0.100936	0.120202	0	0	0	0	0	0	1.18717	1.87191	18.9375	36.3714	11.6043	17.9816	0	0
k107_21330608 flag=0 multi=54.8295 len=23798	23798	34.3946	0	0	0	0	0	0	0	0	0.0128533	0.0190723	0	0	0	0	0.0257065	0.0268402	1.93552	2.58241	19.2498	28.9362	13.1707	15.3228	0	0
k107_21790001 flag=0 multi=60.9974 len=2785	2785	15.2046	0	0	0	0	0	0	0	0	0	0	0	0	0	0	0	0	1.7354	1.3214	0.486106	0.403021	12.9831	16.6981	0	0
k107_21079841 flag=0 multi=61.0821 len=19599	19599	35.1141	0	0	0	0	0	0	0	0	0.0313002	0.0386122	0	0	0	0	0	0	2.21604	3.74742	20.3155	30.4754	12.5436	19.2395	0.00766959	0.00776403
k107_18000445 flag=0 multi=116.0078 len=6246	6246	35.6605	0	0	0	0	0	0	0	0	0	0	0	0	0	0	0	0	2.13795	3.20115	20.3516	30.0407	13.1709	13.942	0	0
k107_19965233 flag=0 multi=43.0000 len=16882	16882	34.2818	0	0	0	0	0	0	0	0	0	0	0	0	0	0	0	0	1.74897	2.12294	20.4637	26.1965	12.0511	18.8251	0.0180338	0.017885
k107_6034194 flag=0 multi=104.1757 len=11139	11139	36.1343	0	0	0	0	0	0	0	0	0.0278675	0.0420426	0	0	0	0	0.0278675	0.0270871	1.75538	1.91581	20.2605	32.498	14.0348	14.1838	0.0278675	0.0270932
k107_20472678 flag=0 multi=52.0000 len=7751	7751	32.5288	0	0	0	0	0	0	0	0	0	0	0	0	0	0	0.0201369	0.0198631	2.00564	2.47922	17.8086	25.6898	12.6945	20.0227	0	0
k107_14053345 flag=0 multi=38.0161 len=31214	31214	34.951	0	0	0	0	0	0	0	0	0.0291149	0.044947	0	0	0	0	0.00970497	0.0096712	1.92139	2.26143	19.8893	29.7998	13.087	16.6076	0.0144928	0.0192373
k107_7913828 flag=0 multi=37.0519 len=10221	10221	35.9653	0	0	0	0	0	0	0	0	0	0	0	0	0	0	0	0	1.8637	2.78284	21.0184	28.289	13.0832	18.912	0	0
k107_18747485 flag=0 multi=27.0872 len=4500	4500	34.3504	0	0	0	0	0	0	0	0	0	0	0	0	0	0	0.071939	0.0667897	1.51929	1.50909	18.9185	27.138	13.8406	18.5375	0	0
k107_25050995 flag=0 multi=51.0514 len=2755	2755	34.5039	0	0	0	0	0	0	0	0	0.0607419	0.0577873	0	0	0	0	0	0	2.48064	3.68311	19.2845	15.4326	12.6779	10.0245	0	0
k107_268398 flag=0 multi=34.1455 len=4450	4450	33.0892	0	0	0	0	0	0	0	0	0	0	0	0	0	0	0	0	2.27772	2.37195	17.6244	29.6076	13.1871	23.3908	0	0
k107_3513791 flag=0 multi=28.9514 len=9031	9031	33.2274	0	0	0	0	0	0	0	0	0	0	0	0	0	0	0	0	1.54428	1.78643	19.5492	24.1899	12.1339	12.7959	0	0
