contigName	contigLen	totalAvgDepth	Cen01_MA.bam	Cen01_MA.bam-var	Cen03_MA.bam	Cen03_MA.bam-var	Cen04_MA.bam	Cen04_MA.bam-var	Cen05_MA.bam	Cen05_MA.bam-var	Cen06_MA.bam	Cen06_MA.bam-var	Cen07_MA.bam	Cen07_MA.bam-var	Cen10_MA.bam	Cen10_MA.bam-var	Cen12_MA.bam	Cen12_MA.bam-var	Cen14_MA.bam	Cen14_MA.bam-var	Cen15_MA.bam	Cen15_MA.bam-var	Cen16_MA.bam	Cen16_MA.bam-var	Cen17_MA.bam	Cen17_MA.bam-var
k107_23141046 flag=0 multi=94.1184 len=39616	39616	120.169	0.00768174	0.0131181	0	0	0	0	0	0	13.4138	20.1878	0	0	0.0729002	0.077553	41.284	60.7505	16.4542	26.259	48.9363	76.7593	0	0	0	0
k107_22767890 flag=0 multi=112.0388 len=10743	10743	119.665	0.0566038	0.0545083	0.0140791	0.0142546	0.0281582	0.0280907	0	0	13.0106	26.2707	0.0140791	0.0142545	0.0431951	0.0476464	41.6238	71.247	17.4383	30.2438	47.3651	65.6027	0.0281582	0.0280905	0.0427162	0.0641138
k107_8432355 flag=0 multi=92.1910 len=3191	3191	77.0505	0.141225	0.409411	0.610592	0.766235	0	0	0	0	13.1945	12.7313	0	0	0	0	46.0021	36.8486	11.6165	10.8848	4.89166	5.13498	0.593977	0.81253	0	0
k107_686113 flag=0 multi=57.0923 len=3933	3933	77.8593	0	0	1.47921	1.71416	0	0	0	0	17.4726	31.9986	0	0	0	0	41.9868	59.4448	10.0074	14.6624	6.02809	6.41703	0.885156	1.00917	0	0
k107_4911705 flag=0 multi=54.0469 len=9973	9973	74.6953	0	0	1.6899	2.2013	0	0	0	0	14.3879	26.6199	0.0152001	0.0153716	0	0	42.1781	77.8659	9.52632	12.2009	5.97022	7.24291	0.927722	0.802168	0	0
k107_2787984 flag=0 multi=168.3216 len=9404	9404	75.1961	0.0331795	0.0362573	1.1581	1.40882	0	0	0	0	15.3504	22.9673	0	0	0	0	43.4775	63.6564	9.41507	13.3391	4.42815	5.22356	1.33377	1.39345	0	0
k107_21205239 flag=0 multi=58.2867 len=3849	3849	72.8447	0	0	0.870313	1.00067	0	0	0	0	15.3637	17.784	0	0	0.0840147	0.161963	40.9278	50.688	9.72343	14.3224	4.58359	5.11745	1.2918	1.42778	0	0
k107_4180807 flag=0 multi=59.4187 len=21920	21920	71.7154	0	0	1.08313	1.60243	0	0	0.00679989	0.0069345	14.117	20.2193	0.0139698	0.0137738	0	0	40.7904	67.6201	9.32487	13.9683	5.35854	6.56222	1.02068	1.50453	0	0
k107_290914 flag=0 multi=59.8362 len=17912	17912	75.2069	0	0	1.25014	1.62238	0	0	0	0	15.5588	24.1647	0	0	0	0	42.7475	85.9941	9.69262	14.2292	4.95554	6.31166	1.00227	1.1401	0	0
k107_23728345 flag=0 multi=59.9945 len=40324	40324	74.6565	0.0150417	0.0241072	1.27785	2.08218	0	0	0	0	15.5147	24.2743	0.00369797	0.0037597	0	0	42.3706	70.9244	9.2661	12.0439	5.09652	6.59677	1.11196	1.33241	0	0
k107_5149138 flag=0 multi=62.0566 len=30705	30705	75.093	0	0	1.27343	1.89478	0.0145051	0.014674	0	0	16.0793	26.9983	0	0	0.00993323	0.0133819	42.0338	72.1572	9.61224	11.2258	5.00168	6.06552	1.06815	1.20575	0	0
k107_1261862 flag=0 multi=75.0000 len=11842	11842	73.1683	0.0521664	0.0721412	1.19783	1.45935	0	0	0	0	15.0146	22.4183	0	0	0	0	41.5639	81.5916	9.40702	11.483	4.61924	5.18588	1.31352	1.53734	0	0
k107_6041179 flag=0 multi=81.0736 len=14501	14501	70.8191	0	0	1.3127	1.90782	0.0103528	0.0105176	0	0	13.6243	22.4046	0	0	0.0212691	0.0367322	41.3516	78.0075	9.63413	13.5971	4.31221	5.9193	0.552574	0.563967	0	0
k107_26489187 flag=0 multi=81.8789 len=36083	36083	72.3802	0	0	1.14019	1.73725	0	0	0	0	14.8167	22.8366	0	0	0.0168805	0.0243658	40.7435	55.2557	9.20676	11.8463	5.18311	6.91651	1.27302	1.53511	0	0
k107_4270511 flag=0 multi=71.5617 len=34424	34424	75.803	0	0	1.36076	2.00593	0	0	0	0	15.6088	24.3661	0.00879198	0.0162153	0.00873337	0.0132955	42.3129	61.7843	9.92161	12.711	5.369	8.701	1.21238	1.21164	0	0
k107_4154553 flag=0 multi=67.6883 len=21310	21310	73.8676	0	0	1.24629	1.69632	0	0	0	0	15.0706	22.0041	0.0143279	0.0187436	0	0	42.1009	56.5957	9.45116	13.878	5.04056	8.37942	0.943736	1.31312	0	0
k107_13409206 flag=0 multi=53.3292 len=4509	4509	76.1709	0	0	1.17091	1.59624	0	0	0	0	13.9266	18.8531	0	0	0	0	43.8978	81.2754	10.0304	16.7143	5.9275	8.74771	1.21773	1.39791	0	0
k107_5819239 flag=0 multi=62.2249 len=24771	24771	76.8113	0	0	1.45768	2.08555	0	0	0	0	16.6199	28.9326	0	0	0	0	43.3173	57.9793	9.29772	15.1675	4.89681	7.3138	1.22183	1.59596	0	0
k107_5281706 flag=0 multi=66.8149 len=47865	47865	76.6037	0.0126989	0.0207741	1.3278	2.05927	0	0	0.00634947	0.00646992	16.6984	26.1916	0.00309064	0.00316727	0.00634947	0.00630735	42.838	69.0163	9.46654	13.1639	5.14986	5.71683	1.09457	1.55925	0	0
k107_4335591 flag=0 multi=80.0065 len=18228	18228	76.5906	0.016847	0.0175644	1.31602	2.08063	0	0	0	0	16.0596	23.2898	0	0	0.016847	0.0270486	43.5275	65.2882	9.35451	17.8436	5.1379	5.67009	1.16139	1.53686	0	0
k107_2784320 flag=0 multi=58.8610 len=46646	46646	77.0697	0	0	1.41501	1.97746	0	0	0	0	15.5879	26.9914	0	0	0	0	43.8136	66.0131	10.2238	13.7438	4.9912	7.09388	1.03817	1.24122	0	0
k107_6064466 flag=0 multi=58.7914 len=43542	43542	74.3809	0.027914	0.031761	1.38774	2.43928	0	0	0	0	15.7556	26.1374	0	0	0	0	41.9551	60.7716	9.02102	13.3078	5.11674	7.11173	1.11672	1.54218	0	0
k107_22917466 flag=0 multi=59.8094 len=19362	19362	76.8007	0	0	1.03636	1.35295	0	0	0	0	15.3218	18.0553	0	0	0	0	43.2002	68.9805	10.817	16.7543	5.42497	10.8814	1.00031	1.06128	0	0
k107_19807209 flag=0 multi=63.0000 len=24995	24995	76.0163	0	0	1.61447	2.49484	0.0059531	0.00607353	0	0	15.7455	21.3668	0.0059531	0.00607353	0	0	42.7222	56.9795	9.77747	13.4373	5.14713	7.32218	0.99757	1.26351	0	0
k107_2274068 flag=0 multi=65.3645 len=3868	3868	80.6052	0	0	1.27706	2.26032	0	0	0	0	18.1371	20.3408	0	0	0	0	45.1851	66.944	9.67639	10.5989	5.14218	7.921	1.18732	2.31778	0	0
k107_7062137 flag=0 multi=127.0000 len=4859	4859	70.6991	0	0	1.43362	2.68634	0	0	0	0	13.2723	19.0724	0	0	0	0	41.6467	70.8995	7.95523	9.66947	5.19399	5.6805	1.19728	1.99199	0	0
k107_3866638 flag=0 multi=52.9908 len=7960	7960	71.4327	0	0	1.56947	2.50941	0	0	0	0	15.0831	17.7222	0	0	0	0	39.1938	41.8152	8.8561	12.4216	5.41656	7.89958	1.31379	1.57362	0	0
k107_13170959 flag=0 multi=57.2184 len=10101	10101	73.8373	0	0	0.946831	1.18322	0	0	0	0	14.8903	24.8997	0	0	0	0	42.1409	56.2977	9.83284	13.1049	4.99929	6.52992	1.02715	0.950164	0	0
k107_1561743 flag=0 multi=82.0856 len=13002	13002	74.3669	0	0	1.09276	1.39179	0	0	0	0	14.4122	23.0782	0	0	0	0	42.2842	77.0475	9.86165	13.4621	5.74622	7.583	0.969921	1.10252	0	0
k107_26315092 flag=0 multi=83.1985 len=23764	23764	74.9325	0	0	1.35317	2.23083	0	0	0	0	15.513	28.0854	0	0	0	0	42.7286	70.0058	9.5026	13.9457	4.91684	6.87104	0.918251	0.938724	0	0
k107_4938592 flag=0 multi=68.9057 len=22124	22124	78.1182	0.0276327	0.0468257	1.22473	1.83509	0	0	0	0	17.5857	37.9213	0	0	0.0138392	0.0136438	43.5761	60.9807	9.32985	11.9751	5.30203	8.60546	1.05829	1.2606	0	0
k107_12741173 flag=0 multi=55.2222 len=14840	14840	74.4547	0	0	1.29564	1.82918	0	0	0	0	14.1504	19.5206	0	0	0	0	42.2888	60.9257	10.5582	13.6203	4.82921	6.67977	1.33251	1.49937	0	0
k107_2420248 flag=0 multi=86.7303 len=30754	30754	77.3326	0	0	1.27279	2.12555	0.00965454	0.00981421	0	0	16.4973	29.343	0	0	0	0	43.4781	70.7313	9.70623	14.4769	5.29466	7.77112	1.06387	1.38308	0.00991725	0.0103421
k107_5362875 flag=0 multi=76.9913 len=12528	12528	70.69	0	0	1.11901	1.74742	0	0	0	0	14.3032	20.7735	0	0	0	0	40.3529	78.1229	9.02895	12.167	5.08572	6.69422	0.800262	0.964372	0	0
k107_26793747 flag=0 multi=61.1350 len=36903	36903	73.2416	0.00825114	0.0124966	1.40633	1.69382	0	0	0	0	14.0282	23.605	0	0	0.00822382	0.00850706	41.7789	60.1126	9.51881	12.1997	5.39657	7.77482	1.09636	1.26065	0	0
k107_19103561 flag=0 multi=87.1549 len=4477	4477	77.0445	0	0	1.53317	1.5611	0	0	0	0	17.5976	24.2523	0	0	0.0720958	0.069504	42.4743	51.7615	7.97868	12.978	6.10299	8.00986	1.28575	2.33144	0	0
k107_4072529 flag=0 multi=51.1381 len=12442	12442	76.5461	0	0	1.44028	1.60366	0	0	0	0	16.2205	26.6693	0	0	0	0	44.483	78.3426	9.10766	11.1835	4.33501	5.82249	0.959638	1.19525	0	0
k107_8059697 flag=0 multi=71.9516 len=18408	18408	68.3066	0	0	0.827405	1.20327	0.0162377	0.0163997	0	0	13.9223	28.3811	0	0	0	0	40.7601	73.3192	8.0929	11.789	4.15266	5.91286	0.534961	0.689925	0	0
k107_19286620 flag=0 multi=60.9860 len=15598	15598	74.8987	0.0197437	0.0261576	1.11912	1.89742	0	0	0	0	15.6317	22.0031	0.00987186	0.00977125	0.0196783	0.0206643	41.8583	60.9511	10.3167	14.8197	4.60898	7.03193	1.31459	1.68151	0	0
k107_17041442 flag=0 multi=78.2415 len=36562	36562	76.1438	0.0249862	0.0315257	1.57554	2.50234	0	0	0	0	16.2576	25.7167	0.00405405	0.00414517	0	0	42.2463	63.2799	9.87306	13.9424	5.05477	8.3697	1.10342	1.37407	0.00408163	0.0041458
k107_9613587 flag=0 multi=102.8233 len=10364	10364	75.3477	0	0	1.20403	1.35063	0	0	0	0	13.9009	21.0139	0	0	0	0	44.3066	73.8571	10.1708	10.605	4.88392	7.17082	0.881435	0.995884	0	0
k107_15258427 flag=0 multi=56.5113 len=32895	32895	74.4926	0	0	1.42485	2.00393	0	0	0	0	15.1281	22.624	0.00917375	0.0155632	0	0	42.2667	73.361	9.45988	13.0234	5.00973	6.88366	1.19415	1.46911	0	0
k107_8493753 flag=0 multi=53.0274 len=24127	24127	73.5596	0	0	1.25381	1.42996	0	0	0	0	14.753	17.3658	0	0	0	0	41.551	54.8102	10.224	15.8991	4.82544	6.34789	0.952403	1.00811	0	0
k107_4203884 flag=0 multi=161.1182 len=5065	5065	72.7539	0	0	1.35797	2.08652	0	0	0	0	17.3578	24.3082	0	0	0	0	39.7367	64.5438	8.5822	11.8127	4.72895	7.41079	0.990342	1.63623	0	0
k107_7327989 flag=0 multi=76.0660 len=5755	5755	78.4011	0	0	0.992481	1.44802	0	0	0	0	15.3844	30.8611	0	0	0	0	46.9683	71.6836	9.44141	12.0495	4.57014	6.53178	1.04438	1.51658	0	0
k107_7331246 flag=0 multi=65.4563 len=9621	9621	75.8934	0.0324069	0.0403668	1.43728	2.26926	0.0633115	0.0829476	0	0	17.7895	29.1788	0	0	0	0	41.5679	68.5296	8.50853	17.4736	5.20335	7.68321	1.29123	1.65819	0	0
k107_744303 flag=0 multi=58.8390 len=6996	6996	79.5545	0	0	1.98342	2.16139	0	0	0	0	16.664	29.4042	0	0	0	0	44.3494	81.246	10.5751	9.78449	5.18703	8.42003	0.795488	0.852835	0	0
k107_4277091 flag=0 multi=65.1016 len=36035	36035	75.024	0	0	1.51597	2.35554	0.00822769	0.00838349	0.0124535	0.0359381	15.466	20.4265	0	0	0.00845157	0.00898917	42.1347	71.8438	9.62816	12.9648	5.03188	6.86678	1.214	1.56515	0.0041978	0.004206
k107_8780306 flag=0 multi=53.7650 len=27308	27308	77.2449	0.0111827	0.017722	1.42176	2.25374	0.0109235	0.0144619	0	0	16.562	25.5109	0	0	0	0	43.7559	55.8877	9.45768	15.7218	4.91498	6.90249	1.11046	1.43558	0	0
k107_9901623 flag=0 multi=50.9763 len=5222	5222	73.2472	0	0	1.68516	2.57804	0	0	0	0	16.3459	28.6939	0	0	0	0	41.2488	50.6547	7.98618	9.40349	4.78557	6.21175	1.19553	1.3472	0	0
k107_11507266 flag=0 multi=61.9940 len=43227	43227	73.9367	0	0	1.22735	1.85518	0	0	0	0	15.5011	26.1151	0.00691905	0.0116563	0	0	41.5829	62.0215	9.33347	13.161	5.2079	6.80975	1.07706	1.67097	0	0
k107_9126194 flag=0 multi=58.6517 len=21112	21112	78.0564	0.0435368	0.0703792	1.61533	2.10561	0.0290245	0.0449126	0	0	16.628	31.3435	0	0	0.0290245	0.0403994	44.0035	61.9571	9.24109	13.53	5.34704	6.7143	1.1198	1.34222	0	0
k107_20527119 flag=0 multi=66.6511 len=4423	4423	73.636	0	0	1.24436	1.86478	0	0	0	0	15.412	17.2406	0	0	0	0	41.7008	56.8528	9.13152	11.5955	4.93084	7.84258	1.21645	1.02615	0	0
k107_4761998 flag=0 multi=83.2442 len=7380	7380	77.2148	0.0426674	0.0603542	1.20557	1.20799	0	0	0	0	14.5923	20.6777	0	0	0	0	44.1752	52.6101	10.5138	12.1237	5.80333	8.96783	0.881888	1.1445	0	0
k107_8784652 flag=0 multi=56.9697 len=10232	10232	77.2209	0	0	1.66274	2.52451	0	0	0	0	14.416	19.221	0	0	0	0	45.0877	91.1226	9.50383	16.7096	5.4427	6.89102	1.10796	1.35328	0	0
k107_12604223 flag=0 multi=270.3424 len=3086	3086	75.5679	0	0	1.09519	1.5939	0	0	0	0	15.4318	12.0504	0	0	0	0	41.051	41.2364	11.3179	16.5801	5.80603	5.27909	0.86602	0.92036	0	0
k107_2701497 flag=0 multi=55.0324 len=10499	10499	75.0122	0	0	1.54016	1.96962	0	0	0	0	14.6039	26.1502	0	0	0	0	42.8476	48.8033	9.79308	14.1566	4.93832	6.76325	1.2891	1.70126	0	0
k107_12884039 flag=0 multi=115.8080 len=8180	8180	73.809	0	0	1.31988	1.79193	0	0	0	0	14.7454	24.7192	0	0	0	0	43.9538	78.1577	8.99429	13.4621	4.43184	4.40715	0.363798	0.487495	0	0
k107_5169281 flag=0 multi=87.0000 len=35225	35225	74.6164	0.0172952	0.0231865	1.21341	1.84671	0	0	0	0	15.408	21.2937	0.00861896	0.0085617	0	0	41.6395	52.5267	9.7581	14.3975	5.2194	7.26904	1.35209	1.95016	0	0
k107_8785153 flag=0 multi=59.0922 len=15014	15014	72.6494	0.0205275	0.0275863	1.51319	2.00354	0	0	0	0	15.622	27.762	0.0199837	0.0383277	0	0	41.1874	61.1807	8.64573	13.5772	4.73246	6.85281	0.908102	1.10883	0	0
k107_19302069 flag=0 multi=64.0050 len=39830	39830	74.3351	0	0	1.39959	1.96674	0	0	0	0	14.7574	18.063	0.00382008	0.00380595	0	0	42.9455	60.6189	9.27818	11.7317	5.05217	6.99938	0.898452	1.1724	0	0
k107_18996605 flag=0 multi=79.8750 len=27885	27885	76.4542	0.0109488	0.0108305	1.34721	1.99951	0.0107675	0.0190247	0	0	16.0886	25.8232	0.00547439	0.00544515	0	0	43.5865	77.1689	9.42892	12.2329	4.87217	6.06898	1.10354	1.49675	0	0
k107_4759260 flag=0 multi=59.0124 len=16289	16289	73.2992	0	0	1.40495	2.00416	0	0	0	0	15.138	20.7865	0.0187652	0.0269176	0	0	40.5892	80.413	9.6808	11.7151	5.34941	7.19558	1.1181	1.40718	0	0
k107_25583066 flag=0 multi=59.6743 len=40661	40661	74.9591	0.00748284	0.0147615	1.15092	1.58744	0	0	0.00733418	0.010253	14.7168	20.3749	0	0	0.0149657	0.0164264	42.9245	66.8513	9.89036	15.6845	5.12865	7.49943	1.11814	1.41909	0	0
k107_6736155 flag=0 multi=68.0000 len=31024	31024	75.6889	0	0	1.40889	2.15821	0	0	0	0	15.4188	21.8773	0	0	0	0	42.6544	71.561	9.9074	14.8421	5.30131	8.04231	0.998177	1.54457	0	0
k107_25763776 flag=0 multi=61.1001 len=36219	36219	75.2313	0	0	1.52374	1.93366	0	0	0	0	15.315	28.0918	0	0	0.00840827	0.0107876	42.3683	63.9998	9.60345	13.3371	5.20645	7.81132	1.20589	1.62488	0	0
k107_27781867 flag=0 multi=88.0483 len=15174	15174	113.477	0.0801506	0.093808	0	0	0.0166084	0.0167884	0.179196	0.582425	8.26029	73.0523	0.0599112	0.0991714	0.0303254	0.0315486	37.3035	79.1734	16.6399	26.8763	50.4204	62.3494	0.486955	4.00954	0	0
k107_26924579 flag=0 multi=75.6607 len=2515	2515	75.5599	0	0	0.919114	2.39263	0	0	0	0	15.4347	32.3893	0	0	0	0	42.6878	74.6634	9.48848	4.27625	5.47176	3.10068	1.55807	1.22043	0	0
k107_7295308 flag=0 multi=92.4492 len=13445	13445	74.64	0	0	0.974587	1.2184	0	0	0	0	14.4945	18.6803	0	0	0	0	42.0339	69.6765	10.2957	15.7597	5.39298	6.67731	1.4483	2.17084	0	0
k107_1796115 flag=0 multi=93.3368 len=41428	41428	113.609	0	0	0	0	0	0	0	0	11.5454	16.6494	0	0	0.0677917	0.0894219	40.7486	62.0163	15.6119	23.4471	45.635	56.9339	0	0	0	0
k107_12301823 flag=0 multi=99.9790 len=18949	18949	74.213	0	0	1.22921	1.40759	0	0	0	0	15.2381	23.8587	0.0160348	0.0229155	0.0161956	0.0185123	42.3408	61.7974	8.74881	14.5291	5.33898	7.3192	1.28487	1.86484	0	0
k107_90719 flag=0 multi=57.6119 len=8549	8549	76.0698	0	0	1.57488	2.31533	0	0	0	0	14.5872	16.928	0	0	0	0	43.9287	59.4621	9.88262	14.3284	5.21377	6.08114	0.882624	0.905441	0	0
k107_31325978 flag=0 multi=69.0223 len=2703	2703	77.5906	0	0	0.529779	0.620864	0	0	0	0	17.0154	19.0575	0	0	0	0	43.7547	42.2083	11.8147	9.56975	3.89046	3.33465	0.585589	0.6215	0	0
k107_8144427 flag=0 multi=57.8779 len=4562	4562	72.266	0	0	1.47723	1.93733	0	0	0	0	14.0441	24.9245	0	0	0	0	43.5951	74.9095	7.81808	8.55487	4.55352	5.10022	0.777934	0.931106	0	0
k107_9659177 flag=0 multi=62.1276 len=51485	51485	76.6593	0	0	1.26116	1.81307	0	0	0	0	16.0783	27.6137	0.0059004	0.0092633	0	0	43.1459	69.5983	10.0612	13.2826	4.87355	6.38066	1.23328	1.66473	0	0
k107_8662011 flag=0 multi=113.9497 len=13241	13241	78.4326	0	0	1.2164	1.58097	0	0	0	0	15.9621	21.0562	0	0	0.0233403	0.0237274	46.017	75.3019	9.08517	15.4562	5.09978	6.52832	1.0289	1.2806	0	0
k107_29007873 flag=0 multi=70.0064 len=20576	20576	75.626	0.0148959	0.0273114	1.30487	1.8782	0	0	0	0	15.9726	31.2968	0	0	0	0	42.3836	60.8109	9.77853	13.373	4.93366	6.36426	1.23784	1.9008	0	0
k107_32180629 flag=0 multi=57.0383 len=54616	54616	73.0863	0.00556026	0.0075912	1.14759	1.88869	0	0	0	0	15.8268	26.1157	0.00548662	0.00552911	0.00550503	0.00766499	41.1796	59.4611	9.13961	12.4002	4.81502	5.40449	0.96117	1.43751	0	0
k107_8063142 flag=0 multi=55.0536 len=9203	9203	70.431	0	0	1.12605	1.59229	0	0	0	0	13.5944	12.9737	0	0	0	0	41.6354	90.0504	9.06033	9.82236	4.52792	5.75861	0.486799	0.496859	0	0
k107_11430249 flag=0 multi=52.9986 len=11004	11004	73.9825	0	0	1.31032	1.72173	0	0	0	0	15.1105	19.5357	0.0141095	0.0139113	0	0	42.2609	47.7652	9.15072	13.9756	4.93497	5.3909	1.20099	1.45251	0	0
k107_8203947 flag=0 multi=59.6086 len=15062	15062	75.739	0	0	1.24756	2.4619	0	0	0	0	14.3417	25.3439	0	0	0	0	43.3883	51.7065	10.3938	16.4477	5.07405	6.63508	1.2935	1.67961	0	0
k107_899262 flag=0 multi=263.2211 len=2721	2721	76.7772	0	0	1.24969	1.30075	0	0	0	0	15.2489	13.0093	0.0611823	0.0585501	0	0	44.8615	65.0174	9.76685	15.3765	4.36048	7.02069	1.22861	0.828751	0	0
k107_3444628 flag=0 multi=88.5555 len=25071	25071	73.3028	0.0121523	0.0120466	1.30978	2.22569	0	0	0.00593484	0.00605429	13.6648	21.3265	0.00601558	0.00605444	0	0	42.8121	67.8641	9.60604	13.0518	4.80641	6.8406	1.07958	1.2568	0	0
k107_12971485 flag=0 multi=56.0887 len=15564	15564	77.3317	0	0	1.05956	1.46108	0	0	0	0	14.7354	22.1472	0.0294195	0.0414992	0	0	45.0286	71.7738	10.1482	18.0698	5.2197	8.15372	1.1108	1.56147	0	0
k107_6406639 flag=0 multi=66.2275 len=6402	6402	74.9793	0.0495082	0.0611602	1.36426	1.88638	0	0	0	0	14.4602	19.2371	0	0	0	0	42.4051	57.8076	9.75525	12.2991	5.46721	5.52628	1.47787	1.77955	0	0
k107_23974602 flag=0 multi=75.7537 len=8965	8965	77.34	0.0697218	0.0946588	1.27612	2.20638	0	0	0	0	15.266	23.5545	0	0	0	0	44.7123	56.0539	10.3211	13.8354	4.81981	6.83468	0.87487	0.833414	0	0
k107_22923777 flag=0 multi=71.0523 len=18682	18682	77.4212	0	0	1.50865	1.93685	0	0	0	0	16.241	32.5458	0	0	0	0	44.4471	86.896	9.17307	10.2228	5.19946	6.96681	0.851904	1.33492	0	0
k107_14392115 flag=0 multi=62.0004 len=22540	22540	75.6749	0.0135804	0.0133956	1.27044	1.91495	0.00661031	0.00674413	0	0	15.2119	24.2874	0	0	0	0	43.3708	71.9685	9.08769	12.4958	5.55297	8.40614	1.16094	1.63507	0	0
k107_6128499 flag=0 multi=61.4321 len=21477	21477	72.3854	0	0	1.10536	1.3545	0	0	0	0	13.6812	14.7898	0	0	0	0	42.0182	73.8492	9.26446	12.9602	5.37695	7.79087	0.939126	1.11114	0	0
k107_12302616 flag=0 multi=62.0607 len=3502	3502	72.6706	0	0	1.4125	2.14981	0	0	0	0	13.6012	19.8631	0	0	0	0	40.5181	69.7927	10.6534	9.89653	5.73313	7.83962	0.752187	1.1066	0	0
k107_12934672 flag=0 multi=75.9977 len=44812	44812	79.4026	0.01357	0.0195866	1.38762	2.16491	0	0	0	0	16.2727	23.0695	0	0	0	0	45.2596	69.0652	9.64617	13.3528	5.61009	8.64047	1.21283	1.52777	0	0
k107_20486241 flag=0 multi=53.0000 len=10647	10647	71.1542	0.0291928	0.0418789	1.18366	1.24714	0	0	0	0	14.9052	31.1661	0	0	0	0	39.5356	75.4162	9.83963	13.3884	4.55669	6.2013	1.1042	2.16915	0	0
k107_13639181 flag=0 multi=59.3328 len=23552	23552	77.8971	0	0	1.272	1.71726	0.00632258	0.0064556	0	0	15.6037	23.5526	0	0	0	0	44.9925	66.4089	10.2551	14.1098	4.87535	6.70131	0.885763	1.42917	0.00636559	0.00645571
k107_9770229 flag=0 multi=118.0000 len=6943	6943	74.5621	0	0	1.43186	1.78595	0	0	0	0	15.5076	22.6104	0	0	0	0	41.6079	84.0706	9.61391	16.6012	5.62566	7.24561	0.775184	0.802624	0	0
k107_1851756 flag=0 multi=66.1241 len=43571	43571	73.7043	0.013913	0.0188869	1.26901	1.79733	0	0	0	0	14.4163	21.2023	0.00339735	0.00347794	0	0	42.6633	58.6271	9.35046	13.9844	4.84952	6.72503	1.13143	1.53099	0.00697959	0.0131753
k107_2864373 flag=0 multi=57.9992 len=8397	8397	79.7899	0.0743669	0.0969654	1.74923	2.98281	0	0	0	0	17.7246	28.6166	0	0	0	0	44.4695	57.2207	9.63311	14.7147	5.14083	5.64049	0.998147	1.04495	0	0
k107_18074159 flag=0 multi=57.4467 len=8038	8038	78.2733	0	0	1.15538	1.74637	0	0	0	0	17.3927	28.9301	0	0	0	0	43.0093	68.3297	10.3281	13.7532	5.52689	9.58282	0.86091	0.840218	0	0
k107_59624 flag=0 multi=69.2948 len=20551	20551	76.9364	0.0148649	0.0204133	1.53775	1.87611	0.007309	0.0074043	0	0	15.6667	25.1945	0	0	0	0	43.5498	63.3473	9.63638	14.6414	5.17319	7.67223	1.35034	1.8019	0	0
k107_16222158 flag=0 multi=92.0335 len=10822	10822	73.579	0.0287072	0.0415753	1.24753	1.77222	0.0140684	0.014149	0	0	14.5386	19.4085	0.0573194	0.0733266	0	0	42.5802	65.7526	9.10276	12.816	4.92481	8.43831	1.08498	1.22072	0	0
k107_6607884 flag=0 multi=88.0584 len=14370	14370	74.9838	0	0	1.34568	2.2991	0	0	0.0208985	0.0424799	14.4425	20.2833	0	0	0	0	43.3294	62.4645	9.65361	15.4743	5.07961	7.33733	1.1121	1.3762	0	0
k107_11717600 flag=0 multi=67.3876 len=17858	17858	77.8639	0.0172021	0.0199855	1.43991	1.90522	0	0	0	0	15.6388	19.2015	0.00837321	0.00852828	0	0	44.465	68.4921	9.80269	17.0402	5.21098	7.26313	1.28104	1.62183	0	0
k107_7382416 flag=0 multi=55.0027 len=10780	10780	72.6909	0	0	1.30263	1.53228	0	0	0	0	15.1343	21.6043	0.0287269	0.0348627	0	0	40.7161	56.6656	9.42508	12.3834	4.73945	6.23684	1.34463	1.52911	0	0
k107_9239113 flag=0 multi=43.5514 len=2916	2916	70.7357	0	0	0.910865	1.15624	0	0	0	0	12.8967	21.5757	0	0	0	0	41.0329	37.5546	8.42923	13.3811	6.07919	6.42166	1.38676	1.4408	0	0
k107_14398222 flag=0 multi=65.9679 len=10049	10049	76.1533	0	0	1.38001	2.28461	0	0	0	0	16.7416	27.741	0	0	0	0	42.5472	50.4809	9.57361	15.0134	4.64902	7.34374	1.26182	1.72859	0	0
k107_29891662 flag=0 multi=92.0246 len=23745	23745	74.2891	0.0128823	0.0168007	1.36864	2.55505	0	0	0	0	15.1818	24.3964	0.0128823	0.018344	0	0	42.0351	60.7368	9.82716	13.2709	5.03195	8.48615	0.818667	1.01871	0	0
k107_14589272 flag=0 multi=116.8791 len=25666	25666	73.7026	0	0	1.38176	1.74547	0	0	0	0	14.6688	21.8896	0.0115912	0.023034	0.0118672	0.0135879	41.8637	55.9927	9.61284	13.8232	5.15766	7.49513	0.994323	1.21255	0	0
k107_14929861 flag=0 multi=59.6218 len=47412	47412	75.4481	0.0192316	0.0269253	1.32664	2.07449	0	0	0	0	15.2541	27.5973	0.00624071	0.0125259	0.00641053	0.00636625	42.7903	80.1652	9.85288	15.1461	5.06776	7.32786	1.12452	1.44848	0	0
k107_33184245 flag=0 multi=61.2101 len=5120	5120	79.6193	0	0	1.10793	1.67097	0	0	0	0	15.8045	19.0183	0	0	0	0	46.0251	51.8114	10.7966	12.1854	5.1677	5.61338	0.717518	1.13793	0	0
k107_15074680 flag=0 multi=69.9995 len=24993	24993	75.7467	0	0	1.10004	1.82033	0	0	0	0	14.855	20.0771	0	0	0	0	42.8219	71.1079	10.2142	12.8762	5.41562	7.66139	1.34	1.63889	0	0
k107_15451973 flag=0 multi=59.1090 len=11851	11851	77.0133	0.0129881	0.0129023	1.6643	1.92418	0	0	0	0	15.6898	25.4871	0	0	0	0	44.3792	50.4817	8.60481	11.0214	5.32557	7.12928	1.33665	1.62983	0	0
k107_5019934 flag=0 multi=57.3068 len=34797	34797	76.4849	0.0087259	0.0103136	1.09674	1.56663	0	0	0	0	15.3402	24.2651	0	0	0	0	44.0088	58.1356	9.53927	13.7074	5.32828	7.13524	1.16292	1.704	0	0
k107_15661712 flag=0 multi=58.9868 len=13946	13946	73.0078	0	0	1.22699	1.89965	0	0	0	0	13.85	26.0589	0	0	0	0	42.5186	68.3162	9.92568	14.4451	4.68455	6.21469	0.801964	1.09327	0	0
k107_790201 flag=0 multi=69.3444 len=4611	4611	70.8884	0	0	1.27222	1.47608	0	0	0	0	14.3152	20.2772	0	0	0	0	39.9234	70.5413	9.73381	10.1575	4.77048	4.73203	0.873288	1.14896	0	0
k107_5809432 flag=0 multi=52.0007 len=64026	64026	75.4814	0.00946268	0.0137085	1.24008	1.66426	0	0	0	0	15.5227	22.3815	0.00701463	0.00706171	0.00947838	0.0103587	43.4425	75.2559	8.88719	12.4142	5.3341	7.57876	1.02891	1.46992	0	0
k107_9136463 flag=0 multi=82.1447 len=21469	21469	74.0638	0.0139368	0.0273765	1.06983	1.64904	0	0	0.00694477	0.00708166	15.519	24.5744	0	0	0	0	41.737	65.1643	9.29244	12.8294	5.32409	8.10759	1.10049	1.19266	0	0
k107_16739848 flag=0 multi=68.9850 len=27504	27504	77.0007	0.0111021	0.0109783	1.53397	2.55881	0	0	0	0	16.6357	23.5638	0	0	0.0222043	0.0217093	43.5513	63.9202	9.4993	12.4677	4.77969	6.97903	0.967429	1.30893	0	0
k107_16788740 flag=0 multi=77.4705 len=22402	22402	73.8724	0.0409502	0.094543	1.3724	1.94613	0	0	0	0	14.5173	21.1419	0	0	0.0136652	0.0134787	42.7234	80.795	9.13801	12.1881	5.00489	5.86758	1.06181	1.40315	0	0
k107_17043780 flag=0 multi=64.0969 len=9086	9086	75.2327	0	0	1.47883	1.96689	0	0	0	0	15.0639	19.2085	0	0	0.103142	0.152847	41.9761	73.2732	9.73213	14.3296	5.59529	11.2711	1.28336	1.39607	0	0
k107_2714944 flag=0 multi=61.8448 len=23943	23943	78.8448	0.038281	0.064941	1.35092	1.86012	0	0	0	0	16.2478	27.5904	0	0	0	0	45.1035	66.6864	9.83998	11.6204	5.23024	7.40174	1.03414	1.17818	0	0
k107_88329 flag=0 multi=65.1143 len=17667	17667	78.291	0	0	1.33556	2.59117	0	0	0	0	15.8469	24.3975	0	0	0	0	44.6314	85.5513	9.82482	13.7857	5.40714	7.8893	1.24509	1.49326	0	0
k107_17104909 flag=0 multi=99.1423 len=50643	50643	76.1181	0.0119982	0.016259	1.48225	2.30469	0.00891917	0.0114078	0.00295981	0.00299648	15.1201	20.8605	0.00586003	0.0108731	0.00599909	0.00726982	43.137	68.381	10.0079	13.4568	5.24743	7.33346	1.0876	1.37964	0	0
k107_7917027 flag=0 multi=112.8481 len=5968	5968	71.0955	0	0	1.05295	1.33964	0	0	0	0	14.7293	24.2583	0	0	0	0	40.0808	90.7164	8.92834	9.59719	5.29509	8.85174	1.009	1.46805	0	0
k107_25534658 flag=0 multi=67.9971 len=62652	62652	75.1804	0.0145309	0.024907	1.34504	1.94431	0	0	0	0	14.6038	21.5106	0	0	0	0	43.0316	62.977	9.70694	12.7758	5.40279	7.42739	1.07567	1.4663	0	0
k107_9315636 flag=0 multi=59.1941 len=24889	24889	73.9864	0.0122829	0.0179908	1.53333	2.20104	0	0	0	0	15.7074	19.225	0.00610078	0.00609822	0.00614146	0.00610127	40.5919	54.673	9.67438	11.6601	5.53134	8.09328	0.923455	1.19711	0	0
k107_11542706 flag=0 multi=56.9463 len=3200	3200	75.2512	0	0	1.4372	2.12886	0	0	0	0	16.1822	23.7674	0	0	0	0	41.6591	50.6059	10.4758	11.1876	4.99965	4.34903	0.497239	0.598748	0	0
k107_21634368 flag=0 multi=66.0709 len=5878	5878	79.1901	0.0541607	0.076347	1.7977	3.46952	0	0	0	0	16.4627	25.5076	0.0536227	0.0594855	0	0	44.4211	51.0118	9.59774	11.8994	5.81618	9.37622	0.986908	1.50123	0	0
k107_20655526 flag=0 multi=71.0344 len=15239	15239	74.5582	0	0	1.39031	2.0842	0	0	0	0	14.7117	23.6031	0	0	0.0202182	0.0198032	42.9738	79.5122	9.27743	10.836	5.24945	6.88197	0.935328	1.57543	0	0
k107_26787260 flag=0 multi=56.3235 len=35033	35033	75.1336	0.0086954	0.0110284	1.33696	1.96316	0	0	0	0	15.3724	25.9351	0.00423253	0.00432649	0	0	43.2673	70.4105	9.22188	13.8004	4.82128	6.72171	1.10086	1.29928	0	0
k107_4344630 flag=0 multi=67.9852 len=37284	37284	73.5184	0	0	1.35177	1.86353	0.00794981	0.0162606	0	0	14.4579	21.6419	0	0	0.00816614	0.00809541	41.8184	56.8974	9.46117	13.7222	5.26586	8.3595	1.14721	1.23377	0	0
k107_10681237 flag=0 multi=62.7156 len=3490	3490	70.8701	0	0	1.04768	1.12407	0.0467378	0.0451358	0.139272	0.146419	15.2211	23.6139	0	0	0	0	41.4269	30.684	9.36575	10.3808	2.91374	3.50564	0.708908	1.21813	0	0
k107_2305225 flag=0 multi=119.6784 len=6633	6633	76.6906	0	0	1.54904	1.80941	0	0	0	0	16.0678	22.4873	0	0	0	0	44.0294	84.4047	9.42442	12.7085	4.70257	5.15795	0.917391	1.04422	0	0
k107_8652990 flag=0 multi=63.4923 len=16068	16068	76.7112	0.0191551	0.03249	1.52493	1.9823	0	0	0	0	15.9444	25.0028	0	0	0.0190283	0.0264009	43.7065	98.6818	9.47298	13.5878	4.94285	6.8972	1.08144	1.42796	0	0
k107_7205405 flag=0 multi=60.1093 len=18227	18227	73.2619	0.016848	0.0176797	1.21121	1.92703	0	0	0	0	14.8057	18.8302	0	0	0	0	41.8065	63.616	9.30806	11.4522	5.14109	6.07474	0.972552	1.11654	0	0
k107_31673709 flag=0 multi=56.0897 len=8345	8345	73.4006	0.0359319	0.0642305	1.2427	1.32256	0.0549546	0.0842436	0.0182768	0.0184238	15.6085	21.8828	0	0	0	0	40.9274	47.1162	9.92826	11.2214	4.35919	4.1228	1.22541	1.41485	0	0
k107_1931905 flag=0 multi=91.1213 len=19942	19942	77.1454	0.0307536	0.0419136	1.24384	2.09692	0	0	0	0	15.5563	26.8576	0	0	0.0153768	0.024515	44.1853	69.5051	9.93671	14.8909	5.29781	6.7938	0.879277	1.25858	0	0
k107_20613864 flag=0 multi=67.0475 len=3790	3790	72.9088	0	0	0.962443	1.69202	0	0	0	0	15.3888	21.934	0	0	0	0	41	65.6006	10.3432	9.90512	4.65252	5.93845	0.561927	0.734217	0	0
k107_18900735 flag=0 multi=56.9896 len=11405	11405	74.5863	0	0	1.31379	1.46026	0	0	0	0	16.0331	22.1555	0	0	0	0	41.6249	56.5822	9.26533	12.2911	5.45123	6.33763	0.898046	0.801991	0	0
k107_13534673 flag=0 multi=67.7981 len=41567	41567	74.7496	0.00731855	0.00726748	1.19123	1.8674	0.00356234	0.00364609	0.00361081	0.00364641	14.8465	24.9768	0.00365928	0.00364777	0	0	42.0917	68.6302	10.3979	14.1509	5.0798	7.39249	1.12073	1.40042	0.00363504	0.0036477
k107_8436466 flag=0 multi=77.4003 len=44252	44252	74.9957	0.00684869	0.00683339	1.62526	2.38332	0	0	0.00687144	0.00724219	15.6277	25.7551	0	0	0.00682594	0.00683172	42.1001	55.4823	9.38466	14.8195	5.27208	7.92681	0.965347	1.21021	0	0
k107_21639421 flag=0 multi=56.1349 len=13899	13899	74.7961	0.0444216	0.142187	1.50835	1.99747	0	0	0	0	14.8356	16.486	0	0	0.0222108	0.0296596	43.0744	68.6617	9.24042	13.2288	4.86651	4.8239	1.20416	1.23089	0	0
k107_19208443 flag=0 multi=80.9673 len=6897	6897	77.8359	0	0	1.37134	1.12443	0	0	0	0	14.9782	15.6743	0	0	0	0	43.4035	53.2989	11.2528	16.441	5.4746	7.00523	1.35557	1.3822	0	0
k107_25761172 flag=0 multi=66.2679 len=17873	17873	72.9346	0	0	1.43936	2.11903	0.00836606	0.0085222	0	0	14.77	27.0696	0.0167321	0.0318122	0.0171874	0.0286266	41.3662	65.2774	9.04707	12.8735	5.27705	5.37601	0.992658	1.14937	0	0
k107_22325222 flag=0 multi=131.7950 len=18295	18295	76.4666	0.0167843	0.0275082	1.32891	2.17981	0	0	0	0	15.6689	29.4487	0.0166176	0.0165003	0	0	43.0524	69.9408	9.44917	13.7018	5.63397	7.09039	1.29984	1.64989	0	0
k107_19288592 flag=0 multi=69.0615 len=8641	8641	77.2233	0	0	1.53376	1.81844	0	0	0	0	16.3235	21.2359	0	0	0	0	43.6012	52.0403	9.21681	12.4341	5.47728	7.01568	1.07075	1.20371	0	0
k107_7950 flag=0 multi=63.1144 len=4364	4364	81.5896	0	0	0	0	0	0	0.0743476	0.073761	0.259478	0.265438	0	0	17.1457	26.455	44.2937	67.2005	16.32	23.2042	3.49631	4.16984	0	0	0	0
k107_30818649 flag=0 multi=62.0000 len=6419	6419	75.5676	0	0	1.46984	2.16025	0	0	0	0	14.7937	20.8886	0	0	0	0	43.1381	92.0654	9.85385	15.0635	5.04136	6.25663	1.27072	1.23561	0	0
k107_19381174 flag=0 multi=135.8692 len=7039	7039	75.9299	0.0448271	0.0701409	1.13715	1.12975	0.0657563	0.135469	0	0	13.9115	20.2893	0	0	0	0	43.7814	52.3702	10.5828	12.2123	5.55782	7.4151	0.848746	1.14654	0	0
k107_19438243 flag=0 multi=56.5528 len=32174	32174	75.9898	0.0094754	0.0093864	1.26515	1.89016	0.00464357	0.00471365	0.00464357	0.00471366	15.6206	26.4262	0.0092244	0.0173486	0	0	43.254	68.7105	9.39458	12.6844	5.40703	6.56625	1.01572	1.2921	0.0047377	0.00471236
k107_22227065 flag=0 multi=71.4873 len=6937	6937	82.2222	0	0	1.75057	2.38066	0	0	0	0	15.6549	26.7685	0	0	0	0	45.9497	47.1041	11.9082	14.9762	5.85094	8.00117	1.10791	1.29714	0	0
k107_12958462 flag=0 multi=67.1741 len=6351	6351	75.2992	0	0	1.3632	1.17083	0	0	0	0	15.2399	22.1376	0	0	0	0	42.0929	71.5243	10.8747	13.3607	4.91073	6.03898	0.817821	1.13505	0	0
k107_26924054 flag=0 multi=56.6263 len=22024	22024	71.9355	0.0278059	0.0362423	1.02394	1.58033	0	0	0	0	14.0508	18.7965	0	0	0.013903	0.0184907	42.3439	54.6774	9.33326	13.0349	4.65744	7.34921	0.484486	0.531717	0	0
k107_22206873 flag=0 multi=123.4669 len=9776	9776	71.702	0	0	1.13036	1.53281	0.0156217	0.0156899	0	0	14.5682	19.1337	0	0	0.0316656	0.0308602	40.9273	72.8845	9.16551	8.49117	4.70635	7.68088	1.15706	1.50687	0	0
k107_20037276 flag=0 multi=67.1379 len=8655	8655	74.7646	0.0359152	0.0585598	1.21693	1.73401	0	0	0	0	16.3721	29.0071	0	0	0.0361547	0.0439528	41.7683	47.884	9.22387	16.001	4.97426	6.66952	1.13708	1.49369	0	0
k107_20649699 flag=0 multi=50.8830 len=3380	3380	74.9496	0	0	0.77063	0.852621	0	0	0	0	16.3411	29.2101	0	0	0	0	41.8606	48.1624	10.4331	14.2583	4.66862	5.3136	0.875569	1.20167	0	0
k107_20682566 flag=0 multi=78.9989 len=74585	74585	76.4377	0.0121966	0.0161193	1.4614	2.02167	0.00197892	0.00202542	0	0	15.5905	22.3867	0.00807722	0.00997274	0	0	43.5476	63.0592	9.47567	12.735	5.25267	6.62846	1.08762	1.55565	0	0
k107_16224444 flag=0 multi=70.9664 len=17346	17346	77.1216	0	0	1.59288	2.98105	0	0	0	0	16.5072	26.8513	0.0265783	0.0367972	0	0	42.392	69.6628	10.0888	14.3464	5.6018	7.01523	0.912403	1.19648	0	0
k107_18393545 flag=0 multi=60.5760 len=14919	14919	78.0757	0	0	1.32633	1.57181	0	0	0	0	15.5887	19.1522	0	0	0	0	44.4831	68.1391	9.54471	13.5557	5.87925	6.01999	1.25361	1.68242	0	0
k107_22490076 flag=0 multi=77.0090 len=7362	7362	72.5116	0	0	1.20227	1.65398	0	0	0.0208215	0.0209338	15.047	15.8248	0	0	0	0	39.932	75.0082	10.1324	10.5513	5.13739	7.86633	1.03966	1.33661	0	0
k107_23224080 flag=0 multi=61.4737 len=25140	25140	77.1016	0.0182382	0.0229742	1.27736	1.67273	0	0	0	0	16.2354	25.3699	0	0	0	0	43.5991	73.0432	9.47548	12.2381	5.23037	7.97182	1.2656	2.33966	0	0
k107_14833339 flag=0 multi=59.0830 len=58862	58862	75.1086	0.0051571	0.00656569	1.27117	1.78934	0.00251025	0.00256901	0.0050888	0.00513396	15.5631	23.1824	0.00766735	0.00907653	0.0103142	0.0120906	42.9466	58.7424	9.24191	14.776	5.02777	6.86932	1.02729	1.37279	0	0
k107_23467105 flag=0 multi=57.9550 len=10727	10727	70.0421	0	0	1.03578	1.2197	0	0	0	0	13.7597	18.2396	0	0	0	0	41.5242	54.6795	8.76518	9.03576	4.29209	4.80838	0.665132	0.78258	0	0
k107_23918963 flag=0 multi=67.0699 len=11659	11659	74.4044	0	0	1.4768	2.0489	0	0	0	0	15.148	17.8444	0.0129436	0.0131241	0.0265915	0.0258862	42.5719	63.4288	9.10786	10.8996	4.78348	4.95652	1.27683	1.97715	0	0
k107_25052188 flag=0 multi=71.0056 len=32019	32019	75.428	0	0	1.2947	1.82797	0	0	0	0	14.8693	22.9488	0.00952171	0.0120805	0.00952171	0.014729	44.0134	71.1537	9.08774	11.1028	5.16906	6.85052	0.974808	1.13043	0	0
k107_2246162 flag=0 multi=91.8978 len=15171	15171	73.1439	0	0	1.48739	2.10005	0	0	0.0203107	0.0199021	15.5008	23.3701	0	0	0.0203107	0.0198997	40.9027	51.1599	8.86132	10.3084	4.98897	7.15017	1.36216	2.33901	0	0
k107_5922692 flag=0 multi=56.9682 len=3792	3792	77.0642	0	0	1.31948	1.07023	0	0	0	0	17.2593	30.6308	0	0	0	0	40.9842	36.5186	9.80745	10.8427	6.72894	8.6649	0.964756	0.901677	0	0
k107_31524724 flag=0 multi=50.0260 len=7419	7419	71.7264	0	0	1.07925	1.55708	0	0	0	0	14.109	16.2152	0	0	0	0	41.6344	98.8876	8.51665	11.7114	5.54925	7.86263	0.837853	1.03621	0	0
k107_20725597 flag=0 multi=52.9748 len=13720	13720	73.7769	0.0448651	0.0595268	1.12759	1.8316	0	0	0	0	14.4461	18.1625	0	0	0.0448651	0.0880278	42.4478	62.1059	9.87286	15.8286	4.74564	7.44153	1.04725	1.261	0	0
k107_25071788 flag=0 multi=54.1079 len=2609	2609	74.2471	0	0	2.07889	4.66319	0	0	0	0	15.2128	15.987	0	0	0	0	42.5535	65.6963	7.6723	12.1864	6.06068	10.1739	0.668834	0.879251	0	0
k107_6914185 flag=0 multi=80.9393 len=5707	5707	79.746	0	0	1.15301	1.64867	0	0	0	0	16.7833	17.0183	0	0	0	0	44.3389	45.1411	10.6966	10.0055	5.24218	5.25103	1.53191	1.85779	0	0
k107_30512119 flag=0 multi=52.4583 len=4307	4307	76.7086	0	0	0.997253	1.10964	0	0	0	0	16.0409	34.0405	0	0	0	0	44.6926	56.8922	9.68439	8.40291	4.45119	2.94774	0.842197	0.641816	0	0
k107_12158483 flag=0 multi=70.0307 len=4369	4369	76.4517	0.0742562	0.0687604	1.88616	3.3845	0	0	0	0	15.3238	19.8692	0	0	0	0	41.8198	44.9046	10.1704	17.3125	6.14802	9.01526	1.02926	1.98925	0	0
k107_16692800 flag=0 multi=63.1631 len=39875	39875	71.6506	0.00763147	0.0075752	1.30331	1.90082	0.00373992	0.00380132	0.00371465	0.00380194	14.5674	23.4588	0.0113714	0.0133868	0.00763147	0.00903925	40.0276	58.3313	9.59167	13.3537	4.97804	7.38839	1.14843	1.5976	0	0
k107_14058217 flag=0 multi=111.8331 len=14360	14360	75.2952	0.0214824	0.0311242	1.38953	2.60169	0	0	0	0	14.429	22.0985	0	0	0	0	44.0322	63.4841	8.75651	10.5293	5.40539	7.42074	1.26113	2.00835	0	0
k107_23997249 flag=0 multi=52.9815 len=10899	10899	73.2802	0	0	1.24063	1.34778	0	0	0	0	14.7587	25.7243	0	0	0	0	42.6993	62.1944	9.35416	12.2021	4.38086	6.12599	0.84656	0.931834	0	0
k107_35156400 flag=0 multi=59.0364 len=28056	28056	75.8139	0.0108813	0.0135032	1.32839	2.00915	0	0	0	0	15.6799	24.064	0	0	0	0	42.8208	58.1366	9.71658	11.4322	5.11213	7.56229	1.14524	1.5691	0	0
k107_11048716 flag=0 multi=83.1354 len=39194	39194	73.1291	0.00776509	0.0111511	1.26972	2.1114	0	0	0	0	14.3104	24.3988	0	0	0.00771367	0.0108935	42.4733	67.8161	9.38064	12.7405	4.74653	5.70826	0.933071	1.30023	0	0
k107_12118421 flag=0 multi=64.0069 len=11882	11882	75.4281	0.0260794	0.0424953	1.2367	1.76471	0	0	0	0	15.564	23.0031	0	0	0.0260794	0.0253977	42.9108	106.301	9.42038	12.5052	5.21373	6.78353	1.03031	1.31762	0	0
k107_24912198 flag=0 multi=53.1955 len=8885	8885	74.1437	0	0	1.15286	2.17974	0	0	0	0	15.129	21.8752	0	0	0	0	41.9581	53.0113	9.72178	13.1266	4.8518	7.28183	1.33019	1.62329	0	0
k107_12517699 flag=0 multi=91.0000 len=31030	31030	118.486	0	0	0	0	0	0	0	0	13.1456	17.5726	0.00481645	0.00489086	0.0786254	0.0915831	41.5195	72.6803	16.0889	24.5463	47.6485	72.3158	0	0	0	0
k107_25249783 flag=0 multi=81.2318 len=16150	16150	71.2673	0.038049	0.0480324	1.30893	1.68325	0	0	0	0	14.3516	23.3758	0.0374811	0.0491577	0	0	40.1475	57.8577	9.09837	11.6021	5.15825	7.39841	1.12715	1.60509	0	0
k107_27717119 flag=0 multi=134.7203 len=16200	16200	74.9227	0	0	1.22732	1.99461	0	0	0	0	14.896	24.1138	0	0	0	0	43.3405	71.6013	9.51912	12.2524	4.78614	7.5451	1.1536	1.24848	0	0
k107_19202593 flag=0 multi=59.9680 len=10676	10676	72.7425	0	0	1.32369	1.50866	0	0	0	0	14.5161	24.1755	0	0	0	0	42.0534	76.8975	9.09582	10.9938	4.76586	6.27587	0.987661	0.987176	0	0
k107_25378826 flag=0 multi=58.9757 len=12577	12577	74.4174	0.0489613	0.159873	1.4378	1.77219	0	0	0	0	14.6213	27.3948	0	0	0	0	42.2887	65.8756	9.17703	15.1535	5.59373	7.14671	1.24994	1.43454	0	0
k107_11721179 flag=0 multi=116.8845 len=4064	4064	73.2722	0	0	2.17597	3.65464	0	0	0	0	11.9096	16.3081	0	0	0	0	42.5356	54.0451	10.6728	18.853	4.76475	5.28548	1.21345	1.52551	0	0
k107_14043424 flag=0 multi=84.6567 len=14217	14217	75.7599	0	0	1.41344	1.91584	0	0	0.0217032	0.0279783	15.8599	24.7248	0.0216313	0.0312245	0	0	42.8808	65.6511	9.42853	12.4969	4.90478	8.7167	1.22918	1.78414	0	0
k107_27194642 flag=0 multi=60.9402 len=26439	26439	73.8976	0.0345487	0.0469278	1.39511	2.14129	0	0	0	0	15.4603	22.2391	0	0	0	0	41.9499	53.6018	9.19474	11.804	4.83812	6.64103	1.02483	1.44707	0	0
k107_13990527 flag=0 multi=58.0000 len=15572	15572	72.8714	0	0	1.42908	2.59398	0	0	0	0	14.7028	18.9374	0	0	0	0	41.0864	46.5432	9.44591	15.9211	5.19365	5.94195	1.01356	1.26497	0	0
k107_3785074 flag=0 multi=52.9632 len=26458	26458	71.7999	0.0115461	0.0213497	1.37318	1.688	0	0	0	0	14.9762	23.4795	0	0	0.023054	0.02944	39.7316	68.6801	9.68455	13.5359	4.94376	6.97692	1.05601	1.52897	0	0
k107_14773686 flag=0 multi=93.9704 len=13524	13524	73.3725	0	0	1.07435	1.33933	0	0	0	0	15.2114	19.6551	0.0223869	0.0223194	0.0226138	0.024892	41.1306	61.7856	9.57495	14.4206	5.38996	7.97231	0.946226	1.35976	0	0
k107_29220001 flag=0 multi=65.9684 len=13164	13164	69.6952	0.02348	0.0316382	1.46812	2.20858	0	0	0	0	13.8993	18.9548	0	0	0.02348	0.0431465	39.6462	69.3843	8.77119	9.63494	5.04548	6.68798	0.817991	1.39105	0	0
k107_27908023 flag=0 multi=67.5612 len=8303	8303	74.8546	0	0	1.26009	1.57907	0	0	0	0	15.635	22.6655	0	0	0	0	42.8241	56.0574	8.90601	10.7966	5.10261	5.44849	1.12673	2.29749	0	0
k107_3052397 flag=0 multi=55.9862 len=12818	12818	71.5769	0.0241291	0.0235466	1.44958	1.83499	0	0	0	0	13.3316	26.0701	0.0241291	0.0368111	0	0	41.0574	53.4211	9.591	10.8898	5.41043	9.50174	0.688559	0.716106	0	0
k107_9660943 flag=0 multi=50.1712 len=4033	4033	77.4339	0	0	1.58001	1.70165	0	0	0	0	15.6811	28.5313	0	0	0	0	43.2755	52.3274	10.5921	11.8063	5.11605	6.25133	1.18923	1.8589	0	0
k107_7398861 flag=0 multi=62.9155 len=4650	4650	74.5727	0.0694572	0.105134	1.73597	2.69266	0	0	0	0	15.5586	14.7749	0	0	0	0	43.0278	58.382	8.45929	6.58351	4.72907	5.56233	0.99241	1.07775	0	0
k107_27870017 flag=0 multi=56.9523 len=17057	17057	72.3896	0.0180245	0.0316615	1.3399	2.11988	0	0	0.00889287	0.00892672	15.4024	24.5302	0.0179051	0.0204544	0	0	39.8613	58.7658	9.51859	11.6391	5.00173	6.42921	1.22083	1.31539	0	0
k107_10747128 flag=0 multi=75.0744 len=3238	3238	73.7411	0	0	1.36274	2.08943	0	0	0	0	16.1577	22.7663	0	0	0	0	40.1982	67.3916	10.1117	15.6383	4.49591	6.18868	1.41485	1.12384	0	0
k107_29519791 flag=0 multi=63.0000 len=8260	8260	75.956	0	0	1.59349	2.24848	0	0	0	0	15.1646	17.2535	0	0	0	0	43.319	74.9931	9.72795	11.8681	4.52865	5.15911	1.62227	1.96537	0	0
k107_15492544 flag=0 multi=60.0759 len=31584	31584	77.6209	0.00965411	0.0107757	1.64184	2.79436	0.00473116	0.00481069	0.00469919	0.00480549	16.2249	27.2315	0	0	0	0	43.985	70.9616	9.77709	12.9005	4.91593	6.07243	1.05243	1.54749	0.00469919	0.00481045
k107_28371612 flag=0 multi=62.0373 len=15298	15298	77.7791	0	0	1.16758	1.44054	0.0692851	0.20501	0	0	17.087	37.6317	0	0	0.0201387	0.0262653	44.4891	68.0674	9.71466	15.2403	4.54861	6.40436	0.682782	1.8067	0	0
k107_24140033 flag=0 multi=55.0689 len=11311	11311	76.3303	0.0274321	0.0343149	1.12562	1.48352	0	0	0	0	17.0064	27.8747	0	0	0	0	41.3228	66.8779	9.65637	13.8785	6.12908	10.2948	1.06259	1.12935	0	0
k107_28537551 flag=0 multi=143.9156 len=6734	6734	77.5005	0	0	1.53187	2.17842	0	0	0	0	16.459	25.9428	0	0	0	0	45.204	92.2366	8.90765	10.1925	4.55099	4.9194	0.847015	0.701172	0	0
k107_32242778 flag=0 multi=48.9284 len=3038	3038	73.1798	0	0	1.54459	1.71028	0	0	0	0	16.1012	16.7086	0.11038	0.14503	0	0	41.7401	47.6943	8.42763	7.2998	4.09795	8.26432	1.15789	0.935227	0	0
k107_28910743 flag=0 multi=60.0514 len=19900	19900	77.1949	0.00413308	0.00513496	1.50061	1.90939	0.00760282	0.00764602	0	0	15.9708	23.6741	0	0	0	0	43.6547	66.0438	9.6218	13.3519	5.23283	7.05693	1.20242	1.64894	0	0
k107_30514624 flag=0 multi=167.7933 len=7184	7184	80.6064	0	0	1.53298	2.26121	0	0	0	0	16.2379	25.4431	0	0	0	0	45.6973	72.559	10.2129	12.8372	5.3172	6.9673	1.60811	2.6389	0	0
k107_1924704 flag=0 multi=65.0779 len=2725	2725	74.8811	0	0	1.93974	1.84784	0	0	0	0	17.1564	33.2844	0	0	0.124639	0.112451	37.8002	54.0445	10.7726	10.0313	5.87082	7.36108	1.21667	1.33283	0	0
k107_26341312 flag=0 multi=135.1020 len=11850	11850	74.7291	0	0	1.12141	2.0969	0	0	0	0	14.2623	19.0891	0	0	0	0	42.6179	66.0705	9.89912	11.0942	5.66167	7.35343	1.1667	1.27664	0	0
k107_28954563 flag=0 multi=67.9646 len=18767	18767	77.8046	0	0	1.5283	1.92394	0	0	0	0	17.2148	27.6235	0	0	0.0326564	0.0494065	43.7729	67.6102	9.01338	12.943	5.10214	7.22576	1.14043	1.17368	0	0
k107_29014549 flag=0 multi=60.3222 len=19320	19320	74.8339	0	0	1.36539	2.31355	0.00783468	0.0078759	0	0	15.5539	24.5325	0	0	0	0	42.1586	56.1392	9.51667	12.108	4.97597	6.78472	1.25555	1.43321	0	0
k107_29141649 flag=0 multi=81.0340 len=28622	28622	78.6063	0	0	1.54612	2.51847	0.00519068	0.00530497	0	0	16.4239	25.4597	0.0105579	0.0105539	0.0106638	0.0105578	44.9489	70.7775	9.36292	14.3585	5.2023	7.68616	1.09576	1.19139	0	0
k107_32372593 flag=0 multi=59.9760 len=20494	20494	75.5836	0.0149564	0.0191905	1.38768	2.9558	0	0	0	0	15.0898	19.3307	0.0149069	0.0176997	0	0	43.2904	69.3108	9.28051	11.458	5.03313	7.76913	1.47227	1.85899	0	0
k107_8660973 flag=0 multi=64.0000 len=4522	4522	73.6841	0	0	1.34597	1.777	0	0	0	0	14.3488	12.723	0	0	0	0	41.7047	49.6879	10.377	7.9509	5.06327	7.25049	0.844313	0.502661	0	0
k107_21328402 flag=0 multi=54.9949 len=6592	6592	72.5369	0	0	1.58029	2.81034	0	0	0	0	15.4294	23.8761	0	0	0	0	40.7138	62.0608	8.8062	11.5931	4.90779	6.17536	1.09936	2.24134	0	0
k107_22950506 flag=0 multi=56.3467 len=6046	6046	72.4995	0.0525766	0.0881344	1.39084	2.04858	0	0	0	0	14.7171	17.8234	0	0	0	0	41.8289	58.9695	9.4173	10.7929	4.60341	6.63307	0.48938	0.426538	0	0
k107_24132329 flag=0 multi=51.1974 len=6592	6592	73.2345	0	0	1.12941	1.62738	0	0	0	0	16.5916	23.1042	0	0	0	0	41.4556	61.3208	8.62607	14.7567	4.5725	6.23928	0.8593	1.01263	0	0
k107_32349162 flag=0 multi=110.0931 len=30886	30886	73.9748	0	0	1.35107	2.26782	0.00480643	0.00491339	0	0	15.7109	24.7124	0	0	0	0	42.3026	62.9727	8.98699	12.1554	4.72057	6.3954	0.897888	1.0557	0	0
k107_30512237 flag=0 multi=110.9522 len=14447	14447	75.162	0	0	1.2473	2.19026	0.0103924	0.0105585	0	0	14.46	18.404	0	0	0	0	43.1676	69.8803	10.1106	11.5013	5.1679	8.05703	0.998162	0.974748	0	0
k107_35580896 flag=0 multi=62.0261 len=13144	13144	77.3367	0.0235166	0.0399407	1.14414	1.31339	0	0	0	0	15.7128	25.1784	0	0	0.0470332	0.0918507	43.2653	75.2914	10.0382	10.4772	5.66119	6.82368	1.44456	1.98398	0	0
k107_29316345 flag=0 multi=62.0929 len=19420	19420	73.9887	0.0157966	0.0295667	1.5341	1.8617	0.00768909	0.007836	0.00768909	0.007836	15.5969	20.5483	0	0	0.015692	0.0247521	41.0252	61.6993	9.88581	15.3824	4.86426	6.91175	1.03557	1.28947	0	0
k107_28160430 flag=0 multi=59.2023 len=3735	3735	72.8817	0	0	1.29945	1.71492	0	0	0	0	14.4661	15.0874	0	0	0	0	43.1052	95.0958	8.98019	18.4012	4.24206	7.93366	0.788814	0.78268	0	0
k107_12298264 flag=0 multi=58.2013 len=5159	5159	71.6008	0	0	0.865761	0.851524	0	0	0	0	14.6278	19.3832	0	0	0	0	41.6593	50.6913	8.86947	9.65077	5.1433	7.37724	0.435248	0.528402	0	0
k107_28431210 flag=0 multi=72.2414 len=6383	6383	79.493	0.0496629	0.0771385	1.38596	1.87293	0	0	0	0	17.6413	53.2983	0	0	0	0	45.072	55.2298	9.6443	15.8191	5.30275	7.38502	0.396974	0.803249	0	0
k107_32449913 flag=0 multi=54.2703 len=3833	3833	68.5624	0	0	0.672897	1.01606	0.0416313	0.0409479	0	0	12.8615	17.8997	0	0	0.0855282	0.0856089	40.6398	64.3121	10.4248	12.3276	3.35089	2.36527	0.485415	0.498049	0	0
k107_29307295 flag=0 multi=52.9756 len=7195	7195	70.7966	0	0	1.22791	1.56615	0	0	0	0	13.8398	25.2561	0	0	0	0	40.2942	72.6763	9.10503	16.9717	5.11142	5.8903	1.21819	1.19557	0	0
k107_35256320 flag=0 multi=50.9499 len=7466	7466	74.8009	0	0	1.14377	2.02668	0	0	0	0	14.9983	25.468	0	0	0	0	42.2084	52.8697	9.88037	15.2714	5.85637	7.98014	0.713707	0.901142	0	0
k107_19996746 flag=0 multi=182.9225 len=5528	5528	79.2754	0	0	1.21661	1.86528	0	0	0	0	15.4977	18.4365	0.0120551	0.0124728	0	0	45.784	65.3903	10.3737	14.7022	5.2809	8.72851	1.11041	1.19509	0	0
k107_32554590 flag=0 multi=72.5107 len=4325	4325	85.0865	0.0372856	0.0361319	1.67363	2.75454	0	0	0	0	19.4464	32.633	0	0	0	0	45.9354	79.5873	9.96495	8.5946	6.99428	13.8628	1.03455	1.09016	0	0
k107_30767011 flag=0 multi=68.1911 len=33079	33079	73.3425	0	0	1.14556	1.23619	0	0	0	0	15.0868	21.8539	0	0	0	0	41.5385	61.5983	9.37163	12.8866	5.08219	7.91155	1.1178	1.31419	0	0
k107_23324772 flag=0 multi=73.0877 len=11301	11301	74.688	0.027457	0.0407108	1.12501	1.54036	0	0	0	0	15.6775	25.6986	0	0	0	0	43.3031	69.1972	9.09164	15.2466	4.64615	5.53978	0.817074	0.98843	0	0
k107_7055848 flag=0 multi=55.0000 len=4771	4771	75.6574	0	0	1.03379	0.933955	0	0	0	0	16.1759	38.0922	0	0	0	0	42.0667	50.8042	9.21123	17.9909	6.07944	6.79447	1.0904	0.99913	0	0
k107_29774694 flag=0 multi=194.2809 len=3866	3866	73.1336	0	0	1.31004	2.17276	0	0	0	0	15.0758	27.8391	0	0	0	0	43.2116	46.2691	8.31987	10.196	4.70988	8.10567	0.506453	0.551989	0	0
k107_9202149 flag=0 multi=65.9971 len=17839	17839	73.7903	0.0172207	0.0186436	0.900382	1.13098	0	0	0	0	13.8419	20.4053	0	0	0	0	43.3786	58.7365	9.80458	15.1561	4.8047	6.04624	1.04288	1.57018	0	0
k107_9768778 flag=0 multi=100.9886 len=19947	19947	73.8199	0	0	1.33138	2.17832	0	0	0	0	14.4889	19.9601	0.00748282	0.00762955	0	0	41.0342	67.7204	10.4675	14.1302	5.37134	7.0017	1.11911	1.52805	0	0
k107_20832135 flag=0 multi=94.8899 len=4658	4658	68.1664	0	0	1.06956	1.79112	0	0	0	0	14.2133	27.1684	0	0	0	0	39.1515	51.4349	8.295	10.721	4.2135	4.26267	1.2236	1.76971	0	0
k107_13980271 flag=0 multi=55.1714 len=36192	36192	74.9855	0	0	1.38442	1.9553	0	0	0	0	16.2729	27.6222	0	0	0	0	42.1471	52.657	9.33962	12.8752	4.88546	6.2265	0.955949	1.13992	0	0
k107_8713870 flag=0 multi=58.4869 len=12726	12726	75.902	0	0	1.44454	2.40493	0	0	0	0	15.6083	27.1909	0	0	0.0236639	0.0480364	41.1461	58.6942	10.8032	14.8582	5.52374	7.33373	1.35246	1.98848	0	0
k107_31958367 flag=0 multi=81.4224 len=19176	19176	77.0069	0.0159479	0.0241166	1.3988	2.63414	0	0	0	0	17.1629	23.6549	0.00789446	0.00793527	0	0	42.3927	65.8597	9.74918	14.0547	5.10077	6.8876	1.17876	1.77764	0	0
k107_31417817 flag=0 multi=56.1082 len=3009	3009	72.0587	0	0	1.62985	2.73556	0.108607	0.168781	0	0	14.8301	44.832	0	0	0	0	41.7651	41.9791	7.33727	6.13512	5.14444	4.39611	1.24344	1.70422	0	0
k107_23583594 flag=0 multi=54.1025 len=20546	20546	76.0963	0.014918	0.0178544	1.1967	1.8417	0.0074096	0.00740764	0.00726141	0.00735951	16.5946	26.752	0	0	0.014671	0.0183098	42.3049	61.7502	9.6392	11.7991	5.26783	8.72995	1.04876	1.37406	0	0
k107_35879850 flag=0 multi=57.3059 len=26251	26251	74.7901	0	0	1.19149	1.53782	0	0	0	0	14.7129	21.7151	0.0174573	0.0179243	0	0	42.644	57.7131	9.73644	13.3336	5.23049	8.3653	1.25739	2.05751	0	0
k107_83357 flag=0 multi=61.0098 len=4288	4288	79.5472	0	0	1.52609	1.77787	0	0	0	0	18.0662	19.1189	0	0	0	0	42.2411	96.7939	10.0432	13.21	6.68314	12.2049	0.987456	0.537192	0	0
k107_34549984 flag=0 multi=81.9312 len=15659	15659	74.5767	0	0	1.56886	1.77639	0	0	0	0	15.3029	23.5463	0.0292375	0.0348778	0.0196653	0.0224114	42.5594	69.4265	9.13889	14.0781	4.70658	5.98986	1.25122	1.49679	0	0
k107_11498309 flag=0 multi=85.1634 len=13142	13142	77.9234	0.0147196	0.0145797	1.57959	2.14882	0	0	0	0	17.1044	24.7636	0	0	0	0	43.3586	58.3719	9.16698	13.3979	5.62508	7.94663	1.07414	1.14781	0	0
k107_35568659 flag=0 multi=73.0142 len=25379	25379	74.2689	0.00602145	0.00598347	1.10671	1.81175	0	0	0	0	14.9819	24.7472	0	0	0	0	42.1765	56.8145	9.58089	12.735	5.3752	8.15953	1.04171	1.07825	0	0
k107_32032799 flag=0 multi=55.0010 len=30666	30666	74.7221	0.00994599	0.0132057	1.49872	2.25388	0.00207483	0.00220452	0	0	16.3743	28.3479	0.00487419	0.00494872	0	0	41.7986	51.3678	9.17534	12.4816	4.86899	8.18759	0.989264	1.31704	0	0
k107_5107180 flag=0 multi=68.9982 len=17788	17788	76.7368	0.017271	0.0293325	1.17054	2.02036	0	0	0	0	16.4629	25.2995	0.0168706	0.0169797	0	0	42.943	68.0312	9.80516	13.5886	5.31991	7.55939	1.00109	1.19096	0	0
k107_28997998 flag=0 multi=58.5776 len=2799	2799	75.4181	0	0	1.02243	1.01548	0	0	0	0	15.7161	26.0721	0	0	0	0	41.3276	18.6944	11.6296	10.7969	4.75851	12.1154	0.963957	1.44728	0	0
k107_1161646 flag=0 multi=118.5686 len=12728	12728	74.9168	0	0	1.48165	1.82992	0	0	0	0	15.0748	17.8049	0	0	0	0	42.928	66.1801	9.73708	13.4014	4.44069	6.00527	1.25463	1.38585	0	0
k107_5138687 flag=0 multi=95.6488 len=38354	38354	76.3102	0.015873	0.0221353	1.3449	1.71665	0	0	0	0	15.8985	27.8625	0.00793651	0.0152835	0.00793651	0.00787334	43.1238	51.4135	9.61881	11.4662	5.29097	7.17802	1.0015	1.05866	0	0
k107_30510926 flag=0 multi=53.2658 len=18826	18826	74.6033	0.0163032	0.0160464	1.15871	1.48611	0	0	0	0	15.3492	21.4704	0.00793565	0.00808103	0	0	42.5083	67.4092	9.23094	12.2877	5.14905	8.35799	1.1829	1.3653	0	0
k107_26126733 flag=0 multi=74.9548 len=9309	9309	75.1671	0	0	1.16865	1.28078	0	0	0	0	16.4846	24.0915	0	0	0	0	43.2129	74.4593	8.73199	10.9904	4.71811	5.97719	0.850783	0.882014	0	0
k107_29001463 flag=0 multi=86.9526 len=6751	6751	74.0743	0	0	0.934098	1.01717	0	0	0	0	14.2327	23.2305	0	0	0	0	41.5385	49.5164	10.3873	12.7803	5.86479	11.7036	1.11676	1.91257	0	0
k107_21957004 flag=0 multi=149.8065 len=2893	2893	115.764	0	0	0	0	0	0	0	0	11.4338	27.5324	0	0	0.116557	0.130037	47.2227	48.1454	12.4238	11.2626	44.567	74.0705	0	0	0	0
k107_23429165 flag=0 multi=79.9792 len=13898	13898	78.5453	0	0	1.19359	1.64372	0	0	0	0	17.3108	23.9007	0	0	0	0	44.9901	70.4562	8.88489	13.3992	5.11783	7.20032	1.0481	1.24585	0	0
k107_33769755 flag=0 multi=81.4513 len=31074	31074	76.6123	0	0	1.0478	1.35999	0	0	0	0	14.8617	22.5842	0.00981412	0.00971693	0	0	45.2766	73.1583	9.4791	12.1354	4.88142	6.64558	1.05583	1.60218	0	0
k107_22555410 flag=0 multi=57.2816 len=3641	3641	85.1135	0	0	2.01587	2.98247	0	0	0	0	20.8565	67.9689	0	0	0	0	47.1665	49.7462	9.89757	16.4576	4.27913	5.81974	0.897874	1.35018	0	0
k107_8144439 flag=0 multi=88.7901 len=48133	48133	75.1983	0.00944994	0.00938294	1.43068	2.08651	0	0	0	0	15.382	21.9583	0	0	0	0	42.3477	61.788	9.82681	14.0589	5.15565	7.14377	1.04597	1.43168	0	0
k107_32194061 flag=0 multi=129.0434 len=9713	9713	76.6076	0	0	1.326	2.25595	0	0	0	0	15.5912	24.4343	0	0	0	0	44.3244	82.3394	9.17458	14.1374	5.19796	5.50289	0.993412	0.965864	0	0
k107_33328912 flag=0 multi=117.8782 len=12795	12795	74.4175	0	0	1.19027	1.93714	0	0	0	0	15.1826	21.944	0	0	0	0	42.4956	46.0012	10.053	16.4224	4.50436	6.9461	0.991755	1.46329	0	0
k107_6749482 flag=0 multi=58.0758 len=37310	37310	73.4298	0.00813338	0.00809091	1.2998	1.86075	0.00794423	0.0080901	0.0081604	0.0120376	14.9463	22.9962	0.0081604	0.013332	0	0	41.4987	64.2033	9.64759	14.4747	4.94182	6.62987	1.06315	1.48551	0	0
k107_18903220 flag=0 multi=68.9966 len=33796	33796	78.6061	0.00901654	0.0135419	1.57987	2.12752	0	0	0	0	16.3425	31.4474	0.00889712	0.0089392	0	0	44.4498	78.1133	9.79369	12.9642	5.46343	6.64124	0.958858	1.12011	0	0
k107_27256208 flag=0 multi=136.8506 len=5970	5970	79.3816	0	0	1.67696	2.03931	0	0	0	0	16.3394	25.2009	0	0	0	0	44.6897	71.9044	10.1329	14.6785	5.3151	8.63823	1.22759	1.75727	0	0
k107_20526857 flag=0 multi=89.9727 len=24642	24642	74.8681	0	0	1.45222	2.01061	0	0	0.00603944	0.00616824	15.3719	28.5713	0.00603944	0.00616724	0.0122843	0.0137323	41.8687	68.9586	9.59778	15.111	5.35275	7.34258	1.20045	1.43716	0	0
k107_16494945 flag=0 multi=53.0789 len=2869	2869	79.3564	0	0	1.09856	2.36604	0	0	0	0	17.6062	22.0911	0	0	0	0	44.3393	55.397	10.1698	9.44974	5.14336	3.56411	0.999221	0.782147	0	0
k107_26777359 flag=0 multi=68.6170 len=9658	9658	78.5697	0	0	1.36298	1.576	0	0	0	0	16.001	21.2579	0	0	0	0	45.1611	40.5282	9.62954	13.9669	5.53057	6.95814	0.884566	1.38695	0	0
k107_3090910 flag=0 multi=59.9970 len=18517	18517	73.7522	0.0331046	0.0469944	1.16629	1.77002	0	0	0	0	14.7909	23.6736	0	0	0	0	42.6741	64.3098	10.2984	12.7017	4.3681	5.58833	0.421246	0.600385	0	0
k107_1937951 flag=0 multi=51.9985 len=12892	12892	73.5979	0	0	1.25981	1.65234	0	0	0	0	14.8608	20.7245	0.0238284	0.0358067	0	0	40.5043	52.014	10.2411	12.2289	5.55075	6.50334	1.15735	1.66946	0	0
k107_28916286 flag=0 multi=100.0000 len=3098	3098	76.3444	0	0	1.30937	0.777935	0	0	0	0	14.6645	19.8059	0	0	0	0	42.1116	63.4315	10.1427	10.3372	6.59013	7.79686	1.52611	2.37152	0	0
k107_22382220 flag=0 multi=60.1623 len=4913	4913	76.2616	0	0	0.877033	0.923753	0	0	0	0	14.3158	12.8981	0	0	0	0	44.3947	60.9883	9.67643	14.6006	5.70419	8.02067	1.29343	1.12617	0	0
k107_33482454 flag=0 multi=55.0619 len=3421	3421	78.0593	0	0	1.4976	1.6991	0	0	0	0	15.7682	25.6268	0	0	0	0	44.9275	62.9012	9.72651	17.3926	5.31581	6.661	0.823661	0.439946	0	0
k107_16151529 flag=0 multi=63.3557 len=8755	8755	73.6762	0.035727	0.0344575	1.2327	1.42439	0	0	0	0	15.5799	15.281	0	0	0	0	40.5095	54.5773	9.69182	15.455	5.46126	7.7997	1.16527	1.26362	0	0
k107_5236890 flag=0 multi=55.0430 len=10350	10350	74.3226	0	0	1.16232	1.60563	0	0	0	0	14.9448	26.3567	0	0	0	0	42.4038	59.8338	9.41232	11.4324	5.27558	6.58614	1.12381	1.57461	0	0
k107_5964180 flag=0 multi=55.0812 len=16793	16793	72.8887	0	0	1.52744	1.80999	0	0	0	0	14.9907	25.6911	0	0	0	0	41.6072	75.7604	9.08405	9.23537	4.67879	7.0457	1.00049	1.551	0	0
k107_20192982 flag=0 multi=68.7477 len=45087	45087	72.9236	0.0167913	0.0197269	1.45368	1.81383	0	0	0	0	15.1847	29.0532	0	0	0	0	41.1546	65.5544	9.0679	11.9343	4.81579	6.89038	1.23017	1.57155	0	0
k107_20328912 flag=0 multi=109.8056 len=2936	2936	76.32	0	0	1.21792	2.86922	0	0	0	0	17.5247	13.0749	0	0	0.114655	0.105352	42.4639	43.2808	8.6344	10.7647	5.07897	7.20247	1.2855	1.048	0	0
k107_19828836 flag=0 multi=62.0155 len=49291	49291	74.9747	0	0	1.29654	1.76321	0	0	0	0	15.0042	21.557	0	0	0.00614424	0.00612613	43.2386	75.9859	9.25218	14.4297	5.11574	6.82611	1.06138	1.40471	0	0
k107_34375934 flag=0 multi=88.4756 len=16712	16712	73.8942	0.0368068	0.0479971	1.31737	1.82961	0	0	0	0	14.9958	27.4686	0	0	0	0	41.3133	46.4078	9.84863	12.6348	5.49269	7.39189	0.88964	1.23444	0	0
k107_30672351 flag=0 multi=54.8096 len=9915	9915	75.3563	0.0314158	0.0545644	1.31322	1.97712	0	0	0.0152918	0.0154607	16.7457	29.318	0	0	0	0	42.2617	82.1292	9.38521	9.17314	4.75211	8.21355	0.851659	1.16812	0	0
k107_13112309 flag=0 multi=63.1912 len=4224	4224	82.0054	0	0	1.29245	1.79691	0	0	0	0	17.1729	24.3222	0.0385008	0.037028	0	0	47.168	98.186	10.6856	9.35893	5.03085	8.14845	0.617032	0.576554	0	0
k107_14601039 flag=0 multi=83.8696 len=25947	25947	73.9343	0	0	1.32353	2.01949	0.00573211	0.00585132	0	0	15.7571	26.3176	0.00573211	0.00585181	0	0	41.9174	62.6778	9.1603	13.8992	4.79669	6.93299	0.967713	1.12443	0	0
k107_32477938 flag=0 multi=63.6033 len=21372	21372	73.4071	0.0143332	0.0222009	1.30546	1.42849	0	0	0	0	15.6671	33.2937	0	0	0.0142857	0.0141323	42.3905	73.8001	9.06834	11.6275	4.3599	8.09555	0.587186	0.793818	0	0
k107_2116625 flag=0 multi=60.0771 len=15480	15480	74.4093	0.0198972	0.0329443	1.58275	2.34955	0	0	0	0	14.3037	22.012	0	0	0	0	42.4613	53.6532	9.53301	13.0342	5.29846	7.14586	1.21017	1.92958	0	0
k107_12047099 flag=0 multi=49.0092 len=9733	9733	72.6605	0.0320221	0.0475507	1.55445	2.43257	0	0	0	0	14.2253	19.9812	0	0	0.031916	0.0331237	41.4524	53.7475	9.60895	15.0771	4.85431	5.51475	0.901071	1.11084	0	0
k107_25660897 flag=0 multi=152.8574 len=7533	7533	73.7988	0	0	0.93514	1.28528	0	0	0	0	15.0346	24.5033	0	0	0	0	40.6048	74.8506	10.4333	11.476	5.36399	7.85181	1.42705	2.86439	0	0
k107_7535661 flag=0 multi=102.4404 len=45334	45334	112.558	0.00668414	0.00896431	0	0	0	0	0	0	11.9653	19.0755	0.00326435	0.00334322	0.0505196	0.0668911	40.6936	61.7801	15.315	21.5125	44.5233	66.4697	0	0	0	0
k107_27746175 flag=0 multi=67.0091 len=6181	6181	76.602	0	0	0.932301	1.37827	0	0	0	0	15.6377	21.8179	0.102739	0.143238	0	0	42.9362	59.2258	10.7392	15.2431	5.35839	9.98002	0.89539	1.41007	0	0
k107_28130121 flag=0 multi=68.0000 len=35554	35554	74.4289	0.00856689	0.0121789	1.32058	1.90008	0	0	0	0	14.866	22.0458	0	0	0	0	42.3085	72.6086	9.2751	13.0971	5.51847	8.45959	1.13177	1.22381	0	0
k107_2718966 flag=0 multi=80.2619 len=7267	7267	79.0109	0	0	1.76167	2.36885	0	0	0	0	18.1523	22.6956	0	0	0	0	44.3826	64.9102	8.54946	13.1591	5.30711	9.19563	0.857717	0.933692	0	0
k107_34671659 flag=0 multi=59.1141 len=10244	10244	77.5937	0	0	1.21324	1.73387	0	0	0	0	15.9951	20.5365	0.0147858	0.0149584	0.0303762	0.029452	44.2481	87.3878	9.41511	11.2422	5.52806	6.94529	1.14896	1.26808	0	0
k107_19303322 flag=0 multi=75.7655 len=50019	50019	75.8399	0.00607438	0.00993635	1.40745	1.95123	0	0	0	0	16.0854	28.7629	0	0	0.00607438	0.00961464	42.6921	61.579	9.29742	12.8246	5.21936	7.82287	1.12601	1.45477	0	0
k107_16916047 flag=0 multi=53.0019 len=9871	9871	76.1873	0	0	1.21298	1.7443	0	0	0	0	15.8755	21.7853	0	0	0	0	44.0594	64.4167	8.50643	12.1692	5.52116	7.04309	1.01181	1.50987	0	0
k107_12554407 flag=0 multi=62.0000 len=2768	2768	71.0349	0	0	1.22263	1.66878	0	0	0	0	13.6265	11.7811	0	0	0	0	39.7895	84.1067	10.1873	12.6392	4.48378	5.03556	1.72506	3.19104	0	0
k107_17108849 flag=0 multi=85.6642 len=4738	4738	75.798	0	0	2.00654	3.27292	0	0	0	0	17.8037	24.6285	0	0	0	0	40.2935	62.0452	10.3163	10.9417	4.4592	8.36244	0.918846	1.43603	0	0
k107_25585569 flag=0 multi=54.0177 len=8019	8019	73.8985	0	0	1.04497	1.3922	0	0	0	0	14.4595	20.0111	0	0	0	0	41.4736	52.312	10.2375	18.0073	5.47907	8.6385	1.20384	1.38834	0	0
k107_17909594 flag=0 multi=58.9889 len=3247	3247	73.4462	0	0	2.45059	2.31692	0	0	0	0	13.0214	11.1858	0	0	0	0	42.2808	66.6446	9.72869	9.97186	4.2309	3.89344	1.73379	1.55652	0	0
k107_10807516 flag=0 multi=62.9426 len=12415	12415	74.0926	0	0	1.15999	1.32089	0	0	0	0	15.2467	21.7568	0.0121357	0.0123088	0	0	41.4827	53.5904	9.81656	16.5367	5.40188	5.6516	0.972674	0.970884	0	0
k107_16717086 flag=0 multi=101.9622 len=25753	25753	113.569	0	0	0	0	0	0	0	0	12.4729	21.0557	0.0118659	0.0215376	0.0592118	0.0606033	41.9133	59.0141	15.3641	18.5858	43.7477	65.9632	0	0	0	0
k107_22186535 flag=0 multi=85.7762 len=5608	5608	76.3411	0	0	1.60234	3.89072	0	0	0.00659631	0.00729752	14.9989	25.1924	0	0	0.113645	0.219268	43.0524	70.1653	9.79156	15.289	5.88145	5.84179	0.894271	1.43413	0	0
k107_21752407 flag=0 multi=81.5055 len=13646	13646	75.6969	0.0221823	0.0372607	1.4722	2.22129	0.0110162	0.0111885	0.0221073	0.031415	15.7712	25.5599	0.011241	0.0111886	0.0442896	0.061505	42.5179	59.8541	9.91944	14.4331	4.92641	6.56137	0.978867	1.08228	0	0
k107_18513773 flag=0 multi=81.0833 len=5691	5691	79.0566	0	0	1.37688	1.78511	0	0	0	0	15.0481	22.0393	0.0274634	0.0272377	0	0	46.8824	96.8515	9.71924	19.9659	4.57914	7.62357	1.42346	1.60446	0	0
k107_12881177 flag=0 multi=57.0475 len=8253	8253	75.8746	0.0379826	0.0561606	1.65463	2.64428	0	0	0	0	14.6336	24.8532	0	0	0	0	44.298	83.1701	9.2367	14.8678	4.64721	5.85837	1.36649	1.92895	0	0
k107_7339830 flag=0 multi=54.0239 len=8894	8894	71.4637	0	0	1.53771	2.04182	0	0	0	0	14.3038	19.6901	0	0	0	0	40.4676	50.0422	9.58799	15.2856	4.77712	6.63281	0.789455	0.989512	0	0
k107_8321524 flag=0 multi=58.8908 len=69948	69948	76.5233	0.00865807	0.014162	1.51819	1.93695	0.00211067	0.00216056	0	0	15.8102	23.4248	0	0	0.00867243	0.0102873	43.3797	69.4658	9.51192	13.3591	5.14689	6.89242	1.13695	1.36278	0	0
k107_8837064 flag=0 multi=105.4391 len=10875	10875	77.9406	0	0	0.966424	1.03865	0.0139979	0.0140737	0.0557079	0.0765434	16.5146	25.4012	0.0424667	0.0444141	0	0	43.7494	49.4797	10.0695	14.9908	5.00435	5.61825	1.52417	2.09962	0	0
k107_31277716 flag=0 multi=121.4225 len=4315	4315	80.139	0	0	1.68303	2.1234	0.219786	0.835895	0	0	19.1769	15.1287	0	0	0	0	43.3925	77.1413	9.4321	8.98353	5.75131	4.10255	0.483429	0.450793	0	0
k107_7264526 flag=0 multi=63.0036 len=6767	6767	75.1893	0	0	1.61516	1.84975	0	0	0	0	14.7895	17.8885	0	0	0	0	42.9073	58.2967	9.65615	12.0687	4.91493	6.64132	1.30626	1.89079	0	0
k107_22016138 flag=0 multi=58.8457 len=16342	16342	71.3896	0	0	1.2846	2.00761	0	0	0	0	13.8923	21.7673	0	0	0.0187656	0.0258325	42.4017	46.8564	8.7159	13.6891	4.47145	5.72587	0.604863	0.698218	0	0
k107_20902886 flag=0 multi=64.2965 len=9836	9836	76.8404	0.0316761	0.0497691	1.52035	1.96613	0	0	0	0	15.4822	21.5979	0	0	0	0	42.5702	74.4345	10.3683	13.2356	5.74628	8.33549	1.12146	1.32323	0	0
k107_11307424 flag=0 multi=77.8003 len=4253	4253	76.3047	0	0	1.7426	3.09874	0	0	0	0	15.5902	20.8417	0	0	0	0	41.4771	43.5009	9.8899	17.6314	6.69147	7.33188	0.91344	1.43491	0	0
k107_29350390 flag=0 multi=77.8771 len=16098	16098	73.9031	0	0	1.2405	2.10965	0	0	0	0	14.5595	20.7148	0.0190555	0.0240731	0	0	42.3405	59.3565	9.39004	15.1662	4.94904	6.18827	1.40441	1.4279	0	0
k107_20241189 flag=0 multi=50.1402 len=3118	3118	76.0291	0	0	1.92969	5.92203	0	0	0	0	17.6271	33.8908	0	0	0	0	41.7045	73.6032	9.58168	9.85366	4.37962	6.51779	0.806463	0.815283	0	0
k107_13556957 flag=0 multi=63.5310 len=3190	3190	75.9546	0.104571	0.117911	1.19114	1.39909	0	0	0	0	16.903	24.2039	0	0	0	0	43.1801	60.7016	9.61565	10.5906	4.39439	7.3126	0.565789	0.839528	0	0
k107_7832663 flag=0 multi=132.6883 len=7286	7286	76.2235	0	0	1.37844	1.66725	0	0	0	0	15.7219	32.1033	0.0210481	0.0211568	0	0	43.1649	130.916	10.1562	18.3466	5.11798	5.90065	0.662944	0.707617	0	0
k107_31091936 flag=0 multi=66.6381 len=5258	5258	78.7942	0	0	1.91606	2.26431	0	0	0	0	16.2254	23.4978	0.0605327	0.0794381	0	0	43.4851	92.1813	10.0585	13.4832	5.64326	4.77766	1.40537	1.80942	0	0
k107_2838615 flag=0 multi=59.1108 len=7951	7951	72.2	0	0	1.31115	1.94305	0	0	0	0	15.133	20.9663	0	0	0	0	40.9116	52.2114	8.71134	10.4615	5.13544	6.08135	0.997516	1.68289	0	0
k107_35469893 flag=0 multi=60.1710 len=3803	3803	77.1914	0	0	2.30477	2.44188	0	0	0	0	15.1422	21.0286	0	0	0	0	44.1183	88.5755	9.3062	9.75547	5.36075	8.29111	0.959155	1.47069	0	0
k107_13948714 flag=0 multi=73.1415 len=65265	65265	74.7672	0.0185798	0.0284175	1.23016	1.80458	0.00905131	0.0135359	0	0	15.5088	25.2252	0.00452565	0.00463254	0.0046488	0.00654348	41.8618	61.0552	9.61032	14.1932	5.26164	6.93779	1.25778	1.60655	0	0
k107_32024035 flag=0 multi=84.9377 len=3414	3414	73.7066	0	0	0.992931	2.97258	0.0472365	0.0461793	0	0	14.9171	11.5084	0	0	0	0	41.544	57.9491	10.7812	13.9094	4.55431	7.83147	0.869859	0.685353	0	0
k107_21631852 flag=0 multi=75.0147 len=38028	38028	75.25	0.0159572	0.0194083	1.19825	1.76636	0	0	0	0	15.7613	25.8194	0.00781954	0.0124456	0.00800509	0.00793904	41.8958	55.1306	9.98216	13.611	5.16498	6.0737	1.21577	1.74634	0	0
k107_25974612 flag=0 multi=71.5305 len=22485	22485	74.617	0.0272281	0.0403708	1.16954	2.03012	0	0	0	0	14.8361	19.2424	0	0	0.0271379	0.0309095	42.7665	54.4217	9.81783	13.5682	4.98089	6.02762	0.991705	1.40971	0	0
k107_23716412 flag=0 multi=70.4851 len=5772	5772	75.8408	0	0	1.50951	1.3752	0	0	0	0	15.3846	29.8677	0	0	0	0	42.0311	41.5639	10.3216	14.3275	5.5521	5.49321	1.04186	1.93142	0	0
k107_18089584 flag=0 multi=65.0432 len=53047	53047	74.8221	0.0142194	0.0182096	1.28683	1.79487	0	0	0	0	15.3009	25.0706	0.00853161	0.0124478	0	0	41.8361	74.5727	9.6915	14.7429	5.48372	7.77496	1.20028	1.65929	0	0
k107_3209469 flag=0 multi=138.8384 len=4661	4661	79.4886	0.0692819	0.0732132	2.09291	3.72282	0	0	0	0	16.4666	27.6633	0	0	0	0	45.618	66.6391	9.52581	13.0179	4.82083	8.11796	0.895159	1.54901	0	0
k107_25686055 flag=0 multi=64.9066 len=6101	6101	76.1442	0	0	1.189	1.23954	0.0256941	0.0253638	0.0253492	0.0253651	15.1812	34.0095	0.00362131	0.00429324	0	0	43.86	51.6973	10.035	14.0751	5.01449	10.3029	0.809795	1.02476	0	0
k107_11872082 flag=0 multi=54.7128 len=4734	4734	77.4445	0.0394856	0.0627243	1.16403	1.17197	0	0	0	0	15.8218	24.6494	0	0	0.0606949	0.0738553	43.7089	57.4311	9.81092	10.3869	5.70916	9.67222	1.12951	1.2068	0	0
k107_22318395 flag=0 multi=58.4213 len=9168	9168	77.3032	0	0	1.29935	1.5284	0	0	0	0	15.4301	22.6086	0.0340627	0.0658444	0	0	43.9363	79.8866	10.0623	12.9257	5.08989	9.72009	1.45127	1.2601	0	0
k107_29036822 flag=0 multi=75.1850 len=64494	64494	75.5275	0.00470464	0.00562285	1.33968	2.05542	0	0	0	0	15.8383	27.1729	0.00229001	0.00234629	0.00470464	0.00871439	42.4502	53.7175	9.67628	14.7653	5.13598	7.30315	1.07545	1.46304	0	0
k107_14383352 flag=0 multi=71.6750 len=50105	50105	73.2621	0.00606389	0.00602653	1.32801	1.66715	0	0	0.00606389	0.00811001	15.3105	23.4058	0	0	0	0	41.8771	66.2789	8.66801	13.4509	4.9583	7.37093	1.10811	1.52676	0	0
k107_35576592 flag=0 multi=66.0713 len=12441	12441	79.7581	0	0	1.82387	2.8298	0	0	0	0	17.3416	29.3513	0	0	0.049757	0.176773	45.2946	61.2196	9.62204	12.361	4.59906	6.15834	1.02719	1.62445	0	0
k107_6352907 flag=0 multi=59.9808 len=8450	8450	72.1322	0	0	0.740673	1.16945	0	0	0	0	14.7135	19.322	0	0	0	0	43.0892	62.7817	8.8299	11.6115	4.24055	5.96652	0.518287	0.607349	0	0
k107_1934271 flag=0 multi=94.2361 len=33671	33671	75.8527	0.00902035	0.0132283	1.32821	2.07704	0	0	0.00905032	0.014851	14.9703	23.3493	0.00902035	0.00968824	0	0	43.2597	67.6074	10.0991	15.5183	5.10821	7.69839	1.06015	1.38302	0	0
k107_7927223 flag=0 multi=106.3486 len=22880	22880	72.7595	0.0133759	0.0225876	1.48933	2.08811	0	0	0	0	14.7898	18.8399	0	0	0	0	41.1272	62.3786	9.17606	12.762	5.22442	7.84234	0.939277	1.27205	0	0
k107_2785698 flag=0 multi=57.0004 len=21435	21435	74.2051	0	0	1.19439	1.72776	0	0	0	0	15.2097	28.1604	0	0	0	0	42.4057	70.0233	9.38314	12.5996	5.13964	7.37755	0.872522	1.10293	0	0
k107_26770487 flag=0 multi=64.5015 len=3776	3776	72.6857	0	0	1.00979	0.953515	0	0	0	0	14.5976	17.4518	0	0	0	0	42.5089	53.6467	9.0426	9.00903	4.66926	6.99771	0.857513	1.4602	0	0
k107_20556413 flag=0 multi=59.0467 len=25870	25870	75.1999	0.0237015	0.034694	1.5864	2.62463	0.00578849	0.00586687	0	0	15.4611	23.3297	0	0	0.0118116	0.0116752	42.2321	61.0017	9.62649	10.3423	5.05507	7.95773	1.19743	1.41127	0	0
k107_35431893 flag=0 multi=51.0007 len=11879	11879	77.0149	0.0521724	0.160861	1.4261	1.76905	0	0	0	0	15.7644	29.6041	0	0	0	0	43.609	72.5779	9.6018	11.1995	5.35683	6.5103	1.20454	1.19766	0	0
k107_28151559 flag=0 multi=99.2033 len=19949	19949	72.2397	0	0	1.37298	1.85568	0	0	0	0	14.228	17.1862	0	0	0.0153713	0.020735	41.516	65.7719	9.17219	11.6839	4.83433	6.54533	1.10088	1.41125	0	0
k107_11407456 flag=0 multi=67.4440 len=13917	13917	76.2458	0.0221814	0.0322674	1.21396	2.16699	0	0	0	0	15.2284	23.5176	0.0110173	0.0109679	0.0443628	0.064863	43.6124	57.6596	9.99728	12.5011	5.2224	7.90265	0.89372	1.1274	0	0
k107_14238584 flag=0 multi=56.0200 len=4364	4364	73.1664	0	0	1.12112	3.20882	0	0	0	0	13.934	9.92528	0.0743476	0.0988755	0	0	44.2585	72.3534	8.35131	7.63626	4.22944	5.07486	1.19769	1.99385	0	0
k107_16364907 flag=0 multi=61.9413 len=5716	5716	78.0573	0	0	1.22516	1.79766	0	0	0	0	13.9254	29.6381	0	0	0	0	46.5983	63.2272	11.3011	16.7598	4.2102	5.19917	0.797192	1.37539	0	0
k107_35824657 flag=0 multi=63.0067 len=4996	4996	80.8406	0	0	1.72752	2.78146	0	0	0	0	17.7337	19.3662	0	0	0	0	43.617	69.4035	10.8984	13.1469	5.83681	8.11561	1.02727	0.795217	0	0
k107_2133269 flag=0 multi=58.7936 len=10838	10838	20.7371	0	0	1.28578	2.13739	0	0	0	0	6.06777	8.30355	0.321754	0.430641	1.18413	1.26615	6.26889	8.09336	0.0649203	0.0650328	4.88705	6.055	0.656796	1.09148	0	0
k107_17111330 flag=0 multi=50.0189 len=4226	4226	73.4062	0	0	1.25153	1.62433	0	0	0	0	14.8015	22.9559	0	0	0	0	39.147	24.2197	11.4526	17.2144	5.52829	5.87017	1.22528	1.32906	0	0
k107_33851665 flag=0 multi=66.8299 len=21916	21916	74.852	0	0	1.60216	2.66903	0.00689368	0.00693712	0.00680115	0.0069359	15.2416	25.9059	0.00680115	0.00693544	0.00689368	0.00689209	43.1119	67.5907	8.99727	16.1149	4.93051	7.9798	0.927269	1.26294	0.0139724	0.0162731
k107_25144661 flag=0 multi=94.7219 len=3814	3814	74.0384	0	0	1.21925	1.67886	0	0	0	0	16.4897	24.4898	0	0	0	0	42.2039	69.4875	8.14636	10.4851	4.95416	8.45662	1.02506	1.34025	0	0
k107_28367334 flag=0 multi=57.2449 len=14234	14234	75.7338	0	0	1.33168	1.71767	0.0105512	0.0107248	0	0	16.2027	34.7955	0	0	0	0	42.2377	68.8659	10.258	17.1769	4.7388	6.75689	0.954421	1.00686	0	0
k107_8746312 flag=0 multi=54.0897 len=7778	7778	71.7982	0.0398609	0.0387582	1.02327	1.51071	0	0	0	0	14.2372	23.3574	0	0	0	0	40.769	48.5452	8.98234	11.6966	5.71576	8.31771	1.03077	1.82627	0	0
k107_17195295 flag=0 multi=292.0000 len=2695	2695	205.262	0	0	0	0	0	0	0	0	0	0	0	0	152.716	169.993	39.3276	61.9001	8.46135	8.6513	4.75679	6.03764	0	0	0	0
k107_24909221 flag=0 multi=58.0210 len=10403	10403	74.0285	0	0	1.18434	1.94069	0	0	0	0	15.4734	23.9327	0	0	0	0	42.2093	64.3576	8.87764	11.37	5.17681	7.1145	1.10702	1.43299	0	0
k107_3119521 flag=0 multi=83.7265 len=54705	54705	74.7635	0.0110839	0.0167138	1.33268	1.95182	0.0054225	0.00552024	0	0	15.6628	23.2747	0.0109369	0.0121547	0.0110656	0.0109786	42.6292	64.9511	9.21333	12.904	4.86254	6.85467	1.02445	1.08258	0	0
k107_24280406 flag=0 multi=116.0893 len=23291	23291	75.7377	0.0131367	0.0167059	1.31285	2.23497	0	0	0	0	15.009	21.6758	0.00652486	0.00652695	0	0	42.8157	67.9278	9.738	13.7195	5.61442	8.9461	1.22802	1.49608	0	0
k107_3053640 flag=0 multi=59.0200 len=7666	7666	71.1689	0	0	1.29074	1.64999	0	0	0	0	16.5621	16.0475	0	0	0	0	38.8977	56.9543	8.98262	12.1597	4.53639	7.17269	0.899375	0.915627	0	0
k107_4179698 flag=0 multi=56.6916 len=22286	22286	76.3358	0	0	1.34088	2.17403	0	0	0	0	15.2561	26.37	0	0	0.0137373	0.0235563	43.4446	87.0997	9.78075	14.9548	5.20319	6.5744	1.29653	1.85919	0	0
k107_32536772 flag=0 multi=71.9786 len=17710	17710	77.9716	0.0688764	0.0772918	1.13568	1.74655	0	0	0	0	16.864	27.2786	0	0	0.0173483	0.0185449	43.7758	81.4557	9.88517	11.5553	5.2743	7.09002	0.950483	1.28936	0	0
