contigName	contigLen	totalAvgDepth	Cen01_MA.bam	Cen01_MA.bam-var	Cen03_MA.bam	Cen03_MA.bam-var	Cen04_MA.bam	Cen04_MA.bam-var	Cen05_MA.bam	Cen05_MA.bam-var	Cen06_MA.bam	Cen06_MA.bam-var	Cen07_MA.bam	Cen07_MA.bam-var	Cen10_MA.bam	Cen10_MA.bam-var	Cen12_MA.bam	Cen12_MA.bam-var	Cen14_MA.bam	Cen14_MA.bam-var	Cen15_MA.bam	Cen15_MA.bam-var	Cen16_MA.bam	Cen16_MA.bam-var	Cen17_MA.bam	Cen17_MA.bam-var
k107_25778354 flag=0 multi=31.0176 len=5570	5570	40.2303	0	0	0	0	0	0	0	0	0.878132	1.04157	2.43546	4.9373	0.686219	0.795658	18.8083	16.8464	1.49222	2.27055	13.0518	24.7907	2.87813	3.63957	0	0
k107_28685462 flag=0 multi=34.0078 len=32605	32605	40.4457	0	0	0.00931802	0.0092643	0	0	0	0	1.33867	1.84441	2.16481	3.46967	0.546544	0.72566	18.6793	29.9914	1.72157	2.58306	13.4434	20.6919	2.54212	3.13199	0	0
k107_12150406 flag=0 multi=65.7344 len=15856	15856	39.8051	0	0	0.00321461	0.00320448	0	0	0	0	1.19821	1.83418	1.75563	2.67616	0.642471	0.871981	18.6186	33.4991	1.67365	3.02282	13.2795	22.5903	2.63386	4.72706	0	0
k107_5468013 flag=0 multi=46.0000 len=60305	60305	42.214	0	0	0.00503308	0.00600994	0	0	0	0	1.3506	2.1752	2.30532	3.49862	0.487376	0.545072	19.6854	28.6724	1.6825	2.21808	13.8662	20.0858	2.83156	3.77148	0	0
k107_28265117 flag=0 multi=33.0000 len=4610	4610	41.7744	0	0	0	0	0	0	0	0	1.29341	1.92417	1.88719	2.92481	0.629062	0.877417	18.718	13.3222	1.95288	1.61935	14.4786	15.2691	2.81523	3.61918	0	0
k107_3624686 flag=0 multi=43.2856 len=42782	42782	42.9319	0	0	0.0142185	0.019904	0	0	0	0	1.29065	1.85833	2.24075	3.70427	0.602778	0.74948	19.8177	27.8664	1.8641	2.38999	14.5635	20.119	2.53465	3.4511	0.00353107	0.0035445
k107_4940170 flag=0 multi=93.7277 len=7767	7767	40.5736	0	0	0	0	0	0	0	0	1.42438	1.62611	2.26845	3.22209	0.645814	0.661027	18.8297	21.8124	1.79116	2.35246	13.1257	16.0752	2.48841	2.87563	0	0
k107_6513302 flag=0 multi=60.0267 len=54197	54197	38.6419	0	0	0	0	0	0	0	0	1.23579	1.6756	2.0177	3.26352	0.573949	0.711356	17.8181	21.5561	1.46271	1.98436	12.9734	15.68	2.56024	3.59165	0	0
k107_7754274 flag=0 multi=28.9992 len=4874	4874	34.4	0	0	0	0	0.00940507	0.00996395	0	0	0.620516	0.615157	0.0660542	0.0940826	0.528215	0.56648	16.3292	31.4379	1.77865	2.47506	13.3898	14.3484	1.67826	1.79497	0	0
k107_3376027 flag=0 multi=38.5190 len=16954	16954	39.4671	0	0	0	0	0	0	0	0	1.2297	1.68142	2.17253	3.33836	0.600589	0.743931	17.9152	27.5005	1.60203	2.18505	13.3235	15.6718	2.61458	3.52964	0.00894787	0.00898082
k107_11291863 flag=0 multi=34.0000 len=33137	33137	40.6576	0	0	0.0091975	0.0111892	0	0	0	0	1.42625	2.28357	2.24903	2.9634	0.463286	0.571529	18.3993	27.8734	1.696	2.10065	13.8687	17.633	2.54579	3.04184	0	0
k107_4095360 flag=0 multi=56.6031 len=26412	26412	37.0538	0	0	0	0	0	0	0	0	1.15902	1.67567	1.82964	2.65607	0.560398	0.641974	16.5284	25.3575	1.61015	2.04048	12.9273	15.3362	2.43884	3.34838	0	0
k107_30984427 flag=0 multi=30.1808 len=2823	2823	43.8913	0	0	0	0	0	0	0	0	1.56327	1.5693	2.55851	5.94035	0.439111	0.445594	17.6307	19.4288	2.45775	4.61694	15.453	16.5405	3.78897	3.81285	0	0
k107_21376062 flag=0 multi=36.7282 len=17231	17231	43.7545	0	0	0.0177211	0.0276811	0	0	0	0	1.45856	2.15819	2.92764	4.42079	0.543092	0.517891	19.8233	25.1286	1.5728	2.02384	14.7116	18.3906	2.69986	5.06677	0	0
k107_19015206 flag=0 multi=81.1462 len=16674	16674	40.8307	0	0	0	0	0	0	0	0	1.22771	1.57811	1.91589	2.85125	0.571219	0.675215	19.1932	31.0174	1.86379	2.2824	13.6559	17.3535	2.40294	2.91697	0	0
k107_28769019 flag=0 multi=168.0358 len=2899	2899	40.6045	0	0	0	0	0	0	0	0	1.1625	1.20651	2.61494	4.57496	0.559492	0.406662	16.5221	29.1072	2.2576	2.92027	14.3662	13.9626	3.12168	2.04267	0	0
k107_3397271 flag=0 multi=100.5666 len=7879	7879	41.6194	0	0	0	0	0	0	0	0	0.866174	0.955047	2.12723	3.63902	0.358057	0.462898	19.6083	23.4568	1.7342	2.30894	14.1435	17.7256	2.78197	3.80464	0	0
k107_9144191 flag=0 multi=31.8983 len=8989	8989	41.2656	0	0	0.0347646	0.034717	0	0	0	0	1.2026	1.58534	2.45885	3.2887	0.600783	0.56019	19.236	35.1721	1.62657	2.42683	13.3171	22.2786	2.78888	4.19704	0	0
k107_797676 flag=0 multi=72.1874 len=19960	19960	40.4377	0	0	0.0153627	0.0151324	0	0	0	0	1.43031	1.62441	2.38758	3.56772	0.636433	0.761406	18.8013	31.9642	1.6521	2.2412	12.7886	17.7497	2.71086	3.64292	0.0152101	0.0151297
k107_5088677 flag=0 multi=33.0315 len=13187	13187	41.173	0	0	0	0	0	0	0	0	1.00528	1.57814	1.78727	2.53092	0.574932	0.672694	19.0834	22.5826	1.76849	2.26186	14.8312	25.3994	2.12247	2.44556	0	0
k107_16024232 flag=0 multi=126.6786 len=3548	3548	42.7033	0	0	0	0	0	0	0	0	1.65712	3.17398	2.86691	3.42453	0.462415	0.599557	19.7323	42.4309	1.7634	2.41389	13.5253	13.1886	2.69593	4.01283	0	0
k107_13157353 flag=0 multi=61.0839 len=49485	49485	40.3585	0	0	0.00614033	0.00963887	0	0	0	0	1.25432	2.01613	2.06193	2.96781	0.512352	0.624496	18.8478	26.8127	1.8398	2.46802	13.1968	20.1023	2.63935	3.21011	0	0
k107_891262 flag=0 multi=44.1875 len=48190	48190	39.5069	0	0	0.00630638	0.0109898	0.00626462	0.0113258	0	0	1.29412	1.72668	1.93385	2.84431	0.582129	0.752501	18.2901	27.4466	1.58378	2.11489	13.3081	19.0961	2.50221	3.28292	0	0
k107_8341154 flag=0 multi=53.1861 len=93485	93485	41.2802	0	0	0	0	0	0	0	0	1.2544	1.66979	2.26979	3.12638	0.585622	0.770985	18.8834	27.6798	1.6428	2.35634	13.9308	19.3267	2.71333	3.06522	0	0
k107_9313383 flag=0 multi=32.1348 len=2912	2912	42.2414	0	0	0	0	0	0	0	0	1.34866	1.24701	2.25709	4.80388	0.748659	0.501575	19.8054	7.58719	1.5364	1.82009	13.4192	19.3527	3.12605	4.52356	0	0
k107_6346656 flag=0 multi=70.7478 len=27592	27592	41.4893	0.0110297	0.0196656	0	0	0	0	0	0	1.31642	1.95907	2.25925	2.88112	0.524588	0.943376	19.4418	29.2212	1.56504	2.24171	13.9216	16.7766	2.44954	2.81269	0	0
k107_22902169 flag=0 multi=85.4246 len=13959	13959	38.758	0	0	0	0	0.000805448	0.00109696	0	0	1.03581	1.00431	2.33499	3.25546	0.464304	0.552449	17.9892	29.4429	1.21125	1.54967	12.8998	15.9033	2.82185	4.05959	0	0
k107_34815885 flag=0 multi=34.1103 len=6700	6700	44.6549	0	0	0	0	0	0	0	0	0.990466	1.91646	1.99797	1.85223	0.728353	0.767662	21.1846	18.9702	2.09659	3.99141	14.791	15.143	2.8659	4.61929	0	0
k107_15578945 flag=0 multi=47.9301 len=24369	24369	41.4716	0	0	0.0125483	0.0123869	0	0	0	0	1.09582	1.62482	2.08472	2.97471	0.51178	0.571093	19.4534	27.7327	1.7268	1.84238	13.7995	23.2406	2.77463	3.78846	0.0124237	0.0149665
k107_4872291 flag=0 multi=42.0000 len=21277	21277	41.7466	0	0	0	0	0	0	0	0	1.28749	1.64571	2.50589	3.93246	0.50317	0.617484	19.6505	28.4461	1.82913	3.16266	13.5791	17.7298	2.39123	3.14183	0	0
k107_6320279 flag=0 multi=59.7807 len=10591	10591	41.4898	0	0	0.0293517	0.0323747	0	0	0	0	1.50112	2.23695	2.05482	3.35407	0.339003	0.35461	19.28	21.9979	1.30722	1.35515	14.1058	22.1729	2.87249	2.98291	0	0
k107_495188 flag=0 multi=39.4900 len=92650	92650	42.7813	0	0	0.00327024	0.0048124	0	0	0	0	1.42562	2.15848	2.18875	3.3344	0.576233	0.680661	19.1604	30.162	1.74117	2.37993	14.7387	20.2695	2.94708	3.85038	0	0
k107_13977553 flag=0 multi=56.6208 len=38751	38751	41.5419	0.00785456	0.00800051	0	0	0	0	0	0	1.41039	1.68972	1.96177	2.84551	0.415641	0.56765	19.592	22.6345	1.62046	1.94362	13.7341	20.8979	2.79971	2.8397	0	0
k107_8069922 flag=0 multi=38.0472 len=18970	18970	41.487	0	0	0.0160703	0.0225684	0	0	0	0	1.37047	2.01714	2.18733	3.10764	0.545318	0.615904	19.0358	29.3012	1.84005	3.15423	13.8524	16.6702	2.6396	3.25944	0	0
k107_6486333 flag=0 multi=39.9873 len=15248	15248	43.836	0	0	0	0	0	0	0	0	1.40492	1.93671	2.23297	3.40548	0.282818	0.340066	20.325	35.1967	1.56256	2.23747	14.8617	18.0499	3.166	4.18641	0	0
k107_26091855 flag=0 multi=68.1420 len=17929	17929	42.7234	0	0	0.0171328	0.0218419	0	0	0	0	1.27679	1.38097	2.24219	3.81549	0.53923	0.553952	19.4609	27.1574	1.74828	2.05238	14.5909	17.789	2.8479	3.66422	0	0
k107_6725734 flag=0 multi=45.3907 len=26712	26712	40.3686	0.0114351	0.0122852	0.0114351	0.0181892	0	0	0	0	1.16888	1.37328	2.19364	2.81199	0.566225	0.684314	18.3144	21.9133	1.29436	2.00102	13.9501	19.0529	2.85808	3.7768	0	0
k107_4411627 flag=0 multi=33.0000 len=25440	25440	40.0225	0	0	0	0	0	0	0	0	1.39928	1.93482	2.15908	3.65854	0.395934	0.571173	18.2574	28.0216	1.67193	2.0978	13.3748	19.0374	2.7641	3.61656	0	0
k107_19751147 flag=0 multi=65.1182 len=51607	51607	40.0238	0	0	0.00584738	0.00908677	0	0	0	0	1.22304	1.59817	2.14689	3.24011	0.509093	0.533199	18.1863	28.7338	1.65532	2.44112	13.5695	18.3037	2.72773	3.89431	0	0
k107_5867165 flag=0 multi=58.3096 len=55175	55175	40.2674	0	0	0	0	0.00267891	0.00273745	0	0	1.17471	1.91191	2.31812	3.0946	0.597507	0.835268	18.5237	26.8678	1.64799	2.7602	13.4209	18.1553	2.58182	3.50833	0	0
k107_10483353 flag=0 multi=38.6393 len=15165	15165	37.9163	0.0203189	0.0265031	0.0201844	0.0341811	0	0	0	0	1.35181	1.65213	1.82063	2.80282	0.456637	0.495485	17.0675	23.5054	1.36513	1.86963	13.6595	21.5387	2.1345	2.65535	0.0201171	0.0199195
k107_2953617 flag=0 multi=130.7217 len=4070	4070	40.0544	0	0	0	0	0	0	0	0	1.35748	1.5139	2.15579	4.4036	0.808917	1.37383	18.8981	23.7438	2.03211	2.61021	12.5234	12.0382	2.27866	2.36644	0	0
k107_4094747 flag=0 multi=30.9838 len=14878	14878	41.5547	0	0	0	0	0	0	0	0	1.47969	2.24314	2.19203	3.83421	0.538008	0.829869	19.1214	20.7467	1.51852	2.10995	14.2429	20.3893	2.46213	2.68046	0	0
k107_7880935 flag=0 multi=104.0049 len=13654	13654	43.3731	0	0	0	0	0	0	0	0	1.29838	1.73427	2.06726	3.60971	0.577891	0.631769	20.7	34.9242	1.73599	2.01431	14.2293	22.1235	2.7643	2.86286	0	0
k107_2141972 flag=0 multi=65.0000 len=36693	36693	42.0423	0	0	0.0248688	0.035537	0	0	0	0	1.16125	1.47748	2.22706	3.34758	0.50529	0.655471	19.9097	28.0669	1.49782	2.23179	14.2267	19.3545	2.48963	2.98711	0	0
k107_31417354 flag=0 multi=66.0117 len=62679	62679	40.978	0.00484153	0.0066149	0.0145246	0.0197476	0	0	0	0	1.21226	1.68466	2.15575	3.21695	0.534139	0.673841	18.7867	28.705	1.79172	2.51799	13.6506	19.0095	2.82739	3.4924	0	0
k107_20711857 flag=0 multi=73.7310 len=11741	11741	38.2236	0	0	0	0	0	0	0	0	1.17265	1.21022	1.88793	2.66086	0.695253	0.695637	18.1158	29.3439	1.45537	1.47366	12.6148	19.0158	2.28176	2.35845	0	0
k107_5822053 flag=0 multi=37.1862 len=21568	21568	40.5612	0	0	0	0	0	0	0	0	1.21654	1.91009	1.8421	3.12331	0.432004	0.540326	19.0411	25.957	1.53894	2.35315	13.9771	18.85	2.5135	3.34018	0	0
k107_22425064 flag=0 multi=36.8635 len=36374	36374	40.2928	0	0	0	0	0	0	0	0	1.23303	1.64669	2.36438	3.34311	0.493014	0.614362	18.6287	22.2966	1.56598	2.32395	13.4407	16.5521	2.56709	3.46334	0	0
k107_8514118 flag=0 multi=61.6239 len=51592	51592	42.1713	0.00584909	0.00787825	0.00588809	0.00655155	0	0	0	0	1.26999	1.90523	2.05658	2.71786	0.562215	0.717841	19.9007	29.0032	1.63587	2.51721	13.7913	19.3295	2.93695	3.76896	0.00586859	0.00935924
k107_26633889 flag=0 multi=33.2411 len=3910	3910	40.5698	0	0	0	0	0	0	0	0	1.20482	1.63198	1.83259	2.23567	0.700942	0.639402	19.4933	28.5554	0.79102	0.599925	14.115	20.2615	2.4321	4.70774	0	0
k107_6810504 flag=0 multi=47.6844 len=35643	35643	36.6886	0	0	0.0170057	0.0252396	0	0	0.00415947	0.0042544	1.28417	1.77421	1.92213	2.5927	0.486262	0.644543	16.8984	24.4146	1.44266	2.62222	12.1961	16.6073	2.43776	2.88515	0	0
k107_6871308 flag=0 multi=38.0000 len=9503	9503	41.9787	0	0	0	0	0	0	0	0	0.767091	1.03215	2.13216	2.68475	0.555483	0.510526	19.6025	23.3749	1.81404	1.93834	14.186	25.0492	2.92142	3.73409	0	0
k107_12125710 flag=0 multi=34.3023 len=9165	9165	39.0625	0	0	0	0	0	0	0	0	1.72583	2.52439	2.06476	2.94281	0.679341	0.751286	17.8007	22.5124	1.74884	2.1838	11.8179	17.9062	3.22509	4.3549	0	0
k107_27234488 flag=0 multi=28.0335 len=4291	4291	42.1281	0	0	0	0	0	0	0	0	1.54625	3.16235	2.48057	2.8056	0.75633	0.966349	19.0298	19.5274	1.40662	1.70514	13.8732	18.6572	3.03535	3.09535	0	0
k107_22159437 flag=0 multi=39.0024 len=47408	47408	41.8412	0	0	0.0191908	0.0390709	0	0	0	0	1.34397	2.00158	2.19868	3.32821	0.613637	0.797346	19.6197	27.5251	1.76338	2.56273	13.7827	20.1604	2.49353	3.0453	0.00638984	0.0100574
k107_15890611 flag=0 multi=32.9969 len=32878	32878	41.1732	0	0	0.0184799	0.0268101	0	0	0	0	1.43225	1.8995	2.13037	3.26154	0.45509	0.475103	19.1298	31.4571	1.74131	2.21349	13.869	19.0562	2.39692	3.23334	0	0
k107_2617782 flag=0 multi=119.0104 len=10836	10836	43.2207	0	0	0	0	0	0	0	0	1.12132	1.37074	2.45386	3.42474	0.673438	0.98152	20.1042	31.0646	1.65977	2.16083	14.2579	19.7415	2.95016	3.14426	0	0
k107_27858233 flag=0 multi=63.6544 len=49554	49554	42.1861	0	0	0.00613173	0.0103111	0	0	0	0	1.39365	2.16244	2.13539	3.28333	0.50467	0.556062	19.2803	30.3363	1.66345	2.13536	14.2213	17.122	2.98122	3.38983	0	0
k107_754260 flag=0 multi=48.1309 len=61268	61268	39.5492	0.00495358	0.00722606	0.00990716	0.0245769	0	0	0	0	1.30018	1.992	2.09197	3.2503	0.489666	0.572007	18.226	27.9534	1.53153	2.12463	13.3105	18.4653	2.58439	3.81687	0	0
k107_12533643 flag=0 multi=46.5600 len=73628	73628	42.8879	0.00411859	0.00769174	0.00815536	0.0113813	0	0	0.00201838	0.00205355	1.36156	1.9819	1.98203	3.06084	0.452445	0.517915	20.2652	32.5293	1.70373	2.43098	14.4237	21.4685	2.68501	3.43932	0	0
k107_15410051 flag=0 multi=96.2355 len=21078	21078	41.7746	0	0	0	0	0	0	0	0	1.24812	1.5326	1.99726	2.91602	0.556748	0.581436	19.0967	24.0474	1.69402	3.1495	14.2288	18.0635	2.95293	3.10486	0	0
k107_5562982 flag=0 multi=50.7871 len=69578	69578	41.9691	0.00870431	0.0128455	0	0	0	0	0	0	1.39389	2.12888	2.12185	3.17557	0.456594	0.570033	19.251	25.73	1.74285	2.2978	14.2228	20.4314	2.77142	3.79763	0	0
k107_31226451 flag=0 multi=36.0000 len=31690	31690	42.2074	0	0	0	0	0	0	0	0	1.00315	1.57447	1.83035	2.28357	0.586307	0.823288	19.9514	28.7889	1.53071	1.87028	14.7292	20.9988	2.57627	2.99684	0	0
k107_3587161 flag=0 multi=51.9366 len=34934	34934	42.4167	0	0	0.00872026	0.00863463	0	0	0	0	1.40408	2.00292	2.02573	3.16889	0.520588	0.652904	19.8167	30.6086	1.62691	1.91291	14.2892	19.4217	2.72473	3.63547	0	0
k107_9708797 flag=0 multi=56.9039 len=35996	35996	41.7807	0	0	0	0	0.00823668	0.0168492	0	0	1.38463	2.09819	2.21942	3.02828	0.612148	0.806115	19.5924	29.0064	1.70213	2.29578	13.4166	23.264	2.8451	3.25048	0	0
k107_20088998 flag=0 multi=46.0922 len=80004	80004	40.8215	0.00184437	0.00188977	0.00756568	0.00897747	0	0	0	0	1.25341	1.8684	2.28868	3.19699	0.489498	0.624953	19.0699	26.0262	1.57352	2.25545	13.4152	19.3621	2.72181	3.1393	0	0
k107_3825381 flag=0 multi=166.0000 len=5292	5292	42.8078	0	0	0	0	0	0	0	0	1.66192	1.89237	2.33527	3.50782	0.482565	0.49754	19.882	22.7193	1.79639	1.37947	14.0663	26.6538	2.58337	3.4702	0	0
k107_320061 flag=0 multi=40.0372 len=19864	19864	37.6098	0.0154381	0.0185771	0	0	0	0	0	0	1.09426	1.90026	2.13378	3.03902	0.539106	0.656044	16.6018	25.2792	1.79593	2.14803	13.1164	16.2183	2.313	3.42885	0	0
k107_13759564 flag=0 multi=63.1651 len=36742	36742	39.9673	0	0	0	0	0	0	0	0	1.17195	1.96337	2.25974	3.34133	0.554693	0.587549	18.0603	27.6797	1.63318	2.61073	13.4802	18.4343	2.80727	3.45273	0	0
k107_14328451 flag=0 multi=41.0000 len=23410	23410	40.8489	0	0	0	0	0	0	0	0	1.27116	1.62597	1.95828	2.89981	0.594686	0.919409	18.6267	30.9701	1.60801	2.30833	13.9801	17.2771	2.80998	2.9801	0	0
k107_818691 flag=0 multi=40.0176 len=8198	8198	41.9409	0	0	0	0	0	0	0	0	1.23506	2.16191	1.9458	2.82591	0.610816	0.818879	17.7183	28.9839	1.68883	2.46551	15.3536	21.8953	3.38842	4.7047	0	0
k107_13512294 flag=0 multi=45.1689 len=56276	56276	41.0749	0	0	0	0	0	0	0	0	1.4347	2.2595	2.08681	2.81509	0.57641	0.656515	18.4139	26.8454	1.63915	2.47229	14.3911	20.187	2.53277	3.53386	0	0
k107_12868029 flag=0 multi=46.0000 len=23526	23526	41.1298	0	0	0	0	0	0	0	0	1.411	2.31921	2.13861	3.53606	0.600586	0.698804	18.9387	24.6121	1.68416	2.65869	13.3435	15.9474	3.00685	3.01292	0.00641578	0.00646298
k107_2998630 flag=0 multi=34.5685 len=4014	4014	41.0668	0	0	0	0	0	0	0	0	1.10022	0.963568	2.09644	3.87772	0.204203	0.222152	18.9884	24.6363	1.78745	1.68723	13.8922	19.5261	2.99784	3.46396	0	0
k107_13901855 flag=0 multi=53.8324 len=29504	29504	40.8376	0	0	0	0	0	0	0	0	1.25923	1.77493	2.06171	3.18863	0.511849	0.603789	18.9109	24.2613	1.80008	2.55231	13.3659	18.782	2.92795	3.64483	0	0
k107_6169981 flag=0 multi=35.9593 len=126008	126008	42.1395	0	0	0.00958586	0.0128423	0	0	0	0	1.22544	1.75842	2.17713	3.02366	0.574865	0.742388	19.32	30.0447	1.71837	2.68322	14.288	22.2653	2.82379	3.52609	0.00237061	0.00292134
k107_5983665 flag=0 multi=32.1145 len=20944	20944	41.3252	0	0	0.0145335	0.0247845	0	0	0	0	1.41992	2.04204	2.25661	3.54992	0.699351	0.847989	18.3823	21.0432	1.87462	2.72694	13.9751	17.1701	2.70269	2.73173	0	0
k107_4951428 flag=0 multi=53.0917 len=120441	120441	42.8225	0	0	0.0087482	0.0123682	0	0	0	0	1.28802	1.89602	2.3236	3.3517	0.485513	0.657357	19.8899	28.1386	1.74471	2.35603	14.0692	20.7825	3.01153	3.93445	0.00124855	0.00125492
k107_16176496 flag=0 multi=56.1594 len=47446	47446	41.2836	0	0	0.00640591	0.00851975	0	0	0	0	1.25066	1.51126	2.36878	3.59124	0.454034	0.559377	19.3929	27.9671	1.76052	2.74838	13.5066	19.0576	2.54367	3.30002	0	0
k107_7705321 flag=0 multi=55.6191 len=68016	68016	42.756	0.00444517	0.00553717	0	0	0.00445993	0.0063065	0	0	1.29648	1.95547	2.333	3.47809	0.465266	0.544646	20.0476	29.5501	1.62399	2.24676	14.0359	17.6964	2.94032	3.73021	0.00445993	0.00494352
k107_18909241 flag=0 multi=57.8796 len=35528	35528	39.1619	0	0	0.017118	0.0233293	0	0	0	0	1.07421	1.31949	2.13564	4.24472	0.578323	0.782969	17.9384	29.7147	1.47928	2.27515	13.5884	18.636	2.35056	3.26333	0	0
k107_884741 flag=0 multi=28.0431 len=32756	32756	35.2607	0	0	0	0	0	0	0	0	0.534325	0.847711	0.209435	0.273745	0.645591	0.753073	16.9626	27.4551	0.924447	1.30507	13.9064	21.067	2.07796	2.2855	0	0
k107_7360213 flag=0 multi=58.2337 len=19663	19663	42.3284	0	0	0.0155984	0.0209348	0	0	0	0	1.41568	2.27905	2.09586	2.7775	0.54021	0.606531	19.2158	24.4693	1.60544	2.42315	14.7004	19.3314	2.73937	4.47423	0	0
k107_20882722 flag=0 multi=34.0367 len=6644	6644	41.7799	0	0	0	0	0	0	0	0	0.908073	1.7628	2.53248	3.92661	0.602334	0.57559	19.5446	26.8373	1.56118	2.53706	13.6805	20.4428	2.95065	4.46282	0	0
k107_8281386 flag=0 multi=61.1809 len=19893	19893	42.517	0.00770762	0.00765006	0.0154152	0.0239618	0	0	0	0	1.43255	2.14889	2.09055	3.02212	0.49242	0.609616	19.6657	26.2483	1.90046	2.44026	14.1263	18.6359	2.78597	3.57093	0	0
k107_17193478 flag=0 multi=62.3732 len=48593	48593	41.8679	0	0	0.00625375	0.0103951	0	0	0	0	1.41235	2.1857	2.43443	3.91283	0.433497	0.52556	19.5284	28.1406	1.6806	2.53528	13.6645	19.8784	2.70777	3.65185	0	0
k107_15559580 flag=0 multi=65.1908 len=59180	59180	40.2882	0	0	0.0153538	0.0171959	0	0	0	0	1.19997	1.6952	2.04513	3.20901	0.482931	0.566496	18.5997	25.3046	1.77197	2.85437	13.635	19.5662	2.53813	3.31586	0	0
k107_5823539 flag=0 multi=70.8652 len=32477	32477	39.5147	0	0	0	0	0	0	0	0	1.18511	1.90713	1.82222	3.02607	0.541663	0.571476	18.2935	28.6062	1.69088	2.66879	13.2507	17.9464	2.73066	3.28548	0	0
k107_18106045 flag=0 multi=64.0000 len=22087	22087	42.6845	0	0	0.0138627	0.0189043	0	0	0	0	1.37402	2.02719	2.3036	2.93426	0.518843	0.637874	19.1798	26.8432	1.93831	2.40623	14.4258	22.9197	2.93032	3.92424	0	0
k107_19379162 flag=0 multi=50.6288 len=60179	60179	41.4197	0.00501027	0.00992312	0.00504367	0.00665831	0	0	0	0	1.27874	1.92742	2.15373	3.27024	0.502564	0.584963	19.4533	28.5916	1.72392	2.36967	13.7795	20.2893	2.51795	3.90218	0	0
k107_28338370 flag=0 multi=38.0147 len=6111	6111	38.0453	0	0	0	0	0	0	0	0	1.19367	1.46419	2.15218	2.94581	0.57015	0.407429	16.9033	24.9463	1.88174	4.04869	12.1229	19.4747	3.22138	3.51845	0	0
k107_17936895 flag=0 multi=64.0158 len=26019	26019	43.2948	0	0	0	0	0	0	0	0	1.25458	1.91158	2.42007	3.87718	0.503947	0.735458	19.9697	26.6109	1.56091	2.16714	14.9941	21.0626	2.59144	3.26628	0	0
k107_25988389 flag=0 multi=39.0034 len=7133	7133	36.143	0	0	0	0	0	0	0	0	1.05753	1.55992	1.73108	1.89739	0.530083	0.855753	16.4392	25.1328	1.32718	1.98306	12.6791	14.2113	2.37886	3.07106	0	0
k107_4945772 flag=0 multi=46.9787 len=75432	75432	42.5844	0	0	0	0	0	0	0	0	1.40484	2.12387	2.26015	2.85264	0.553055	0.745232	19.6517	26.8954	1.78634	2.40939	14.1689	19.7377	2.7594	3.44853	0	0
k107_26151337 flag=0 multi=90.8938 len=10352	10352	42.7217	0	0	0.0300498	0.0291539	0	0	0	0	1.51751	1.53549	2.27274	2.50759	0.597214	0.812849	20.3578	27.8589	1.43104	2.05233	13.2185	18.5155	3.29682	3.91342	0	0
k107_21101404 flag=0 multi=44.5719 len=29776	29776	43.1567	0	0	0.0306372	0.0331718	0	0	0	0	1.45688	2.21664	2.15179	2.79281	0.631981	0.936849	20.2941	32.0733	1.61614	2.43794	14.3448	21.0126	2.63032	3.41544	0	0
k107_4075053 flag=0 multi=75.6796 len=18294	18294	41.1139	0	0	0	0	0	0	0	0	1.23688	1.55237	2.17936	2.61734	0.539184	0.777548	19.4157	27.4882	1.71093	2.31991	13.1724	17.7	2.85949	3.26169	0	0
k107_6227514 flag=0 multi=41.0000 len=27563	27563	41.4631	0	0	0	0	0	0	0	0	1.25846	1.51427	2.09185	3.63165	0.565203	0.788435	19.6849	23.9506	1.50772	2.22616	13.7197	21.0345	2.63516	3.17591	0	0
k107_13540217 flag=0 multi=39.4303 len=18384	18384	42.3278	0	0	0	0	0	0	0	0	1.62067	2.09044	2.34487	3.39825	0.371364	0.398986	18.5243	30.6571	1.82972	2.51958	14.9043	19.6314	2.73261	3.80863	0	0
k107_22665308 flag=0 multi=43.0882 len=4496	4496	41.7182	0	0	0.0720076	0.123124	0	0	0	0	1.55842	2.40224	2.13186	2.73333	0.455413	0.433692	19.1264	30.7029	1.71531	1.69254	14.2363	17.5683	2.42251	3.6589	0	0
k107_5773111 flag=0 multi=77.4414 len=22078	22078	42.1216	0	0	0	0	0	0	0	0	1.4595	2.88271	2.28871	3.57031	0.526405	0.717232	19.6941	24.0202	1.36306	1.52766	13.6326	18.0821	3.15728	4.03298	0	0
k107_28038015 flag=0 multi=30.0045 len=14320	14320	38.8295	0	0	0.0215437	0.0282136	0	0	0	0	0.53574	0.848126	0.529747	1.7331	0.426737	0.376731	17.8112	33.5471	1.99308	2.87685	15.2867	25.1116	2.22471	2.01785	0	0
k107_3931357 flag=0 multi=39.0000 len=2579	2579	46.0918	0	0	0	0	0	0	0	0	1.25604	1.89541	1.5863	1.50709	0.580589	1.31561	20.7453	14.8441	1.45279	2.53009	17.6289	16.456	2.8419	5.90903	0	0
k107_16091643 flag=0 multi=53.0674 len=26814	26814	42.0248	0	0	0.0282891	0.0446525	0	0	0	0	1.34358	1.72027	2.02489	3.32681	0.529194	0.648043	19.8764	29.6672	1.64129	2.1546	13.9288	19.7551	2.65235	3.5336	0	0
k107_27532325 flag=0 multi=46.0000 len=39313	39313	42.053	0	0	0.00774141	0.0149116	0	0	0	0	1.44326	2.36649	2.21653	3.08028	0.447925	0.527375	19.0178	28.4096	1.65525	2.20243	14.5396	21.6812	2.71721	3.5843	0.00774141	0.0106049
k107_14805569 flag=0 multi=69.0010 len=16926	16926	43.0688	0	0	0	0	0	0	0	0	1.31785	2.25085	2.32868	3.2823	0.575493	0.626501	19.411	24.5273	1.59679	2.0595	14.9884	19.7187	2.85052	4.79386	0	0
k107_18073990 flag=0 multi=40.0027 len=31188	31188	40.4709	0	0	0	0	0	0	0	0	1.35524	2.28158	2.02771	3.3892	0.414816	0.445858	18.3345	22.5415	1.72298	2.99405	14.0075	18.266	2.60817	3.31535	0	0
k107_7532234 flag=0 multi=50.0000 len=23814	23814	40.7523	0	0	0	0	0	0	0	0	1.45572	2.17191	2.06073	3.12607	0.43986	0.57866	18.7752	23.493	1.62338	2.0564	13.6285	20.5846	2.76884	4.38397	0	0
k107_28069679 flag=0 multi=41.4172 len=60010	60010	40.2592	0	0	0	0	0	0	0	0	1.29485	2.01377	2.13251	3.1203	0.496332	0.55881	19.1026	23.1487	1.44604	2.18698	13.1886	19.2199	2.59829	3.62863	0	0
k107_14655620 flag=0 multi=54.5684 len=22586	22586	41.4871	0	0	0	0	0	0	0	0	1.27953	1.87765	2.32369	3.41513	0.572608	0.759086	19.4125	26.7935	1.56794	2.15698	13.7274	19.6393	2.60339	2.97888	0	0
k107_12422870 flag=0 multi=62.4977 len=54491	54491	40.7824	0	0	0.0110724	0.0188819	0.00555463	0.00554204	0	0	1.49768	2.23246	2.14723	3.16946	0.552732	0.753712	18.3965	27.239	1.76781	2.52918	13.8436	18.2234	2.56019	3.11864	0	0
k107_16371514 flag=0 multi=32.0000 len=13517	13517	40.5084	0	0	0	0	0	0	0	0	1.49368	2.02914	2.08763	2.63985	0.630723	0.900176	18.9354	26.5493	1.73326	1.94797	12.8453	17.9888	2.78237	3.27787	0	0
k107_28050314 flag=0 multi=54.8612 len=31793	31793	40.7061	0	0	0	0	0	0	0	0	1.09714	1.50973	2.15792	3.38944	0.521863	0.739261	18.881	29.0263	1.80528	2.69885	13.4304	17.9094	2.81252	3.75971	0	0
k107_2269279 flag=0 multi=48.7391 len=55667	55667	42.8447	0	0	0.0108372	0.014405	0	0	0	0	1.33052	2.21208	2.32102	3.49806	0.588603	0.883094	19.7104	28.5161	1.73807	2.21746	14.394	19.5671	2.75127	3.79482	0	0
k107_35550596 flag=0 multi=52.2422 len=82830	82830	41.5895	0	0	0.0109417	0.0153663	0	0	0	0	1.30367	2.0883	2.1186	3.09323	0.470471	0.543578	19.2483	28.5861	1.78921	2.60859	14.1188	20.6788	2.52953	3.40957	0	0
k107_16286623 flag=0 multi=28.0239 len=6710	6710	38.191	0	0	0	0	0	0	0	0	1.61033	2.79364	1.88031	3.09133	0.281991	0.279629	18.0771	33.2826	1.64841	2.47133	12.7172	17.3075	1.97566	2.98253	0	0
k107_31733361 flag=0 multi=67.0000 len=21052	21052	42.7182	0	0	0	0	0	0	0	0	1.27451	1.70396	2.24516	3.64093	0.447036	0.530164	19.3186	25.8827	1.93754	2.9131	14.9399	22.7023	2.54096	4.58949	0.0145542	0.014826
k107_29454260 flag=0 multi=34.9745 len=4217	4217	42.9969	0	0	0	0	0	0	0	0	1.15351	1.23209	2.0401	2.0957	0.723627	1.37255	19.6414	41.0422	2.73308	4.58814	14.4286	17.4165	2.27663	2.44831	0	0
k107_24013955 flag=0 multi=49.8835 len=68402	68402	41.6417	0	0	0.0137004	0.0179717	0	0	0	0	1.42802	1.99864	2.22408	3.5577	0.502349	0.630085	19.4796	27.0821	1.54642	2.03783	13.8381	20.552	2.60943	2.9216	0	0
k107_31461294 flag=0 multi=54.7802 len=25809	25809	42.0111	0	0	0.0236406	0.0265663	0	0	0	0	1.56941	2.32473	1.96334	2.47167	0.491983	0.533957	19.4814	25.6938	1.7325	2.60202	14.085	18.4926	2.66378	4.00659	0	0
k107_10167765 flag=0 multi=43.9196 len=49368	49368	40.3964	0	0	0.0123099	0.0180657	0	0	0	0	1.25305	1.92747	2.0191	3.03639	0.553153	0.758646	18.6562	26.313	1.49596	1.97335	13.841	18.5494	2.56561	3.12852	0	0
k107_16171881 flag=0 multi=31.0000 len=9231	9231	40.972	0	0	0	0	0	0	0	0	1.27327	1.86525	2.26632	3.53255	0.574084	0.675179	18.6056	27.8491	1.52682	2.78807	13.7649	14.4241	2.96103	2.824	0	0
k107_23601478 flag=0 multi=33.1264 len=6912	6912	43.6369	0	0	0	0	0	0	0	0	1.01831	1.04815	2.1643	4.05554	0.828139	0.868897	21.4487	25.804	1.65083	2.06787	13.834	17.2919	2.69259	3.61062	0	0
k107_29570622 flag=0 multi=31.0433 len=25511	25511	39.9572	0	0	0	0	0	0	0	0	1.04959	1.72606	1.84212	2.79347	0.436471	0.508	18.9613	28.1698	1.59435	2.4203	13.6391	17.5447	2.43425	2.99564	0	0
k107_32666009 flag=0 multi=69.0202 len=3219	3219	25.3891	0	0	0	0	0	0	0	0	1.03017	2.75352	0	0	0	0	19.8742	30.3084	0.914295	0.711544	3.57045	4.64851	0	0	0	0
k107_15530693 flag=0 multi=36.9967 len=25487	25487	43.587	0	0	0	0	0	0	0	0	1.42366	2.02458	2.3751	3.99236	0.454914	0.594029	20.1058	27.0385	1.45293	2.02708	15.0738	21.6825	2.70081	3.62668	0	0
k107_30760123 flag=0 multi=65.0009 len=140632	140632	42.08	0	0	0.0107318	0.0214546	0	0	0	0	1.2906	1.91304	2.29076	3.32693	0.529716	0.7167	19.6207	29.2558	1.58442	2.19824	14.0636	19.8931	2.68947	3.09928	0	0
k107_14760126 flag=0 multi=57.0000 len=9456	9456	44.5267	0	0	0	0	0	0	0	0	1.20789	1.41735	2.34553	3.31956	0.533974	0.641242	20.6195	28.857	2.21062	3.42218	14.1973	15.4221	3.41184	3.52194	0	0
k107_31930492 flag=0 multi=141.0000 len=7235	7235	44.0234	0	0	0	0	0	0	0	0	1.76576	1.97389	2.45031	3.10101	0.694072	0.928694	19.4008	42.2821	1.5983	2.55127	15.5859	20.3034	2.5282	1.91674	0	0
k107_3196025 flag=0 multi=40.2802 len=23359	23359	40.7907	0	0	0	0	0	0	0	0	1.21746	1.82401	1.98248	2.98698	0.533981	0.669045	18.8476	23.176	1.74025	2.53055	13.326	14.7353	3.14295	3.91956	0	0
k107_25287135 flag=0 multi=39.2070 len=27559	27559	36.458	0	0	0.0221228	0.0277571	0	0	0	0	1.20068	1.77617	1.63488	3.04249	0.516088	0.573048	16.5156	23.2898	1.61764	2.17109	12.448	17.375	2.50303	3.46079	0	0
k107_28539842 flag=0 multi=44.6589 len=3130	3130	38.9728	0	0	0	0	0	0	0	0	1.11917	1.34045	2.17291	4.67345	0.743989	0.744331	17.6376	16.1804	1.83274	1.94803	12.5537	16.2442	2.91266	4.19501	0	0
k107_28253275 flag=0 multi=99.3756 len=14139	14139	41.7947	0	0	0.0123582	0.0124837	0	0	0.0106237	0.0107963	1.64443	2.07855	1.56559	2.08976	0.588711	0.856414	20.3772	30.5106	1.66915	3.11813	13.4021	22.215	2.52446	3.53117	0	0
k107_35202507 flag=0 multi=39.0879 len=20159	20159	41.6143	0	0	0	0	0	0	0	0	1.33968	1.78606	2.2374	2.61814	0.427758	0.487441	19.3227	27.7285	1.91001	2.24599	13.5283	18.616	2.84847	3.63542	0	0
k107_26764202 flag=0 multi=147.0006 len=7113	7113	39.492	0	0	0	0	0	0	0	0	1.17222	1.98292	1.89032	2.31471	0.466011	0.52235	18.0093	20.5208	1.41448	2.18247	14.3223	24.0832	2.21744	2.31828	0	0
k107_14030882 flag=0 multi=76.0017 len=42186	42186	40.2252	0	0	0.00721039	0.0103652	0	0	7.16264e-05	0.000143215	1.36038	2.02697	2.11826	3.46263	0.482261	0.585261	18.484	22.7118	1.51387	1.99508	13.6208	19.2403	2.63829	3.18947	0	0
k107_3592944 flag=0 multi=69.0055 len=25516	25516	41.4746	0	0	0	0	0	0	0	0	1.12112	1.48726	1.87225	2.50529	0.496589	0.656613	18.8342	28.7651	1.63143	1.97459	14.2757	20.4811	3.24328	3.90305	0	0
k107_32102623 flag=0 multi=53.1716 len=13321	13321	41.7403	0	0	0	0	0	0	0	0	1.40518	2.33749	2.11314	3.01005	0.711883	0.970762	19.4513	28.9575	2.17682	2.83683	13.2337	19.8627	2.62524	3.24615	0.0230432	0.0226598
k107_16859269 flag=0 multi=37.0049 len=7787	7787	43.192	0	0	0	0	0	0	0	0	1.61202	2.64304	2.73654	4.24824	0.382498	0.340402	19.286	27.9232	1.47295	1.6428	14.1152	26.0088	3.58677	5.85339	0	0
k107_35823690 flag=0 multi=51.2268 len=15299	15299	40.2051	0	0	0.0201374	0.0296009	0	0	0	0	1.20644	1.97154	2.22745	3.01691	0.373541	0.429885	19.0737	19.0691	1.73008	2.72522	12.8324	17.1531	2.74128	2.47364	0	0
k107_3438593 flag=0 multi=40.6774 len=16242	16242	43.5159	0	0	0	0	0	0	0	0	1.21637	1.58687	2.4293	3.51789	0.53921	0.552561	20.0102	28.3129	1.56512	1.87295	14.9052	13.6316	2.8505	3.38912	0	0
k107_28813577 flag=0 multi=64.0000 len=30347	30347	42.5217	0	0	0.00492594	0.00500229	0	0	0	0	1.15833	1.71484	2.46194	3.09798	0.577101	0.69977	19.3845	26.6265	1.62173	2.38158	14.5834	17.1938	2.72967	4.17948	0	0
k107_28725466 flag=0 multi=106.1359 len=10861	10861	41.4788	0	0	0	0	0	0	0	0	1.13723	1.47604	1.9875	2.70496	0.494933	0.607484	18.6983	33.9569	1.60555	1.83513	14.4163	19.2417	3.13903	3.97853	0	0
k107_29325724 flag=0 multi=42.8895 len=35963	35963	39.908	0	0	0.00846864	0.00873086	0	0	0	0	1.17832	1.25432	2.28129	3.25451	0.59788	0.637714	18.795	22.2619	1.47012	2.27515	13.3249	19.3169	2.25193	2.7388	0	0
k107_31259774 flag=0 multi=47.0000 len=43374	43374	41.8957	0	0	0.0139766	0.0185035	0	0	0	0	1.38654	1.81077	2.44168	4.26637	0.63503	0.666584	18.72	33.2744	1.79465	2.33414	14.2472	19.4324	2.65669	3.39405	0	0
k107_9023691 flag=0 multi=36.0000 len=25426	25426	42.6193	0.011901	0.0169751	0.024001	0.0321275	0	0	0	0	1.27185	2.00281	2.20554	3.62776	0.581914	0.837592	19.265	32.8822	1.71676	2.37038	14.8792	20.9583	2.66315	3.62568	0	0
k107_25444030 flag=0 multi=45.0000 len=21435	21435	40.0134	0	0	0	0	0	0	0	0	1.37098	1.95094	2.31472	3.80645	0.535419	0.690726	18.1937	26.1275	1.54119	2.23567	13.5533	16.2192	2.50409	2.84395	0	0
k107_33418229 flag=0 multi=97.0002 len=17467	17467	37.3139	0	0	0	0	0	0	0	0	1.50306	2.27535	1.88174	2.22067	0.51203	0.594567	18.1865	27.7682	1.11255	1.30325	12.2465	14.1638	1.87148	3.09456	0	0
k107_20010324 flag=0 multi=45.1076 len=20702	20702	42.5245	0	0	0	0	0	0	0	0	1.47588	1.86247	2.57127	3.97532	0.435784	0.561501	19.275	22.8794	1.57412	2.93607	14.3198	23.2916	2.87265	3.75525	0	0
k107_21523067 flag=0 multi=61.6573 len=16802	16802	41.5559	0	0	0	0	0	0	0	0	1.0537	1.6347	2.34648	4.26002	0.599879	0.725942	19.326	26.487	1.63636	1.79844	13.719	18.177	2.87455	3.92512	0	0
k107_3464644 flag=0 multi=41.5901 len=15560	15560	41.4598	0	0	0	0	0	0	0	0	1.3334	1.70117	1.71766	3.1497	0.4089	0.455053	19.1346	27.4317	1.77527	2.68071	14.4733	17.4011	2.61666	3.0804	0	0
k107_12936092 flag=0 multi=48.4201 len=10170	10170	40.1318	0	0	0.00982975	0.00973665	0	0	0	0	1.02483	1.39084	1.98571	2.86911	0.305533	0.355932	19.7642	27.9875	1.38468	1.57639	13.5731	20.9859	2.08401	2.44888	0	0
k107_33076468 flag=0 multi=56.0000 len=12576	12576	40.7447	0	0	0	0	0	0	0	0	1.24442	1.71478	1.7203	2.87399	0.518657	0.620247	18.4831	31.9952	1.60763	2.66002	14.2814	21.8924	2.8892	3.87673	0	0
k107_21591602 flag=0 multi=89.3769 len=12470	12470	40.6211	0	0	0	0	0	0	0	0	1.46704	2.02081	2.27186	3.27976	0.35955	0.552685	19.1892	26.8884	1.42604	2.29838	13.2228	14.3667	2.68466	3.85197	0	0
k107_29483283 flag=0 multi=47.0732 len=6347	6347	41.2873	0	0	0	0	0	0	0	0	1.03921	1.86156	2.03143	3.16888	0.421671	0.441824	17.9012	23.7933	1.71282	3.00179	15.3931	18.2592	2.78792	3.24334	0	0
k107_31874234 flag=0 multi=62.9147 len=22134	22134	39.6395	0	0	0	0	0	0	0	0	1.11382	1.48033	2.01012	2.40768	0.523589	0.6215	19.4373	27.133	1.51823	2.08801	12.3892	17.21	2.64712	2.98863	0	0
k107_29668032 flag=0 multi=49.0622 len=8882	8882	41.7508	0	0	0.0101399	0.0100346	0	0	0	0	1.35093	1.47439	2.49196	4.93745	0.738228	0.969594	18.2603	25.2553	1.94662	2.77513	13.6469	22.3459	3.30583	3.62551	0	0
k107_12250500 flag=0 multi=34.0165 len=3016	3016	44.1938	0	0	0	0	0	0	0	0	0.895357	1.52384	1.41452	1.85042	0.778187	0.85895	21.8191	25.8804	1.1297	1.98503	16.0641	19.3196	2.09285	1.85878	0	0
k107_4731578 flag=0 multi=67.5678 len=37045	37045	41.6087	0.00400076	0.00409218	0	0	0	0	0	0	1.53852	2.48525	2.41058	3.56544	0.636774	0.740128	18.8349	23.9718	1.56245	2.55586	13.8542	18.5281	2.76733	3.27283	0	0
k107_31662006 flag=0 multi=86.8248 len=4929	4929	38.5833	0	0	0	0	0	0	0	0	1.1796	2.15357	2.06051	3.60382	0.950508	1.30796	18.3514	39.6646	0.781716	0.762118	12.7409	15.0435	2.51869	2.34288	0	0
k107_1176093 flag=0 multi=59.7131 len=74928	74928	43.2886	0	0	0.00805349	0.0102504	0	0	0	0	1.31245	1.83919	2.42469	3.73289	0.611865	0.766765	19.599	29.7617	1.58192	2.17224	14.7491	20.9077	2.99747	4.24778	0.00403345	0.00556809
k107_9520629 flag=0 multi=36.0507 len=3379	3379	41.2636	0	0	0	0	0	0	0	0	1.51836	2.4773	2.64283	3.19331	0.672733	0.921147	18.0426	16.8647	1.70556	2.65163	13.9292	19.9789	2.75236	2.68745	0	0
k107_2353814 flag=0 multi=37.3035 len=28613	28613	43.5275	0	0	0.0106672	0.012961	0	0	0	0	1.41154	2.01346	2.18798	3.39377	0.52718	0.62665	19.968	31.4677	1.72611	2.76067	14.753	20.2999	2.94306	3.13114	0	0
k107_31296282 flag=0 multi=63.0456 len=6026	6026	43.7437	0	0	0	0	0	0	0	0	1.40024	1.45101	2.0428	3.68928	0.619672	0.762103	20.4149	25.6116	1.14762	1.50188	15.0129	26.5052	3.10552	8.30644	0	0
k107_14324105 flag=0 multi=60.5178 len=35133	35133	39.6954	0	0	0.00422038	0.00431574	0.00422038	0.0043157	0	0	1.34501	2.04825	1.85599	2.44058	0.509087	0.642524	17.83	24.8349	1.57067	2.23156	13.5977	18.4387	2.97847	3.34194	0	0
k107_3003049 flag=1 multi=24.0000 len=3658	3658	5.78874	0.0890942	0.0819111	0.757747	0.777967	0.134088	0.155548	0.177592	0.24003	1.68951	2.84758	1.90912	3.32461	0	0	0.623957	0.948526	0	0	0.044994	0.042987	0.362634	0.304817	0	0
k107_23242149 flag=0 multi=90.0442 len=6640	6640	41.7152	0	0	0	0	0	0	0	0	1.46655	2.16231	2.14295	3.19	0.778163	0.974905	19.1321	23.2207	1.36052	1.90063	13.7602	16.4401	3.07479	3.60835	0	0
k107_6085496 flag=0 multi=107.2943 len=16959	16959	39.8362	0.00882512	0.00898142	0.0268956	0.0265718	0.00882512	0.00898142	0.00882512	0.00898145	1.17038	1.83618	1.6617	2.42129	0.641472	0.625107	17.9859	28.6343	1.47379	2.41915	14.1127	16.2571	2.73687	2.45357	0	0
k107_24066132 flag=0 multi=31.9284 len=27206	27206	39.6488	0	0	0	0	0	0	0.0112251	0.0192768	1.13448	1.44202	1.89362	2.60818	0.436292	0.61454	18.8482	33.2425	1.23651	1.71659	13.4878	23.9072	2.60062	3.61194	0	0
k107_15067618 flag=0 multi=46.0723 len=30762	30762	41.1833	0	0	0	0	0	0	0	0	1.16284	1.81875	2.2306	3.30858	0.588674	0.741808	18.9725	28.2604	1.74685	2.59758	13.4676	20.6702	3.01422	3.72667	0	0
k107_16621153 flag=0 multi=51.0110 len=11878	11878	40.6278	0	0	0.0260885	0.0471753	0	0	0	0	1.05321	1.4763	1.91042	3.3247	0.642363	0.738157	18.5194	23.2899	1.74352	2.00159	14.5598	23.6687	2.17303	3.09208	0	0
