contigName	contigLen	totalAvgDepth	Cen01_MA.bam	Cen01_MA.bam-var	Cen03_MA.bam	Cen03_MA.bam-var	Cen04_MA.bam	Cen04_MA.bam-var	Cen05_MA.bam	Cen05_MA.bam-var	Cen06_MA.bam	Cen06_MA.bam-var	Cen07_MA.bam	Cen07_MA.bam-var	Cen10_MA.bam	Cen10_MA.bam-var	Cen12_MA.bam	Cen12_MA.bam-var	Cen14_MA.bam	Cen14_MA.bam-var	Cen15_MA.bam	Cen15_MA.bam-var	Cen16_MA.bam	Cen16_MA.bam-var	Cen17_MA.bam	Cen17_MA.bam-var
k107_3880210 flag=1 multi=43.0000 len=8598	8598	9.43153	0	0	0	0	0	0	0	0	0	0	0	0	0	0	0	0	0	0	0.271818	0.290368	9.15972	11.1324	0	0
k107_24550190 flag=1 multi=8.0000 len=13456	13456	10.17	0	0	0	0	0	0	0	0	0	0	0	0	0	0	0	0	0	0	0.114338	0.198795	10.0556	11.4012	0	0
k107_30865627 flag=1 multi=8.0000 len=54587	54587	9.32609	0	0	0	0	0	0	0	0	0	0	0	0	0	0	0	0	0	0	0.134549	0.183639	9.18602	10.7744	0.00552639	0.00553214
k107_31192680 flag=1 multi=8.0000 len=19603	19603	9.95399	0	0	0	0	0	0	0	0	0	0	0	0	0	0	0	0	0	0	0.140304	0.157646	9.81369	12.1087	0	0
k107_15724 flag=1 multi=9.0000 len=33245	33245	9.91151	0	0	0	0	0	0	0	0	0	0	0	0	0	0	0	0	0	0	0.173906	0.252742	9.73761	14.235	0	0
k107_8659055 flag=1 multi=8.0000 len=35926	35926	10.5736	0	0	0	0	0	0	0	0	0	0	0	0	0	0	0	0	0	0	0.198658	0.29014	10.3708	10.8515	0.00418257	0.00422052
k107_17191242 flag=1 multi=11.0000 len=26629	26629	10.165	0	0	0	0	0	0	0	0	0	0	0	0	0	0	0	0	0	0	0.234018	0.36686	9.93095	12.6485	0	0
k107_11963440 flag=0 multi=8.1485 len=32900	32900	9.79766	0	0	0	0	0	0	0	0	0	0	0	0	0	0	0	0	0	0	0.188999	0.238101	9.60866	15.7921	0	0
k107_1901813 flag=1 multi=8.0000 len=19562	19562	9.81833	0	0	0	0	0	0	0	0	0	0	0	0	0	0	0	0	0	0	0.101298	0.167598	9.71703	11.5112	0	0
k107_18421038 flag=1 multi=8.0000 len=9949	9949	9.70582	0	0	0	0	0	0	0	0	0	0	0	0	0	0	0	0	0	0	0.108946	0.136338	9.59687	14.1579	0	0
k107_6108797 flag=1 multi=8.0000 len=6398	6398	9.74541	0	0	0	0	0	0	0	0	0	0	0	0	0	0	0	0	0	0	0.0990814	0.103067	9.64633	15.5786	0	0
k107_20248286 flag=0 multi=8.0468 len=33145	33145	10.3861	0	0	0	0	0	0	0	0	0	0	0	0	0	0	0	0	0	0	0.220382	0.243761	10.1613	11.3186	0.00447584	0.00457213
k107_14831361 flag=1 multi=8.0000 len=37328	37328	9.79144	0	0	0	0	0	0	0	0	0	0	0	0	0	0	0	0	0	0	0.126155	0.16857	9.66121	13.1218	0.00407822	0.00406053
k107_11512812 flag=0 multi=8.9965 len=10600	10600	10.5135	0	0	0	0	0	0	0	0	0	0	0	0	0	0	0	0	0	0	0.174985	0.23748	10.3385	16.238	0	0
k107_35872560 flag=0 multi=8.3054 len=6118	6118	9.34801	0	0	0	0	0	0	0	0	0	0	0	0	0	0	0	0	0	0	0.0515818	0.0598977	9.29642	8.9266	0	0
k107_26657175 flag=1 multi=9.0000 len=35530	35530	10.0511	0	0	0	0	0	0	0	0	0	0	0	0	0	0	0	0	0	0	0.145254	0.171661	9.90581	13.4424	0	0
k107_21714491 flag=1 multi=8.0000 len=29810	29810	9.7116	0	0	0	0	0	0	0	0	0	0	0	0	0	0	0	0	0	0	0.153314	0.213638	9.55829	13.0082	0	0
k107_28295138 flag=1 multi=9.7187 len=76831	76831	9.90349	0	0	0	0	0	0	0	0	0	0	0	0	0	0	0	0	0	0	0.153445	0.219945	9.74612	13.2453	0.00392008	0.00519651
k107_15420366 flag=1 multi=9.0000 len=36611	36611	9.99146	0	0	0	0	0	0	0	0	0	0	0	0	0	0	0	0	0	0	0.157537	0.247246	9.83393	13.8111	0	0
k107_19069627 flag=0 multi=13.0625 len=15375	15375	9.57328	0	0	0	0	0	0	0	0	0	0	0	0	0	0	0	0	0	0	0.207921	0.242013	9.36536	10.9604	0	0
k107_16026479 flag=0 multi=9.0129 len=35363	35363	10.2563	0	0	0	0	0	0	0	0	0	0	0	0	0	0	0	0	0	0	0.202276	0.25908	10.0498	12.3616	0.00422121	0.00428548
k107_3886779 flag=0 multi=11.0075 len=76868	76868	10.2901	0	0	0	0	0	0	0	0	0	0	0	0	0	0	0	0	0	0	0.135726	0.208597	10.1543	13.6953	0	0
k107_19117891 flag=1 multi=9.0000 len=21327	21327	10.3085	0	0	0	0	0	0	0	0	0	0	0	0	0	0	0	0	0	0	0.128942	0.207646	10.1652	18.4203	0.0143163	0.0141636
k107_25144991 flag=1 multi=9.0000 len=7904	7904	8.9979	0	0	0	0	0	0	0	0	0	0	0	0	0	0	0	0	0	0	0.147987	0.166369	8.84991	10.2779	0	0
k107_7664698 flag=1 multi=8.0000 len=4407	4407	10.2994	0	0	0	0	0	0	0	0	0	0	0	0	0	0	0	0	0	0	0.220219	0.172522	10.0419	17.5353	0.0372716	0.0487837
k107_22209158 flag=0 multi=9.0139 len=42230	42230	9.9393	0	0	0	0	0	0	0	0	0	0	0	0	0	0	0	0	0	0	0.194047	0.25732	9.73092	11.5875	0.0143341	0.0157649
k107_32561394 flag=1 multi=10.0000 len=13384	13384	8.67383	0	0	0	0	0	0	0	0	0	0	0	0	0	0	0	0	0	0	0.0806452	0.128705	8.58164	10.2032	0.0115426	0.0114134
k107_16143128 flag=1 multi=9.0000 len=4972	4972	10.9216	0	0	0	0	0	0	0	0	0	0	0	0	0	0	0	0	0	0	0.19379	0.238653	10.7278	13.2347	0	0
k107_29520298 flag=1 multi=48.0000 len=20535	20535	10.9289	0	0	0	0	0	0	0	0	0	0	0	0	0	0	0	0	0	0	0.156477	0.183211	10.765	17.8489	0.00741363	0.00741285
k107_34851842 flag=0 multi=9.0041 len=106190	106190	10.0299	0	0	0	0	0	0	0	0	0	0	0	0	0	0	0	0	0	0	0.140734	0.189497	9.88775	14.2514	0.00141659	0.00142244
k107_16421145 flag=1 multi=9.0000 len=12193	12193	10.2063	0	0	0	0	0	0	0	0	0	0	0	0	0	0	0	0	0	0	0.215541	0.283683	9.96535	14.8741	0.0253974	0.0303032
k107_6709406 flag=1 multi=8.0000 len=36454	36454	10.1417	0	0	0	0	0	0	0	0	0	0	0	0	0	0	0	0	0	0	0.191746	0.211496	9.94999	12.9272	0	0
k107_32465392 flag=0 multi=10.0297 len=15377	15377	11.0159	0	0	0	0	0	0	0	0	0	0	0	0	0	0	0	0	0	0	0.16995	0.267633	10.8359	14.9638	0.0100166	0.00991887
k107_23367171 flag=1 multi=7.0000 len=6129	6129	9.71031	0	0	0	0	0	0	0	0	0	0	0	0	0	0	0	0	0	0	0.233053	0.284598	9.47726	15.814	0	0
k107_7664752 flag=1 multi=13.0000 len=88808	88808	9.8459	0	0	0	0	0	0	0	0	0	0	0	0	0	0	0	0	0	0	0.12093	0.14511	9.72497	12.757	0	0
k107_33382245 flag=1 multi=8.0000 len=44085	44085	10.0573	0	0	0	0	0	0	0	0	0	0	0	0	0	0	0	0	0	0	0.175136	0.204553	9.88215	12.8967	0	0
k107_35544048 flag=1 multi=20.0000 len=29814	29814	10.0472	0	0	0	0	0	0	0	0	0	0	0	0	0	0	0	0	0	0	0.296151	0.520832	9.75105	12.4138	0	0
k107_11188064 flag=0 multi=9.0846 len=10588	10588	10.8058	0	0	0	0	0	0	0	0	0	0	0	0	0	0	0	0	0	0	0.117441	0.234276	10.6883	10.6177	0	0
k107_3330914 flag=1 multi=11.0000 len=12198	12198	10.3598	0	0	0	0	0	0	0	0	0	0	0	0	0	0	0	0	0	0	0.339106	0.524259	10.0082	15.753	0.0125252	0.0125392
k107_29019740 flag=1 multi=14.0000 len=131682	131682	10.3567	0	0	0	0	0	0	0	0	0	0	0	0	0	0	0	0	0	0	0.164005	0.237099	10.187	13.6355	0.00570863	0.00585623
k107_25070112 flag=1 multi=8.0000 len=7479	7479	9.72175	0	0	0	0	0	0	0	0	0	0	0	0	0	0	0	0	0	0	0.297199	0.415814	9.42455	14.2845	0	0
k107_29287982 flag=1 multi=8.0000 len=11139	11139	10.1851	0	0	0	0	0	0	0	0	0	0	0	0	0	0	0	0	0	0	0.333303	0.375055	9.8518	9.83354	0	0
k107_27713643 flag=1 multi=6.0000 len=3396	3396	8.40983	0	0	0	0	0	0	0	0	0	0	0	0	0	0	0	0	0	0	0.195217	0.198529	8.21461	7.40947	0	0
k107_309578 flag=0 multi=9.0101 len=56308	56308	10.515	0	0	0	0	0	0	0	0	0	0	0	0	0	0	0	0	0	0	0.161001	0.215219	10.3486	12.7047	0.00539228	0.00536436
k107_35869539 flag=1 multi=8.0000 len=9963	9963	8.79205	0	0	0	0	0	0	0	0	0	0	0	0	0	0	0	0	0	0	0.217783	0.289775	8.57427	10.5633	0	0
k107_26467457 flag=1 multi=7.0000 len=6684	6684	8.89439	0	0	0	0	0	0	0	0	0	0	0	0	0	0	0	0	0	0	0.0946412	0.085709	8.79975	9.80678	0	0
k107_1027950 flag=1 multi=9.0000 len=76670	76670	10.2309	0	0	0	0	0	0	0	0	0	0	0	0	0	0	0	0	0	0	0.173489	0.259705	10.0555	15.0247	0.00197727	0.00197058
k107_21196897 flag=1 multi=8.0000 len=22612	22612	9.89148	0	0	0	0	0	0	0	0	0	0	0	0	0	0	0	0	0	0	0.128418	0.232212	9.76307	11.2339	0	0
k107_29213984 flag=1 multi=8.0000 len=60047	60047	10.2518	0	0	0	0	0	0	0	0	0	0	0	0	0	0	0	0	0	0	0.1842	0.226739	10.0676	14.5266	0	0
k107_28073395 flag=1 multi=7.0000 len=7689	7689	9.31217	0	0	0	0	0	0	0	0	0	0	0	0	0	0	0	0	0	0	0.0607825	0.0711119	9.25139	10.921	0	0
k107_35173055 flag=0 multi=11.0085 len=47922	47922	10.0891	0	0	0	0	0	0	0	0	0	0	0	0	0	0	0	0	0	0	0.139332	0.209256	9.94658	11.7055	0.00317094	0.00316594
k107_32504702 flag=1 multi=11.0036 len=24031	24031	9.90792	0	0	0	0	0	0	0	0	0	0	0	0	0	0	0	0	0	0	0.133465	0.155207	9.75549	13.0209	0.0189641	0.0199078
k107_30258270 flag=1 multi=8.0000 len=26789	26789	9.68868	0	0	0	0	0	0	0	0	0	0	0	0	0	0	0	0	0	0	0.227772	0.305515	9.46091	12.9917	0	0
k107_2041935 flag=1 multi=7.0000 len=14668	14668	9.08492	0	0	0	0	0	0	0	0	0	0	0	0	0	0	0	0	0	0	0.167896	0.284019	8.91703	11.7547	0	0
k107_31952006 flag=1 multi=9.0000 len=7479	7479	10.2108	0	0	0	0	0	0	0	0	0	0	0	0	0	0	0	0	0	0	0.0628396	0.0605431	10.1065	15.2716	0.0415215	0.0403136
k107_24523859 flag=1 multi=9.0000 len=6928	6928	10.2532	0	0	0	0	0	0	0	0	0	0	0	0	0	0	0	0	0	0	0.238605	0.356136	10.0146	13.4658	0	0
k107_17163591 flag=0 multi=9.0750 len=10978	10978	10.6425	0	0	0	0	0	0	0	0	0	0	0	0	0	0	0	0	0	0	0.141345	0.205578	10.5011	12.1504	0	0
k107_14000460 flag=1 multi=8.0000 len=25798	25798	8.96046	0	0	0	0	0	0	0	0	0	0	0	0	0	0	0	0	0	0	0.17136	0.200623	8.7891	10.7218	0	0
k107_17760882 flag=1 multi=8.0000 len=21149	21149	10.0985	0	0	0	0	0	0	0	0	0	0	0	0	0	0	0	0	0	0	0.0719048	0.0932868	10.0121	13.3418	0.0144865	0.0169671
k107_12467243 flag=1 multi=7.0000 len=8549	8549	8.88469	0	0	0	0	0	0	0	0	0	0	0	0	0	0	0	0	0	0	0.365951	0.664152	8.51873	9.67046	0	0
k107_19045861 flag=1 multi=8.0000 len=14943	14943	10.319	0	0	0	0	0	0	0	0	0	0	0	0	0	0	0	0	0	0	0.20586	0.375836	10.1132	13.7522	0	0
k107_15066485 flag=1 multi=9.0000 len=5770	5770	10.3681	0	0	0	0	0	0	0	0	0	0	0	0	0	0	0	0	0	0	0.0552304	0.0521907	10.3129	15.2245	0	0
k107_30525492 flag=1 multi=8.0000 len=2623	2623	9.52348	0	0	0	0	0	0	0	0	0	0	0	0	0	0	0	0	0	0	0	0	9.52348	22.2155	0	0
k107_17302541 flag=0 multi=8.0808 len=12157	12157	9.50578	0	0	0	0	0	0	0	0	0	0	0	0	0	0	0	0	0	0	0.166428	0.205276	9.33935	12.0528	0	0
k107_20755714 flag=1 multi=9.0000 len=29340	29340	10.422	0	0	0	0	0	0	0	0	0	0	0	0	0	0	0	0	0	0	0.228528	0.389062	10.1935	11.7239	0	0
k107_14507490 flag=1 multi=8.0000 len=38039	38039	10.0065	0	0	0	0	0	0	0	0	0	0	0	0	0	0	0	0	0	0	0.171635	0.221645	9.83101	12.2163	0.00389538	0.00398481
k107_32352107 flag=0 multi=8.0585 len=16039	16039	9.15594	0	0	0	0	0	0	0	0	0	0	0	0	0	0	0	0	0	0	0.150855	0.260887	9.00508	12.6455	0	0
k107_12338706 flag=1 multi=9.0000 len=99492	99492	9.85978	0	0	0	0	0	0	0	0	0	0	0	0	0	0	0	0	0	0	0.109225	0.170622	9.74304	11.5468	0.00752092	0.00789964
k107_24365477 flag=1 multi=10.0000 len=12434	12434	10.3366	0	0	0	0	0	0	0	0	0	0	0	0	0	0	0	0	0	0	0.0870425	0.124037	10.2496	10.0439	0	0
k107_22836370 flag=1 multi=8.0000 len=4816	4816	9.73638	0	0	0	0	0	0	0	0	0	0	0	0	0	0	0	0	0	0	0.334293	0.561689	9.40208	13.3982	0	0
k107_24114581 flag=1 multi=9.0000 len=8883	8883	10.1394	0	0	0	0	0	0	0	0	0	0	0	0	0	0	0	0	0	0	0.10465	0.0951584	10.0347	9.2611	0	0
k107_7412156 flag=1 multi=8.0000 len=11516	11516	9.93401	0	0	0	0	0	0	0	0	0	0	0	0	0	0	0	0	0	0	0.134207	0.144387	9.7998	9.78435	0	0
k107_30963461 flag=1 multi=8.0000 len=14932	14932	9.79234	0	0	0	0	0	0	0	0	0	0	0	0	0	0	0	0	0	0	0.216063	0.304134	9.57628	11.2244	0	0
k107_12853866 flag=1 multi=8.0000 len=11501	11501	9.91169	0	0	0	0	0	0	0	0	0	0	0	0	0	0	0	0	0	0	0.0809001	0.110801	9.83079	9.80832	0	0
k107_26459706 flag=0 multi=18.0083 len=42306	42306	10.0126	0	0	0	0	0	0	0	0	0	0	0	0	0	0	0	0	0	0	0.218836	0.320421	9.79378	12.2568	0	0
k107_5293291 flag=1 multi=8.0000 len=27846	27846	9.89893	0	0	0	0	0	0	0	0	0	0	0	0	0	0	0	0	0	0	0.136872	0.195206	9.7512	13.3399	0.0108554	0.0108446
k107_4659675 flag=1 multi=8.0000 len=9806	9806	10.0053	0	0	0	0	0	0	0	0	0	0	0	0	0	0	0	0	0	0	0.0876473	0.129969	9.91761	17.7698	0	0
k107_34169588 flag=0 multi=9.0034 len=25890	25890	9.82625	0	0	0	0	0	0	0	0	0	0	0	0	0	0	0	0	0	0	0.17645	0.292241	9.6498	12.7498	0	0
k107_18821516 flag=0 multi=13.0056 len=92129	92129	10.1345	0	0	0	0	0	0	0	0	0	0	0	0	0	0	0	0	0	0	0.179871	0.254195	9.95139	14.357	0.00328879	0.00327241
k107_3523612 flag=1 multi=9.2452 len=38720	38720	9.26227	0	0	0	0	0	0	0	0	0	0	0	0	0	0	0	0	0	0	0.0743922	0.0933875	9.18788	11.6214	0	0
k107_17205201 flag=1 multi=9.0000 len=15843	15843	10.3324	0	0	0	0	0	0	0	0	0	0	0	0	0	0	0	0	0	0	0.145486	0.249862	10.1869	15.3503	0	0
k107_799356 flag=1 multi=8.9969 len=32953	32953	9.76638	0	0	0	0	0	0	0	0	0	0	0	0	0	0	0	0	0	0	0.142905	0.20451	9.62347	11.4299	0	0
k107_26476096 flag=0 multi=9.0182 len=39741	39741	10.0759	0	0	0	0	0	0	0	0	0	0	0	0	0	0	0	0	0	0	0.135069	0.204571	9.94085	10.7489	0	0
