contigName	contigLen	totalAvgDepth	Cen01_MA.bam	Cen01_MA.bam-var	Cen03_MA.bam	Cen03_MA.bam-var	Cen04_MA.bam	Cen04_MA.bam-var	Cen05_MA.bam	Cen05_MA.bam-var	Cen06_MA.bam	Cen06_MA.bam-var	Cen07_MA.bam	Cen07_MA.bam-var	Cen10_MA.bam	Cen10_MA.bam-var	Cen12_MA.bam	Cen12_MA.bam-var	Cen14_MA.bam	Cen14_MA.bam-var	Cen15_MA.bam	Cen15_MA.bam-var	Cen16_MA.bam	Cen16_MA.bam-var	Cen17_MA.bam	Cen17_MA.bam-var
k107_35673324 flag=0 multi=60.9959 len=6659	6659	73.1732	0.0475067	0.0546976	2.42253	2.86201	0	0	0	0	70.6086	156.895	0.0945415	0.149881	0	0	0	0	0	0	0	0	0	0	0	0
k107_22698612 flag=0 multi=66.9952 len=37336	37336	67.6859	0.0326187	0.0484805	0.804099	1.76966	0	0	0	0	66.7603	105.797	0.072582	0.163537	0	0	0.0163093	0.0185781	0	0	0	0	0	0	0	0
k107_7731353 flag=0 multi=71.7203 len=30179	30179	71.2767	0.0199485	0.0224278	3.11239	4.63815	0	0	0	0	67.9933	108.653	0.130769	0.186682	0	0	0.0202162	0.0565899	0	0	0	0	0	0	0	0
k107_1067195 flag=0 multi=63.0763 len=18950	18950	75.8627	0.0647791	0.106692	2.40444	4.21131	0	0	0	0	73.2329	128.205	0.11213	0.14899	0	0	0.048477	0.154089	0	0	0	0	0	0	0	0
k107_25403730 flag=0 multi=63.0000 len=20426	20426	67.56	0.0298648	0.0325984	2.42005	3.25309	0	0	0	0	64.9682	92.9683	0.081942	0.106753	0	0	0.0599781	0.133904	0	0	0	0	0	0	0	0
k107_23339326 flag=0 multi=74.8557 len=23622	23622	79.0512	0	0	2.89048	4.89611	0	0	0	0	76.1092	114.104	0.0515866	0.0975801	0	0	0	0	0	0	0	0	0	0	0	0
k107_16842595 flag=0 multi=66.9897 len=74735	74735	80.5563	0.0202733	0.0299789	2.90496	4.58571	0	0	0	0	77.5466	116.486	0.0763908	0.100148	0	0	0.00810125	0.0122116	0	0	0	0	0	0	0	0
k107_15005446 flag=0 multi=67.6432 len=46278	46278	84.8208	0.0491126	0.062207	2.51038	5.56134	0	0	0	0	82.2024	130.024	0.0522881	0.0915824	0	0	0.00654689	0.00861037	0	0	0	0	0	0	0	0
k107_4886106 flag=0 multi=65.9734 len=222751	222751	69.1826	0.00543046	0.00717322	2.63955	4.26044	0	0	0.00135761	0.00157137	66.4501	106.676	0.080805	0.112608	0	0	0.00541697	0.00772721	0	0	0	0	0	0	0	0
k107_16821866 flag=0 multi=57.9535 len=12364	12364	69.3842	0.0250373	0.0426508	2.59219	5.73018	0	0	0	0	66.717	93.8587	0.0499917	0.0701189	0	0	0	0	0	0	0	0	0	0	0	0
k107_24750302 flag=0 multi=56.6531 len=6314	6314	71.7407	0	0	3.05289	2.93211	0	0	0	0	68.6633	85.4233	0.0244511	0.0244858	0	0	0	0	0	0	0	0	0	0	0	0
k107_18135191 flag=0 multi=69.1836 len=317705	317705	77.3646	0.0204503	0.028715	2.92939	4.8459	0.00141145	0.00160647	0.00139255	0.00398829	74.3196	127.917	0.082359	0.147837	0	0	0.009981	0.0135807	0	0	0	0	0	0	0	0
k107_8749975 flag=0 multi=64.7914 len=7811	7811	82.9603	0.0402184	0.0647115	2.4701	3.10556	0	0	0	0	80.3706	145.979	0.039153	0.0775234	0	0	0.0402184	0.0386058	0	0	0	0	0	0	0	0
k107_12109014 flag=0 multi=76.6054 len=62399	62399	69.9007	0.0194373	0.0263441	2.73897	4.38243	0	0	0	0	67.053	113.261	0.0892475	0.161415	0	0	0	0	0	0	0	0	0	0	0	0
k107_16513708 flag=0 multi=69.9906 len=41485	41485	71.7319	0.0291625	0.0537491	2.71935	4.99652	0	0	0	0	68.9214	107.388	0.0473739	0.0771799	0	0	0.0146662	0.0233447	0	0	0	0	0	0	0	0
k107_13261706 flag=0 multi=60.7802 len=77051	77051	69.7007	0.00390885	0.00658705	2.34845	3.69721	0	0	0	0	67.2508	102.808	0.0799359	0.112632	0	0	0.017655	0.0213268	0	0	0	0	0	0	0	0
k107_14971634 flag=0 multi=65.0063 len=25500	25500	70.5083	0.0119851	0.014707	2.72041	4.8754	0	0	0	0	67.6488	119.257	0.127113	0.162919	0	0	0	0	0	0	0	0	0	0	0	0
k107_32099335 flag=0 multi=55.4677 len=36783	36783	69.752	0.0163921	0.0213221	2.01384	4.26291	0	0	0	0	67.6436	109.285	0.0698994	0.0826102	0	0	0.00827828	0.00820724	0	0	0	0	0	0	0	0
k107_16521855 flag=0 multi=81.0374 len=12068	12068	76.1747	0.0256672	0.032321	2.6659	4.18269	0	0	0	0	73.4058	114.219	0.0773415	0.117678	0	0	0	0	0	0	0	0	0	0	0	0
k107_23421445 flag=0 multi=67.7918 len=105099	105099	79.1813	0.0431596	0.0573933	2.83815	3.93428	0.00572535	0.015828	0	0	76.1854	113.336	0.091577	0.115974	0	0	0.0172142	0.0234597	0	0	0	0	0	0	0	0
k107_4174096 flag=0 multi=63.5276 len=25541	25541	78.8817	0.0837196	0.156639	2.47268	4.10909	0	0	0	0	76.2363	104.701	0.0771425	0.097986	0	0	0.0118467	0.0161098	0	0	0	0	0	0	0	0
k107_5839301 flag=0 multi=75.6074 len=74516	74516	69.4572	0.0447085	0.0803123	2.48845	4.42431	0	0	0	0	66.8189	104.711	0.1011	0.16692	0	0	0.00406931	0.00570358	0	0	0	0	0	0	0	0
k107_35745032 flag=0 multi=61.0004 len=14196	14196	71.7776	0.043472	0.0572777	1.91637	3.6611	0	0	0	0	69.7754	127.312	0.0423204	0.103017	0	0	0	0	0	0	0	0	0	0	0	0
k107_8344643 flag=0 multi=67.8547 len=66319	66319	70.2575	0.0137237	0.0279462	2.70667	4.19243	0	0	0	0	67.4439	102.204	0.0886438	0.139468	0	0	0.00455943	0.00455751	0	0	0	0	0	0	0	0
k107_31014164 flag=0 multi=59.9871 len=16558	16558	82.6711	0	0	3.26766	3.62989	0	0	0	0	79.2748	116.011	0.128568	0.230622	0	0	0	0	0	0	0	0	0	0	0	0
k107_6879569 flag=0 multi=64.5186 len=10009	10009	72.8887	0	0	2.64953	4.40482	0	0	0	0	70.2083	121.399	0.0309055	0.030152	0	0	0	0	0	0	0	0	0	0	0	0
k107_14467772 flag=0 multi=61.0059 len=11435	11435	79.4509	0	0	3.23085	5.56568	0	0	0	0	76.1929	147.421	0	0	0	0	0.0271266	0.0378898	0	0	0	0	0	0	0	0
k107_3095956 flag=0 multi=59.6275 len=37219	37219	73.2609	0.0326679	0.0478088	2.8258	4.5355	0	0	0	0	70.2974	116.367	0.105019	0.185285	0	0	0	0	0	0	0	0	0	0	0	0
k107_18895384 flag=0 multi=74.0000 len=52734	52734	75.9112	0.0434467	0.066286	2.72072	3.73689	0	0	0	0	73.0669	110.869	0.0570262	0.0806166	0	0	0.0230394	0.0225055	0	0	0	0	0	0	0	0
k107_27126003 flag=0 multi=59.9975 len=58803	58803	68.9734	0.020615	0.0483929	2.87556	4.20521	0	0	0	0	65.9874	114.951	0.0846139	0.145481	0	0	0.0051623	0.0080455	0	0	0	0	0	0	0	0
k107_32523074 flag=0 multi=64.1182 len=7113	7113	82.7108	0.04434	0.0679311	2.7413	5.21683	0	0	0	0	79.7485	111.106	0.176626	0.199961	0	0	0	0	0	0	0	0	0	0	0	0
k107_31535207 flag=0 multi=63.0468 len=5402	5402	81.5504	0	0	2.72275	4.24615	0	0	0	0	78.8276	122.81	0	0	0	0	0	0	0	0	0	0	0	0	0	0
k107_28131730 flag=0 multi=62.8414 len=14096	14096	69.8793	0.0218936	0.0373739	1.67609	3.59406	0	0	0.0106568	0.0108299	68.0839	97.7888	0.0648833	0.176809	0	0	0.0218936	0.0269334	0	0	0	0	0	0	0	0
k107_2965853 flag=0 multi=88.5014 len=26020	26020	77.1384	0.0117427	0.0197059	2.5752	4.17813	0	0	0	0	74.4236	149.496	0.116222	0.168501	0	0	0.0117039	0.0204667	0	0	0	0	0	0	0	0
k107_917171 flag=0 multi=64.3380 len=34502	34502	70.8686	0.00883041	0.0087592	2.44067	4.28792	0	0	0	0	68.3354	101.359	0.0572515	0.109995	0	0	0.0264327	0.0376087	0	0	0	0	0	0	0	0
k107_8493982 flag=0 multi=75.2861 len=268812	268812	74.6365	0.0235969	0.0322405	2.95395	4.68552	0	0	0.00112473	0.00112285	71.5493	111.661	0.0905702	0.138194	0	0	0.0179919	0.026216	0	0	0	0	0	0	0	0
k107_6805135 flag=0 multi=54.5454 len=10937	10937	70.3402	0	0	2.42529	4.38408	0	0	0	0	67.7877	106.28	0.0988246	0.129772	0	0	0.0283968	0.0362415	0	0	0	0	0	0	0	0
k107_26653976 flag=0 multi=63.9953 len=47975	47975	72.2221	0.037988	0.0505914	3.09219	4.83656	0	0	0	0	68.9564	95.1279	0.094414	0.146085	0	0	0.0411763	0.0852635	0	0	0	0	0	0	0	0
k107_11841497 flag=0 multi=58.8566 len=34821	34821	73.3331	0.0174686	0.023248	2.65089	3.8608	0	0	0	0	70.5126	102.613	0.143457	0.250603	0	0	0.00874881	0.00868163	0	0	0	0	0	0	0	0
k107_25549484 flag=0 multi=95.0216 len=20915	20915	68.1662	0.0293019	0.0323243	1.76525	3.49806	0	0	0	0	66.3138	104.332	0.0432737	0.0502736	0	0	0.0146024	0.0234607	0	0	0	0	0	0	0	0
k107_4007385 flag=0 multi=53.0912 len=4700	4700	67.4566	0	0	1.99841	4.15606	0	0	0	0	65.3895	90.0918	0.0686676	0.110371	0	0	0	0	0	0	0	0	0	0	0	0
k107_2945496 flag=0 multi=72.0012 len=64838	64838	74.4634	0.0280464	0.0341551	2.99992	5.54215	0	0	0	0	71.3655	124.097	0.0652659	0.104217	0	0	0.00467956	0.00466077	0	0	0	0	0	0	0	0
k107_3055100 flag=0 multi=93.0334 len=19033	19033	79.0826	0	0	3.01634	4.55751	0	0	0	0	75.9623	101.963	0.0719129	0.115984	0	0	0.0320858	0.0399625	0	0	0	0	0	0	0	0
k107_4798824 flag=0 multi=60.1976 len=94722	94722	72.1354	0.0223893	0.0325937	2.77108	4.45096	0	0	0	0	69.2639	108.499	0.0683965	0.0951299	0	0	0.00959542	0.0129916	0	0	0	0	0	0	0	0
k107_16847496 flag=0 multi=70.7740 len=165691	165691	76.3866	0.0255458	0.0384933	2.88205	4.12889	0	0	0	0	73.359	119.83	0.105352	0.159753	0	0	0.012782	0.0172183	0	0	0.001826	0.00259626	0	0	0	0
k107_19389919 flag=0 multi=66.0000 len=50600	50600	67.4426	0.0180126	0.0432766	2.40417	3.59641	0	0	0	0	64.9668	109.731	0.0536999	0.0771312	0	0	0	0	0	0	0	0	0	0	0	0
k107_32159380 flag=0 multi=63.0647 len=25056	25056	76.3359	0.0243597	0.0321348	2.27761	4.40063	0	0	0	0	73.926	119.445	0.107942	0.153287	0	0	0	0	0	0	0	0	0	0	0	0
k107_12413808 flag=0 multi=67.5162 len=97541	97541	75.3482	0.0310575	0.0411292	2.94003	4.43727	0	0	0.00306461	0.00333737	72.2799	115.158	0.0755253	0.129895	0	0	0.0186345	0.0260535	0	0	0	0	0	0	0	0
k107_24749346 flag=0 multi=53.9450 len=6418	6418	69.1833	0.148136	0.344049	2.06736	2.80555	0	0	0	0	66.9678	106.982	0	0	0	0	0	0	0	0	0	0	0	0	0	0
k107_25431817 flag=0 multi=83.9957 len=32313	32313	80.2502	0.0419856	0.0636056	1.69704	5.49506	0	0	0	0	78.3803	111.695	0.102933	0.169151	0	0	0.0279904	0.0401429	0	0	0	0	0	0	0	0
k107_17943308 flag=0 multi=60.1088 len=65398	65398	68.4041	0.0231658	0.0346375	2.27089	3.92177	0	0	0	0	66.0457	104.873	0.0597425	0.0892376	0	0	0	0	0	0	0.00460858	0.00581953	0	0	0	0
k107_15575093 flag=0 multi=65.0000 len=3253	3253	72.0552	0	0	1.79397	3.72278	0	0	0	0	70.1596	84.6501	0.10166	0.127824	0	0	0	0	0	0	0	0	0	0	0	0
k107_20296229 flag=0 multi=108.5400 len=8998	8998	70.8504	0	0	2.79784	3.65476	0.0341536	0.0392774	0.237121	0.615552	67.6951	93.0497	0.0514029	0.065938	0	0	0.0347286	0.0335395	0	0	0	0	0	0	0	0
k107_10754024 flag=0 multi=60.0234 len=29965	29965	76.4702	0.0273742	0.0330838	2.58022	4.32875	0	0	0	0	73.7513	121.481	0.111351	0.13933	0	0	0	0	0	0	0	0	0	0	0	0
k107_31135225 flag=0 multi=63.5186 len=24960	24960	69.4617	0.0122475	0.0197248	2.29317	3.35485	0	0	0	0	67.0652	112.473	0.0910455	0.165046	0	0	0	0	0	0	0	0	0	0	0	0
k107_24514890 flag=0 multi=61.0000 len=13746	13746	79.1975	0	0	2.85979	4.54356	0	0	0	0	76.3043	106.087	0.0333978	0.0519056	0	0	0	0	0	0	0	0	0	0	0	0
k107_14443741 flag=0 multi=56.9966 len=38295	38295	70.6314	0.0197405	0.0220908	1.61927	3.82216	0	0	0	0	68.8428	95.2691	0.141605	0.208335	0	0	0.00794883	0.0107277	0	0	0	0	0	0	0	0
k107_35856388 flag=0 multi=57.0160 len=80211	80211	68.5458	0.026405	0.0382065	2.74435	4.07512	0	0	0	0	65.702	101.939	0.0693038	0.124721	0	0	0.0037793	0.00446135	0	0	0	0	0	0	0	0
k107_12163238 flag=0 multi=73.9433 len=54590	54590	83.3452	0.0111258	0.0208376	2.86321	4.72421	0	0	0	0	80.3494	130.074	0.110374	0.177051	0	0	0.0111074	0.0162324	0	0	0	0	0	0	0	0
k107_2578690 flag=0 multi=54.1647 len=35972	35972	66.7403	0.016933	0.0220301	1.7277	3.37169	0	0	0	0	64.941	116.453	0.0545837	0.115686	0	0	0	0	0	0	0	0	0	0	0	0
k107_25076904 flag=0 multi=65.8395 len=45286	45286	69.9763	0.0469278	0.0938773	0.373199	1.75844	0	0	0	0	69.5095	104.024	0.0166504	0.0211215	0	0	0.0300774	0.0422123	0	0	0	0	0	0	0	0
k107_6625042 flag=0 multi=63.1047 len=73086	73086	75.5858	0.0227797	0.0458125	3.06815	4.91505	0	0	0	0	72.361	122.492	0.121387	0.231256	0	0	0.0124203	0.0340294	0	0	0	0	0	0	0	0
k107_23233241 flag=0 multi=62.8856 len=111237	111237	71.5407	0.0231397	0.0276539	2.99477	4.90401	0	0	0	0	68.432	113.378	0.0812818	0.114383	0	0	0.00816694	0.0106789	0	0	0	0	0	0	0.0013251	0.00135781
k107_4456981 flag=0 multi=63.8433 len=117021	117021	70.5967	0.018069	0.0265278	2.37817	4.3792	0	0	0	0	68.1503	101.859	0.0450055	0.0731503	0	0	0.00514055	0.00613982	0	0	0	0	0	0	0	0
k107_321433 flag=0 multi=70.3271 len=257286	257286	82.6054	0.0281224	0.0383217	3.0715	4.57547	0	0	0	0	79.4101	132.233	0.0827989	0.122115	0	0	0.0128957	0.0207107	0	0	0	0	0	0	0	0
k107_34194015 flag=0 multi=69.3470 len=68675	68675	78.7109	0.0251269	0.0415339	2.92156	4.5843	0	0	0.00437307	0.00595004	75.6678	105.767	0.0788762	0.117087	0	0	0.0088339	0.0176035	0	0	0	0	0	0	0.00435845	0.00754088
k107_5662188 flag=0 multi=95.0189 len=24692	24692	80.1502	0.0247642	0.0323513	2.72206	5.89527	0	0	0	0	77.385	106.345	0.0184502	0.0182211	0	0	0	0	0	0	0	0	0	0	0	0
k107_2717772 flag=0 multi=56.4468 len=71714	71714	68.8286	0.0443203	0.0805338	2.22468	4.15924	0	0	0.00420097	0.00696477	66.4672	119.868	0.073489	0.0937411	0	0	0.0147734	0.0256746	0	0	0	0	0	0	0	0
k107_17484950 flag=0 multi=67.8964 len=86063	86063	69.5967	0.0316344	0.0421415	1.93369	4.45723	0	0	0	0	67.5649	98.7413	0.0558646	0.0882291	0	0	0.0105526	0.0155238	0	0	0	0	0	0	0	0
k107_25206727 flag=0 multi=87.0120 len=24155	24155	74.3051	0.0633044	0.0886278	2.24626	3.1691	0	0	0	0	71.9325	114.093	0.0503501	0.110026	0	0	0	0	0	0	0	0	0.0126609	0.0202985	0	0
k107_1980530 flag=0 multi=107.0000 len=6834	6834	76.6188	0	0	4.01378	4.38442	0	0	0	0	72.5588	144.304	0.0462339	0.0854436	0	0	0	0	0	0	0	0	0	0	0	0
k107_13394196 flag=0 multi=60.0100 len=38482	38482	71.1317	0.0316396	0.038912	2.81435	3.85292	0	0	0	0	68.2227	113.377	0.0511786	0.0778625	0	0	0.0118649	0.0167559	0	0	0	0	0	0	0	0
k107_1200249 flag=0 multi=67.2104 len=53463	53463	68.7506	0.0225353	0.0306871	2.23766	4.14491	0	0	0	0	66.4368	93.9859	0.0366998	0.0479725	0	0	0.0170049	0.0219073	0	0	0	0	0	0	0	0
k107_5685765 flag=0 multi=65.0218 len=155151	155151	72.2335	0.0340913	0.051034	2.57262	3.68027	0	0	0	0	69.5463	106.552	0.0649019	0.115288	0	0	0.0136391	0.0246078	0.00195029	0.00194433	0	0	0	0	0	0
k107_25105259 flag=0 multi=66.1308 len=9212	9212	66.7678	0.067789	0.0894579	1.63928	3.40146	0	0	0	0	64.9598	73.0005	0.100898	0.183394	0	0	0	0	0	0	0	0	0	0	0	0
