contigName	contigLen	totalAvgDepth	Cen01_MA.bam	Cen01_MA.bam-var	Cen03_MA.bam	Cen03_MA.bam-var	Cen04_MA.bam	Cen04_MA.bam-var	Cen05_MA.bam	Cen05_MA.bam-var	Cen06_MA.bam	Cen06_MA.bam-var	Cen07_MA.bam	Cen07_MA.bam-var	Cen10_MA.bam	Cen10_MA.bam-var	Cen12_MA.bam	Cen12_MA.bam-var	Cen14_MA.bam	Cen14_MA.bam-var	Cen15_MA.bam	Cen15_MA.bam-var	Cen16_MA.bam	Cen16_MA.bam-var	Cen17_MA.bam	Cen17_MA.bam-var
k107_2254154 flag=0 multi=35.0016 len=149692	149692	43.574	0	0	0	0	0	0	0	0	0	0	0	0	0	0	0	0	0	0	0.00202155	0.00201636	43.553	60.3607	0.0189906	0.0196358
k107_6669958 flag=0 multi=36.9999 len=737152	737152	44.884	0	0	0	0	0	0	0	0	0	0	0	0	0	0	0	0	0	0	0.00163398	0.00227796	44.8625	63.3186	0.0198819	0.0241408
k107_1385479 flag=0 multi=36.7747 len=367827	367827	43.7179	0	0	0	0	0	0	0	0	0	0	0.00241616	0.00533885	0	0	0	0	0	0	0.000821713	0.00109288	43.6891	62.9352	0.0255602	0.0310414
k107_29880293 flag=0 multi=40.2792 len=60641	60641	44.6907	0	0	0	0	0	0	0	0	0	0	0	0	0	0	0	0	0	0	0	0	44.6513	74.0495	0.0394438	0.116601
k107_25877994 flag=0 multi=38.0138 len=56259	56259	42.7883	0	0	0	0	0	0	0	0	0	0	0.00536126	0.00954958	0	0	0	0	0	0	0	0	42.7633	62.1539	0.019658	0.0257687
k107_10500218 flag=0 multi=37.0038 len=113214	113214	42.4674	0	0	0	0	0	0	0	0	0	0	0.00131076	0.00133495	0	0	0	0	0	0	0	0	42.4462	58.9179	0.0198827	0.0207652
k107_30484600 flag=0 multi=40.0013 len=191796	191796	43.6091	0	0	0	0	0	0	0	0	0	0	0.000856424	0.00129355	0	0	0	0	0	0	0	0	43.5825	61.6163	0.025724	0.0276315
k107_33236621 flag=0 multi=37.8855 len=45884	45884	43.1349	0	0	0.00647185	0.0111317	0	0	0	0	0	0	0.00326883	0.00330607	0	0	0	0	0	0	0	0	43.0343	58.923	0.0908034	0.894733
k107_16665515 flag=0 multi=35.0116 len=191237	191237	43.5259	0	0	0	0	0	0	0	0	0	0	0	0	0	0	0	0	0	0	0	0	43.5119	62.3042	0.0140414	0.0226352
k107_18476295 flag=0 multi=36.1174 len=499431	499431	44.1069	0	0	0	0	0	0	0	0	0	0	0	0	0	0	0	0	0	0	0	0	44.0851	63.519	0.0218521	0.0232923
k107_33067942 flag=0 multi=48.3203 len=2633	2633	41.0442	0	0	0	0	0	0	0	0	0	0	0	0	0	0	0	0	0	0	0	0	40.9172	59.4908	0.126984	0.151447
k107_24395879 flag=0 multi=35.0075 len=237951	237951	42.9798	0	0	0	0	0.00104776	0.00178718	0	0	0.00127078	0.00126871	0	0	0	0	0	0	0	0	0.000635391	0.000634943	42.9618	64.0198	0.0150432	0.0172076
k107_28564578 flag=0 multi=35.0008 len=206270	206270	43.7836	0	0	0	0	0	0	0	0	0.00146625	0.00171474	0.000713703	0.000732183	0	0	0	0	0	0	0	0	43.7685	68.0166	0.0129438	0.0141
k107_22607826 flag=0 multi=32.9994 len=74614	74614	42.2296	0	0	0	0	0.000659382	0.00150604	0	0	0	0	0	0	0	0	0	0	0	0	0.00406395	0.00483027	42.2069	57.9377	0.0180186	0.020256
