contigName	contigLen	totalAvgDepth	Cen01_MA.bam	Cen01_MA.bam-var	Cen03_MA.bam	Cen03_MA.bam-var	Cen04_MA.bam	Cen04_MA.bam-var	Cen05_MA.bam	Cen05_MA.bam-var	Cen06_MA.bam	Cen06_MA.bam-var	Cen07_MA.bam	Cen07_MA.bam-var	Cen10_MA.bam	Cen10_MA.bam-var	Cen12_MA.bam	Cen12_MA.bam-var	Cen14_MA.bam	Cen14_MA.bam-var	Cen15_MA.bam	Cen15_MA.bam-var	Cen16_MA.bam	Cen16_MA.bam-var	Cen17_MA.bam	Cen17_MA.bam-var
k107_7877885 flag=0 multi=16.0041 len=117352	117352	17.6173	0	0	0.00509184	0.00610043	0	0	17.6123	23.6798	0	0	0	0	0	0	0	0	0	0	0	0	0	0	0	0
k107_35836847 flag=0 multi=18.0068 len=69226	69226	15.4203	0	0	0.00213278	0.00218445	0.0064709	0.0102785	15.4096	22.7698	0	0	0.00213278	0.00218218	0	0	0	0	0	0	0	0	0	0	0	0
k107_15957724 flag=0 multi=14.7452 len=96339	96339	15.745	0	0	0.00925685	0.0116471	0.00307173	0.00313273	15.7295	22.3947	0.00314462	0.00312767	0	0	0	0	0	0	0	0	0	0	0	0	0	0
k107_34343704 flag=0 multi=17.0208 len=26215	26215	16.4011	0.0116544	0.0205472	0.0115386	0.0115143	0	0	16.378	26.1856	0	0	0	0	0	0	0	0	0	0	0	0	0	0	0	0
k107_7701729 flag=0 multi=20.5327 len=100753	100753	16.3935	0	0	0.0104429	0.0145433	0.00295667	0.00299781	16.3741	25.4858	0.00601288	0.0211439	0	0	0	0	0	0	0	0	0	0	0	0	0	0
k107_3860370 flag=0 multi=18.6271 len=240588	240588	17.2712	0	0	0.00620927	0.00807411	0.00553923	0.00575788	17.2588	26.173	0	0	0.000620094	0.000627998	0	0	0	0	0	0	0	0	0	0	0	0
k107_32343870 flag=0 multi=14.1141 len=163036	163036	16.0229	0	0	0.000903315	0.000926852	0.00278368	0.00440374	16.0192	23.6451	0	0	0	0	0	0	0	0	0	0	0	0	0	0	0	0
k107_9766785 flag=0 multi=17.5292 len=164838	164838	17.534	0	0	0.0164219	0.0267976	0.00182331	0.00315388	17.5139	25.5148	0.00183546	0.00237612	0	0	0	0	0	0	0	0	0	0	0	0	0	0
k107_26135487 flag=0 multi=16.3743 len=31076	31076	16.5033	0	0	0.0192045	0.0304795	0.0145902	0.0217267	16.4693	24.5032	0	0	0	0	0	0	0	0	0	0	0	0	0	0	0.000227465	0.000324855
k107_16123861 flag=0 multi=37.9918 len=20236	20236	15.2113	0	0	0.0444467	0.0674747	0	0	15.1669	26.9621	0	0	0	0	0	0	0	0	0	0	0	0	0	0	0	0
k107_19226605 flag=1 multi=15.8876 len=100041	100041	16.9937	0	0	0.0014939	0.00151168	0.0014939	0.00151104	16.9877	24.5688	0	0	0	0	0	0	0	0	0	0	0	0	0.0030279	0.00327135	0	0
k107_7719575 flag=0 multi=15.0005 len=49491	49491	17.8837	0	0	0.00607859	0.00975846	0	0	17.8777	23.1514	0	0	0	0	0	0	0	0	0	0	0	0	0	0	0	0
k107_31030130 flag=0 multi=13.0592 len=36560	36560	15.0848	0	0	0.0123007	0.0206828	0.0123007	0.015593	15.0602	22.0843	0	0	0	0	0	0	0	0	0	0	0	0	0	0	0	0
k107_11790325 flag=0 multi=28.5938 len=6971	6971	15.5726	0	0	0.0220423	0.0221351	0	0	15.5506	30.31	0	0	0	0	0	0	0	0	0	0	0	0	0	0	0	0
k107_6752601 flag=0 multi=87.9954 len=12936	12936	16.3183	0	0	0	0	0	0	16.3183	31.4241	0	0	0	0	0	0	0	0	0	0	0	0	0	0	0	0
k107_9548245 flag=0 multi=15.1492 len=66149	66149	17.4054	0	0	0.0045712	0.00864684	0	0	17.4009	24.7067	0	0	0	0	0	0	0	0	0	0	0	0	0	0	0	0
k107_1856609 flag=0 multi=19.0043 len=49380	49380	16.8023	0	0	0.0211093	0.0287179	0.023208	0.0521971	16.7549	23.826	0	0	0.00299523	0.00306736	0	0	0	0	0	0	0	0	0	0	0	0
k107_20634077 flag=0 multi=16.3661 len=112876	112876	15.8938	0	0	0.0167534	0.0334799	0.00130581	0.00133891	15.8757	23.9493	0	0	0	0	0	0	0	0	0	0	0	0	0	0	0	0
k107_26131921 flag=0 multi=17.0069 len=36327	36327	18.3631	0	0	0	0	0	0	18.3631	27.9832	0	0	0	0	0	0	0	0	0	0	0	0	0	0	0	0
k107_22386306 flag=1 multi=14.0000 len=12522	12522	14.8067	0	0	0.0254501	0.0355971	0	0	14.7813	26.7857	0	0	0	0	0	0	0	0	0	0	0	0	0	0	0	0
k107_27274169 flag=0 multi=14.0619 len=45517	45517	15.7926	0	0	0.000884662	0.000905155	0.00650227	0.00663239	15.7852	22.5475	0	0	0	0	0	0	0	0	0	0	0	0	0	0	0	0
k107_7475350 flag=0 multi=24.0008 len=49134	49134	15.4598	0	0	0	0	0.00301032	0.00308327	15.4568	24.6913	0	0	0	0	0	0	0	0	0	0	0	0	0	0	0	0
k107_8765800 flag=0 multi=18.0008 len=214643	214643	17.7171	0	0	0.00765136	0.00985075	0	0	17.7095	26.3116	0	0	0	0	0	0	0	0	0	0	0	0	0	0	0	0
k107_13520896 flag=0 multi=16.5029 len=368459	368459	16.815	0	0	0.0129727	0.0231928	0.00285476	0.0030402	16.7991	24.8092	0	0	0	0	0	0	0	0	0	0	0	0	0	0	8.96357e-05	0.000366662
k107_32692371 flag=0 multi=23.0275 len=86047	86047	15.5398	0	0	0.0209108	0.0257931	0.00692752	0.00699869	15.512	22.4411	0	0	0	0	0	0	0	0	0	0	0	0	0	0	0	0
k107_11766826 flag=0 multi=19.3119 len=217555	217555	16.2303	0	0	0.0303655	0.09515	0.00865811	0.018356	16.1845	24.3067	0	0	0.004718	0.00873247	0	0	0	0	0	0	0.000685836	0.000694081	0.00135786	0.00200303	0	0
k107_258062 flag=0 multi=33.1589 len=16028	16028	13.9158	0	0	0.0188223	0.0188355	0	0	13.897	17.6097	0	0	0	0	0	0	0	0	0	0	0	0	0	0	0	0
k107_9893683 flag=0 multi=18.0053 len=37410	37410	16.791	0	0	0.00808451	0.0107625	0.00396141	0.00405208	16.779	21.7509	0	0	0	0	0	0	0	0	0	0	0	0	0	0	0	0
k107_17138384 flag=0 multi=32.2616 len=67370	67370	15.7417	0	0	0.0199946	0.0201856	0.0110038	0.0190308	15.7107	23.8443	0	0	0	0	0	0	0	0	0	0	0	0	0	0	0	0
k107_32396446 flag=0 multi=25.8961 len=179809	179809	17.345	0	0	0.00669055	0.00944216	0.0024623	0.0041063	17.3358	26.8154	0	0	0	0	0	0	0	0	0	0	0	0	0	0	0	0
k107_26952809 flag=0 multi=13.0011 len=43032	43032	15.0151	0	0	0.0126609	0.0230683	0.00353382	0.00352306	14.9989	24.5622	0	0	0	0	0	0	0	0	0	0	0	0	0	0	0	0
k107_11402358 flag=0 multi=13.0159 len=24365	24365	15.2787	0.0125504	0.0184567	0.037194	0.102906	0	0	15.229	21.7672	0	0	0	0	0	0	0	0	0	0	0	0	0	0	0	0
k107_26051049 flag=0 multi=18.0493 len=42116	42116	15.4511	0	0	0.0143732	0.0161869	0	0	15.4367	24.1639	0	0	0	0	0	0	0	0	0	0	0	0	0	0	0	0
k107_32359788 flag=0 multi=12.9475 len=7377	7377	15.1145	0	0	0	0	0	0	15.1145	24.2459	0	0	0	0	0	0	0	0	0	0	0	0	0	0	0	0
k107_33848989 flag=0 multi=19.1979 len=93908	93908	14.8064	0	0	0.0191654	0.025096	0.00322629	0.00389072	14.7792	23.7379	0.00322629	0.00556479	0.00160246	0.00160796	0	0	0	0	0	0	0	0	0	0	0	0
k107_30563382 flag=0 multi=31.4277 len=93969	93969	15.9972	0	0	0.0221957	0.0384387	0.00629891	0.00898697	15.9687	22.9983	0	0	0	0	0	0	0	0	0	0	0	0	0	0	0	0
k107_24705161 flag=0 multi=43.5842 len=8713	8713	16.4923	0	0	0	0	0	0	16.4923	24.5036	0	0	0	0	0	0	0	0	0	0	0	0	0	0	0	0
k107_27802618 flag=0 multi=17.0320 len=57104	57104	15.399	0	0	0.0289955	0.0463887	0	0	15.37	21.1066	0	0	0	0	0	0	0	0	0	0	0	0	0	0	0	0
k107_24278345 flag=0 multi=16.0088 len=73804	73804	16.9768	0	0	0.0162445	0.0217301	0.00201355	0.0020494	16.9585	25.4924	0	0	0	0	0	0	0	0	0	0	0	0	0	0	0	0
k107_30533655 flag=0 multi=39.1952 len=17699	17699	15.5851	0	0	0.139737	0.216258	0.0680577	0.129465	15.3773	23.7115	0	0	0	0	0	0	0	0	0	0	0	0	0	0	0	0
k107_33951202 flag=0 multi=21.0026 len=174157	174157	14.9108	0	0	0.00856461	0.0116775	0.0068793	0.00840623	14.8945	22.1046	5.75192e-06	5.75192e-06	0.000857036	0.00086732	0	0	0	0	0	0	0	0	0	0	0	0
k107_11602547 flag=0 multi=14.0468 len=57022	57022	15.1297	0	0	0.012976	0.0275203	0	0	15.1167	24.2461	0	0	0	0	0	0	0	0	0	0	0	0	0	0	0	0
k107_23898363 flag=0 multi=20.2177 len=144872	144872	15.113	0	0	0.0155011	0.0264746	0.00510479	0.00671896	15.0924	21.9924	0	0	0	0	0	0	0	0	0	0	0	0	0	0	0	0
k107_32449655 flag=0 multi=15.0009 len=176870	176870	16.5024	0	0	0.00420801	0.00720789	0.00421367	0.00547558	16.494	24.3564	0	0	0	0	0	0	0	0	0	0	0	0	0	0	0	0
k107_33621933 flag=0 multi=19.0007 len=371298	371298	15.9095	0	0	0.0201512	0.0461991	0.00263345	0.00268287	15.8867	22.8475	0	0	0	0	0	0	0	0	0	0	0	0	0	0	0	0
k107_27784792 flag=0 multi=15.0466 len=12390	12390	15.46	0	0	0	0	0.0247353	0.0349443	15.4353	20.4983	0	0	0	0	0	0	0	0	0	0	0	0	0	0	0	0
