contigName	contigLen	totalAvgDepth	Cen01_MA.bam	Cen01_MA.bam-var	Cen03_MA.bam	Cen03_MA.bam-var	Cen04_MA.bam	Cen04_MA.bam-var	Cen05_MA.bam	Cen05_MA.bam-var	Cen06_MA.bam	Cen06_MA.bam-var	Cen07_MA.bam	Cen07_MA.bam-var	Cen10_MA.bam	Cen10_MA.bam-var	Cen12_MA.bam	Cen12_MA.bam-var	Cen14_MA.bam	Cen14_MA.bam-var	Cen15_MA.bam	Cen15_MA.bam-var	Cen16_MA.bam	Cen16_MA.bam-var	Cen17_MA.bam	Cen17_MA.bam-var
k107_14211817 flag=0 multi=96.6304 len=3043	3043	125.075	0	0	0	0	0	0	0	0	0	0	0	0	52.3714	57.3654	28.4159	35.473	6.72419	8.56553	37.4535	20.431	0	0	0.110179	0.0980778
k107_11974631 flag=0 multi=79.9649 len=10204	10204	126.376	0	0	0.0304989	0.0295688	0	0	0	0	0	0	0	0	51.7096	64.0744	29.72	42.7492	7.96284	8.19176	36.9529	54.7482	0	0	0	0
k107_11895565 flag=0 multi=90.3719 len=90416	90416	126.068	0.00335131	0.00492897	0	0	0	0	0	0	0	0	0	0	52.6063	79.5621	29.5602	46.2808	7.46406	10.2369	36.4305	49.8099	0.00335131	0.00590595	0	0
k107_8664691 flag=0 multi=88.9167 len=13196	13196	125.565	0	0	0	0	0	0	0	0	0	0	0	0	53.2835	63.2864	30.4511	36.5381	7.14999	9.89702	34.68	43.1899	0	0	0	0
k107_32800081 flag=0 multi=78.9736 len=12902	12902	129.202	0	0	0	0	0	0	0	0	0	0	0	0	54.543	90.6671	31.3633	38.9734	7.05786	9.98037	36.2374	54.4919	0	0	0	0
k107_1712755 flag=0 multi=129.9781 len=12621	12621	128.248	0.024515	0.0239159	0	0	0	0	0	0	0	0	0	0	54.3598	70.176	30.6787	49.6566	7.00398	9.89292	36.1806	39.2617	0	0	0	0
k107_8313327 flag=0 multi=93.9728 len=41864	41864	125.85	0	0	0	0	0	0	0	0	0	0	0	0	52.8242	87.1131	30.1472	44.3103	7.27925	10.5881	35.5994	49.1987	0	0	0	0
k107_2234235 flag=0 multi=88.4066 len=56459	56459	127.599	0	0	0	0	0	0	0	0	0	0	0	0	53.9397	80.476	29.6803	48.6707	7.77331	10.3911	36.2057	51.0119	0	0	0	0
k107_28829696 flag=0 multi=106.5831 len=23774	23774	124.691	0	0	0	0	0	0	0	0	0	0	0	0	52.6407	75.1761	29.2405	41.2532	7.52705	10.1476	35.2829	48.8189	0	0	0	0
k107_32031869 flag=0 multi=81.0096 len=2815	2815	131.884	0	0	0	0	0	0	0	0	0	0	0	0	57.1624	67.2851	31.2762	31.7428	9.52845	13.3721	33.9172	63.3446	0	0	0	0
k107_297574 flag=0 multi=142.0326 len=24177	24177	131.367	0	0	0	0	0	0	0	0	0	0	0	0	54.9642	75.5311	30.8324	40.4897	8.1667	13.7205	37.4036	53.3082	0	0	0	0
k107_16926142 flag=0 multi=84.6140 len=2913	2913	128.179	0	0	0	0	0	0	0	0	0	0	0	0	54.0421	72.5741	31.3504	26.5978	8.71735	5.71979	34.0689	32.3972	0	0	0	0
k107_11478919 flag=0 multi=103.0920 len=11627	11627	130.49	0	0	0	0	0	0	0	0	0	0	0	0	54.5828	64.6468	32.1817	46.7814	7.27982	8.1566	36.4457	59.0448	0	0	0	0
k107_22252796 flag=0 multi=90.9145 len=31664	31664	126.701	0	0	0	0	0	0	0	0	0	0	0	0	53.0724	80.0518	30.1291	46.7942	7.46206	10.8345	36.0372	51.083	0	0	0	0
k107_739545 flag=0 multi=87.9026 len=10201	10201	125.846	0	0	0	0	0	0	0	0	0	0	0	0	51.8192	82.8691	30.5334	52.3245	7.70351	11.3419	35.7896	54.9486	0	0	0	0
k107_13823174 flag=0 multi=101.2840 len=92077	92077	127.097	0	0	0	0	0	0	0	0	0	0	0	0	52.8425	79.1141	30.2768	44.3802	7.20264	9.59361	36.7715	56.7582	0.00329066	0.00421026	0	0
k107_32470159 flag=0 multi=102.0935 len=85563	85563	127.413	0.00354206	0.00373639	0	0	0	0	0	0	0	0	0	0	53.1919	78.3058	29.905	43.1127	7.40886	11.6507	36.9036	54.9703	0	0	0	0
k107_20403698 flag=0 multi=82.2620 len=30482	30482	126.611	0.0100066	0.0164645	0	0	0	0	0	0	0	0	0	0	53.7502	72.5431	30.6927	51.3982	7.11541	10.9543	35.0428	49.1153	0	0	0	0
k107_13207469 flag=0 multi=78.3403 len=6737	6737	131.162	0	0	0	0	0	0	0	0	0	0	0	0	54.8803	77.2148	33.5441	40.7886	6.48687	5.24568	36.2508	48.1357	0	0	0	0
k107_22626092 flag=0 multi=97.0385 len=6672	6672	128.068	0	0	0	0	0	0	0	0	0	0	0	0	55.8121	84.7054	30.8909	40.393	7.16468	7.8617	34.2003	56.4596	0	0	0	0
k107_4757476 flag=0 multi=103.5502 len=59364	59364	128.445	0	0	0	0	0	0	0.00511327	0.00877245	0	0	0	0	54.6527	84.0453	30.557	40.2209	7.57838	10.8306	35.6519	47.9641	0	0	0	0
k107_14023672 flag=0 multi=95.6493 len=20735	20735	128.705	0	0	0	0	0	0	0	0	0	0	0	0	53.7199	86.4509	30.2817	37.9272	7.99951	13.8677	36.704	53.7866	0	0	0	0
k107_1411712 flag=0 multi=136.9078 len=9826	9826	131.991	0	0	0	0	0	0	0	0	0	0	0	0	54.5501	76.6486	31.719	40.6569	7.66548	9.83766	38.025	58.1175	0.0316044	0.040159	0	0
k107_17632084 flag=0 multi=115.8452 len=22180	22180	127.731	0	0	0	0	0	0	0	0	0	0	0	0	53.5863	68.3353	30.4984	52.9567	7.32828	9.31378	36.3184	40.5124	0	0	0	0
k107_6050975 flag=0 multi=108.9792 len=29056	29056	128.363	0	0	0	0	0	0	0	0	0	0	0	0	55.2771	74.3052	29.312	45.0498	7.23969	10.1303	36.5338	52.6863	0	0	0	0
k107_24042369 flag=0 multi=95.9838 len=44064	44064	125.213	0.00690096	0.0127998	0.00690096	0.0107024	0	0	0	0	0	0	0	0	53.4257	76.6951	29.4711	46.1356	6.9867	9.29604	35.3155	44.2344	0	0	0	0
k107_6242118 flag=0 multi=123.2513 len=48850	48850	127.148	0	0	0	0	0	0	0	0	0	0	0	0	53.4543	67.4825	30.0419	44.7766	7.35194	11.4321	36.2995	49.0359	0	0	0	0
k107_27761921 flag=0 multi=77.9448 len=8001	8001	122.872	0	0	0	0	0	0	0	0	0	0	0	0	51.1985	66.4083	29.6207	40.7008	6.51565	7.68496	35.537	57.7578	0	0	0	0
k107_25909021 flag=0 multi=91.5964 len=69355	69355	125.772	0	0	0	0	0	0	0	0	0	0	0	0	52.9953	70.7521	29.6075	43.7905	7.12739	9.81147	36.0413	48.496	0	0	0	0
k107_1297382 flag=0 multi=88.5865 len=90785	90785	126.762	0	0	0	0	0	0	0	0	0	0	0	0	53.5212	78.7421	29.6997	42.6645	7.12733	9.94963	36.4137	53.2514	0	0	0	0
k107_9392189 flag=0 multi=97.9154 len=90481	90481	128.916	0	0	0.00334889	0.00390888	0	0	0	0	0	0	0	0	54.1986	77.318	31.0191	43.5093	7.38445	10.5756	36.3068	54.7405	0.00334889	0.004666	0	0
k107_12870056 flag=0 multi=98.7621 len=6752	6752	126.417	0	0	0	0	0	0	0	0	0	0	0	0	53.4583	75.2859	30.3597	38.5099	7.57907	8.37934	35.0198	29.1114	0	0	0	0
k107_20951535 flag=0 multi=83.8610 len=9224	9224	132.216	0	0	0	0	0	0	0	0	0	0	0	0	54.8711	93.055	31.5801	52.4284	7.46369	8.72404	38.3015	61.2322	0	0	0	0
k107_20436436 flag=0 multi=87.0390 len=28011	28011	128.82	0.021798	0.0691119	0	0	0	0	0	0	0	0	0	0	54.6449	71.7559	29.7748	41.4177	7.32166	10.9457	37.0569	40.7283	0	0	0	0
k107_4625991 flag=0 multi=122.0703 len=38923	38923	131.646	0	0	0	0	0	0	0	0	0	0	0	0	56.1027	68.7286	31.1055	53.4855	7.86059	11.4916	36.5775	44.4593	0	0	0	0
k107_9460137 flag=0 multi=102.9630 len=39348	39348	128.47	0	0	0	0	0	0	0	0	0	0	0	0	53.9758	76.9833	30.7999	41.742	7.86206	9.66916	35.832	50.1081	0	0	0	0
k107_21884655 flag=0 multi=112.9885 len=24113	24113	127.462	0	0	0	0	0	0	0	0	0	0	0	0	52.5074	63.5512	30.9316	52.7168	6.97791	9.66844	37.0448	54.5337	0	0	0	0
k107_28476000 flag=0 multi=100.8309 len=24999	24999	126.571	0	0	0	0	0	0	0	0	0	0	0	0	54.1932	73.5562	30.4174	48.1216	7.00012	8.63927	34.9605	55.8946	0	0	0	0
k107_19582010 flag=0 multi=85.0387 len=25580	25580	128.146	0	0	0	0	0	0	0	0	0	0	0	0	55.0608	79.0833	29.6397	45.2729	7.69507	11.6689	35.7509	47.5346	0	0	0	0
k107_22452810 flag=0 multi=96.5597 len=31168	31168	127.433	0	0	0.00975183	0.0129257	0	0	0.00975183	0.00968612	0	0	0.00978423	0.0165558	53.6369	67.0368	29.9155	42.3344	7.55981	11.3385	36.292	55.3044	0	0	0	0
k107_7320700 flag=0 multi=106.0021 len=31144	31144	126.578	0	0	0	0	0	0	0	0	0	0	0	0	53.7765	75.8046	30.3827	42.002	7.42416	10.2452	34.9946	59.7088	0	0	0	0
k107_25370411 flag=0 multi=91.9845 len=23112	23112	126.962	0	0	0	0	0	0	0	0	0	0	0	0	52.956	77.9626	30.2953	37.4456	7.53827	11.8516	36.172	45.0338	0	0	0	0
k107_19183354 flag=0 multi=85.1199 len=4861	4861	128.088	0.0486949	0.0577423	0	0	0	0	0	0	0	0	0	0	52.0029	59.3621	30.5231	26.7	6.85742	8.66061	38.6554	30.2958	0	0	0	0
k107_30917993 flag=0 multi=105.0658 len=50820	50820	127.394	0	0	0	0	0	0	0	0	0	0	0	0	53.8216	77.5848	29.7576	41.6233	7.36047	10.5972	36.4541	51.2081	0	0	0	0
k107_23159919 flag=0 multi=90.1047 len=45424	45424	129.745	0	0	0.00669297	0.0132141	0	0	0	0	0	0	0	0	54.9183	73.6934	31.1299	44.5374	7.32474	9.84791	36.365	48.9441	0	0	0	0
k107_2468947 flag=0 multi=86.3369 len=41049	41049	128.368	0	0	0	0	0	0	0	0	0	0	0	0	54.4252	74.7369	30.4089	47.0461	7.1644	9.94549	36.3692	53.9479	0	0	0	0
k107_32322502 flag=0 multi=80.1473 len=6925	6925	122.536	0	0	0	0	0	0	0	0	0	0	0	0	51.7379	73.2886	29.2315	32.389	6.55383	7.91147	35.0128	46.0113	0	0	0	0
k107_24956686 flag=0 multi=80.9338 len=14959	14959	127.763	0	0	0	0	0	0	0	0	0	0	0	0	53.8122	91.3532	30.9562	47.3843	7.18476	10.762	35.8096	56.346	0	0	0	0
k107_9248471 flag=0 multi=112.4356 len=28996	28996	129.105	0	0	0	0	0	0	0	0	0	0	0	0	54.9231	77.3973	29.4892	37.7426	7.6929	10.0319	37.0001	53.7138	0	0	0	0
k107_25080641 flag=0 multi=93.1049 len=65462	65462	127.24	0	0	0.00463475	0.0085635	0	0	0	0	0	0	0	0	53.467	73.543	29.4903	42.9609	7.47227	11.0092	36.8052	55.9408	0	0	0	0
k107_21337977 flag=0 multi=124.0093 len=7330	7330	130.851	0	0	0	0	0	0	0	0	0	0	0	0	54.4661	70.6525	31.7786	43.8438	7.61369	11.5014	36.9923	42.3349	0	0	0	0
k107_20441099 flag=0 multi=86.0537 len=7283	7283	126.997	0	0	0	0	0	0	0	0	0	0	0	0	54.3242	82.5676	30.0079	33.1606	7.26185	9.19034	35.4034	42.3731	0	0	0	0
k107_9963461 flag=0 multi=82.8899 len=3531	3531	132.91	0	0	0	0	0	0	0.0910499	0.178362	0	0	0	0	56.4788	67.671	28.2852	28.2696	8.65221	11.7828	39.4023	62.2889	0	0	0	0
k107_8535975 flag=0 multi=78.9262 len=10991	10991	125.147	0	0	0	0	0	0	0	0	0	0	0	0	52.0321	54.7936	30.1558	32.8051	7.27739	10.9294	35.6822	38.0236	0	0	0	0
k107_6045242 flag=0 multi=113.3512 len=18574	18574	119.542	0	0	0	0	0	0	0	0	0	0	0	0	50.371	81.0377	28.9425	34.963	7.47937	11.5131	32.7494	43.6507	0	0	0	0
k107_27764410 flag=0 multi=108.3986 len=42150	42150	125.841	0	0	0	0	0	0	0	0	0	0	0	0	53.6426	77.045	29.6814	49.135	7.0401	10.125	35.4769	49.7898	0	0	0	0
k107_28371969 flag=0 multi=104.0739 len=76573	76573	129.18	0	0	0	0	0	0	0	0	0.00791913	0.0157848	0	0	54.7248	75.2969	30.1372	43.7084	7.35342	10.9674	36.9526	51.4655	0	0	0.00394645	0.00603013
k107_1177696 flag=0 multi=95.2155 len=20863	20863	126.764	0.014688	0.0144729	0	0	0	0	0	0	0	0	0	0	53.303	83.9157	30.3666	42.1686	7.68416	10.491	35.3952	57.7288	0	0	0	0
k107_28888481 flag=0 multi=92.5613 len=9959	9959	127.761	0	0	0.0916434	0.539457	0	0	0.0934037	0.545945	0.0362431	0.0777164	0.0785958	0.358396	53.3757	59.3758	31.2181	46.0575	6.39857	10.6436	36.389	45.9973	0.0338614	0.0649293	0.0460806	0.138857
k107_13316072 flag=0 multi=108.7580 len=14737	14737	126.981	0	0	0	0	0	0	0.0209214	0.0379356	0	0	0.0209214	0.0292143	52.4233	65.8484	30.5456	44.1869	7.60533	9.46709	36.3645	43.4684	0	0	0	0
k107_32539386 flag=0 multi=98.5324 len=74678	74678	128.371	0	0	0.00406045	0.00515824	0	0	0.00406045	0.00464387	0.0081209	0.0109032	0	0	53.7223	87.2993	30.6706	44.3675	7.20287	11.1329	36.7546	55.0158	0.004047	0.00563204	0	0
k107_21791109 flag=0 multi=86.4334 len=89894	89894	128.278	0	0	0	0	0	0	0	0	0	0	0	0	54.5151	72.6268	30.0931	46.21	7.22559	10.7438	36.4445	50.2435	0	0	0	0
k107_11787906 flag=0 multi=100.2980 len=74586	74586	125.453	0	0	0	0	0	0	0	0	0	0	0	0	52.8012	74.513	29.4587	46.5166	7.15866	10.1772	36.0344	47.585	0	0	0	0
k107_9461321 flag=0 multi=100.6331 len=3391	3391	130.742	0	0	0	0	0	0	0	0	0	0	0	0	54.8553	40.7237	30.2308	38.7039	8.51538	16.2759	37.1405	45.9356	0	0	0	0
k107_33927805 flag=0 multi=95.0000 len=39319	39319	127.423	0	0	0	0	0	0	0	0	0	0	0	0	53.2278	71.5725	29.994	43.9791	7.08909	9.81815	37.1119	54.5755	0	0	0	0
k107_13611233 flag=0 multi=84.5449 len=12535	12535	126.899	0	0	0	0	0	0	0	0	0	0	0	0	53.1641	56.8735	30.4981	47.7007	8.10325	15.392	35.1089	38.6199	0.0246056	0.0240801	0	0
k107_33982993 flag=0 multi=100.1583 len=7518	7518	125.592	0	0	0	0	0	0	0	0	0	0	0	0	52.0692	53.8552	29.4455	45.668	7.81167	8.34757	36.2655	52.2775	0	0	0	0
k107_30989958 flag=0 multi=85.9721 len=16477	16477	129.961	0	0	0	0	0	0	0	0	0	0	0	0	54.4706	86.7241	29.5131	37.0564	8.13212	11.9126	37.8448	53.5164	0	0	0	0
k107_18755550 flag=0 multi=80.0000 len=10651	10651	131.429	0	0	0	0	0	0	0	0	0	0	0	0	54.7602	76.4735	31.941	49.8937	7.40381	12.6421	37.3244	61.2779	0	0	0	0
k107_2218106 flag=0 multi=85.0122 len=22127	22127	124.981	0	0	0	0	0	0	0	0	0	0	0	0	51.4922	66.9572	30.8318	43.9527	6.52816	8.00536	36.129	49.3178	0	0	0	0
k107_29600383 flag=0 multi=88.4636 len=88289	88289	126.702	0	0	0	0	0	0	0	0	0	0	0	0	53.5791	68.8856	29.919	43.6586	7.40339	9.82219	35.7971	51.9353	0.00343233	0.00539649	0	0
k107_218227 flag=0 multi=93.7042 len=32666	32666	126.473	0	0	0	0	0	0	0	0	0	0	0	0	53.3906	71.1438	29.4431	42.9869	7.43663	10.5936	36.2027	48.8165	0	0	0	0
k107_25496905 flag=0 multi=103.8733 len=50248	50248	126.684	0	0	0	0	0	0	0	0	0	0	0	0	53.0175	72.4304	29.8182	38.807	7.08589	9.01956	36.7626	47.2575	0	0	0	0
k107_10737929 flag=0 multi=89.0464 len=15196	15196	131.496	0	0	0	0	0	0	0	0	0	0	0	0	55.2607	80.8595	30.6926	41.8459	8.1937	11.5875	37.3493	52.2462	0	0	0	0
k107_8539522 flag=0 multi=116.5551 len=18926	18926	126.409	0	0	0	0	0	0	0	0	0	0	0	0	54.219	81.1329	29.2514	40.5412	7.47535	10.3154	35.4632	55.4372	0	0	0	0
k107_24358963 flag=0 multi=87.9755 len=25477	25477	123.925	0	0	0	0	0	0	0	0	0	0	0	0	53.0335	69.0795	29.1616	37.7907	6.72139	8.73154	35.0089	50.1227	0	0	0	0
k107_3083362 flag=0 multi=88.3679 len=8536	8536	125.881	0	0	0	0	0	0	0	0	0	0	0	0	53.1448	83.917	28.9922	51.5015	7.00753	9.65137	36.7361	32.4305	0	0	0	0
k107_24869333 flag=0 multi=87.9209 len=10156	10156	125.441	0	0	0	0	0	0	0	0	0	0	0	0	53.0518	79.3981	31.1585	30.422	6.57824	9.45996	34.6523	34.5722	0	0	0	0
k107_6399248 flag=0 multi=165.5491 len=5266	5266	128.616	0	0	0	0	0	0	0	0	0	0	0	0	52.6714	67.148	32.3485	34.1133	6.28082	7.49015	37.3157	71.1463	0	0	0	0
k107_649756 flag=0 multi=92.6102 len=112510	112510	123.721	0	0	0	0	0	0	0	0	0	0	0	0	51.9152	75.2683	29.8071	45.466	6.7402	9.13762	35.2586	53.059	0	0	0	0
k107_16540898 flag=0 multi=102.9908 len=70328	70328	128.495	0	0	0	0	0	0	0	0	0	0	0	0	53.8811	82.7613	29.7223	42.0527	7.51641	11.8186	37.3708	55.2852	0.00431268	0.00430552	0	0
k107_6325385 flag=0 multi=152.8843 len=10299	10299	126.711	0	0	0	0	0	0	0	0	0	0	0	0	52.8011	80.8771	30.5901	39.5935	6.64769	8.21585	36.6722	44.1786	0	0	0	0
k107_20537348 flag=0 multi=84.8170 len=6243	6243	123.266	0	0	0	0	0	0	0	0	0	0	0	0	51.7001	58.7181	28.6815	50.4598	6.508	8.41383	36.3762	67.2723	0	0	0	0
k107_26210063 flag=0 multi=92.8741 len=9609	9609	125.839	0	0	0	0	0	0	0	0	0	0	0	0	52.9173	53.3821	29.4333	45.0453	7.41152	8.70773	36.0449	44.0645	0.0324487	0.0522559	0	0
k107_5578688 flag=0 multi=96.1222 len=12957	12957	124.665	0	0	0	0	0	0	0	0	0	0	0	0	53.6386	64.2174	30.132	36.6868	6.51403	7.25414	34.3576	73.1656	0.0222837	0.0322122	0	0
k107_25164596 flag=0 multi=97.4461 len=37273	37273	127.066	0	0	0	0	0	0	0	0	0	0	0	0	53.2966	70.9345	30.5778	42.0436	6.88153	9.42021	36.3097	51.0683	0	0	0	0
k107_8756698 flag=0 multi=79.9296 len=4470	4470	129.056	0	0	0	0	0	0	0	0	0	0	0	0	53.5437	42.7882	30.1747	47.3129	7.14995	6.73851	38.1874	54.8642	0	0	0	0
k107_17942701 flag=0 multi=124.8119 len=8517	8517	125.761	0.036762	0.0478263	0	0	0	0	0	0	0	0	0	0	54.1059	49.6972	29.2582	40.9549	6.6661	9.00413	35.6942	45.4157	0	0	0	0
k107_14034444 flag=0 multi=93.0469 len=12786	12786	128.271	0	0	0	0	0	0	0	0	0	0	0	0	54.339	73.151	31.1129	48.8448	7.22349	9.29114	35.5714	48.7122	0	0	0.024191	0.028571
k107_33144005 flag=0 multi=84.9567 len=14324	14324	129.443	0	0	0	0	0	0	0	0	0	0	0	0	55.0088	79.5152	29.8103	52.1116	7.99786	8.99452	36.6264	48.5658	0	0	0	0
k107_28190344 flag=0 multi=82.3890 len=17053	17053	128.746	0	0	0	0	0	0	0	0	0	0	0	0	54.041	71.3277	30.6185	33.7933	7.05707	10.6211	37.0297	62.0176	0	0	0	0
k107_32691386 flag=0 multi=107.5803 len=58932	58932	127.373	0	0	0	0	0	0	0	0	0	0	0	0	53.3766	74.5313	30.6436	45.4491	7.14339	9.3137	36.2091	55.0962	0	0	0	0
k107_32278980 flag=0 multi=118.9223 len=17797	17797	132.002	0	0	0	0	0	0	0	0	0	0	0	0	55.5263	97.622	31.353	44.3373	7.4563	9.84853	37.6668	44.5595	0	0	0	0
k107_1502004 flag=0 multi=91.1014 len=29509	29509	125.336	0	0	0	0	0	0	0	0	0	0	0	0	53.8776	79.5155	30.8579	47.5683	7.10169	10.3263	33.4984	51.8562	0	0	0	0
k107_20397237 flag=0 multi=126.9951 len=51513	51513	127.837	0.00589717	0.0073827	0	0	0	0	0	0	0	0	0	0	53.2794	66.4457	30.6732	37.7969	7.57531	11.1456	36.297	56.2374	0.00589717	0.00585916	0	0
k107_27299306 flag=0 multi=116.5293 len=33242	33242	128.85	0	0	0	0	0	0	0	0	0	0	0	0	53.6063	69.9144	30.9854	43.815	7.29205	9.73487	36.966	60.4489	0	0	0	0
k107_15463662 flag=0 multi=90.8986 len=20329	20329	128.551	0	0	0	0	0	0	0	0	0	0	0	0	54.35	68.8853	29.415	40.9689	7.28751	8.2633	37.4989	53.3608	0	0	0	0
k107_2277285 flag=0 multi=85.0542 len=49347	49347	128.142	0.00615761	0.0110956	0.00299725	0.00307014	0	0	0	0	0	0	0	0	53.525	84.3265	30.3787	42.1912	7.6324	10.8695	36.5963	51.8327	0	0	0	0
k107_7753170 flag=0 multi=86.9201 len=84889	84889	128.739	0	0	0	0	0	0	0	0	0	0	0	0	53.6809	79.8392	30.7396	44.1697	7.30511	10.5064	37.0136	56.549	0	0	0	0
k107_3670517 flag=0 multi=84.9986 len=63643	63643	126.157	0.00950411	0.0158319	0	0	0	0	0	0	0	0	0	0	53.1697	83.1234	30.0898	41.795	7.45797	11.1212	35.4305	51.0453	0	0	0	0
k107_19125101 flag=0 multi=126.1703 len=26007	26007	127.85	0	0	0	0	0	0	0	0	0	0	0	0	53.7877	69.2901	30.4878	40.215	7.10823	10.6946	36.4661	65.4874	0	0	0	0
k107_20173187 flag=0 multi=108.8346 len=22308	22308	126.758	0	0	0	0	0	0	0	0	0	0	0	0	53.148	76.3282	30.1318	40.1489	7.54417	9.26017	35.9341	42.4806	0	0	0	0
k107_16672941 flag=0 multi=76.0000 len=11791	11791	120.677	0	0	0	0	0	0	0	0	0	0	0	0	49.4657	73.3434	28.7199	37.1793	6.70546	9.11361	35.7857	46.5741	0	0	0	0
k107_20003751 flag=0 multi=81.0011 len=4587	4587	125.998	0	0	0	0	0	0	0	0	0	0	0	0	56.1407	48.8058	29.1354	36.2231	6.51132	5.74831	34.2107	42.2311	0	0	0	0
k107_12704018 flag=0 multi=127.0691 len=31179	31179	131.068	0	0	0	0	0	0	0	0	0	0	0	0	55.6161	79.3775	30.7175	47.3494	8.39972	10.3122	36.3348	46.5256	0	0	0	0
k107_5610340 flag=0 multi=83.0035 len=14829	14829	125.637	0	0	0	0	0	0	0	0	0	0	0	0	51.6746	63.2128	29.5152	45.1247	7.814	11.7639	36.633	53.1052	0	0	0	0
k107_15181805 flag=0 multi=176.9251 len=2990	2990	130.669	0	0	0	0	0	0	0	0	0	0	0	0	51.7749	29.8335	33.5212	37.6373	7.8497	10.5487	37.5234	44.543	0	0	0	0
k107_23085753 flag=0 multi=75.6032 len=8946	8946	130.145	0	0	0	0	0	0	0	0	0	0	0	0	56.5407	47.3125	30.8168	37.3021	6.46194	9.11512	36.3252	40.0455	0	0	0	0
k107_7373499 flag=0 multi=86.0247 len=46423	46423	126.819	0	0	0	0	0	0	0	0	0	0	0	0	52.652	74.9496	31.1471	46.4372	7.15327	9.71184	35.8664	51.542	0	0	0	0
k107_17409941 flag=0 multi=95.0395 len=103321	103321	128.804	0	0	0	0	0	0	0	0	0	0	0	0	54.267	71.6263	30.7117	43.8503	7.21505	10.2452	36.6068	54.8133	0.0029315	0.004259	0	0
k107_4862868 flag=0 multi=105.0301 len=47520	47520	129.005	0.00639587	0.00766745	0	0	0	0	0	0	0	0	0	0	54.6512	70.2683	30.2171	44.1357	7.34415	10.6855	36.7796	55.4686	0.00639587	0.00792204	0	0
k107_35679557 flag=0 multi=85.0170 len=48933	48933	125.862	0	0	0	0	0	0	0	0	0.00061689	0.00123343	0	0	53.4446	75.8304	29.6857	46.7193	7.27172	9.52992	35.4534	55.0485	0.00618947	0.00830895	0	0
k107_21410007 flag=0 multi=102.9190 len=131916	131916	132.279	0	0	0	0	0	0	0	0	0	0	0	0	56.304	76.2464	31.1811	45.3474	7.51228	10.8407	37.2817	50.4086	0	0	0	0
k107_10859046 flag=0 multi=84.9557 len=6535	6535	127.409	0	0	0	0	0	0	0	0	0	0	0	0	53.1816	63.34	30.5806	37.0738	7.81341	8.55765	35.833	58.9483	0	0	0	0
k107_33607507 flag=0 multi=88.0426 len=31025	31025	134.908	0.00982977	0.0153279	0	0	0	0	0	0	0	0	0	0	57.7652	84.2647	32.2333	48.7401	7.49738	9.50155	37.4026	56.0151	0	0	0	0
k107_10127573 flag=0 multi=81.9509 len=3853	3853	134.737	0	0	0	0	0	0	0	0	0	0	0	0	58.4086	55.647	30.6711	24.7879	7.95072	10.8778	37.7063	31.3148	0	0	0	0
k107_10694671 flag=0 multi=90.0077 len=13027	13027	124.665	0	0	0	0	0	0	0	0	0	0	0	0	52.904	72.8809	30.2605	46.0708	6.85022	8.28413	34.6268	39.589	0.0237328	0.0442301	0	0
k107_4779834 flag=0 multi=201.3462 len=3562	3562	138.332	0	0	0	0	0	0	0	0	0	0	0	0	57.6325	103.98	31.269	42.6239	10.1291	13.523	39.3012	43.1965	0	0	0	0
k107_32521233 flag=0 multi=92.9822 len=52041	52041	127.491	0	0	0	0	0	0	0	0	0	0	0	0	53.3183	72.7283	30.274	43.6941	7.42674	9.26668	36.4719	47.9089	0	0	0	0
k107_6464478 flag=0 multi=101.1535 len=34119	34119	130.684	0	0	0	0	0	0	0	0	0	0	0	0	54.4062	76.0386	31.2937	39.1968	7.38549	10.9122	37.599	47.9198	0	0	0	0
k107_33093256 flag=0 multi=77.0024 len=5104	5104	131.833	0	0	0	0	0	0	0	0	0	0	0	0	57.656	104.148	31.9994	43.3631	7.14077	9.59148	35.0373	64.9321	0	0	0	0
k107_11511836 flag=0 multi=106.7538 len=39776	39776	127.714	0	0	0	0	0	0	0	0	0.00765061	0.0100252	0	0	54.432	69.7217	30.8248	46.3868	7.02027	9.40283	35.4293	49.4544	0	0	0	0
k107_24911096 flag=0 multi=84.9270 len=6189	6189	125.225	0	0	0	0	0	0	0	0	0	0	0	0	50.1566	63.5262	30.858	36.7629	7.33667	9.41963	36.8736	50.8747	0	0	0	0
k107_30968301 flag=0 multi=140.9364 len=9387	9387	124.54	0	0	0	0	0	0	0	0	0	0	0	0	52.3543	72.9721	27.5064	40.1478	7.52295	11.2691	37.1563	55.5343	0	0	0	0
k107_3228477 flag=0 multi=105.7765 len=47363	47363	126.697	0	0	0	0	0	0	0	0	0	0	0	0	53.0084	74.8058	30.1357	41.8951	7.47844	9.17833	36.0708	46.5591	0.00314485	0.00318123	0	0
k107_20071620 flag=0 multi=285.4240 len=3218	3218	127.473	0	0	0	0	0	0	0	0	0	0	0	0	53.4726	99.6193	30.0799	36.636	7.82545	8.35957	36.0947	36.909	0	0	0	0
k107_22160710 flag=0 multi=108.8620 len=33729	33729	130.466	0	0	0	0	0	0	0	0	0.0355102	0.1565	0	0	54.1976	80.056	30.5516	51.2602	7.85027	13.4777	37.8312	49.4502	0	0	0	0
