contigName	contigLen	totalAvgDepth	Cen01_MA.bam	Cen01_MA.bam-var	Cen03_MA.bam	Cen03_MA.bam-var	Cen04_MA.bam	Cen04_MA.bam-var	Cen05_MA.bam	Cen05_MA.bam-var	Cen06_MA.bam	Cen06_MA.bam-var	Cen07_MA.bam	Cen07_MA.bam-var	Cen10_MA.bam	Cen10_MA.bam-var	Cen12_MA.bam	Cen12_MA.bam-var	Cen14_MA.bam	Cen14_MA.bam-var	Cen15_MA.bam	Cen15_MA.bam-var	Cen16_MA.bam	Cen16_MA.bam-var	Cen17_MA.bam	Cen17_MA.bam-var
k107_809397 flag=0 multi=13.0151 len=49406	49406	12.5155	0	0	0	0	0	0	0	0	0	0	0	0	0	0	0	0	0	0	12.1966	17.1085	0.318915	0.408419	0	0
k107_28833763 flag=0 multi=36.9953 len=26084	26084	12.2491	0	0	0	0	0	0	0	0	0	0	0	0	0	0	0	0	0	0	11.951	16.0174	0.298115	0.370647	0	0
k107_3211828 flag=0 multi=17.0025 len=55789	55789	13.3147	0.00544272	0.00627879	0	0	0	0	0	0	0	0	0	0	0	0	0	0	0	0	13.0039	18.6168	0.305369	0.35494	0	0
k107_1840901 flag=0 multi=13.7485 len=8900	8900	12.2787	0	0	0	0	0	0	0	0	0	0	0	0	0	0	0	0	0	0	11.9638	21.7447	0.314841	0.298327	0	0
k107_839409 flag=0 multi=13.0244 len=25458	25458	13.9655	0	0	0	0	0	0	0	0	0	0	0	0	0	0	0	0	0	0	13.72	18.0696	0.245548	0.268298	0	0
k107_1776939 flag=1 multi=13.0000 len=31219	31219	13.2929	0.00976809	0.0121956	0	0	0	0	0	0	0	0	0	0	0	0	0	0	0	0	12.9864	19.0529	0.296665	0.447052	0	0
k107_26460775 flag=1 multi=16.0000 len=4348	4348	15.1023	0	0	0	0	0	0	0	0	0	0	0	0	0	0	0	0	0	0	14.6547	14.7189	0.447603	0.44362	0	0
k107_7155163 flag=0 multi=16.1922 len=46220	46220	12.3249	0	0	0	0	0	0	0	0	0	0	0	0	0	0	0	0	0	0	12.063	14.6844	0.261858	0.331281	0	0
k107_9596045 flag=0 multi=15.0068 len=70768	70768	13.4246	0	0	0	0	0	0	0	0	0	0	0	0	0	0	0	0	0	0	13.0936	22.3336	0.331025	0.714354	0	0
k107_24041358 flag=0 multi=37.9957 len=19179	19179	13.3676	0	0	0	0	0	0	0	0	0	0	0	0	0	0	0	0	0	0	13.1202	19.0526	0.247444	0.298809	0	0
k107_8932488 flag=0 multi=15.0023 len=122462	122462	13.3191	0	0	0	0	0	0	0	0	0	0	0	0	0	0	0	0	0	0	13.1147	18.2645	0.204404	0.240012	0	0
k107_31345793 flag=0 multi=27.0083 len=42326	42326	13.085	0	0	0	0	0	0	0	0	0	0	0	0	0	0	0	0	0	0	12.8633	19.2452	0.221707	0.300762	0	0
k107_2245575 flag=0 multi=30.0895 len=3795	3795	9.75064	0	0	0	0	0	0	0	0	0	0	0	0	0	0	0	0	0	0	6.40052	13.5459	3.35013	5.40724	0	0
k107_19377800 flag=0 multi=38.0785 len=15632	15632	14.7648	0	0	0	0	0	0	0	0	0	0	0	0	0	0	0	0	0	0	14.3041	20.8126	0.460665	0.680252	0	0
k107_3609888 flag=0 multi=31.2048 len=55849	55849	13.1945	0	0	0	0	0	0	0	0	0	0	0	0	0	0	0	0	0	0	12.9343	18.1774	0.26023	0.337029	0	0
k107_21240735 flag=0 multi=12.0269 len=28831	28831	12.1547	0	0	0	0	0	0	0	0	0	0	0	0	0	0	0	0	0	0	11.8333	13.4242	0.321462	0.38904	0	0
k107_11586223 flag=0 multi=18.0001 len=55025	55025	12.7162	0	0	0	0	0	0	0	0	0	0	0	0	0	0	0	0	0	0	12.4157	16.3596	0.300459	0.381546	0	0
k107_7758367 flag=0 multi=19.4659 len=123101	123101	13.4488	0.000374596	0.000577892	0	0	0	0	0	0	0	0	0	0	0	0	0	0	0	0	13.1372	17.6431	0.311248	0.391191	0	0
k107_23455571 flag=0 multi=22.1754 len=25860	25860	14.2832	0	0	0	0	0	0	0	0	0.00301276	0.00315934	0	0	0	0	0	0	0	0	13.5326	21.2609	0.747515	1.45734	0	0
k107_2950224 flag=0 multi=28.4284 len=108204	108204	13.6363	0	0	0	0	0	0	0	0	0	0	0	0	0	0	0	0	0	0	13.3667	19.7998	0.269643	0.358658	0	0
k107_22152934 flag=0 multi=40.3636 len=33004	33004	14.0793	0	0	0	0	0	0	0	0	0	0	0	0	0	0	0	0	0	0	13.6896	18.943	0.38967	0.556927	0	0
k107_23642362 flag=0 multi=18.7097 len=52121	52121	13.4495	0	0	0	0	0	0	0	0	0	0	0	0	0	0	0	0	0	0	13.1446	19.7485	0.304888	0.365486	0	0
k107_26279671 flag=0 multi=17.0056 len=20361	20361	12.863	0	0	0	0	0	0	0	0	0	0	0	0	0	0	0	0	0	0	12.6379	20.2541	0.225136	0.338605	0	0
k107_17610568 flag=1 multi=25.9596 len=40959	40959	14.0521	0	0	0	0	0	0	0	0	0	0	0	0	0	0	0	0	0	0	13.771	23.75	0.281059	0.304966	0	0
k107_21245029 flag=0 multi=32.3755 len=43328	43328	13.1568	0	0	0	0	0	0	0	0	0	0	0	0	0	0	0	0	0	0	12.9053	18.7417	0.251476	0.313385	0	0
k107_6794617 flag=0 multi=76.9946 len=39201	39201	13.2461	0	0	0	0	0	0	0	0	0	0	0	0	0	0	0	0	0	0	12.9279	15.9524	0.318157	0.442114	0	0
k107_12423268 flag=0 multi=16.0161 len=38138	38138	12.8505	0	0	0	0	0	0	0	0	0	0	0	0	0	0	0	0	0	0	12.6674	15.8363	0.183106	0.252087	0	0
k107_24085349 flag=0 multi=45.9827 len=4613	4613	12.9005	0	0	0	0	0	0	0	0	0	0	0	0	0	0	0	0	0	0	12.3593	19.0027	0.541174	0.813589	0	0
k107_14205366 flag=0 multi=37.0118 len=17247	17247	12.6303	0	0	0	0	0	0	0	0	0	0	0	0	0	0	0	0	0	0	12.3406	17.4322	0.289761	0.425913	0	0
k107_26949254 flag=1 multi=22.1316 len=59036	59036	12.8831	0	0	0	0	0	0	0	0	0	0	0	0	0	0	0	0	0	0	12.6245	17.9095	0.25859	0.339341	0	0
k107_21657552 flag=0 multi=24.0903 len=9473	9473	12.3954	0	0	0	0	0	0	0	0	0	0	0	0	0	0	0	0	0	0	11.5347	26.4253	0.860648	1.84111	0	0
k107_15868663 flag=1 multi=22.0000 len=21617	21617	13.2403	0	0	0	0	0	0	0	0	0	0	0	0	0	0	0	0	0	0	13.0069	17.3873	0.233404	0.254962	0	0
k107_28725406 flag=0 multi=18.0422 len=8607	8607	13.3122	0	0	0	0	0	0	0	0	0	0	0	0	0	0	0	0	0	0	13.1017	20.1378	0.210476	0.230903	0	0
k107_2365988 flag=0 multi=19.0284 len=28130	28130	14.4079	0	0	0	0	0	0	0	0	0	0	0	0	0	0	0	0	0	0	14.028	20.4572	0.379869	0.403016	0	0
k107_13188788 flag=0 multi=18.0383 len=56626	56626	13.1792	0.00536184	0.00789014	0	0	0	0	0	0	0	0	0	0	0	0	0	0	0	0	12.9076	17.5874	0.266192	0.338087	0	0
k107_15720052 flag=1 multi=21.3804 len=82226	82226	13.842	0	0	0	0	0	0	0	0	0	0	0	0	0	0	0	0	0	0	13.5299	18.8164	0.312131	0.39128	0	0
k107_35616144 flag=0 multi=16.0028 len=17892	17892	12.8548	0	0	0	0	0	0	0	0	0	0	0	0	0	0	0	0	0	0	12.4557	18.0005	0.399147	0.432358	0	0
k107_31187528 flag=0 multi=16.1122 len=25225	25225	13.7482	0	0	0	0	0	0	0	0	0	0	0	0	0	0	0	0	0	0	13.4582	18.6798	0.290013	0.362245	0	0
k107_9323643 flag=0 multi=28.1333 len=12488	12488	13.1288	0	0	0	0	0	0	0	0	0	0	0	0	0	0	0	0	0	0	12.8597	17.3854	0.269079	0.322222	0	0
k107_24065387 flag=0 multi=22.4210 len=112116	112116	13.124	0	0	0.00270091	0.00369028	0	0	0	0	0	0	0	0	0	0	0	0	0	0	12.8264	16.201	0.294892	0.379277	0	0
k107_2566395 flag=0 multi=22.0015 len=36500	36500	13.2621	0	0	0.00828775	0.0127993	0	0	0	0	0	0	0	0	0	0	0	0	0	0	13.0331	20.5318	0.220675	0.252653	0	0
k107_19448935 flag=0 multi=13.2504 len=9348	9348	13.8673	0	0	0	0	0	0	0	0	0	0	0	0	0	0	0	0	0	0	13.4832	15.7879	0.384148	0.50302	0	0
k107_1942908 flag=0 multi=23.3965 len=72136	72136	13.3772	0	0	0	0	0	0	0	0	0.000612523	0.000612156	0	0	0	0	0	0	0	0	13.0771	19.1345	0.299468	0.34228	0	0
k107_5663281 flag=0 multi=13.6700 len=132210	132210	13.7498	0	0	0	0	0	0	0	0	0.00228947	0.00349281	0	0	0	0	0	0	0	0	13.4618	19.8289	0.285692	0.373575	0	0
k107_14547651 flag=1 multi=61.0000 len=14011	14011	13.1463	0	0	0	0	0	0	0	0	0.0157561	0.0363502	0	0	0	0	0	0	0	0	12.779	21.7171	0.351594	0.63246	0	0
k107_19892563 flag=0 multi=17.0179 len=34411	34411	13.8205	0	0	0	0	0	0	0	0	0	0	0	0	0	0	0	0	0	0	13.4228	20.0239	0.397637	0.47543	0	0
k107_25702333 flag=0 multi=30.8779 len=116215	116215	13.7289	0	0	0	0	0	0	0	0	0	0	0	0	0	0	0	0	0	0	13.4114	18.4668	0.317566	0.402402	0	0
k107_28793720 flag=0 multi=20.0289 len=9169	9169	13.7854	0	0	0	0	0	0	0	0	0	0	0	0	0	0	0	0	0	0	13.7005	17.6088	0.0849216	0.0946019	0	0
k107_7481694 flag=0 multi=14.1948 len=26106	26106	13.1878	0	0	0	0	0	0	0	0	0	0	0	0	0	0	0	0	0	0	12.9159	15.4335	0.271973	0.322417	0	0
k107_21380925 flag=1 multi=16.1157 len=5675	5675	13.9073	0	0	0	0	0	0	0	0	0	0	0	0	0	0	0	0	0	0	13.4759	15.1612	0.431416	0.680149	0	0
k107_14112989 flag=0 multi=10.1361 len=3185	3185	11.9646	0	0	0	0	0	0	0	0	0	0	0	0	0	0	0	0	0	0	11.8599	9.39139	0.104752	0.132677	0	0
k107_25211036 flag=0 multi=27.0045 len=50529	50529	13.875	0	0	0	0	0	0	0	0	0	0	0	0	0	0	0	0	0	0	13.6017	20.2375	0.273279	0.386369	0	0
k107_13573040 flag=0 multi=92.9396 len=6237	6237	11.6984	0	0	0	0	0	0	0	0	0	0	0	0	0	0	0	0	0	0	11.37	12.1659	0.328391	0.502959	0	0
k107_22012420 flag=0 multi=18.9254 len=36815	36815	13.8064	0	0	0	0	0	0	0	0	0	0	0	0	0	0	0	0	0	0	13.5466	17.3158	0.259825	0.309777	0	0
k107_31202531 flag=0 multi=10.0533 len=6691	6691	13.0178	0	0	0	0	0	0	0	0	0	0	0	0	0	0	0	0	0	0	12.9706	13.0577	0.0472687	0.0450406	0	0
k107_29437661 flag=0 multi=15.0658 len=73351	73351	13.5354	0	0	0	0	0	0	0	0	0	0	0	0	0	0	0	0	0	0	13.2701	18.481	0.265301	0.305818	0	0
k107_16641881 flag=0 multi=30.0353 len=57285	57285	13.6633	0	0	0	0	0	0	0	0	0	0	0	0	0	0	0	0	0	0	13.387	18.0834	0.276275	0.388871	0	0
k107_14203335 flag=0 multi=12.0485 len=11967	11967	12.922	0	0	0	0	0	0	0	0	0	0	0	0	0	0	0	0	0	0	12.7372	17.8658	0.184741	0.238576	0	0
k107_13572026 flag=0 multi=15.8677 len=108045	108045	13.3591	0	0	0	0	0	0	0	0	0	0	0	0	0	0	0	0	0	0	13.1454	17.7379	0.213694	0.265068	0	0
k107_28157552 flag=0 multi=18.6966 len=54964	54964	13.1948	0	0	0	0	0	0	0	0	0	0	0	0	0	0	0	0	0	0	12.9198	18.8328	0.274981	0.380834	0	0
k107_22956049 flag=1 multi=27.0000 len=5307	5307	14.7592	0	0	0	0	0	0	0	0	0	0	0	0	0	0	0	0	0	0	14.5782	23.7511	0.181019	0.202242	0	0
k107_14136573 flag=1 multi=13.1744 len=75739	75739	12.9015	0	0	0	0	0	0	0	0	0	0	0	0	0.0147938	0.055901	0	0	0.00629664	0.0102022	12.5614	17.111	0.319021	0.365766	0	0
k107_11759677 flag=0 multi=21.1887 len=6091	6091	13.9024	0	0	0.0205562	0.0206323	0	0	0	0	0	0	0	0	0	0	0	0	0	0	13.4624	16.9511	0.419416	0.884095	0	0
k107_34437391 flag=0 multi=16.0162 len=35306	35306	13.2455	0	0	0	0	0	0	0	0	0	0	0	0	0	0	0	0	0	0	12.9771	16.3224	0.268341	0.408464	0	0
k107_25483883 flag=0 multi=23.3025 len=5393	5393	12.8059	0	0	0	0	0	0	0	0	0	0	0	0	0	0	0	0	0	0	12.6284	15.9697	0.177568	0.244158	0	0
k107_6984500 flag=0 multi=12.0079 len=28032	28032	13.0438	0	0	0	0	0	0	0	0	0	0	0	0	0	0	0	0	0	0	12.7255	15.8334	0.318283	0.334312	0	0
k107_32631014 flag=0 multi=22.0014 len=20947	20947	14.1865	0	0	0	0	0	0	0	0	0	0	0	0	0	0	0	0	0	0	13.9612	17.6768	0.225381	0.250722	0	0
k107_4131598 flag=0 multi=22.0728 len=13502	13502	12.8825	0	0	0	0	0	0	0	0	0	0	0	0	0	0	0	0	0	0	12.621	16.3798	0.261515	0.408352	0	0
