contigName	contigLen	totalAvgDepth	Cen01_MA.bam	Cen01_MA.bam-var	Cen03_MA.bam	Cen03_MA.bam-var	Cen04_MA.bam	Cen04_MA.bam-var	Cen05_MA.bam	Cen05_MA.bam-var	Cen06_MA.bam	Cen06_MA.bam-var	Cen07_MA.bam	Cen07_MA.bam-var	Cen10_MA.bam	Cen10_MA.bam-var	Cen12_MA.bam	Cen12_MA.bam-var	Cen14_MA.bam	Cen14_MA.bam-var	Cen15_MA.bam	Cen15_MA.bam-var	Cen16_MA.bam	Cen16_MA.bam-var	Cen17_MA.bam	Cen17_MA.bam-var
k107_6788866 flag=0 multi=44.0000 len=8283	8283	33.0103	0	0	0.0739256	0.23753	0.0184187	0.0185593	0	0	0.0378399	0.0527035	32.8801	76.3614	0	0	0	0	0	0	0	0	0	0	0	0
k107_22745714 flag=0 multi=32.9889 len=3720	3720	35.7853	0	0	0.0482738	0.100685	0.0315974	0.0363471	0	0	0	0	35.7054	29.0759	0	0	0	0	0	0	0	0	0	0	0	0
k107_6394048 flag=0 multi=72.3101 len=6147	6147	36.9323	0	0	0.187682	0.243178	0.101112	0.139219	0	0	0	0	36.6435	60.8251	0	0	0	0	0	0	0	0	0	0	0	0
k107_12754842 flag=0 multi=86.1989 len=3636	3636	15.2289	0	0	0	0	1.29454	1.76331	0	0	0	0	13.9343	23.0311	0	0	0	0	0	0	0	0	0	0	0	0
k107_1807716 flag=0 multi=418.3242 len=3448	3448	13.2085	0	0	0	0	0.821678	1.53189	0	0	0.731405	0.973805	11.4116	52.0474	0	0	0.142403	0.157628	0	0	0	0	0.101399	0.0968698	0	0
k107_5639668 flag=0 multi=181.9412 len=6126	6126	40.5687	0	0	0.622253	0.890591	0.761848	1.68408	0.0168269	0.0170411	0	0	39.1678	52.4565	0	0	0	0	0	0	0	0	0	0	0	0
k107_9429981 flag=0 multi=36.4224 len=3547	3547	39.3193	0	0	0.0702619	0.131755	0.183359	0.218742	0	0	0	0	39.0656	51.9898	0	0	0	0	0	0	0	0	0	0	0	0
k107_1757765 flag=0 multi=44.2812 len=31071	31071	34.8534	0	0	0.0143651	0.020425	0.0644805	0.0991497	0	0	0.00477754	0.0048856	34.7698	52.5367	0	0	0	0	0	0	0	0	0	0	0	0
k107_34113147 flag=0 multi=90.2509 len=11832	11832	37.5886	0	0	0.0260191	0.0255042	0.154206	0.289465	0	0	0.0261925	0.0255001	37.3821	71.4325	0	0	0	0	0	0	0	0	0	0	0	0
k107_4720038 flag=0 multi=54.1811 len=59915	59915	33.3012	0	0	0.027494	0.0586552	0.0372234	0.0817895	0.00494858	0.00504386	0.015198	0.021015	33.2163	53.5844	0	0	0	0	0	0	0	0	0	0	0	0
k107_17134618 flag=0 multi=33.9379 len=40960	40960	32.4713	0.00742781	0.00998062	0.00828865	0.01075	0.00364012	0.00370152	0	0	0.0259482	0.0346194	32.426	50.5876	0	0	0	0	0	0	0	0	0	0	0	0
k107_1219016 flag=0 multi=45.1393 len=26490	26490	35.9816	0	0	0.0701466	0.17912	0.0998931	0.295642	0	0	0.0230258	0.0261225	35.7885	59.9963	0	0	0	0	0	0	0	0	0	0	0	0
k107_1919234 flag=0 multi=69.9248 len=65254	65254	34.0259	0	0	0.100644	0.160146	0.100382	0.208073	0.00226321	0.00231508	0.0185676	0.0309102	33.8041	54.5462	0	0	0	0	0	0	0	0	0	0	0	0
k107_19484799 flag=0 multi=115.1391 len=16227	16227	34.4581	0	0	0	0	0.0278179	0.0276418	0	0	0	0	34.4303	46.35	0	0	0	0	0	0	0	0	0	0	0	0
k107_1062738 flag=0 multi=30.7510 len=3789	3789	34.5776	0	0	1.26097	2.82118	0.135933	0.204116	0	0	0	0	33.1807	44.7148	0	0	0	0	0	0	0	0	0	0	0	0
k107_14416033 flag=0 multi=48.9957 len=18804	18804	36.1401	0	0	0.0644795	0.0784377	0.0320506	0.0576424	0	0	0.0486434	0.063745	35.995	55.4805	0	0	0	0	0	0	0	0	0	0	0	0
k107_29896060 flag=0 multi=32.3930 len=25148	25148	31.7011	0	0	0.0773163	0.118564	0.0750624	0.113221	0	0	0.0243097	0.030248	31.5123	48.471	0	0	0	0	0.0121549	0.020925	0	0	0	0	0	0
k107_3181946 flag=0 multi=39.0000 len=10397	10397	37.5348	0	0	0	0	0.0292224	0.0349586	0	0	0.0149579	0.0147406	37.4906	53.8624	0	0	0	0	0	0	0	0	0	0	0	0
k107_12311880 flag=0 multi=34.0033 len=16104	16104	33.6362	0	0	0.0657512	0.150336	0.0845463	0.176026	0	0	0	0	33.4859	43.5276	0	0	0	0	0	0	0	0	0	0	0	0
k107_35517610 flag=0 multi=29.2365 len=31149	31149	36.5875	0	0	0.0286576	0.0592055	0.052809	0.160164	0	0	0.00979025	0.016304	36.4962	50.6015	0	0	0	0	0	0	0	0	0	0	0	0
k107_8357171 flag=0 multi=43.0018 len=5547	5547	35.1125	0	0	0.056816	0.103078	0.0854147	0.132309	0	0	0	0	34.9703	57.0381	0	0	0	0	0	0	0	0	0	0	0	0
k107_11846674 flag=0 multi=59.0094 len=5538	5538	35.0413	0	0	0.112681	0.111618	0.0846066	0.123373	0	0	0	0	34.844	44.7699	0	0	0	0	0	0	0	0	0	0	0	0
k107_7062138 flag=0 multi=41.1380 len=15224	15224	34.0412	0	0	0.00991824	0.0100215	0.0394049	0.153876	0	0	0.0202386	0.0383434	33.9717	44.0368	0	0	0	0	0	0	0	0	0	0	0	0
k107_29529607 flag=0 multi=40.0366 len=7017	7017	37.3431	0	0	0.0440804	0.0563624	0	0	0	0	0	0	37.299	64.8467	0	0	0	0	0	0	0	0	0	0	0	0
k107_9041156 flag=0 multi=33.4599 len=15450	15450	37.4115	0	0	0.0197386	0.0195399	0.0981648	0.254595	0	0	0	0	37.2936	54.1796	0	0	0	0	0	0	0	0	0	0	0	0
k107_32571758 flag=0 multi=59.5800 len=13989	13989	33.3741	0	0	0.0774458	0.142188	0.140352	0.268764	0.00168043	0.00196893	0.0330971	0.0359505	33.1215	45.0526	0	0	0	0	0	0	0	0	0	0	0	0
k107_7685696 flag=0 multi=37.5021 len=2700	2700	32.025	0	0	0	0	0	0	0	0	0	0	32.025	60.1211	0	0	0	0	0	0	0	0	0	0	0	0
k107_35573174 flag=0 multi=61.0217 len=8827	8827	33.4962	0	0	0.0348387	0.0454341	0.192258	0.618028	0	0	0	0	33.2691	41.6531	0	0	0	0	0	0	0	0	0	0	0	0
k107_16299184 flag=0 multi=36.3427 len=5281	5281	34.2117	0.0602531	0.0790919	0.088572	0.12009	0.0299257	0.02941	0	0	0.121309	0.412796	33.9116	39.1897	0	0	0	0	0	0	0	0	0	0	0	0
k107_8874985 flag=0 multi=44.0392 len=25922	25922	34.4439	0	0	0.0578845	0.0688032	0.0519906	0.0987924	0	0	0.00589383	0.00585515	34.3281	52.1543	0	0	0	0	0	0	0	0	0	0	0	0
k107_22216119 flag=0 multi=116.1850 len=16002	16002	35.7887	0	0	0.0944586	0.10172	0.254204	0.866424	0	0	0	0	35.4401	50.689	0	0	0	0	0	0	0	0	0	0	0	0
k107_34884522 flag=0 multi=55.3371 len=6589	6589	35.909	0	0	0.0469222	0.0559258	0	0	0	0	0	0	35.8621	64.2398	0	0	0	0	0	0	0	0	0	0	0	0
k107_33653329 flag=0 multi=30.0282 len=15516	15516	34.269	0	0	0.0136716	0.0136124	0.0458788	0.0686881	0	0	0	0	34.2095	48.5534	0	0	0	0	0	0	0	0	0	0	0	0
k107_17164566 flag=0 multi=125.6931 len=3225	3225	32.9942	0	0	0	0	0.246322	0.415347	0	0	0	0	32.7479	37.8948	0	0	0	0	0	0	0	0	0	0	0	0
k107_32990593 flag=0 multi=48.6424 len=3049	3049	30.5595	0	0	0	0	0.10739	0.188199	0	0	0	0	30.4521	29.0195	0	0	0	0	0	0	0	0	0	0	0	0
k107_30039223 flag=0 multi=39.8350 len=39355	39355	31.9266	0	0	0.0671395	0.134524	0.0863186	0.20974	0	0	0.00770747	0.0135126	31.7655	50.6839	0	0	0	0	0	0	0	0	0	0	0	0
k107_33011848 flag=0 multi=36.0041 len=33969	33969	34.4348	0	0	0.0439897	0.0662328	0.0616331	0.0742945	0	0	0.0133959	0.0174978	34.3158	50.3501	0	0	0	0	0	0	0	0	0	0	0	0
k107_34026900 flag=0 multi=26.9964 len=9115	9115	34.1359	0	0	0.0507205	0.0612439	0	0	0	0	0	0	34.0852	47.4062	0	0	0	0	0	0	0	0	0	0	0	0
k107_33836756 flag=0 multi=43.1205 len=18757	18757	36.0532	0	0	0.216798	0.466491	0.102791	0.174582	0	0	0.00807369	0.00811498	35.7255	49.0874	0	0	0	0	0	0	0	0	0	0	0	0
k107_32446828 flag=0 multi=28.0082 len=12971	12971	35.2459	0	0	0.0353619	0.0344836	0.0532007	0.0959055	0	0	0	0	35.1573	42.5907	0	0	0	0	0	0	0	0	0	0	0	0
k107_28910248 flag=0 multi=41.0159 len=9243	9243	32.6123	0	0	0	0	0.0666592	0.0630012	0	0	0.0336651	0.0326287	32.512	59.0812	0	0	0	0	0	0	0	0	0	0	0	0
k107_29577544 flag=0 multi=72.9586 len=4692	4692	34.8897	0	0	0.169248	0.210346	0	0	0	0	0	0	34.7205	38.2746	0	0	0	0	0	0	0	0	0	0	0	0
k107_35688738 flag=1 multi=14.3537 len=2892	2892	12.8703	0	0	0	0	0	0	0	0	0	0	12.8703	63.8927	0	0	0	0	0	0	0	0	0	0	0	0
k107_32021546 flag=0 multi=36.2926 len=11498	11498	35.5444	0	0	0.0659164	0.0738006	0.0527867	0.054255	0	0	0	0	35.4257	53.6242	0	0	0	0	0	0	0	0	0	0	0	0
k107_31879013 flag=0 multi=51.0000 len=14185	14185	31.8741	0	0	0.161492	0.271243	0.127422	0.163059	0	0	0	0	31.5852	47.2708	0	0	0	0	0	0	0	0	0	0	0	0
k107_33809505 flag=0 multi=53.8676 len=9093	9093	36.6285	0	0	0.0844045	0.178354	0.110909	0.124903	0	0	0.0343533	0.0361434	36.3988	47.6896	0	0	0	0	0	0	0	0	0	0	0	0
k107_32343461 flag=0 multi=52.6181 len=6509	6509	34.7873	0	0	0	0	0.0473659	0.0862629	0	0	0	0	34.74	51.6691	0	0	0	0	0	0	0	0	0	0	0	0
k107_22593675 flag=0 multi=36.1132 len=12907	12907	31.7881	0	0	0.0239587	0.0332267	0	0	0	0	0	0	31.7641	44.1209	0	0	0	0	0	0	0	0	0	0	0	0
k107_25235231 flag=0 multi=29.8988 len=9917	9917	36.6729	0	0	0.0462819	0.0488545	0.0919397	0.171497	0	0	0	0	36.5347	45.0729	0	0	0	0	0	0	0	0	0	0	0	0
k107_23479759 flag=0 multi=199.0000 len=4437	4437	36.3516	0	0	0.106651	0.149839	0.14607	0.285545	0	0	0	0	36.0989	47.7201	0	0	0	0	0	0	0	0	0	0	0	0
k107_27851121 flag=0 multi=29.0146 len=9028	9028	34.7039	0	0	0.03438	0.0483104	0	0	0	0	0.0346092	0.0503768	34.6349	48.5043	0	0	0	0	0	0	0	0	0	0	0	0
k107_29172643 flag=0 multi=75.4215 len=6152	6152	36.2762	0	0	0	0	0.100684	0.144236	0	0	0	0	36.1756	59.3444	0	0	0	0	0	0	0	0	0	0	0	0
k107_21956304 flag=0 multi=53.8903 len=68565	68565	33.3107	0	0	0.0480055	0.067377	0.0955276	0.213527	0	0	0.019879	0.040392	33.1473	56.8679	0	0	0	0	0	0	0	0	0	0	0	0
k107_27367926 flag=0 multi=53.0139 len=22557	22557	36.8147	0	0	0.0160413	0.0161777	0.0603909	0.146406	0	0	0.02714	0.0400613	36.7111	49.2767	0	0	0	0	0	0	0	0	0	0	0	0
k107_6960422 flag=0 multi=65.7982 len=37253	37253	35.0145	0	0	0.0841655	0.271683	0.0689021	0.196783	0	0	0	0	34.8614	50.3264	0	0	0	0	0	0	0	0	0	0	0	0
k107_26748100 flag=0 multi=32.0662 len=7119	7119	31.5558	0	0	0.00689453	0.0135968	0.0707056	0.0948524	0	0	0.0221505	0.0216614	31.4561	31.2443	0	0	0	0	0	0	0	0	0	0	0	0
k107_20059023 flag=0 multi=38.4163 len=4181	4181	36.4609	0	0	0	0	0.0773395	0.0718151	0	0	0	0	36.3836	27.5428	0	0	0	0	0	0	0	0	0	0	0	0
k107_14931512 flag=0 multi=76.1973 len=18844	18844	37.1354	0	0	0.0480531	0.0681624	0.071729	0.0925177	0	0	0.0484845	0.0731298	36.9672	66.086	0	0	0	0	0	0	0	0	0	0	0	0
k107_19091539 flag=0 multi=70.7441 len=11316	11316	34.2504	0	0	0.0938805	0.165007	0.134828	0.224191	0	0	0	0	34.0217	47.7833	0	0	0	0	0	0	0	0	0	0	0	0
k107_16935141 flag=0 multi=29.0474 len=8230	8230	34.9068	0	0	0	0	0.094223	0.162347	0	0	0	0	34.8126	45.6127	0	0	0	0	0	0	0	0	0	0	0	0
k107_26010677 flag=0 multi=35.2010 len=11758	11758	35.3142	0	0	0.0261872	0.0406849	0.0130063	0.0130074	0	0	0	0	35.275	57.1809	0	0	0	0	0	0	0	0	0	0	0	0
k107_6987720 flag=0 multi=37.9883 len=5642	5642	31.4472	0	0	0	0	0.0561798	0.0533701	0	0	0	0	31.391	25.6748	0	0	0	0	0	0	0	0	0	0	0	0
k107_21557110 flag=0 multi=30.4548 len=5272	5272	35.6688	0	0	0.0899396	0.133566	0.0299799	0.0294634	0	0	0	0	35.5489	56.6733	0	0	0	0	0	0	0	0	0	0	0	0
k107_4323018 flag=0 multi=44.0025 len=29928	29928	35.2809	0	0	0.0250456	0.024835	0.0251131	0.0342265	0	0	0.02032	0.033012	35.2104	56.8234	0	0	0	0	0	0	0	0	0	0	0	0
k107_23256998 flag=0 multi=85.9985 len=13304	13304	36.7584	0	0	0.0457622	0.0533692	0.240501	0.496285	0	0	0	0	36.4722	53.9724	0	0	0	0	0	0	0	0	0	0	0	0
k107_17596149 flag=0 multi=38.9290 len=31984	31984	36.0432	0	0	0.140111	0.22119	0.0568146	0.159419	0.00899564	0.00917804	0	0	35.8373	53.0165	0	0	0	0	0	0	0	0	0	0	0	0
k107_20661352 flag=0 multi=44.7577 len=73974	73974	37.2986	0	0	0.0648415	0.175794	0.053711	0.121396	0	0	0.018338	0.0253426	37.1617	58.4839	0	0	0	0	0	0	0	0	0	0	0	0
k107_2345567 flag=0 multi=39.3961 len=33132	33132	33.4166	0	0	0.0409686	0.0556403	0.0134633	0.0225613	0	0	0.0091989	0.0139298	33.3529	49.9187	0	0	0	0	0	0	0	0	0	0	0	0
k107_20162887 flag=0 multi=49.2231 len=21655	21655	32.7937	0	0	0.062099	0.175096	0.103873	0.212097	0	0	0.0282864	0.0429381	32.5994	58.985	0	0	0	0	0	0	0	0	0	0	0	0
k107_23202769 flag=0 multi=40.1333 len=27454	27454	35.1046	0	0	0.0328153	0.038871	0.0983721	0.201374	0.00548763	0.00553015	0.0222451	0.0606428	34.9457	51.1863	0	0	0	0	0	0	0	0	0	0	0	0
k107_29592264 flag=0 multi=75.9765 len=11450	11450	36.2711	0	0	0.107553	0.105406	0.145856	0.301571	0	0	0	0	36.0177	53.1652	0	0	0	0	0	0	0	0	0	0	0	0
k107_19765433 flag=0 multi=57.4030 len=11268	11268	32.2991	0	0	0.0690316	0.0971713	0.0134051	0.0135771	0	0	0	0	32.2167	60.4757	0	0	0	0	0	0	0	0	0	0	0	0
k107_19215712 flag=0 multi=42.1843 len=4692	4692	36.0681	0	0	0	0	0.0676538	0.0955169	0	0	0	0	36.0005	60.4616	0	0	0	0	0	0	0	0	0	0	0	0
k107_23330134 flag=0 multi=33.0757 len=11133	11133	31.1895	0	0	0.068784	0.125264	0.166374	0.437241	0	0	0.0278829	0.0478005	30.9264	65.0611	0	0	0	0	0	0	0	0	0	0	0	0
k107_10452634 flag=0 multi=31.3576 len=12077	12077	34.5817	0	0	0.0124841	0.0126613	0.0382166	0.0898127	0	0	0	0	34.531	53.4479	0	0	0	0	0	0	0	0	0	0	0	0
k107_10390409 flag=0 multi=28.5160 len=3113	3113	36.5827	0	0	0	0	0	0	0	0	0	0	36.5827	35.8012	0	0	0	0	0	0	0	0	0	0	0	0
k107_25843122 flag=0 multi=64.0204 len=3693	3693	35.0917	0	0	0.4913	0.877231	0.34857	0.50788	0	0	0	0	34.2518	46.1797	0	0	0	0	0	0	0	0	0	0	0	0
k107_7400062 flag=0 multi=40.0026 len=6650	6650	37.9713	0	0	0.186515	0.19791	0.326244	1.31212	0	0	0.047574	0.0453176	37.411	52.7413	0	0	0	0	0	0	0	0	0	0	0	0
k107_24430542 flag=0 multi=89.1150 len=13257	13257	34.0006	0	0	0.298032	0.457006	0.0115785	0.0115209	0	0	0.0466229	0.130007	33.6444	53.9186	0	0	0	0	0	0	0	0	0	0	0	0
k107_9285493 flag=0 multi=42.0000 len=5329	5329	36.4683	0	0	0.297792	1.63082	0.0592799	0.0906984	0	0	0	0	36.1112	65.5766	0	0	0	0	0	0	0	0	0	0	0	0
k107_17882874 flag=0 multi=70.6695 len=22494	22494	33.7126	0	0	0.0400595	0.0478209	0.0757931	0.118089	0	0	0.00680425	0.00675801	33.5899	46.161	0	0	0	0	0	0	0	0	0	0	0	0
k107_30785161 flag=0 multi=67.0000 len=2941	2941	37.2042	0	0	0.112164	0.153227	0.125805	0.162703	0	0	0	0	36.9663	16.7211	0	0	0	0	0	0	0	0	0	0	0	0
k107_19752835 flag=0 multi=69.1243 len=22417	22417	37.1531	0	0	0.0401085	0.055678	0.0867737	0.14835	0	0	0.0273118	0.0342448	36.9989	63.2519	0	0	0	0	0	0	0	0	0	0	0	0
k107_9735013 flag=0 multi=48.9951 len=33419	33419	36.3019	0	0	0.0179062	0.0292937	0.116164	0.232457	0.004469	0.00453362	0.0182384	0.0331837	36.1452	52.8216	0	0	0	0	0	0	0	0	0	0	0	0
k107_26091002 flag=0 multi=112.3380 len=14214	14214	34.5129	0	0	0.0426251	0.0559159	0.0340713	0.0375446	0	0	0	0	34.4362	50.2125	0	0	0	0	0	0	0	0	0	0	0	0
k107_23508141 flag=0 multi=153.0433 len=2809	2809	34.7878	0	0	0	0	0	0	0	0	0	0	34.7878	34.4036	0	0	0	0	0	0	0	0	0	0	0	0
k107_8260209 flag=0 multi=44.4898 len=6446	6446	36.605	0	0	0.0722656	0.0959777	0.218424	0.866349	0	0	0.0486654	0.0639958	36.2656	58.3581	0	0	0	0	0	0	0	0	0	0	0	0
k107_9618273 flag=0 multi=79.9631 len=13853	13853	34.1086	0	0	0.0109217	0.0110186	0.0437606	0.0644481	0	0	0	0	34.0539	57.0456	0	0	0	0	0	0	0	0	0	0	0	0
k107_18415209 flag=0 multi=47.8351 len=31855	31855	35.099	0	0	0.112477	0.221531	0.032802	0.0522023	0	0	0.0095712	0.0132197	34.9442	48.4815	0	0	0	0	0	0	0	0	0	0	0	0
k107_18885661 flag=0 multi=51.0000 len=12046	12046	37.1443	0	0	0.101413	0.164529	0.101839	0.158998	0	0	0	0	36.9411	61.3695	0	0	0	0	0	0	0	0	0	0	0	0
k107_34030027 flag=0 multi=42.1282 len=51614	51614	34.2467	0	0	0.0666316	0.197653	0.0722443	0.14266	0	0	0	0	34.1079	47.6389	0	0	0	0	0	0	0	0	0	0	0	0
k107_7090785 flag=0 multi=62.0132 len=15986	15986	34.2807	0	0	0.0853099	0.0914634	0.0660546	0.111549	0	0	0.0171512	0.018516	34.1122	51.5573	0	0	0	0	0	0	0	0	0	0	0	0
k107_28911721 flag=0 multi=37.4141 len=9892	9892	33.9216	0	0	0.0464025	0.0671176	0.41877	1.07949	0	0	0.0623566	0.106368	33.3941	42.869	0	0	0	0	0	0	0	0	0	0	0	0
k107_6384195 flag=0 multi=92.9912 len=14382	14382	33.9876	0	0	0.0424716	0.0622194	0.0104403	0.0106131	0	0	0	0	33.9347	74.6166	0	0	0	0	0	0	0	0	0	0	0	0
k107_3957825 flag=0 multi=97.2104 len=5753	5753	33.1543	0	0	0.0816364	0.16245	0.189507	0.329546	0	0	0	0	32.8831	35.3669	0	0	0	0	0	0	0	0	0	0	0	0
k107_18274400 flag=0 multi=25.6955 len=3490	3490	32.8711	0	0	0.138959	0.167129	0	0	0	0	0	0	32.7321	43.4027	0	0	0	0	0	0	0	0	0	0	0	0
k107_16564115 flag=0 multi=32.5692 len=15957	15957	37.9847	0	0	0.114149	0.217746	0	0	0	0	0	0	37.8706	48.5574	0	0	0	0	0	0	0	0	0	0	0	0
k107_14184837 flag=0 multi=83.8244 len=38400	38400	34.5628	0	0	0.171741	0.403708	0.0933645	0.157395	0	0	0.0196336	0.0219804	34.2781	56.6501	0	0	0	0	0	0	0	0	0	0	0	0
k107_15580411 flag=0 multi=45.0051 len=8929	8929	36.1291	0	0	0	0	0.0856613	0.145943	0	0	0	0	36.0435	64.9622	0	0	0	0	0	0	0	0	0	0	0	0
k107_2378159 flag=0 multi=25.7041 len=6105	6105	32.045	0	0	0.0777184	0.108183	0.101499	0.119094	0	0	0	0	31.8658	39.3899	0	0	0	0	0	0	0	0	0	0	0	0
k107_13986712 flag=0 multi=66.3401 len=15803	15803	32.0339	0	0	0.0286433	0.0414041	0.11296	0.267422	0	0	0.0194826	0.0301933	31.8728	51.4243	0	0	0	0	0	0	0	0	0	0	0	0
k107_20131355 flag=0 multi=69.1751 len=11946	11946	34.5336	0	0	0.114823	0.20088	0.0761766	0.0918636	0	0	0	0	34.3426	45.2543	0	0	0	0	0	0	0	0	0	0	0	0
k107_1975963 flag=0 multi=33.0000 len=12517	12517	36.3287	0	0	0.0483831	0.053064	0.0489562	0.0637052	0	0	0.01228	0.01221	36.2191	49.2547	0	0	0	0	0	0	0	0	0	0	0	0
k107_13587511 flag=0 multi=62.8761 len=21331	21331	34.2832	0	0	0.10457	0.259228	0.0562556	0.0794437	0	0	0.0143611	0.0171106	34.108	54.7485	0	0	0	0	0	0	0	0	0	0	0	0
k107_4681269 flag=0 multi=29.3748 len=11521	11521	36.2424	0	0	0.0131919	0.0132794	0.165345	0.603414	0	0	0.0269186	0.0520553	36.0237	74.1778	0.0131919	0.0132799	0	0	0	0	0	0	0	0	0	0
k107_33598415 flag=0 multi=55.7637 len=31751	31751	33.29	0	0	0.0520525	0.100997	0.0472511	0.0535403	0	0	0.028745	0.0428768	33.162	51.755	0	0	0	0	0	0	0	0	0	0	0	0
k107_16391406 flag=0 multi=29.0666 len=27108	27108	33.2131	0	0	0.0863613	0.168362	0.088525	0.153147	0	0	0.00552115	0.0056007	33.0327	54.8973	0	0	0	0	0	0	0	0	0	0	0	0
k107_7826046 flag=0 multi=77.5661 len=15264	15264	34.3509	0	0	0.0100254	0.00999504	0.0197166	0.019773	0	0	0.0302099	0.0396545	34.2909	52.465	0	0	0	0	0	0	0	0	0	0	0	0
k107_7072486 flag=0 multi=56.1596 len=44650	44650	34.2098	0	0	0.0370704	0.0533362	0.0100343	0.0101018	0	0	0.0101019	0.0112349	34.1526	51.8125	0	0	0	0	0	0	0	0	0	0	0	0
k107_33604236 flag=0 multi=233.0000 len=3383	3383	39.4813	0	0	0.19247	0.327135	0.483285	1.67921	0	0	0	0	38.8056	60.7524	0	0	0	0	0	0	0	0	0	0	0	0
k107_7098906 flag=0 multi=29.0759 len=24167	24167	36.5221	0	0	0.206998	0.56731	0.217683	0.547445	0	0	0	0	36.0974	59.4534	0	0	0	0	0	0	0	0	0	0	0	0
k107_22319265 flag=0 multi=28.0287 len=5575	5575	36.2137	0	0	0.113218	0.107895	0.056135	0.0539989	0	0	0	0	36.0444	36.9335	0	0	0	0	0	0	0	0	0	0	0	0
k107_16886613 flag=0 multi=30.1136 len=6976	6976	36.6624	0	0	0.044501	0.0432072	0.0993407	0.220579	0	0	0	0	36.5186	84.8881	0	0	0	0	0	0	0	0	0	0	0	0
k107_13302111 flag=0 multi=78.4718 len=7029	7029	36.0618	0	0	0.0816114	0.177552	0.195778	0.40792	0	0	0	0	35.7845	56.7514	0	0	0	0	0	0	0	0	0	0	0	0
k107_18179382 flag=0 multi=34.9777 len=6513	6513	34.9768	0	0	0.119304	0.150917	0.237965	0.336037	0	0	0	0	34.6195	38.1819	0	0	0	0	0	0	0	0	0	0	0	0
k107_9455373 flag=0 multi=31.4406 len=3927	3927	36.779	0	0	0	0	0.00993103	0.0109157	0	0	0.0833103	0.154771	36.6858	45.1452	0	0	0	0	0	0	0	0	0	0	0	0
k107_18584546 flag=0 multi=54.2200 len=4516	4516	32.3666	0	0	0.176317	0.225577	0.537257	0.600837	0	0	0	0	31.6531	52.0659	0	0	0	0	0	0	0	0	0	0	0	0
k107_4479398 flag=0 multi=49.9480 len=39676	39676	34.5993	0	0	0.0187941	0.0379059	0.0528267	0.160827	0.00767004	0.0125391	0.0153401	0.0332952	34.5046	67.1989	0	0	0	0	0	0	0	0	0	0	0	0
k107_19108226 flag=0 multi=28.0049 len=11283	11283	34.2584	0	0	0.0268646	0.0267542	0.0268646	0.0267541	0	0	0	0	34.2046	65.7626	0	0	0	0	0	0	0	0	0	0	0	0
k107_557197 flag=0 multi=38.0627 len=17329	17329	33.9449	0	0	0.122335	0.188126	0.113291	0.203547	0	0	0	0	33.7093	52.1752	0	0	0	0	0	0	0	0	0	0	0	0
k107_8789573 flag=0 multi=46.6645 len=57000	57000	35.8591	0	0	0.0548167	0.0984499	0.0755935	0.117377	0	0	0.0238456	0.037795	35.7049	63.5934	0	0	0	0	0	0	0	0	0	0	0	0
k107_8152915 flag=0 multi=52.3313 len=2929	2929	36.2075	0	0	0.175485	0.506719	0	0	0	0	0	0	36.032	64.8184	0	0	0	0	0	0	0	0	0	0	0	0
k107_29151839 flag=0 multi=30.0520 len=4488	4488	34.888	0	0	0	0	0.0353559	0.0347777	0	0	0.14429	0.26784	34.7083	29.1437	0	0	0	0	0	0	0	0	0	0	0	0
k107_10453290 flag=0 multi=86.9775 len=15117	15117	35.3255	0	0	0.080324	0.110775	0.0799865	0.119822	0	0	0.0203172	0.0233499	35.1449	48.8631	0	0	0	0	0	0	0	0	0	0	0	0
k107_6820941 flag=0 multi=44.0104 len=13506	13506	34.4981	0	0	0.0452893	0.0537963	0	0	0	0	0	0	34.4528	49.5234	0	0	0	0	0	0	0	0	0	0	0	0
k107_2104455 flag=0 multi=27.1866 len=2562	2562	37.1562	0	0	0.0654867	0.0623816	0.320796	0.792595	0	0	0	0	36.7699	93.8021	0	0	0	0	0	0	0	0	0	0	0	0
k107_25126199 flag=0 multi=84.8525 len=8760	8760	35.3775	0	0	0.0524947	0.0651223	0.0781509	0.103463	0	0	0	0	35.2469	50.163	0	0	0	0	0	0	0	0	0	0	0	0
k107_28016694 flag=0 multi=34.6298 len=9686	9686	36.0071	0	0	0.0316496	0.0311519	0.0632992	0.0824028	0	0	0.0159847	0.0158342	35.8962	65.1199	0	0	0	0	0	0	0	0	0	0	0	0
k107_24015751 flag=0 multi=39.0029 len=15153	15153	31.7696	0	0	0.0539358	0.0726292	0.072049	0.107732	0	0	0.0506363	0.080562	31.593	39.5417	0	0	0	0	0	0	0	0	0	0	0	0
k107_15048085 flag=0 multi=98.4964 len=4575	4575	39.9963	0	0	0.0344021	0.0340975	0	0	0	0	0	0	39.9619	38.919	0	0	0	0	0	0	0	0	0	0	0	0
k107_29517915 flag=0 multi=42.9961 len=42900	42900	34.2446	0	0	0.031363	0.0430028	0.0104465	0.0127315	0	0	0.0141791	0.0214995	34.1886	57.2926	0	0	0	0	0	0	0	0	0	0	0	0
k107_31200388 flag=0 multi=41.9951 len=16499	16499	35.7566	0	0	0.0732234	0.0690223	0.100142	0.297153	0	0	0.00932271	0.00923928	35.5739	47.0591	0	0	0	0	0	0	0	0	0	0	0	0
k107_12650238 flag=0 multi=38.6414 len=12461	12461	35.3092	0	0	0.0733613	0.125861	0.0488527	0.0746727	0	0	0	0	35.1869	53.0841	0	0	0	0	0	0	0	0	0	0	0	0
k107_1463907 flag=0 multi=38.3589 len=12315	12315	34.0055	0	0	0.420628	0.685356	0.0738367	0.0940484	0	0	0.0377091	0.0535971	33.4733	57.3308	0	0	0	0	0	0	0	0	0	0	0	0
k107_22682567 flag=0 multi=70.4556 len=14566	14566	37.4478	0	0	0.0626052	0.062007	0.103688	0.140533	0	0	0	0	37.2815	55.2893	0	0	0	0	0	0	0	0	0	0	0	0
k107_439601 flag=0 multi=49.6374 len=36394	36394	34.9555	0	0	0.0534467	0.0787943	0.038485	0.0553647	0	0	0	0	34.8636	51.467	0	0	0	0	0	0	0	0	0	0	0	0
k107_28824889 flag=0 multi=50.9268 len=5203	5203	34.1243	0	0	0	0	0	0	0	0	0	0	34.1243	30.566	0	0	0	0	0	0	0	0	0	0	0	0
k107_3772785 flag=0 multi=36.3620 len=25617	25617	32.5909	0	0	0.0824017	0.129733	0.0587794	0.0852376	0	0	0.0238594	0.0338673	32.4258	43.4888	0	0	0	0	0	0	0	0	0	0	0	0
k107_14205174 flag=0 multi=159.8012 len=5187	5187	36.7298	0	0	0.0616172	0.101828	0.0904811	0.241804	0	0	0.0618219	0.0891271	36.5159	76.6772	0	0	0	0	0	0	0	0	0	0	0	0
k107_4942344 flag=0 multi=27.9159 len=4804	4804	34.8494	0	0	0.0326522	0.0324242	0.295646	0.767983	0	0	0	0	34.5211	60.7922	0	0	0	0	0	0	0	0	0	0	0	0
k107_27986924 flag=0 multi=41.1406 len=16687	16687	36.9368	0	0	0.0452243	0.0566561	0.0724443	0.127129	0	0	0.0551724	0.0807996	36.7639	50.8209	0	0	0	0	0	0	0	0	0	0	0	0
k107_16267934 flag=0 multi=41.9306 len=61310	61310	34.6525	0	0	0.038831	0.0473556	0.0659586	0.105741	0	0	0.0148341	0.0164747	34.5329	52.9686	0	0	0	0	0	0	0	0	0	0	0	0
k107_41622 flag=0 multi=33.2371 len=17043	17043	35.0246	0	0	0.0175617	0.0288324	0	0.000119446	0	0	0	0	35.007	67.8763	0	0	0	0	0	0	0	0	0	0	0	0
k107_4299457 flag=0 multi=27.9993 len=3022	3022	35.0096	0	0	0	0	0.163235	0.13886	0	0	0	0	34.8463	49.6642	0	0	0	0	0	0	0	0	0	0	0	0
k107_2450639 flag=0 multi=124.4290 len=16878	16878	35.645	0	0	0.189551	0.43423	0.241433	0.495736	0.0266651	0.0265703	0	0	35.1873	45.8029	0	0	0	0	0	0	0	0	0	0	0	0
k107_11543995 flag=0 multi=32.7671 len=3546	3546	32.959	0	0	0	0	0.0194205	0.0199374	0	0	0	0	32.9396	34.1411	0	0	0	0	0	0	0	0	0	0	0	0
k107_18797473 flag=0 multi=44.0347 len=6759	6759	32.179	0	0	0.0811522	0.0870738	0.0689175	0.178315	0	0	0.0935419	0.118878	31.9354	58.4869	0	0	0	0	0	0	0	0	0	0	0	0
k107_22323667 flag=0 multi=35.9891 len=14400	14400	34.102	0	0	0.15754	0.185511	0.304369	1.42131	0	0	0	0	33.6401	57.2638	0	0	0	0	0	0	0	0	0	0	0	0
k107_1765703 flag=0 multi=34.9065 len=10829	10829	36.1415	0	0	0.0564263	0.175884	0.0323929	0.0378186	0	0	0	0	36.0527	62.6043	0	0	0	0	0	0	0	0	0	0	0	0
