contigName	contigLen	totalAvgDepth	Cen01_MA.bam	Cen01_MA.bam-var	Cen03_MA.bam	Cen03_MA.bam-var	Cen04_MA.bam	Cen04_MA.bam-var	Cen05_MA.bam	Cen05_MA.bam-var	Cen06_MA.bam	Cen06_MA.bam-var	Cen07_MA.bam	Cen07_MA.bam-var	Cen10_MA.bam	Cen10_MA.bam-var	Cen12_MA.bam	Cen12_MA.bam-var	Cen14_MA.bam	Cen14_MA.bam-var	Cen15_MA.bam	Cen15_MA.bam-var	Cen16_MA.bam	Cen16_MA.bam-var	Cen17_MA.bam	Cen17_MA.bam-var
k107_32952376 flag=0 multi=40.0266 len=20129	20129	50.1256	0	0	0.0152318	0.0234783	0	0	0	0	0	0	0	0	32.3887	37.9161	17.7217	26.2817	0	0	0	0	0	0	0	0
k107_26750116 flag=0 multi=41.0017 len=8241	8241	50.194	0	0	0	0	0	0	0	0	0	0	0	0	32.3732	41.4831	17.8208	27.4848	0	0	0	0	0	0	0	0
k107_32994488 flag=0 multi=48.2368 len=116800	116800	58.6817	0.00259232	0.00309655	0	0	0	0	0	0	0.00259232	0.00339007	0	0	37.9016	57.0833	20.7724	35.5658	0.00257515	0.0041975	0	0	0	0	0	0
k107_19562545 flag=0 multi=39.0045 len=95679	95679	49.0738	0.0031559	0.00616875	0.00316638	0.00453629	0	0	0	0	0	0	0	0	30.8088	40.1579	18.2571	28.7005	0.00158319	0.00157863	0	0	0	0	0	0
k107_1270896 flag=0 multi=40.9227 len=85254	85254	50.9075	0	0	0	0	0	0	0	0	0.00355495	0.00586297	0	0	32.8128	46.127	18.0841	27.0769	0.00354318	0.00353494	0.00348432	0.00707377	0	0	0	0
k107_3802136 flag=0 multi=46.0117 len=81814	81814	56.4364	0.00370498	0.00501173	0	0	0	0	0	0	0.00740995	0.00959311	0	0	36.2405	58.0784	20.1848	30.1155	0	0	0	0	0	0	0	0
k107_12413069 flag=0 multi=42.1418 len=12511	12511	53.7024	0	0	0	0	0	0	0	0	0	0	0	0	34.9927	56.8155	18.7097	33.6755	0	0	0	0	0	0	0	0
k107_29800254 flag=0 multi=40.2215 len=71835	71835	49.0815	0	0	0	0	0	0	0.00420785	0.00838036	0	0	0	0	31.139	50.7833	17.9383	28.4234	0	0	0	0	0	0	0	0
k107_20374746 flag=0 multi=44.0413 len=22809	22809	52.3487	0	0	0	0	0	0	0	0	0	0	0	0	34.0006	38.6928	18.3349	29.7569	0.0132403	0.0181277	0	0	0	0	0	0
k107_2142649 flag=0 multi=46.6616 len=189866	189866	54.4209	0	0	0.00397755	0.00900335	0	0	0.000775464	0.000795521	0.00318626	0.00467697	0.00158785	0.00192639	34.987	48.5579	19.422	31.8166	0.000786014	0.000795525	0.00159313	0.00267721	0	0	0	0
k107_2975121 flag=0 multi=52.0616 len=30827	30827	50.5195	0	0	0.00989353	0.0101837	0	0	0	0	0	0	0	0	32.3143	39.7918	18.1953	25.6625	0	0	0	0	0	0	0	0
k107_5476819 flag=0 multi=35.9981 len=163542	163542	44.957	0	0	0	0	0	0	0	0	0.00555011	0.00656742	0	0	28.6762	39.8132	16.2752	24.7109	0	0	0	0	0	0	0	0
k107_12790642 flag=0 multi=38.7441 len=42479	42479	47.5134	0	0	0	0	0	0	0	0	0	0	0	0	29.2621	42.4109	18.2476	29.3575	0.00358015	0.00356867	0	0	0	0	0	0
k107_27009875 flag=0 multi=42.9705 len=9178	9178	46.5568	0	0	0	0	0	0	0	0	0.0335737	0.0502549	0	0	29.5317	34.9669	16.9916	21.0696	0	0	0	0	0	0	0	0
k107_11095366 flag=0 multi=36.0569 len=43324	43324	43.4552	0	0	0	0	0	0	0	0	0	0	0	0	28.5828	38.3329	14.8689	21.5668	0.00348659	0.00349998	0	0	0	0	0	0
k107_11050984 flag=0 multi=39.1201 len=54894	54894	48.1394	0	0	0	0	0	0	0	0	0.0110089	0.0184885	0	0	30.9815	38.2379	17.1359	24.9879	0.0110456	0.0142752	0	0	0	0	0	0
k107_12019476 flag=0 multi=38.9980 len=23062	23062	48.2844	0	0	0	0	0	0	0	0	0	0	0	0	30.6338	41.7866	17.6506	19.6462	0	0	0	0	0	0	0	0
k107_31905316 flag=0 multi=41.2270 len=37574	37574	49.0388	0	0	0	0	0	0	0	0	0.0081026	0.00819486	0	0	31.2525	46.5132	17.7742	27.1367	0.00402447	0.00403462	0	0	0	0	0	0
k107_18659145 flag=0 multi=39.9966 len=46905	46905	50.1328	0	0	0.00648027	0.00973879	0	0	0	0	0	0	0	0	31.3861	43.6784	18.7337	30.4447	0	0	0.00648027	0.0105906	0	0	0	0
k107_15485563 flag=0 multi=39.0004 len=39115	39115	49.0903	0	0	0	0	0	0	0	0	0	0	0.00386468	0.00387547	31.1267	39.7124	17.9597	30.2875	0	0	0	0	0	0	0	0
k107_8668872 flag=0 multi=51.7133 len=18785	18785	45.1291	0	0	0	0	0	0	0	0	0	0	0	0	28.8574	45.7556	16.2718	26.8524	0	0	0	0	0	0	0	0
k107_5865597 flag=0 multi=44.9634 len=37276	37276	49.8807	0	0	0	0	0	0	0	0	0	0	0	0	31.7636	41.3659	18.1089	25.9356	0.00814086	0.00809958	0	0	0	0	0	0
k107_35747508 flag=0 multi=39.0627 len=19750	19750	47.6382	0	0	0	0	0	0	0	0	0	0	0	0	31.4967	46.7227	16.126	22.9809	0.0155286	0.019814	0	0	0	0	0	0
k107_31155645 flag=0 multi=41.0086 len=44414	44414	49.1082	0	0	0	0	0	0	0	0	0	0	0	0	31.3879	40.8654	17.7202	26.2839	0	0	0	0	0	0	0	0
k107_34179313 flag=0 multi=44.0521 len=21412	21412	52.8512	0	0	0	0	0	0	0	0	0	0	0	0	33.9289	47.3561	18.9223	32.6285	0	0	0	0	0	0	0	0
k107_1881955 flag=0 multi=46.5497 len=38635	38635	56.3022	0	0	0	0	0	0	0	0	0	0	0	0	35.8136	37.5994	20.4886	24.2065	0	0	0	0	0	0	0	0
k107_19508072 flag=0 multi=37.0269 len=46724	46724	44.8976	0	0	0	0	0	0	0	0	0	0	0	0	28.5804	40.0775	16.3139	24.2576	0.00323123	0.00324661	0	0	0	0	0	0
k107_490498 flag=0 multi=36.6233 len=91167	91167	45.7125	0	0	0.00332361	0.00526636	0	0	0	0	0	0	0	0	29.5364	39.8064	16.1694	23.2892	0.00332361	0.00330822	0	0	0	0	0	0
k107_14991536 flag=0 multi=37.0321 len=125786	125786	46.0146	0	0	0	0	0	0	0	0	0	0	0	0	29.755	42.0064	16.256	25.9327	0.00358611	0.00568375	0	0	0	0	0	0
k107_11221362 flag=0 multi=40.0923 len=11668	11668	50.9038	0	0	0	0	0	0	0	0	0	0	0	0	32.8452	47.2569	18.0586	21.1162	0	0	0	0	0	0	0	0
k107_2113307 flag=0 multi=41.9981 len=61644	61644	50.8416	0.00489061	0.0075771	0	0	0	0	0	0	0.00492322	0.00950765	0	0	32.6054	48.5624	18.2239	28.4778	0.002429	0.00245121	0	0	0	0	0	0
k107_347362 flag=0 multi=40.4536 len=117221	117221	49.7111	0	0	0.00257443	0.00359663	0	0	0	0	0	0	0	0	31.9709	45.8158	17.7212	26.1155	0.00258298	0.00318841	0.0138985	0.14344	0	0	0	0
