contigName	contigLen	totalAvgDepth	Cen01_MA.bam	Cen01_MA.bam-var	Cen03_MA.bam	Cen03_MA.bam-var	Cen04_MA.bam	Cen04_MA.bam-var	Cen05_MA.bam	Cen05_MA.bam-var	Cen06_MA.bam	Cen06_MA.bam-var	Cen07_MA.bam	Cen07_MA.bam-var	Cen10_MA.bam	Cen10_MA.bam-var	Cen12_MA.bam	Cen12_MA.bam-var	Cen14_MA.bam	Cen14_MA.bam-var	Cen15_MA.bam	Cen15_MA.bam-var	Cen16_MA.bam	Cen16_MA.bam-var	Cen17_MA.bam	Cen17_MA.bam-var
k107_9237525 flag=1 multi=7.0000 len=14050	14050	7.38151	0	0	0	0	0	0	0	0	0	0	0	0	0	0	0	0	0	0	0.0106925	0.0108636	7.37082	9.95143	0	0
k107_31014543 flag=1 multi=11.0000 len=6230	6230	7.80752	0	0	0	0	0	0	0	0	0	0	0	0	0	0	0	0	0	0	0	0	7.80752	8.896	0	0
k107_240356 flag=1 multi=5.0000 len=4018	4018	6.55248	0.040366	0.0389942	0	0	0	0	0	0	0	0	0	0	0	0	0	0	0	0	0	0	6.51211	9.0825	0	0
k107_34341886 flag=1 multi=17.6573 len=4571	4571	7.90981	0	0	0	0	0	0	0	0	0	0	0	0	0	0	0	0	0	0	0	0	7.87538	6.56175	0.0344343	0.0341282
k107_31240901 flag=1 multi=7.0000 len=9465	9465	7.75128	0	0	0	0	0	0	0	0	0	0	0	0	0	0	0	0	0	0	0	0	7.75128	9.94176	0	0
k107_28507717 flag=0 multi=8.4228 len=5672	5672	7.50372	0	0	0	0	0	0	0	0	0	0	0	0	0	0	0	0	0	0	0	0	7.50372	7.60279	0	0
k107_21560750 flag=0 multi=24.4901 len=2588	2588	7.24366	0	0	0	0	0	0	0	0	0	0	0	0	0	0	0	0	0	0	0	0	7.24366	7.81955	0	0
k107_17940009 flag=1 multi=6.0000 len=15046	15046	8.11815	0	0	0	0	0	0	0	0	0	0	0	0	0	0	0	0	0	0	0	0	8.11815	10.0096	0	0
k107_6025147 flag=1 multi=8.0000 len=11931	11931	7.19383	0	0	0	0	0	0	0	0	0	0	0	0	0	0	0	0	0	0	0.0127268	0.012817	7.1811	6.63471	0	0
k107_1182660 flag=1 multi=6.0000 len=7813	7813	7.51658	0	0	0	0	0	0	0	0	0	0	0	0	0	0	0	0	0	0	0	0	7.51658	9.21288	0	0
k107_34000679 flag=1 multi=8.0000 len=2598	2598	7.86063	0	0	0	0	0	0	0	0	0.128049	0.231919	0	0	0	0	0	0	0	0	0	0	7.73258	7.28235	0	0
k107_33232284 flag=0 multi=7.0507 len=5749	5749	7.43253	0	0	0	0	0	0	0	0	0	0	0	0	0	0	0	0	0	0	0	0	7.43253	8.24638	0	0
k107_32143692 flag=1 multi=8.0406 len=9962	9962	6.85466	0	0	0	0	0	0	0	0	0	0	0	0	0	0	0	0	0	0	0	0	6.85466	10.2428	0	0
k107_31413861 flag=1 multi=6.0000 len=6911	6911	6.28885	0	0	0	0	0	0	0	0	0	0	0	0	0	0	0	0	0	0	0	0	6.28885	5.41426	0	0
k107_30160373 flag=0 multi=37.0080 len=6376	6376	7.77511	0	0	0.0437932	0.0881799	0	0	0	0	0	0	0	0	0	0	0	0	0	0	0	0	7.73131	9.04059	0	0
k107_28628258 flag=1 multi=11.0000 len=3140	3140	8.71987	0	0	0	0	0	0	0	0	0	0	0	0	0	0	0	0	0	0	0	0	8.71987	9.14138	0	0
k107_25665957 flag=1 multi=17.0000 len=9696	9696	6.98137	0	0	0	0	0	0	0	0	0	0	0	0	0	0	0	0	0	0	0	0	6.98137	7.37802	0	0
k107_21905856 flag=0 multi=57.0726 len=5217	5217	8.13835	0	0	0	0	0	0	0	0	0	0	0	0	0	0	0	0	0	0	0	0	8.13835	7.43977	0	0
k107_20860416 flag=0 multi=10.0209 len=9484	9484	7.00076	0	0	0	0	0	0	0	0	0.0161185	0.0161804	0	0	0	0	0	0	0	0	0	0	6.98464	9.42783	0	0
k107_19417321 flag=1 multi=7.0000 len=7308	7308	8.16215	0	0	0	0	0	0	0	0	0	0	0	0	0	0	0	0	0	0	0	0	8.16215	14.7878	0	0
k107_17563373 flag=1 multi=27.0000 len=2837	2837	7.79606	0	0	0	0	0	0	0	0	0	0	0	0	0	0	0	0	0	0	0	0	7.79606	12.1203	0	0
k107_14718707 flag=1 multi=126.0000 len=6541	6541	7.79949	0	0	0	0	0	0	0	0	0	0	0	0	0	0	0	0	0	0	0	0	7.79949	13.6319	0	0
k107_12585793 flag=1 multi=16.0116 len=2866	2866	5.76521	0.115445	0.188229	0	0	0	0	0	0	0.0222309	0.0217468	0	0	0	0	0	0	0	0	0	0	5.62753	4.49239	0	0
k107_9524810 flag=1 multi=20.0000 len=12592	12592	8.45167	0	0	0	0	0	0	0	0	0	0	0	0	0	0	0	0	0	0	0.0239219	0.0239748	8.42775	10.6495	0	0
k107_6660008 flag=0 multi=18.1513 len=4111	4111	7.89289	0	0	0	0	0	0	0	0	0.593332	0.844548	0	0	0	0	0	0	0	0	0.0792859	0.110309	7.14098	7.49325	0.0792859	0.105057
k107_6620583 flag=1 multi=12.3228 len=23279	23279	8.0813	0	0	0	0	0	0	0	0	0	0	0	0	0	0	0	0	0	0	0.00644122	0.0065307	8.07486	10.2862	0	0
k107_5464643 flag=1 multi=23.2867 len=3267	3267	8.72007	0.032715	0.0319692	0	0	0	0	0	0	0.486003	0.527932	0	0	0	0	0	0	0	0	0	0	8.20135	11.5063	0	0
k107_5003448 flag=1 multi=15.0000 len=5320	5320	8.02551	0.0886808	0.0933034	0	0	0	0	0	0	0	0	0.0296931	0.0291906	0	0	0	0	0	0	0	0	7.90713	9.02866	0	0
k107_14541944 flag=1 multi=6.0000 len=3208	3208	7.29422	0	0	0	0	0	0	0	0	0	0	0	0	0	0	0	0	0	0	0	0	7.29422	7.79378	0	0
k107_9840203 flag=1 multi=15.0000 len=4558	4558	7.56414	0.0695489	0.135502	0.132989	0.151706	0	0	0	0	0.0350094	0.0342254	0	0	0	0	0	0	0	0	0	0	7.3266	6.15093	0	0
k107_28270080 flag=1 multi=6.0000 len=2856	2856	7.21261	0	0	0	0	0	0	0	0	0	0	0	0	0	0	0	0	0	0	0	0	7.21261	8.19074	0	0
k107_27312755 flag=1 multi=28.0000 len=3229	3229	8.73762	0	0	0	0	0	0	0	0	0	0	0	0	0	0	0	0	0	0	0.0502221	0.0489415	8.68739	8.28289	0	0
k107_24073661 flag=1 multi=5.0000 len=2522	2522	6.38784	0.0036036	0.00537895	0	0	0	0	0	0	0	0	0	0	0	0	0	0	0	0	0	0	6.38423	12.3599	0	0
k107_15900090 flag=0 multi=25.2813 len=3136	3136	8.55187	0.415314	0.627267	0.104093	0.0952389	0.052223	0.05046	0	0	0.419901	1.0099	0	0	0	0	0	0	0	0	0	0	7.56034	11.7704	0	0
k107_11994911 flag=0 multi=11.0190 len=5595	5595	13.6737	0.214245	0.223011	0	0	0	0	0	0	0.171169	0.195939	0.0570565	0.0810311	0	0	0	0	0	0	0	0	13.2312	19.6821	0	0
k107_7527740 flag=1 multi=7.3017 len=6471	6471	7.47917	0	0	0	0	0	0	0	0	0	0	0	0	0	0	0	0	0	0	0	0	7.47917	14.3769	0	0
k107_21135252 flag=1 multi=5.9832 len=3081	3081	7.07701	0	0	0	0	0	0	0	0	0	0	0	0	0	0	0	0	0	0	0	0	7.07701	7.50158	0	0
k107_6634725 flag=1 multi=9.0000 len=4151	4151	7.06911	0	0	0	0	0	0	0	0	0	0	0	0	0	0	0	0	0	0	0	0	7.06911	5.38384	0	0
k107_6578258 flag=1 multi=8.0000 len=10034	10034	7.36139	0	0	0	0	0	0	0	0	0	0	0	0	0	0	0	0	0	0	0.0453144	0.126006	7.31607	8.83578	0	0
k107_24886260 flag=1 multi=6.0000 len=2516	2516	7.49006	0	0	0	0	0	0	0	0	0	0	0	0	0	0	0	0	0	0	0	0	7.49006	5.92563	0	0
k107_33045450 flag=1 multi=23.0000 len=6218	6218	7.12356	0.0290737	0.0443727	0.0500338	0.0484437	0	0	0	0	0.0997295	0.263083	0	0	0	0	0	0	0	0	0.0496957	0.0484431	6.89503	5.97585	0	0
k107_14428404 flag=1 multi=7.0000 len=4469	4469	8.92801	0	0	0	0	0	0	0	0	0	0	0	0	0	0	0	0	0	0	0	0	8.92801	15.3542	0	0
k107_12774180 flag=0 multi=9.4185 len=6986	6986	8.07675	0.0219928	0.0220835	0	0	0.0219928	0.0220833	0	0	0	0	0	0	0	0	0	0	0	0	0.0219928	0.0220833	8.01077	7.30213	0	0
k107_14366858 flag=1 multi=12.1526 len=6865	6865	6.82737	0	0	0	0	0	0	0	0	0	0	0	0	0	0	0	0	0	0	0	0	6.82737	9.60462	0	0
k107_25267498 flag=1 multi=11.0000 len=10013	10013	8.58078	0	0	0	0	0	0	0	0	0	0	0	0	0	0	0	0	0	0	0.0609618	0.0768613	8.51982	13.7199	0	0
k107_1155791 flag=1 multi=19.0000 len=19366	19366	7.33807	0.0155266	0.0256606	0	0	0	0	0	0	0.00781578	0.00785774	0	0	0	0	0	0	0	0	0	0	7.30697	7.26762	0.00776332	0.00785752
k107_10206 flag=0 multi=15.0202 len=10021	10021	8.41537	0.0306616	0.0463734	0.0763453	0.201786	0	0	0	0	0.0605001	0.201957	0	0	0	0	0	0	0	0	0	0	8.24786	10.4529	0	0
k107_35719556 flag=1 multi=10.9102 len=11350	11350	8.58047	0	0	0	0	0	0	0	0	0	0	0	0	0	0	0	0	0	0	0	0	8.58047	12.6971	0	0
k107_27377866 flag=1 multi=46.0000 len=14561	14561	8.25759	0	0	0	0	0	0	0	0	0.0314889	0.0307612	0	0	0	0	0	0	0	0	0	0	8.2261	9.1887	0	0
k107_3871174 flag=1 multi=12.0000 len=5179	5179	7.49416	0	0	0	0	0	0	0	0	0	0	0	0	0	0	0	0	0	0	0	0	7.49416	8.64711	0	0
k107_23889328 flag=1 multi=13.0000 len=3007	3007	8.0525	0	0	0	0	0	0	0	0	0	0	0	0	0	0	0	0	0	0	0	0	8.0525	11.8351	0	0
k107_21868629 flag=1 multi=11.0000 len=2665	2665	9.49556	0.383411	0.316113	0	0	0	0	0	0	1.02243	2.08543	0	0	0	0	0	0	0	0	0	0	8.08972	8.4706	0	0
k107_24795165 flag=1 multi=7.0000 len=4063	4063	7.28822	0	0	0	0	0	0	0	0	0	0	0	0	0	0	0	0	0	0	0	0	7.28822	9.66402	0	0
k107_30641924 flag=1 multi=9.0000 len=10812	10812	8.05852	0	0	0	0	0	0	0	0	0	0	0	0	0	0	0	0	0	0	0	0	8.05852	8.2245	0	0
k107_29019005 flag=0 multi=244.0000 len=2798	2798	6.27724	0	0	0	0	0	0	0	0	0	0	0	0	0	0	0	0	0	0	0	0	6.27724	10.5079	0	0
k107_5196097 flag=1 multi=5.0000 len=2845	2845	7.14156	0	0	0	0	0	0	0	0	0	0	0	0	0	0	0	0	0	0	0	0	7.14156	5.86956	0	0
k107_8807011 flag=1 multi=8.0000 len=4607	4607	6.95424	0	0	0	0	0	0	0	0	0	0	0	0	0	0	0	0	0	0	0	0	6.95424	7.14324	0	0
k107_22694883 flag=1 multi=8.0000 len=3387	3387	6.44862	0	0	0	0	0	0	0	0	0	0	0	0	0	0	0	0	0	0	0	0	6.44862	6.90806	0	0
k107_29369528 flag=1 multi=25.0000 len=10654	10654	7.86669	0.0142002	0.0143758	0	0	0	0	0	0	0	0	0	0	0	0	0	0	0	0	0	0	7.85249	9.00117	0	0
k107_30424905 flag=1 multi=8.0000 len=3748	3748	8.42861	0	0	0	0	0	0	0	0	0	0	0	0	0	0	0	0	0	0	0	0	8.42861	10.3761	0	0
k107_8475693 flag=0 multi=63.0715 len=10076	10076	8.0176	0	0	0	0	0	0	0	0	0	0	0	0	0	0	0	0	0	0	0	0	8.0176	7.85983	0	0
k107_2627049 flag=1 multi=6.0000 len=3941	3941	5.81918	0	0	0	0	0	0	0	0	0	0	0	0	0	0	0	0	0	0	0	0	5.81918	10.3571	0	0
k107_3535943 flag=1 multi=12.0000 len=18852	18852	8.57973	0	0	0	0	0	0	0	0	0	0	0	0	0	0	0	0	0	0	0	0	8.57973	9.51818	0	0
k107_34077762 flag=0 multi=26.0087 len=3431	3431	7.71045	0	0	0	0	0	0	0	0	0	0	0	0	0	0	0	0	0	0	0.0939597	0.0872263	7.61649	11.5899	0	0
k107_17477562 flag=1 multi=14.0000 len=10143	10143	7.57565	0	0	0	0	0	0	0	0	0.0150391	0.0151048	0	0	0	0	0	0	0	0	0	0	7.56061	11.3589	0	0
k107_21561771 flag=0 multi=5.9858 len=2859	2859	4.66914	0	0	0	0	0	0	0	0	0	0	0	0	0	0	0	0	0	0	0	0	4.66914	3.41188	0	0
k107_5766318 flag=1 multi=16.0000 len=3110	3110	7.87393	0	0	0	0	0	0	0	0	0	0	0	0	0	0	0	0	0	0	0	0	7.87393	10.7618	0	0
k107_2531179 flag=1 multi=9.0000 len=8968	8968	7.1979	0	0	0	0	0	0	0	0	0	0	0	0	0	0	0	0	0	0	0	0	7.1979	7.48025	0	0
k107_12055356 flag=1 multi=39.9703 len=15624	15624	7.32359	0.00965931	0.0097564	0.00959405	0.00975593	0	0	0	0	0	0	0.00972458	0.00975647	0	0	0	0	0	0	0	0	7.2749	7.57376	0.0197102	0.0193295
k107_14770166 flag=1 multi=13.0000 len=5128	5128	7.37298	0	0	0	0	0	0	0	0	0	0	0	0	0	0	0	0	0	0	0	0	7.37298	10.3604	0	0
k107_1062544 flag=1 multi=44.0000 len=3266	3266	5.21592	0	0	0	0	0	0	0	0	0	0	0	0	0	0	0	0	0	0	0	0	5.21592	4.54637	0	0
k107_22923002 flag=0 multi=41.0000 len=5026	5026	8.2917	0	0	0	0	0	0	0	0	0	0	0	0	0	0	0	0	0	0	0	0	8.2917	7.63053	0	0
k107_18529326 flag=0 multi=28.1972 len=4655	4655	7.17643	0.0337698	0.0334948	0	0	0	0	0	0	0	0	0	0	0	0	0	0	0	0	0	0	7.14266	7.43376	0	0
k107_11471928 flag=1 multi=12.7862 len=11274	11274	7.95716	0	0	0	0	0	0	0	0	0	0	0.0134889	0.0135695	0	0	0	0	0	0	0	0	7.94368	9.57462	0	0
k107_33716982 flag=0 multi=71.6733 len=8031	8031	8.33588	0	0	0.0191487	0.0191574	0	0	0	0	0	0	0	0	0	0	0	0	0	0	0	0	8.31673	9.06797	0	0
k107_22314414 flag=1 multi=16.0000 len=9798	9798	9.22399	0	0	0	0	0	0	0	0	0	0	0	0	0	0	0	0	0	0	0	0	9.22399	16.7312	0	0
k107_25165779 flag=1 multi=14.0000 len=8986	8986	8.14567	0.06345	0.149268	0.0284431	0.0352819	0	0	0	0	0.0170428	0.0170904	0	0	0	0	0	0	0	0	0	0	8.03673	9.79597	0	0
k107_17113586 flag=1 multi=11.0000 len=14446	14446	7.57395	0	0	0	0	0	0	0	0	0.0208569	0.0422497	0	0	0	0	0	0	0	0	0	0	7.5531	7.11613	0	0
k107_22101376 flag=1 multi=8.1718 len=14957	14957	8.13149	0	0	0.0100307	0.0101983	0	0	0	0	0	0	0	0	0	0	0	0	0	0	0	0	8.12146	10.5556	0	0
k107_7982916 flag=1 multi=7.0000 len=2616	2616	7.98228	0	0	0	0	0	0	0	0	0	0	0	0	0	0	0	0	0	0	0	0	7.98228	6.8841	0	0
k107_16733289 flag=1 multi=9.1782 len=18138	18138	8.38961	0	0	0	0	0	0	0	0	0.00824176	0.0083978	0	0	0	0	0	0	0	0	0	0	8.38136	10.1555	0	0
k107_8302640 flag=0 multi=8.0503 len=12405	12405	6.32926	0	0	0	0	0	0	0.021317	0.0423484	0	0	0	0	0	0	0	0	0	0	0	0	6.30794	7.79382	0	0
k107_30923366 flag=1 multi=25.0000 len=2546	2546	6.58244	0	0	0	0	0	0	0	0	0	0	0	0	0	0	0	0	0	0	0	0	6.58244	6.95064	0	0
k107_28100453 flag=1 multi=60.0000 len=3061	3061	8.1265	0	0	0	0	0	0	0	0	0	0	0	0	0	0	0	0	0	0	0	0	8.1265	7.28225	0	0
k107_30909252 flag=1 multi=9.0000 len=6815	6815	7.29265	0	0	0	0	0	0	0	0	0	0	0	0	0	0	0	0	0	0	0	0	7.29265	9.78419	0	0
k107_18663398 flag=1 multi=12.0000 len=8366	8366	7.85392	0	0	0	0	0	0	0	0	0	0	0	0	0	0	0	0	0	0	0	0	7.85392	11.304	0	0
k107_13230720 flag=1 multi=41.8722 len=15436	15436	7.65422	0	0	0	0	0	0	0	0	0	0	0	0	0	0	0	0	0	0	0	0	7.65422	9.11715	0	0
k107_5037963 flag=0 multi=6.1135 len=4461	4461	7.4215	0	0	0	0	0	0	0	0	0	0	0	0	0	0	0	0	0	0	0	0	7.4215	9.78082	0	0
k107_14129212 flag=1 multi=9.0000 len=5203	5203	9.89492	0	0	0	0	0	0	0	0	0	0	0	0	0	0	0	0	0	0	0	0	9.89492	8.37613	0	0
k107_8604763 flag=0 multi=9.1897 len=2653	2653	7.12718	0	0	0	0	0	0	0	0	0.0638026	0.0601246	0	0	0	0	0	0	0	0	0.0638026	0.060126	6.99149	10.819	0.00808167	0.00885667
k107_1815210 flag=1 multi=21.0000 len=5029	5029	7.83626	0.204146	0.569647	0	0	0	0	0	0	0.062619	0.0839481	0	0	0	0	0	0	0	0	0	0	7.56949	11.7977	0	0
k107_2702098 flag=1 multi=20.0000 len=12409	12409	8.6692	0.0123895	0.0123159	0.0245313	0.0431512	0	0	0	0	0	0	0	0	0	0	0	0	0	0	0	0	8.63228	12.799	0	0
k107_33420337 flag=1 multi=8.9702 len=14605	14605	8.41684	0	0	0	0	0	0	0	0	0	0	0	0	0	0	0	0	0	0	0	0	8.40628	8.1558	0.0105572	0.0104435
k107_13332114 flag=1 multi=15.0000 len=9006	9006	7.41625	0	0	0	0	0	0	0	0	0	0	0.0337776	0.043833	0	0	0	0	0	0	0.042739	0.0472924	7.33973	10.8747	0	0
k107_18527560 flag=0 multi=29.0389 len=4656	4656	6.62219	0.171566	0.197282	0	0	0	0	0	0	0.138493	0.182452	0	0	0	0	0	0	0	0	0	0	6.31213	7.15073	0	0
k107_13866106 flag=1 multi=10.0000 len=5535	5535	6.98414	0	0	0	0	0	0	0	0	0	0	0	0	0	0	0	0	0	0	0	0	6.98414	7.10858	0	0
k107_5190756 flag=1 multi=7.0000 len=3544	3544	6.35626	0	0	0	0	0	0	0	0	0	0	0	0	0	0	0	0	0	0	0	0	6.35626	7.24311	0	0
k107_16778510 flag=0 multi=12.0337 len=2715	2715	8.43183	0	0	0	0	0	0	0	0	0	0	0	0	0	0	0	0	0	0	0	0	8.43183	10.4872	0	0
k107_4808584 flag=1 multi=11.0000 len=8483	8483	8.48735	0	0	0	0	0	0	0	0	0	0	0	0	0	0	0	0	0	0	0	0	8.48735	10.3615	0	0
k107_18755708 flag=1 multi=7.0000 len=11350	11350	7.58454	0	0	0.0133056	0.013481	0	0	0	0	0	0	0	0	0	0	0	0	0	0	0.0405503	0.106878	7.53068	8.09224	0	0
k107_11273913 flag=0 multi=20.0290 len=16098	16098	7.84952	0	0	0	0	0	0	0	0	0	0	0	0	0	0	0	0	0	0	0.0376678	0.0367792	7.81185	9.43103	0	0
k107_16359471 flag=1 multi=6.0000 len=6321	6321	6.75395	0	0	0	0	0	0	0	0	0	0	0	0	0	0	0	0	0	0	0	0	6.72886	8.57763	0.0250872	0.0244586
k107_34815451 flag=0 multi=8.1062 len=3319	3319	7.66225	0	0	0	0	0	0	0	0	0	0	0	0	0	0	0	0	0	0	0	0	7.66225	8.78579	0	0
k107_15799969 flag=1 multi=10.0000 len=11043	11043	7.95038	0	0	0	0	0	0	0	0	0	0	0	0	0	0	0	0	0	0	0	0	7.95038	7.72979	0	0
k107_29826652 flag=1 multi=22.0000 len=4024	4024	8.13837	0	0	0	0	0	0	0	0	0.0397636	0.0389345	0	0	0	0	0	0	0	0	0	0	8.0986	18.2368	0	0
k107_23014063 flag=0 multi=18.0581 len=13737	13737	7.64168	0	0	0	0	0	0	0	0	0	0	0	0	0	0	0	0	0	0	0	0	7.64168	9.00479	0	0
k107_3640193 flag=1 multi=13.0000 len=2689	2689	8.65145	0.111437	0.38981	0	0	0	0	0	0	0	0	0	0	0	0	0	0	0	0	0	0	8.54001	11.9476	0	0
k107_8467981 flag=1 multi=11.0000 len=6103	6103	7.54422	0	0	0	0	0	0	0	0	0	0	0	0	0	0	0	0	0	0	0	0	7.54422	11.6913	0	0
k107_11248457 flag=1 multi=16.0000 len=10099	10099	8.37787	0	0	0	0	0	0	0	0	0	0	0	0	0	0	0	0	0	0	0.0150046	0.0151788	8.36287	8.04911	0	0
k107_10353817 flag=1 multi=14.0000 len=12699	12699	8.02041	0.0211341	0.0491454	0	0	0	0	0	0	0.276599	1.46036	0	0	0	0	0	0	0	0	0	0	7.72267	12.06	0	0
k107_18126990 flag=1 multi=8.0000 len=5144	5144	6.97997	0	0	0	0	0	0	0	0	0	0	0	0	0	0	0	0	0	0	0	0	6.97997	6.63688	0	0
k107_20346212 flag=1 multi=10.0000 len=5570	5570	7.19305	0	0	0	0	0	0	0	0	0	0	0	0	0	0	0	0	0	0	0.0844723	0.114297	7.10858	8.53892	0	0
k107_21104682 flag=1 multi=12.0000 len=4572	4572	9.12342	0	0	0	0	0	0	0	0	0	0	0	0	0	0	0	0	0	0	0	0	9.12342	8.63656	0	0
k107_4911278 flag=0 multi=23.0097 len=8036	8036	7.69447	0	0	0	0	0	0	0	0	0	0	0	0	0	0	0	0	0	0	0	0	7.65555	9.03598	0.0389191	0.0380462
k107_2794131 flag=1 multi=10.0000 len=3568	3568	8.16595	0	0	0	0	0	0	0	0	0	0	0	0	0	0	0	0	0	0	0	0	8.16595	3.74043	0	0
k107_4188381 flag=0 multi=21.0185 len=20702	20702	7.74029	0	0	0	0	0	0	0	0	0	0	0	0	0	0	0	0	0	0	0	0	7.74029	9.02175	0	0
k107_15616942 flag=1 multi=41.7350 len=8772	8772	8.30484	0	0	0	0	0	0	0	0	0	0	0	0	0	0	0	0	0	0	0	0	8.30484	8.19351	0	0
k107_27036729 flag=0 multi=9.0119 len=6815	6815	7.86642	0	0	0	0	0	0	0	0	0	0	0	0	0	0	0	0	0	0	0	0	7.86642	9.13852	0	0
k107_35103291 flag=1 multi=17.0000 len=13120	13120	8.65353	0.0115463	0.0116417	0	0	0	0	0	0	0	0	0	0	0	0	0	0	0	0	0.0232486	0.0429772	8.61874	14.6794	0	0
k107_34665375 flag=1 multi=27.0000 len=9369	9369	7.66207	0	0	0.0162126	0.0163774	0	0	0	0	0	0	0	0	0	0	0	0	0	0	0	0	7.64586	7.51206	0	0
k107_5544858 flag=1 multi=12.0000 len=6125	6125	7.83909	0	0	0	0	0	0	0	0	0.0518633	0.0952103	0.0252447	0.0252625	0	0	0	0	0	0	0	0	7.76198	5.88917	0	0
k107_29045131 flag=0 multi=7.0149 len=14711	14711	7.97821	0.0837671	0.110284	0	0	0	0	0	0	0.628357	0.912542	0	0	0	0	0	0	0	0	0	0	7.22437	8.61094	0.04171	0.0559972
k107_27447069 flag=0 multi=7.3722 len=8076	8076	7.53872	0	0	0	0	0	0	0	0	0	0	0	0	0	0	0	0	0	0	0	0	7.53872	12.312	0	0
k107_33901617 flag=1 multi=35.0000 len=16636	16636	9.04237	0.0091833	0.00916245	0	0	0	0	0	0	0.0633648	0.169488	0	0	0	0	0	0	0	0	0.0184278	0.0326062	8.95139	10.7352	0	0
k107_28621494 flag=1 multi=10.0000 len=3256	3256	7.56872	0	0	0	0	0	0	0	0	0	0	0	0	0	0	0	0	0	0	0	0	7.56872	7.19121	0	0
k107_23454813 flag=0 multi=22.0000 len=11613	11613	7.55574	0.0129962	0.013176	0	0	0	0	0	0	0	0	0	0	0	0	0	0	0	0	0	0	7.54275	11.3017	0	0
k107_26272573 flag=1 multi=54.0000 len=13699	13699	8.184	0	0	0	0	0.0109726	0.0111449	0	0	0	0	0.0109726	0.0111449	0	0	0	0	0	0	0.00686721	0.0118146	8.12174	8.22281	0.0334403	0.0552197
k107_35443972 flag=0 multi=11.0693 len=10978	10978	7.69342	0	0	0	0	0	0	0	0	0	0	0	0	0	0	0	0	0	0	0	0	7.69342	11.2766	0	0
k107_17305694 flag=1 multi=22.1809 len=6220	6220	7.07435	0	0	0	0	0	0	0	0	0	0	0	0	0	0	0	0	0	0	0	0	7.07435	10.858	0	0
k107_875767 flag=1 multi=9.0000 len=5165	5165	8.77504	0	0	0	0	0	0	0	0	0	0	0	0	0	0	0	0	0	0	0	0	8.77504	9.26589	0	0
k107_32550994 flag=1 multi=7.0000 len=7333	7333	6.93088	0	0	0	0	0	0	0	0	0	0	0	0	0	0	0	0	0	0	0	0	6.93088	5.93339	0	0
k107_35166514 flag=1 multi=31.4321 len=9059	9059	7.67786	0.00673747	0.00691812	0.0107343	0.0108437	0	0	0	0	0.0119904	0.0241801	0	0	0	0	0	0	0	0	0	0	7.6484	10.6778	0	0
k107_30357695 flag=1 multi=13.0000 len=3136	3136	8.14961	0	0	0	0	0	0	0	0	0.10374	0.201841	0	0	0	0	0	0	0	0	0	0	8.04587	11.4136	0	0
k107_10794859 flag=1 multi=11.1516 len=13053	13053	7.59054	0.0115285	0.0117008	0.0115285	0.0117005	0	0	0	0	0.0116069	0.0117005	0	0	0	0	0	0	0	0	0	0	7.55588	10.5616	0	0
k107_22941577 flag=1 multi=70.0000 len=9209	9209	7.78859	0	0	0	0	0	0	0	0	0	0	0	0	0	0	0	0	0	0	0	0	7.78859	8.22819	0	0
k107_7368215 flag=0 multi=10.0059 len=8991	8991	7.93037	0	0	0	0	0	0	0	0	0	0	0	0	0	0	0	0	0	0	0	0	7.93037	8.29457	0	0
k107_27046704 flag=1 multi=9.0000 len=10012	10012	8.02451	0	0	0	0	0	0	0	0	0	0	0	0	0	0	0	0	0	0	0	0	8.02451	11.0089	0	0
k107_1830659 flag=0 multi=26.6579 len=4591	4591	7.1737	0	0	0	0	0	0	0	0	0	0	0	0	0	0	0	0	0	0	0	0	7.1737	7.7497	0	0
k107_3596974 flag=1 multi=10.0000 len=6363	6363	8.27339	0	0	0	0	0	0	0	0	0	0	0	0	0	0	0	0	0	0	0	0	8.27339	7.34113	0	0
k107_34380461 flag=1 multi=7.0000 len=7188	7188	8.0684	0	0	0	0	0	0	0	0	0	0	0	0	0	0	0	0	0	0	0	0	8.0684	8.98846	0	0
k107_27013345 flag=1 multi=17.0000 len=11648	11648	7.88736	0	0	0	0	0	0	0	0	0	0	0	0	0	0	0	0	0	0	0	0	7.88736	7.95936	0	0
k107_28226918 flag=1 multi=8.0000 len=2861	2861	6.68894	0	0	0	0	0	0	0	0	0	0	0	0	0	0	0	0	0	0	0	0	6.68894	7.81511	0	0
k107_23308411 flag=0 multi=11.0880 len=11995	11995	7.69332	0	0	0	0	0	0	0	0	0	0	0	0	0	0	0	0	0	0	0	0	7.69332	9.70788	0	0
k107_11449977 flag=1 multi=34.0000 len=7452	7452	7.77385	0	0	0.00657343	0.00708298	0	0	0	0	0	0.000559206	0	0	0	0	0	0	0	0	0.0416783	0.0404584	7.72559	9.66468	0	0
k107_14775444 flag=0 multi=6.1190 len=3897	3897	7.03839	0	0	0	0	0	0	0	0	0	0	0	0	0	0	0	0	0	0	0	0	7.03839	5.05855	0	0
k107_27958065 flag=1 multi=53.0000 len=13648	13648	8.06804	0.0490784	0.0847009	0	0	0	0	0	0	0.0224786	0.0345615	0	0	0	0	0	0	0	0	0	0	7.99648	12.2413	0	0
k107_33809857 flag=1 multi=17.8969 len=4588	4588	8.31031	0	0	0	0	0.0310313	0.0487159	0	0	0	0	0	0	0	0	0	0	0	0	0	0	8.27928	10.7302	0	0
k107_3589560 flag=1 multi=8.3728 len=4463	4463	7.9279	0	0	0	0	0	0	0	0	0	0	0	0	0	0	0	0	0	0	0	0	7.9279	5.53523	0	0
k107_6883114 flag=1 multi=25.0000 len=15155	15155	8.74887	0.0702215	0.117766	0.0682017	0.0857292	0	0	0	0	0.0198613	0.0199295	0	0	0	0	0	0	0.00996432	0.0100664	0.0401939	0.0390088	8.52043	10.9428	0.019996	0.040266
k107_24731905 flag=0 multi=8.0032 len=5057	5057	6.55773	0	0	0	0	0	0	1.14259	5.01631	0.190116	0.423929	0	0	0	0	0	0	0	0	0	0	5.22503	14.6625	0	0
k107_20456988 flag=0 multi=14.0324 len=3500	3500	8.56098	0.0465916	0.045001	0	0	0	0	0	0	0.0462789	0.045001	0	0	0	0	0	0	0	0	0	0	8.46811	9.60158	0	0
k107_19006184 flag=1 multi=12.0000 len=19143	19143	7.72634	0.0157104	0.0317961	0	0	0	0	0	0	0	0	0	0	0	0	0	0	0	0	0.0156573	0.0157736	7.69497	11.0983	0	0
k107_12284884 flag=1 multi=16.0000 len=3995	3995	9.25372	0	0	0	0	0	0	0	0	0	0	0	0	0	0	0	0	0	0	0	0	9.25372	10.0585	0	0
k107_34594990 flag=1 multi=17.8806 len=7667	7667	7.22322	0	0	0.0199593	0.0200907	0	0	0	0	0	0	0	0	0	0	0	0	0	0	0	0	7.20326	8.10225	0	0
k107_17723345 flag=1 multi=152.0607 len=7789	7789	7.55723	0.0854815	0.240636	0.000133565	0.000533998	0	0	0	0	0.0395352	0.0691768	0	0	0	0	0	0	0	0	0	0	7.43208	13.3046	0	0
k107_23875670 flag=1 multi=6.0000 len=3786	3786	6.69776	0	0	0.239954	0.685171	0	0	0	0	0	0	0	0	0	0	0	0	0	0	0	0	6.45781	13.852	0	0
k107_10952712 flag=1 multi=9.0000 len=7211	7211	6.7991	0	0	0	0	0	0	0	0	0	0	0	0	0	0	0	0	0	0	0	0	6.7991	8.30378	0	0
k107_14558590 flag=1 multi=28.6229 len=6121	6121	8.13748	0	0	0	0	0	0	0	0	0	0	0	0	0	0	0	0	0	0	0	0	8.13748	15.1404	0	0
k107_34531362 flag=1 multi=27.7481 len=5628	5628	8.11923	0	0	0	0	0	0	0	0	0.0276005	0.0275541	0	0	0	0	0	0	0	0	0	0	8.09163	9.8941	0	0
k107_4583559 flag=0 multi=11.0724 len=6762	6762	8.04551	0	0	0	0	0	0	0	0	0	0	0	0	0	0	0	0	0	0	0	0	8.04551	9.89691	0	0
k107_22878999 flag=1 multi=10.0000 len=15844	15844	7.75254	0	0	0	0	0	0	0	0	0	0	0	0	0	0	0	0	0	0	0.0191095	0.0190563	7.73343	8.60629	0	0
k107_10286729 flag=1 multi=73.0000 len=7937	7937	8.4664	0	0	0	0	0	0	0	0	0	0	0	0	0	0	0	0	0	0	0.0195154	0.0193915	8.44689	12.3419	0	0
k107_2152812 flag=1 multi=9.0000 len=3632	3632	7.03664	0	0	0	0	0	0	0	0	0	0	0	0	0	0	0	0	0	0	0	0	7.03664	7.18154	0	0
k107_3033649 flag=0 multi=16.2690 len=4263	4263	7.29715	0	0	0	0	0	0	0	0	0	0	0	0	0	0	0	0	0	0	0.0373643	0.0366772	7.22191	7.02249	0.0378692	0.0366749
k107_25025539 flag=1 multi=15.0000 len=5752	5752	8.57633	0	0	0	0	0	0	0	0	0	0	0	0	0	0	0	0	0	0	0.00788991	0.00800968	8.56844	7.44232	0	0
k107_29441599 flag=1 multi=8.0000 len=5178	5178	8.17494	0.0602953	0.162954	0	0	0	0	0	0	0	0	0	0	0	0	0	0	0	0	0	0	8.11464	19.3209	0	0
k107_1674244 flag=1 multi=12.0000 len=7175	7175	6.67641	0.0432126	0.0571448	0.0430671	0.0827737	0	0	0	0	0	0	0	0	0	0	0	0	0	0	0	0	6.54678	9.17309	0.0433581	0.0420088
k107_6447447 flag=1 multi=20.0000 len=11877	11877	7.14039	0.0126998	0.0128761	0	0	0	0	0	0	0	0	0	0	0	0	0	0	0	0	0	0	7.12769	6.87592	0	0
k107_30903853 flag=1 multi=9.0000 len=2582	2582	7.24386	0.0644737	0.0618633	0	0	0	0	0	0	0	0	0	0	0	0	0	0	0	0	0	0	7.17939	9.85607	0	0
k107_11306001 flag=0 multi=38.0207 len=2712	2712	8.73693	0.280083	1.02279	0.0614108	0.0587505	0	0	0	0	0.0609959	0.0587506	0	0	0	0	0	0	0	0	0	0	8.33444	11.8219	0	0
k107_28865883 flag=1 multi=9.0000 len=5149	5149	7.53084	0	0	0	0	0	0	0	0	0.030328	0.0301927	0	0	0	0	0	0	0	0	0	0	7.50052	9.66153	0	0
k107_18560649 flag=1 multi=49.0000 len=5243	5243	7.14106	0	0	0	0	0	0	0	0	0	0	0	0	0	0	0	0	0	0	0	0	7.14106	8.19418	0	0
k107_23851989 flag=1 multi=9.0000 len=7112	7112	7.40573	0	0	0	0	0	0	0	0	0	0	0	0	0	0	0	0	0	0	0	0	7.40573	7.50229	0	0
k107_31065455 flag=0 multi=8.0014 len=13978	13978	8.64924	0	0	0	0	0	0	0	0	0	0	0	0	0	0	0	0	0	0	0	0	8.6382	10.2869	0.0110412	0.0109203
k107_20459725 flag=1 multi=15.0000 len=12887	12887	8.39777	0.0193087	0.0221739	0.0622169	0.227225	0.0116806	0.0118546	0	0	0.0343266	0.0895051	0.0118395	0.0118554	0	0	0	0	0	0	0.0116806	0.0118541	8.24672	10.684	0	0
k107_23879246 flag=1 multi=32.0000 len=31316	31316	8.1449	0	0	0.00957632	0.00964253	0.00477204	0.00484585	0	0	0.0191526	0.0314126	0.00951183	0.00964246	0	0	0	0	0	0	0.0238279	0.0272427	8.07806	11.397	0	0
k107_32263884 flag=1 multi=16.0000 len=6445	6445	8.70096	0.0239297	0.0239846	0.0239297	0.0239861	0	0	0	0	0	0	0	0	0	0	0	0	0	0	0	0	8.6531	6.94077	0	0
k107_35106124 flag=1 multi=8.0000 len=23603	23603	7.79829	0	0	0	0	0	0	0	0	0	0	0	0	0	0	0	0	0	0	0.0190979	0.0264416	7.77271	10.4504	0.00648041	0.00643952
k107_4220213 flag=1 multi=6.0000 len=4530	4530	6.92597	0	0	0	0	0	0	0	0	0	0	0	0	0	0	0	0	0	0	0	0	6.92597	4.97596	0	0
k107_34451762 flag=1 multi=7.0000 len=7581	7581	7.27861	0	0	0	0	0	0	0	0	0	0	0	0	0	0	0	0	0	0	0.0206072	0.020314	7.258	8.35793	0	0
k107_13561612 flag=1 multi=14.0000 len=4280	4280	8.59	0	0	0	0	0	0	0	0	0	0	0	0	0	0	0	0	0	0	0	0	8.59	11.1177	0	0
k107_31985422 flag=1 multi=29.0000 len=6659	6659	7.29731	0.0700016	0.178572	0.0939122	0.0885214	0	0	0	0	0.120654	0.155873	0.0475067	0.0927724	0	0	0	0	0.0232814	0.023193	0	0	6.94195	8.75181	0	0
k107_18137492 flag=1 multi=25.9636 len=9206	9206	6.42857	0	0	0	0	0	0	0	0	0	0	0	0	0	0	0	0	0	0	0	0	6.42857	8.19797	0	0
k107_23103785 flag=1 multi=10.0000 len=3358	3358	8.88024	0.0854058	0.147419	0	0	0	0	0	0	0	0	0	0	0	0	0	0	0	0	0	0	8.79483	19.1987	0	0
k107_28049727 flag=1 multi=7.0000 len=12553	12553	7.13207	0.011999	0.0121748	0	0	0	0	0	0	0	0	0	0	0	0	0	0	0	0	0	0	7.10775	6.98035	0.0123255	0.0121749
k107_1135584 flag=1 multi=26.8322 len=17572	17572	8.15854	0.00862768	0.00866742	0	0	0	0	0	0	0	0	0	0	0	0	0	0	0	0	0	0	8.14991	10.7372	0	0
k107_21196259 flag=1 multi=22.0000 len=11530	11530	8.48076	0.133862	0.234766	0.0526363	0.0708455	0.039544	0.0399651	0.0130923	0.0132708	0	0	0	0	0	0	0	0	0	0	0	0	8.24163	9.85892	0	0
k107_22104068 flag=1 multi=28.0000 len=9537	9537	7.7464	0	0	0	0	0	0	0	0	0	0	0	0	0	0	0	0	0	0	0	0	7.7137	7.89906	0.0327017	0.0338009
k107_31230515 flag=1 multi=6.0000 len=3217	3217	5.61235	0	0	0	0	0	0	0	0	0	0	0	0	0	0	0	0	0	0	0	0	5.61235	5.98226	0	0
k107_30099481 flag=1 multi=15.0000 len=2747	2747	7.73006	0	0	0.0613497	0.0579686	0	0	0	0	0.0601227	0.0579687	0	0	0	0	0	0	0	0	0	0	7.60859	8.14001	0	0
k107_28589826 flag=1 multi=8.0000 len=8334	8334	7.38546	0	0	0.0184263	0.0184467	0	0	0	0	0.0183018	0.0184475	0	0	0	0	0	0	0	0	0	0	7.34873	9.55689	0	0
k107_15540607 flag=1 multi=20.0000 len=10424	10424	6.90674	0	0	0	0	0	0	0	0	0	0	0	0	0	0	0	0	0	0	0	0	6.90674	6.20095	0	0
k107_20098617 flag=1 multi=145.0000 len=5782	5782	8.19489	0.165146	0.224171	0	0	0	0	0	0	0.55073	0.826742	0	0	0	0	0	0	0	0	0	0	7.47901	8.22775	0	0
k107_14351740 flag=1 multi=8.3387 len=32009	32009	7.77156	0.00466774	0.0047335	0	0	0	0	0	0	0	0	0	0	0	0	0	0	0	0	0.0046362	0.00473415	7.76226	10.1388	0	0
k107_19834855 flag=1 multi=15.0000 len=3156	3156	9.12579	0	0	0	0	0	0	0	0	0	0	0	0	0	0	0	0	0	0	0	0	9.07428	13.4397	0.0515067	0.050122
k107_32228721 flag=0 multi=73.6059 len=2601	2601	7.97564	0	0	0	0	0	0	0	0	0	0	0	0	0	0	0	0	0	0	0	0	7.9104	10.9567	0.0652458	0.0613958
k107_23935523 flag=1 multi=12.0000 len=9277	9277	7.46384	0	0	0	0	0	0	0	0	0	0	0	0	0	0	0	0	0	0	0.033649	0.0532458	7.43019	7.09412	0	0
k107_9747523 flag=1 multi=11.0000 len=4233	4233	6.39379	0.0992114	0.154226	0	0	0	0	0	0	0.480031	0.731157	0	0	0	0	0	0	0	0	0	0	5.81455	4.65052	0	0
k107_16895769 flag=1 multi=160.0000 len=2579	2579	6.54502	0.0649978	0.0619446	0.0658762	0.061944	0	0	0	0	0	0	0	0	0	0	0	0	0	0	0	0	6.41414	5.0567	0	0
k107_17793874 flag=1 multi=26.3869 len=15353	15353	8.05176	0	0	0	0	0	0	0	0	0	0	0	0	0	0	0	0	0	0	0	0	8.05176	9.37456	0	0
k107_33476178 flag=0 multi=45.6850 len=4516	4516	6.74229	0	0	0	0	0	0	0	0	0	0	0	0	0	0	0	0	0	0	0	0	6.74229	8.13035	0	0
k107_23903237 flag=1 multi=30.0000 len=28145	28145	8.12064	0	0	0	0	0	0	0	0	0	0	0.0052796	0.00539419	0	0	0	0	0	0	0	0	8.11001	9.31999	0.00535143	0.00539457
k107_1351315 flag=1 multi=8.0000 len=3051	3051	7.26482	0	0	0	0	0	0	0	0	0	0	0	0	0	0	0	0	0	0	0	0	7.26482	10.8772	0	0
k107_11604473 flag=1 multi=7.0000 len=4206	4206	8.10195	0	0	0	0	0	0	0	0	0	0	0	0	0	0	0	0	0	0	0	0	8.10195	14.0323	0	0
k107_23230079 flag=1 multi=5.0000 len=3093	3093	6.96059	0	0	0	0	0	0	0	0	0	0	0	0	0	0	0	0	0	0	0	0	6.96059	7.32277	0	0
k107_33420513 flag=1 multi=6.0000 len=3447	3447	6.31606	0	0	0	0	0	0	0	0	0	0	0	0	0	0	0	0	0	0	0	0	6.31606	6.30522	0	0
k107_22803540 flag=0 multi=80.0000 len=5743	5743	8.87061	0.109171	0.19981	0.0321632	0.03131	0	0	0	0	0.0272009	0.0269835	0	0	0	0	0	0	0	0	0	0	8.70208	8.40566	0	0
k107_20984683 flag=1 multi=6.0000 len=19909	19909	8.11985	0	0	0	0	0	0	0	0	0	0	0	0	0	0	0	0	0	0	0	0	8.11985	10.0235	0	0
k107_29832298 flag=1 multi=7.1712 len=4692	4692	7.10569	0	0	0	0	0	0	0	0	0	0	0	0	0	0	0	0	0	0	0	0	7.10569	7.55868	0	0
k107_2090699 flag=1 multi=6.0000 len=5309	5309	5.8548	0	0	0.0293589	0.029255	0	0	0	0	0	0	0	0	0	0	0	0	0	0	0	0	5.79549	7.16607	0.0299581	0.0292581
k107_17209335 flag=1 multi=22.0000 len=7921	7921	7.54561	0	0	0	0	0	0	0	0	0	0	0	0	0	0	0	0	0	0	0.0194251	0.0194289	7.52618	7.49956	0	0
k107_7856303 flag=1 multi=11.0000 len=5340	5340	8.73442	0	0	0.0587535	0.115131	0	0	0	0	0	0	0	0	0	0	0	0	0	0	0.0291782	0.0290815	8.64649	15.5303	0	0
k107_10750322 flag=1 multi=9.0000 len=8285	8285	7.6356	0	0	0	0	0	0	0	0	0	0	0	0	0	0	0	0	0	0	0	0	7.6356	7.01856	0	0
k107_23753753 flag=1 multi=32.5894 len=9989	9989	7.8851	0	0	0	0	0	0	0	0	0.015175	0.0153477	0	0	0	0	0	0	0	0	0.0307629	0.0302114	7.83917	7.66992	0	0
k107_15958806 flag=1 multi=7.0000 len=4092	4092	9.30475	0	0	0	0	0	0	0	0	0	0	0	0	0	0	0	0	0	0	0	0	9.30475	16.3338	0	0
k107_27280038 flag=1 multi=21.0000 len=5419	5419	7.97245	0.093805	0.208251	0	0	0	0	0	0	0	0	0	0	0	0	0	0	0	0	0	0	7.87864	12.9805	0	0
k107_32601018 flag=0 multi=9.5510 len=12409	12409	7.5401	0.0121417	0.0123166	0.000247791	0.000330306	0.0244487	0.04613	0	0	0.000908565	0.00115511	0	0	0	0	0	0	0	0	0.0491451	0.105682	7.45147	9.64285	0.00173453	0.00181398
k107_19888623 flag=1 multi=12.0000 len=10855	10855	7.81133	0	0	0	0	0	0	0	0	0	0	0	0	0	0	0	0	0	0	0	0	7.81133	7.77205	0	0
k107_18488395 flag=1 multi=119.0000 len=7228	7228	8.432	0.0424487	0.0838747	0	0	0.0215131	0.0213294	0	0	0.0424487	0.0645201	0	0	0	0	0	0	0	0	0.0215131	0.0213294	8.30407	7.42263	0	0
k107_3712527 flag=1 multi=15.0000 len=19194	19194	7.58416	0	0	0	0	0	0	0	0	0	0	0	0	0	0	0	0	0	0	0	0	7.58416	8.69224	0	0
k107_28478917 flag=1 multi=8.0000 len=10075	10075	7.89972	0	0	0	0	0	0	0	0	0	0	0	0	0	0	0	0	0	0	0	0	7.89972	9.17776	0	0
k107_24156008 flag=0 multi=13.1744 len=7137	7137	7.94118	0	0	0	0	0	0	0	0	0	0	0	0	0	0	0	0	0	0	0	0	7.94118	8.58435	0	0
k107_24637307 flag=1 multi=11.0000 len=4085	4085	8.13058	0	0	0	0	0	0	0	0	0.0798308	0.112082	0	0	0	0	0	0	0	0	0	0	8.05075	8.25643	0	0
k107_15572908 flag=0 multi=60.9868 len=6222	6222	7.08007	0	0	0	0	0	0	0	0	0	0	0	0	0	0	0	0	0	0	0	0	7.08007	6.47571	0	0
k107_16382889 flag=1 multi=13.0000 len=4212	4212	6.11381	0.153197	0.196137	0.114834	0.277958	0	0	0	0	0.0375959	0.0371392	0	0	0	0	0	0	0	0	0	0	5.80818	13.856	0	0
k107_10990856 flag=1 multi=27.1258 len=11232	11232	8.73166	0	0	0	0	0	0	0	0	0	0	0	0	0	0	0	0	0	0	0.0270814	0.0268689	8.70457	13.2999	0	0
k107_23711739 flag=1 multi=10.6539 len=8615	8615	7.98075	0	0	0	0	0	0	0	0	0	0	0	0	0	0	0	0	0	0	0	0	7.98075	8.66296	0	0
k107_16406071 flag=1 multi=9.7832 len=6030	6030	8.18122	0	0	0	0	0	0	0	0	0.025838	0.0253362	0	0	0	0	0	0	0	0	0	0	8.15538	11.6976	0	0
k107_28451612 flag=1 multi=9.0000 len=3144	3144	7.52956	0	0	0	0	0	0	0	0	0.052076	0.0503263	0	0	0	0	0	0	0	0	0	0	7.47748	8.07733	0	0
k107_8897809 flag=1 multi=27.0000 len=8992	8992	8.28193	0.0340621	0.0335484	0	0	0	0	0	0	0	0	0	0	0	0	0	0	0	0	0	0	8.24787	11.7159	0	0
k107_17265492 flag=0 multi=8.0568 len=7232	7232	7.01255	0	0	0.0217893	0.0213163	0	0	0	0	0	0	0	0	0	0	0	0	0	0	0.0213564	0.0213165	6.96941	6.97283	0	0
k107_15828207 flag=1 multi=7.0000 len=3078	3078	7.14337	0	0	0	0	0	0	0	0	0.282061	0.603451	0	0	0	0	0	0	0	0	0.10879	0.148886	6.75252	24.6871	0	0
k107_35417202 flag=1 multi=26.0000 len=4324	4324	7.0813	0	0	0	0	0	0	0	0	0	0	0	0	0	0	0	0	0	0	0	0	7.0813	11.3268	0	0
k107_24714449 flag=1 multi=12.0000 len=6165	6165	8.29848	0	0	0	0	0	0	0	0	0	0	0	0	0	0	0	0	0	0	0	0	8.29848	11.6654	0	0
k107_18919328 flag=1 multi=11.0000 len=7078	7078	8.26402	0	0	0.0216942	0.0217963	0	0	0	0	0	0	0	0	0	0	0	0	0	0	0	0	8.24233	8.39696	0	0
k107_10200385 flag=1 multi=15.0000 len=13809	13809	7.67802	0	0	0.0222107	0.0424408	0	0	0	0	0	0	0	0	0	0	0	0	0	0	0	0	7.63404	10.8605	0.0217665	0.0245226
k107_8478997 flag=0 multi=74.0000 len=5989	5989	7.84385	0	0	0	0	0	0	0	0	0	0	0	0	0	0	0	0	0	0	0	0	7.84385	7.48464	0	0
k107_16935930 flag=1 multi=61.0000 len=5695	5695	7.48674	0	0	0	0	0	0	0	0	0	0	0	0	0	0	0	0	0	0	0.0825144	0.123334	7.40423	9.73853	0	0
k107_3600987 flag=1 multi=35.4361 len=2652	2652	6.33702	0.0795745	0.0750545	0	0	0.0910638	0.0841965	0	0	0	0	0	0	0	0	0	0	0	0	0	0	6.16638	10.7309	0	0
k107_17627799 flag=1 multi=11.0000 len=15661	15661	8.23413	0	0	0	0	0	0	0	0	0	0	0	0	0	0	0	0	0	0	0.019207	0.0354055	8.21492	9.61002	0	0
k107_17852846 flag=1 multi=103.0000 len=7099	7099	7.87436	0.04399	0.0686573	0.0360453	0.072399	0	0	0	0	0.0436957	0.0810154	0	0	0	0	0	0	0	0	0	0	7.75063	10.3221	0	0
k107_763979 flag=0 multi=37.4248 len=3549	3549	8.53311	0	0	0	0	0	0	0	0	0.091469	0.158312	0	0	0	0	0	0	0	0	0.0911611	0.129484	8.35048	10.3845	0	0
k107_13229778 flag=1 multi=6.0000 len=3130	3130	7.13649	0	0	0	0	0	0	0	0	0	0	0	0	0	0	0	0	0	0	0	0	7.13649	8.63267	0	0
k107_20326887 flag=1 multi=7.0000 len=3990	3990	7.86307	0	0	0	0	0	0	0	0	0.0404013	0.0392779	0.0146421	0.0144316	0	0	0	0	0	0	0	0	7.80803	8.9995	0	0
k107_13900495 flag=1 multi=6.0000 len=2746	2746	7.14075	0	0	0.00368249	0.00367022	0	0	0	0	0	0	0	0	0	0	0	0	0	0	0	0	7.13707	9.58776	0	0
k107_4531774 flag=1 multi=18.0000 len=10281	10281	6.91622	0.0450947	0.123724	0	0	0	0	0	0	0	0	0	0	0	0	0	0	0	0	0	0	6.856	8.36221	0.0151318	0.0149043
k107_5961521 flag=1 multi=5.0000 len=3387	3387	5.82042	0	0	0	0	0	0	0	0	0	0	0	0	0	0	0	0	0	0	0	0	5.82042	6.32206	0	0
k107_32841199 flag=1 multi=12.1189 len=2799	2799	7.13336	0	0	0	0	0	0	0	0	0	0	0	0	0	0	0	0	0	0	0	0	7.13336	10.5067	0	0
k107_11836437 flag=1 multi=10.0000 len=5436	5436	7.63401	0	0	0	0	0	0	0	0	0	0	0	0	0	0	0	0	0	0	0	0	7.63401	6.3007	0	0
k107_33210999 flag=1 multi=13.0000 len=6370	6370	7.7439	0	0	0.037739	0.0650005	0	0	0	0	0	0	0	0	0	0	0	0	0	0	0	0	7.70616	13.5849	0	0
k107_10139381 flag=0 multi=10.0113 len=5326	5326	8.541	0	0	0	0	0	0	0	0	0	0	0	0	0	0	0	0	0	0	0	0	8.541	11.2312	0	0
k107_13558594 flag=1 multi=11.0000 len=6365	6365	8.23041	0	0	0	0	0	0	0	0	0	0	0	0	0	0	0	0	0	0	0	0	8.23041	9.27481	0	0
k107_26532468 flag=1 multi=19.0000 len=2993	2993	6.79636	0	0	0	0	0	0	0	0	0	0	0	0	0	0	0	0	0	0	0	0	6.79636	7.79998	0	0
k107_25157377 flag=1 multi=7.0000 len=19264	19264	7.95037	0	0	0	0	0	0	0	0	0	0	0	0	0	0	0	0	0	0	0	0	7.95037	9.9487	0	0
k107_15243559 flag=1 multi=14.0000 len=3366	3366	8.04798	0	0	0	0	0	0	0	0	0	0	0	0	0	0	0	0	0	0	0	0	8.04798	8.36806	0	0
k107_6126919 flag=0 multi=28.0035 len=4723	4723	8.31848	0.134585	0.282242	0	0	0.0332504	0.0329918	0	0	0	0	0	0	0	0	0	0	0.0332504	0.0329918	0	0	8.10654	6.23303	0.0108573	0.0114058
k107_12393244 flag=1 multi=6.0000 len=4957	4957	6.16563	0	0	0	0	0.0208378	0.0204086	0	0	0.0324382	0.0313933	0	0	0	0	0	0	0	0	0	0	6.11235	10.3165	0	0
k107_7746444 flag=1 multi=8.0000 len=7150	7150	8.69597	0	0	0	0	0	0	0	0	0	0	0	0	0	0	0	0	0	0	0.0214661	0.0215687	8.6745	8.30163	0	0
k107_2402265 flag=0 multi=37.0016 len=3179	3179	9.85228	0	0	0	0	0	0	0	0	0	0	0	0	0	0	0	0	0	0	0	0	9.85228	11.8172	0	0
k107_25692486 flag=1 multi=25.0879 len=7924	7924	7.61677	0	0	0	0	0	0	0	0	0	0	0	0	0	0	0	0	0	0	0.0389661	0.0380497	7.5778	9.64451	0	0
k107_7496319 flag=0 multi=9.8750 len=16657	16657	7.86053	0	0	0	0	0	0	0	0	0	0	0	0	0	0	0	0	0	0	0	0	7.86053	10.2105	0	0
k107_16945630 flag=1 multi=11.0000 len=3507	3507	6.878	0	0	0	0	0	0	0	0	0	0	0	0	0	0	0	0	0	0	0.0458658	0.0449069	6.83214	7.09672	0	0
k107_18158340 flag=1 multi=25.0000 len=3727	3727	7.95766	0	0	0	0	0	0	0	0	0	0	0	0	0	0	0	0	0	0	0.106569	0.134332	7.85109	9.40402	0	0
k107_2081304 flag=0 multi=9.0533 len=6186	6186	7.59942	0	0	0	0	0	0	0	0	0	0	0	0	0	0	0	0	0	0	0	0	7.59942	7.64793	0	0
k107_25270485 flag=1 multi=15.0000 len=12186	12186	7.81664	0	0	0	0	0	0	0	0	0	0	0	0	0	0	0	0	0	0	0	0	7.81664	9.7256	0	0
k107_25141881 flag=1 multi=11.0000 len=3929	3929	7.19355	0	0	0	0	0	0	0	0	0	0	0	0	0	0	0.00992556	0.00982975	0	0	0	0	7.18362	14.4577	0	0
k107_3480180 flag=1 multi=7.0000 len=2659	2659	6.9737	0.0640645	0.0599861	0	0	0	0	0	0	0.183284	0.39846	0	0	0	0	0	0	0	0	0	0	6.72635	15.8009	0	0
k107_20649209 flag=0 multi=8.2228 len=2526	2526	7.13264	0	0	0	0	0	0	0	0	0	0	0	0	0	0	0	0	0	0	0	0	7.13264	4.30405	0	0
k107_32625094 flag=0 multi=12.0917 len=2507	2507	8.26304	0	0	0	0	0	0	0	0	0	0	0	0	0	0	0	0	0	0	0	0	8.26304	6.63438	0	0
k107_13179145 flag=1 multi=7.1372 len=15764	15764	7.26937	0	0	0	0	0	0	0	0	0	0	0	0	0	0	0	0	0	0	0	0	7.26937	9.70053	0	0
k107_2037981 flag=1 multi=10.0000 len=22809	22809	8.41405	0.0065313	0.00666502	0.00657573	0.00666505	0	0	0	0	0	0	0	0	0	0	0	0	0	0	0	0	8.40094	10.8776	0	0
k107_15682256 flag=1 multi=84.3991 len=5404	5404	7.402	0	0	0	0	0	0	0	0	0	0	0	0	0	0	0	0	0	0	0	0	7.343	10.7846	0.0589965	0.094126
k107_13170964 flag=1 multi=35.6242 len=11097	11097	8.39639	0.0408522	0.0402056	0.0438166	0.0761481	0	0	0	0	0	0	0	0	0	0	0	0	0	0	0	0	8.29792	9.43684	0.0138027	0.0137945
k107_30729612 flag=1 multi=7.0000 len=5170	5170	8.32375	0	0	0	0	0	0	0	0	0	0	0	0	0	0	0	0	0	0	0	0	8.32375	10.1827	0	0
k107_7179163 flag=1 multi=7.0000 len=13218	13218	7.17227	0	0	0	0	0	0	0	0	0	0	0	0	0	0	0	0	0	0	0	0	7.17227	8.42093	0	0
k107_22558011 flag=1 multi=8.0000 len=3566	3566	8.38266	0	0	0	0	0	0	0	0	0.0284926	0.0285555	0	0	0	0	0	0	0	0	0	0	8.35417	8.44612	0	0
k107_31687388 flag=1 multi=14.9967 len=14499	14499	8.28661	0	0	0	0	0	0	0.0212721	0.0261495	0	0	0	0	0	0	0	0	0	0	0.0208495	0.0374439	8.23392	12.1249	0.0105656	0.0105194
k107_12837651 flag=0 multi=9.0947 len=6598	6598	8.00667	0	0	0	0	0	0	0	0	0	0	0	0	0	0	0	0	0	0	0	0	8.00667	5.75532	0	0
k107_14667881 flag=0 multi=99.9335 len=10786	10786	7.30837	0	0	0	0	0	0	0	0	0	0	0	0	0	0	0	0	0	0	0	0	7.30837	10.8247	0	0
k107_25051003 flag=0 multi=16.4237 len=9082	9082	7.86264	0	0	0	0	0	0	0	0	0	0	0	0	0	0	0	0	0	0	0	0	7.86264	11.1217	0	0
k107_20572194 flag=0 multi=86.2592 len=4502	4502	8.15857	0	0	0	0	0	0	0	0	0	0	0	0	0	0	0	0	0	0	0	0	8.15857	9.93271	0	0
k107_31491974 flag=1 multi=15.0000 len=12276	12276	8.24395	0	0	0.0122766	0.0124507	0	0	0	0	0	0	0	0	0	0	0	0	0	0	0.0124436	0.0124516	8.20661	10.7097	0.0126107	0.0124497
k107_13494174 flag=1 multi=23.0000 len=5459	5459	9.36863	0	0	0	0	0	0	0	0	0	0	0	0	0	0	0	0	0	0	0	0	9.36863	11.4723	0	0
k107_35768752 flag=0 multi=9.0000 len=3159	3159	5.69934	0	0	0.0119006	0.0117631	0	0	0	0	0	0	0	0	0	0	0	0	0	0	0	0	5.68743	5.02041	0	0
k107_18894769 flag=1 multi=16.0000 len=8515	8515	8.43955	0	0	0	0	0	0	0	0	0.0180202	0.0180486	0	0	0	0	0	0	0	0	0	0	8.42153	8.78803	0	0
k107_27874268 flag=0 multi=9.0917 len=6444	6444	8.58857	0	0	0	0	0	0	0	0	0	0	0	0	0	0	0	0	0	0	0	0	8.58857	11.4871	0	0
k107_9418324 flag=1 multi=78.0000 len=7763	7763	8.92843	0	0	0.0152795	0.0153078	0	0	0	0	0	0	0	0	0	0	0	0	0	0	0	0	8.91315	13.4547	0	0
k107_1350105 flag=1 multi=14.0000 len=7834	7834	8.12188	0	0	0	0	0	0	0	0	0	0	0	0	0	0	0	0	0	0	0	0	8.12188	12.9385	0	0
k107_3470115 flag=1 multi=16.0000 len=7164	7164	8.03847	0	0	0	0	0	0	0	0	0	0	0	0	0	0	0	0	0	0	0.086418	0.131009	7.95205	9.15303	0	0
k107_300984 flag=1 multi=13.0000 len=9914	9914	8.17447	0	0	0.0152934	0.0154624	0	0	0	0	0	0	0	0	0	0	0	0	0	0	0	0	8.15918	8.9342	0	0
k107_9474440 flag=1 multi=8.0000 len=19227	19227	7.58272	0.0155878	0.0157038	0	0	0	0	0	0	0	0	0	0	0	0	0	0	0	0	0.00782034	0.00791528	7.55931	11.8891	0	0
k107_11796093 flag=1 multi=13.0000 len=6676	6676	8.51569	0	0	0	0	0	0	0	0	0	0	0	0	0	0	0	0	0	0	0.0230624	0.0231335	8.49263	13.3476	0	0
k107_12414973 flag=1 multi=57.0000 len=8842	8842	7.48888	0.0866511	0.190752	0	0	0	0	0	0	0	0	0.0173302	0.0173703	0	0	0	0	0	0	0	0	7.38489	10.0693	0	0
k107_23884348 flag=1 multi=6.6843 len=4355	4355	6.73723	0	0	0	0	0	0	0	0	0	0	0	0	0	0	0	0	0	0	0	0	6.73723	7.61806	0	0
k107_23502695 flag=1 multi=7.0000 len=5245	5245	8.36678	0	0	0	0	0	0	0	0	0	0	0	0	0	0	0	0	0	0	0	0	8.36678	9.89431	0	0
k107_30834525 flag=1 multi=66.0000 len=7993	7993	8.11195	0	0	0	0	0	0	0	0	0	0	0	0	0	0	0	0	0	0	0	0	8.11195	9.75739	0	0
k107_9477002 flag=1 multi=7.0000 len=2621	2621	7.82492	0	0	0	0	0	0	0	0	0	0	0	0	0	0	0	0	0	0	0	0	7.82492	13.5248	0	0
k107_15588056 flag=1 multi=12.0000 len=6828	6828	8.57309	0.0225253	0.0226051	0.0619062	0.107856	0.0226785	0.0226062	0	0	0.136224	0.363878	0	0	0	0	0	0	0	0	0.0226785	0.0226062	8.28409	10.0013	0.022985	0.022606
k107_25002081 flag=1 multi=15.0000 len=3659	3659	9.03396	0	0	0	0	0	0	0	0	0	0	0	0	0	0	0	0	0	0	0.133155	0.353341	8.9008	12.3887	0	0
k107_12075175 flag=1 multi=21.6918 len=6636	6636	8.3628	0	0	0	0	0.00331544	0.0034618	0	0	0	0	0	0	0	0	0	0	0	0	0.0236817	0.0232737	8.33581	8.08213	0	0
k107_3769589 flag=1 multi=18.0000 len=11827	11827	8.49761	0	0	0.0127549	0.012931	0	0	0	0	0	0	0	0	0	0	0	0	0	0	0	0	8.4721	9.44569	0.0127549	0.0129304
k107_29039387 flag=0 multi=12.6906 len=4335	4335	8.9085	0	0	0	0	0	0	0	0	0	0	0	0	0	0	0	0	0	0	0	0	8.9085	6.65104	0	0
k107_11087299 flag=1 multi=10.0364 len=16132	16132	8.68585	0.0186987	0.0187169	0	0	0	0	0	0	0.0153506	0.0270502	0	0	0	0	0	0	0	0	0.00941251	0.00944867	8.64239	12.9523	0	0
k107_6326357 flag=1 multi=8.0000 len=13609	13609	8.45675	0	0	0	0	0	0	0	0	0	0	0	0	0	0	0	0	0	0	0.0111971	0.0112161	8.44555	10.7313	0	0
k107_8542179 flag=0 multi=8.0000 len=5503	5503	8.50933	0.0149971	0.0328035	0	0	0	0	0	0	0	0	0	0	0	0	0	0	0	0	0	0	8.49433	12.555	0	0
k107_76592 flag=1 multi=12.0000 len=13005	13005	7.21263	0	0	0	0	0	0	0	0	0	0	0	0	0	0	0	0	0	0	0	0	7.21263	7.99674	0	0
k107_27240040 flag=1 multi=7.0000 len=5200	5200	7.67068	0	0	0	0	0	0	0	0	0	0	0	0	0	0	0	0	0	0	0	0	7.67068	7.26347	0	0
k107_31943091 flag=1 multi=87.0000 len=4475	4475	7.50276	0	0	0	0	0	0	0	0	0	0	0	0	0	0	0	0	0	0	0	0	7.50276	11.2696	0	0
k107_25676240 flag=1 multi=7.0000 len=6246	6246	7.65612	0	0	0	0	0	0	0	0	0	0	0	0	0	0	0	0	0	0	0	0	7.65612	8.66894	0	0
k107_7701632 flag=0 multi=18.0019 len=10198	10198	9.02011	0	0	0	0	0	0	0	0	0	0	0	0	0	0	0	0	0	0	0	0	9.02011	11.8521	0	0
k107_17823384 flag=1 multi=9.0000 len=10027	10027	7.58129	0	0	0.031054	0.0543723	0	0	0	0	0	0	0	0	0	0	0	0	0	0	0	0	7.51938	9.38441	0.0308483	0.0333942
k107_24083287 flag=1 multi=4.0000 len=3697	3697	4.43476	0	0	0	0	0	0	0	0	0	0	0	0	0	0	0	0	0	0	0	0	4.43476	2.94335	0	0
k107_8193954 flag=1 multi=21.0000 len=5950	5950	7.44919	0.0782578	0.121938	0.0782578	0.124065	0	0	0	0	0.0786119	0.126898	0	0	0	0	0	0	0	0	0	0	7.21406	6.27333	0	0
k107_6549925 flag=1 multi=9.0000 len=4174	4174	6.97856	0	0	0	0	0	0	0	0	0	0	0	0	0	0	0	0	0	0	0	0	6.97856	10.5921	0	0
k107_13607158 flag=0 multi=9.6637 len=5748	5748	7.06243	0	0	0	0	0	0	0	0	0	0	0	0	0	0	0	0	0	0	0	0	7.06243	8.16949	0	0
k107_32443102 flag=1 multi=14.0000 len=8512	8512	8.62655	0	0	0	0	0	0	0	0	0	0	0.00633374	0.00665597	0	0	0	0	0	0	0	0	8.62022	10.7807	0	0
k107_8867681 flag=1 multi=30.0000 len=4948	4948	8.61106	0	0	0	0	0	0	0	0	0	0	0	0	0	0	0	0	0	0	0	0	8.57921	8.5622	0.0318554	0.031451
k107_7930372 flag=1 multi=11.0000 len=4578	4578	7.99158	0	0	0	0	0	0	0	0	0	0	0	0	0	0	0	0	0	0	0	0	7.99158	10.4165	0	0
k107_8195681 flag=1 multi=8.0000 len=4206	4206	7.03125	0	0	0.0251025	0.0244816	0	0	0	0	0.076332	0.0990592	0	0	0	0	0	0	0	0	0	0	6.92982	11.7501	0	0
k107_25351900 flag=1 multi=11.0000 len=7254	7254	7.69678	0	0	0	0	0	0	0	0	0	0	0	0	0	0	0	0	0	0	0.0427215	0.041848	7.61105	7.92555	0.0430092	0.0740759
k107_19562729 flag=0 multi=7.0661 len=6352	6352	6.97983	0	0	0	0	0	0	0	0	0	0	0	0	0	0	0	0	0	0	0	0	6.95488	8.43	0.0249587	0.02434
k107_7813731 flag=1 multi=21.0000 len=4360	4360	7.15057	0	0	0	0	0	0	0	0	0	0	0	0	0	0	0	0	0	0	0.0362247	0.0358354	7.11434	6.37988	0	0
k107_7567113 flag=1 multi=17.0000 len=3961	3961	8.69008	0.0806231	0.134246	0	0	0	0	0	0	0	0	0	0	0	0	0	0	0	0	0	0	8.60946	9.75878	0	0
k107_6503312 flag=0 multi=7.0704 len=7668	7668	8.0243	0.0199566	0.0200883	0	0	0	0	0	0	0	0	0	0	0	0	0	0	0	0	0	0	8.00434	6.67599	0	0
k107_15590540 flag=1 multi=21.0000 len=11454	11454	8.02403	0	0	0	0	0	0	0	0	0	0	0	0	0	0	0	0	0	0	0	0	8.02403	10.2636	0	0
k107_13069859 flag=1 multi=15.0000 len=17175	17175	7.58265	0	0	0	0	0	0	0	0	0	0	0	0	0	0	0	0	0	0	0.0441534	0.0645416	7.53849	9.47171	0	0
k107_26037947 flag=1 multi=10.0000 len=4475	4475	8.31536	0.107596	0.248775	0	0	0	0	0	0	0	0	0	0	0	0	0	0	0	0	0	0	8.20776	10.1469	0	0
k107_28301195 flag=1 multi=10.3456 len=2659	2659	8.83963	0	0	0	0	0	0	0	0	0	0	0	0	0	0	0	0	0	0	0	0	8.83963	9.99885	0	0
k107_7232775 flag=1 multi=7.0000 len=5615	5615	7.56202	0	0	0	0	0	0	0	0	0	0	0	0	0	0	0	0	0	0	0.027668	0.0276191	7.53435	7.95845	0	0
k107_6591718 flag=1 multi=12.0000 len=5362	5362	6.79901	0.029249	0.028952	0.0590909	0.0905342	0	0	0	0	0	0	0	0	0	0	0	0	0	0	0	0	6.71067	10.3161	0	0
k107_34784383 flag=0 multi=27.4481 len=28971	28971	7.73675	0	0	0.00516237	0.00524087	0	0	0	0	0	0	0	0	0	0	0	0	0	0	0.015522	0.015548	7.71607	10.7792	0	0
k107_18680421 flag=1 multi=8.0000 len=2733	2733	8.04525	0	0	0.0604689	0.0582808	0	0	0	0	0	0	0	0	0	0	0	0	0	0	0	0	7.98478	9.08801	0	0
k107_5639737 flag=1 multi=8.0000 len=9815	9815	7.28267	0	0	0	0	0	0	0	0	0	0	0	0	0	0	0	0	0	0	0	0	7.28267	7.53349	0	0
k107_4098169 flag=0 multi=12.0793 len=5646	5646	8.56999	0	0	0	0	0	0	0	0	0	0	0	0	0	0	0	0	0	0	0.0276946	0.0274594	8.54229	9.25336	0	0
k107_4045768 flag=1 multi=10.0000 len=8314	8314	7.67711	0	0	0.0557913	0.112518	0	0	0	0	0	0	0	0	0	0	0	0	0	0	0.0369446	0.0535132	7.58437	9.35491	0	0
k107_6800439 flag=1 multi=16.0000 len=26245	26245	7.9591	0	0	0	0	0.0113711	0.0134314	0	0	0	0	0	0	0	0	0	0	0	0	0	0	7.94773	10.6505	0	0
k107_30019396 flag=1 multi=99.0000 len=4801	4801	7.79284	0	0	0	0	0	0	0	0	0	0	0	0	0	0	0	0	0	0	0	0	7.79284	9.39669	0	0
k107_5048909 flag=1 multi=7.0000 len=6000	6000	6.4047	0	0	0	0	0	0	0	0	0	0	0	0	0	0	0	0	0	0	0	0	6.4047	7.47461	0	0
k107_13546144 flag=1 multi=7.0000 len=4415	4415	8.80282	0	0	0	0	0	0	0	0	0	0	0	0	0	0	0	0	0	0	0.0357403	0.0353703	8.76708	16.1044	0	0
k107_623831 flag=0 multi=10.7522 len=9976	9976	7.43912	0	0	0	0	0	0	0	0	0	0	0	0	0	0	0	0	0	0	0.0259458	0.0258625	7.41317	6.54994	0	0
k107_20026096 flag=1 multi=27.0000 len=3631	3631	8.459	0	0	0	0	0	0	0	0	0	0	0	0	0	0	0	0	0	0	0	0	8.459	10.5683	0	0
k107_32882876 flag=1 multi=6.0000 len=6574	6574	6.97401	0	0	0	0	0	0	0	0	0	0	0	0	0	0	0	0	0	0	0	0	6.97401	9.63012	0	0
k107_9401304 flag=1 multi=9.0000 len=9366	9366	8.28508	0	0	0	0	0	0	0	0	0.0164387	0.0163816	0	0	0	0	0	0	0	0	0	0	8.23566	8.18044	0.0329876	0.0509691
k107_2708579 flag=1 multi=7.0000 len=2606	2606	6.06771	0	0	0	0	0	0	0	0	0	0	0	0	0	0	0	0	0	0	0	0	6.06771	10.4093	0	0
k107_12504200 flag=1 multi=16.0000 len=10264	10264	7.69936	0	0	0.0300141	0.045258	0	0	0	0	0	0	0	0	0	0	0	0	0	0	0	0	7.66934	8.06221	0	0
k107_13670748 flag=1 multi=45.0000 len=2546	2546	6.80392	0	0	0	0	0	0	0	0	0	0	0	0	0	0	0	0	0	0	0	0	6.80392	7.03414	0	0
k107_19656172 flag=1 multi=8.0000 len=4091	4091	7.09053	0	0	0	0	0	0	0	0	0	0	0	0	0	0	0	0	0	0	0	0	7.09053	7.7872	0	0
k107_2865204 flag=1 multi=9.0000 len=7806	7806	8.38979	0.120602	0.167751	0	0	0	0	0	0	0.260927	0.384583	0.0402452	0.0532911	0	0	0	0	0	0	0.0197228	0.0197254	7.86794	10.4808	0.0803571	0.0913452
k107_9059462 flag=1 multi=7.0000 len=3865	3865	7.6691	0	0	0	0	0	0	0	0	0	0	0	0	0	0	0	0	0	0	0	0	7.6691	7.6281	0	0
k107_16276461 flag=1 multi=12.0000 len=7440	7440	8.0643	0.020594	0.0207058	0.020594	0.0207065	0	0	0	0	0.041188	0.0539832	0	0	0	0	0	0	0	0	0	0	7.98193	8.36935	0	0
k107_1729026 flag=1 multi=7.0000 len=3354	3354	6.79915	0	0	0	0	0	0	0	0	0	0	0	0	0	0	0	0	0	0	0	0	6.79915	6.17835	0	0
k107_4464598 flag=1 multi=8.0000 len=2912	2912	8.68238	0	0	0	0	0	0	0	0	0	0	0	0	0	0	0	0	0	0	0	0	8.68238	11.9377	0	0
k107_5585163 flag=1 multi=17.0000 len=4135	4135	7.15601	0.077485	0.0726008	0	0	0	0	0	0	0	0	0	0	0	0	0	0	0	0	0	0	7.07853	15.2905	0	0
k107_16447266 flag=1 multi=7.0000 len=4428	4428	7.82235	0	0	0	0	0	0	0	0	0	0	0	0	0	0	0	0	0	0	0	0	7.82235	10.0297	0	0
k107_28235851 flag=1 multi=37.0000 len=3076	3076	7.24261	0	0	0	0	0	0	0	0	0	0	0	0	0	0	0	0	0	0	0	0	7.24261	8.73425	0	0
k107_5425260 flag=1 multi=10.0000 len=6738	6738	7.25264	0	0	0	0	0	0	0	0	0	0	0	0	0	0	0	0	0	0	0	0	7.22918	9.15095	0.0234618	0.0229146
k107_29019820 flag=1 multi=15.1237 len=4910	4910	7.14388	0	0	0.0638021	0.0647303	0	0	0	0	0	0	0	0	0	0	0	0	0	0	0.031901	0.0317019	7.04818	10.0749	0	0
k107_858079 flag=1 multi=13.4221 len=13434	13434	8.03708	0	0	0	0	0	0	0	0	0	0	0	0	0	0	0	0	0	0	0.0344959	0.0636172	8.00259	11.5329	0	0
k107_24239688 flag=1 multi=8.0000 len=11750	11750	7.297	0	0	0.0130154	0.0130125	0	0	0	0	0	0	0	0	0	0	0	0	0	0	0	0	7.28398	8.83034	0	0
k107_34552152 flag=1 multi=8.0000 len=3930	3930	7.59592	0	0	0	0	0	0	0	0	0	0	0	0	0	0	0	0	0	0	0.0416207	0.0398994	7.5543	13.0503	0	0
k107_5548407 flag=0 multi=10.4739 len=4505	4505	6.59957	0	0	0	0	0	0	0	0	0	0	0	0	0	0	0	0	0	0	0	0	6.59957	9.63373	0	0
k107_26005576 flag=1 multi=26.0000 len=13506	13506	7.14814	0	0	0	0	0	0	0	0	0	0	0	0	0	0	0	0	0	0	0.0560436	0.0539129	7.06937	12.6362	0.0227204	0.026891
k107_30628336 flag=0 multi=9.1565 len=2937	2937	7.92144	0.113472	0.101514	0.167362	0.22366	0	0	0	0	0.112334	0.170609	0	0	0	0	0	0	0	0	0.0573055	0.0540417	7.47097	5.15139	0	0
k107_31111477 flag=1 multi=13.0000 len=8563	8563	7.89529	0	0	0	0	0	0	0	0	0	0	0	0	0	0	0	0	0	0	0.03571	0.0407984	7.85958	7.11833	0	0
k107_33690563 flag=1 multi=12.0000 len=7361	7361	8.25783	0.0208245	0.0209365	0	0	0	0	0	0	0	0	0	0	0	0	0	0	0	0	0	0	8.19493	13.1819	0.0420739	0.0409575
k107_574268 flag=1 multi=38.0377 len=15059	15059	8.29105	0	0	0	0	0	0	0	0	0	0	0	0	0	0	0	0	0	0	0	0	8.29105	9.11995	0	0
k107_6957605 flag=0 multi=25.1092 len=8017	8017	9.30408	0	0	0	0	0	0	0	0	0	0	0	0	0	0	0	0	0	0	0.0191834	0.0191916	9.2849	11.7785	0	0
k107_14364783 flag=1 multi=7.4598 len=2682	2682	7.40798	0	0	0	0	0	0	0	0	0	0	0	0	0	0	0	0	0	0	0	0	7.40798	7.7067	0	0
k107_33050725 flag=0 multi=12.0069 len=14267	14267	7.45184	0	0	0	0	0	0	0	0	0	0	0	0	0	0	0	0	0	0	0	0	7.4411	8.01498	0.0107411	0.0107011
k107_10076948 flag=1 multi=16.0000 len=5452	5452	7.10427	0	0	0	0	0	0	0	0	0	0	0	0	0	0	0	0	0	0	0	0	7.10427	8.42621	0	0
k107_27453807 flag=1 multi=8.0000 len=5515	5515	7.62383	0	0	0	0	0	0	0	0	0	0	0	0	0	0	0	0	0	0	0	0	7.62383	9.62966	0	0
k107_14039731 flag=1 multi=9.0000 len=4246	4246	8.40441	0.0474138	0.103855	0	0	0	0	0	0	0	0	0	0	0	0	0	0	0	0	0	0	8.357	10.7897	0	0
k107_13833557 flag=1 multi=11.0000 len=7890	7890	7.67778	0	0	0	0	0	0	0	0	0.0113337	0.0112067	0	0	0	0	0	0	0	0	0	0	7.66645	12.818	0	0
k107_23820685 flag=1 multi=20.0000 len=4569	4569	9.08718	0.129365	0.280684	0.0346848	0.0341428	0	0	0	0	0	0	0	0	0	0	0	0	0	0	0.0344504	0.0341427	8.88868	11.4588	0	0
k107_6372757 flag=0 multi=8.0379 len=3928	3928	8.60756	0	0	0	0	0	0	0	0	0	0	0	0	0	0	0	0	0	0	0	0	8.60756	14.401	0	0
k107_519833 flag=1 multi=8.4405 len=6141	6141	8.88491	0	0	0	0	0	0	0	0	0	0	0	0	0	0	0	0	0	0	0.101387	0.13181	8.78352	13.4206	0	0
k107_31927568 flag=0 multi=8.1764 len=5837	5837	7.22186	0	0	0	0	0	0	0	0	0	0	0	0	0	0	0	0	0	0	0.0269196	0.026543	7.19494	6.69376	0	0
k107_2283234 flag=0 multi=8.0188 len=6797	6797	8.1649	0	0	0	0	0	0	0	0	0	0	0	0	0	0	0	0	0	0	0	0	8.1649	7.77981	0	0
k107_35377053 flag=1 multi=90.0000 len=8381	8381	8.35141	0.0183191	0.0183449	0	0	0	0	0	0	0.0363906	0.0704085	0	0	0	0	0	0	0	0	0.0365144	0.0671899	8.26018	7.06871	0	0
k107_1610216 flag=0 multi=17.0294 len=8328	8328	8.9078	0	0	0	0	0	0	0	0	0	0	0	0	0	0	0	0	0	0	0	0	8.9078	9.48686	0	0
k107_8167413 flag=1 multi=9.0000 len=7680	7680	7.37842	0	0	0	0	0	0	0	0	0	0	0	0	0	0	0	0	0	0	0	0	7.37842	8.04422	0	0
k107_17347955 flag=1 multi=9.0000 len=3766	3766	7.77569	0	0	0	0	0	0	0	0	0	0	0	0	0	0	0	0	0	0	0	0	7.77569	9.67698	0	0
