contigName	contigLen	totalAvgDepth	Cen01_MA.bam	Cen01_MA.bam-var	Cen03_MA.bam	Cen03_MA.bam-var	Cen04_MA.bam	Cen04_MA.bam-var	Cen05_MA.bam	Cen05_MA.bam-var	Cen06_MA.bam	Cen06_MA.bam-var	Cen07_MA.bam	Cen07_MA.bam-var	Cen10_MA.bam	Cen10_MA.bam-var	Cen12_MA.bam	Cen12_MA.bam-var	Cen14_MA.bam	Cen14_MA.bam-var	Cen15_MA.bam	Cen15_MA.bam-var	Cen16_MA.bam	Cen16_MA.bam-var	Cen17_MA.bam	Cen17_MA.bam-var
k107_35503913 flag=0 multi=9.0202 len=26140	26140	10.5288	0	0	0	0	0	0	0	0	0	0	0	0	0	0	0	0	0	0	0	0	10.5288	14.5049	0	0
k107_9735350 flag=0 multi=11.0072 len=18079	18079	11.3889	0	0	0	0	0	0	0	0	0	0	0	0	0	0	0	0	0	0	0	0	11.3889	12.6139	0	0
k107_16980837 flag=1 multi=10.0000 len=14818	14818	11.151	0	0	0	0	0	0	0	0	0	0	0	0	0	0	0	0	0	0	0	0	11.151	13.6035	0	0
k107_5239048 flag=1 multi=11.0000 len=10953	10953	13.6368	0	0	0	0	0	0	0	0	0	0	0	0	0	0	0	0	0	0	0	0	13.6368	19.4005	0	0
k107_23153980 flag=1 multi=14.0000 len=43723	43723	11.4677	0	0	0	0	0	0	0	0	0	0	0	0	0	0	0	0	0	0	0	0	11.4572	13.4516	0.0104327	0.0118056
k107_16013605 flag=1 multi=9.0000 len=4389	4389	12.0113	0	0	0	0	0	0	0	0	0	0	0	0	0	0	0	0	0	0	0	0	12.0113	17.732	0	0
k107_19903984 flag=1 multi=11.0000 len=87910	87910	11.5043	0	0	0	0	0	0	0	0	0	0	0	0	0	0	0	0	0	0	0	0	11.4992	14.6767	0.00510227	0.00514767
k107_28583813 flag=1 multi=10.0000 len=13074	13074	10.9518	0	0	0	0	0	0	0	0	0	0	0	0	0	0	0	0	0	0	0	0	10.9518	14.4739	0	0
k107_2851954 flag=0 multi=9.0193 len=42144	42144	11.4928	0	0	0	0	0	0	0	0	0	0	0	0	0	0	0	0	0	0	0.00721763	0.00726457	11.4784	16.3185	0.00719373	0.00979765
k107_8956679 flag=0 multi=10.0223 len=51076	51076	11.9617	0	0	0	0	0	0	0	0	0	0	0	0	0	0	0	0	0	0	0	0	11.9557	16.9167	0.00594793	0.00961495
k107_26302544 flag=0 multi=12.0167 len=196206	196206	11.9001	0	0	0	0	0	0	0	0	0	0	0	0	0	0	0	0	0	0	0	0	11.8955	15.3872	0.00459919	0.00572742
k107_9840698 flag=0 multi=10.2136 len=160565	160565	11.6444	0	0	0	0	0	0	0	0	0	0	0	0	0	0	0	0	0	0	0	0	11.6397	14.6378	0.00467981	0.00467725
k107_16097867 flag=1 multi=12.0000 len=67351	67351	11.9169	0	0	0	0	0	0	0	0	0	0	0	0	0	0	0	0	0	0	0	0	11.9169	15.4552	0	0
k107_2948943 flag=1 multi=34.0000 len=15343	15343	10.9584	0	0	0	0	0	0	0	0	0	0	0	0	0	0	0	0	0	0	0	0	10.9584	15.6456	0	0
k107_13239344 flag=1 multi=11.0000 len=28581	28581	11.7797	0	0	0	0	0	0	0	0	0	0	0	0	0	0	0	0	0	0	0	0	11.7745	17.971	0.00526893	0.00531156
k107_11540837 flag=0 multi=15.1948 len=27879	27879	11.5366	0	0	0	0	0	0	0	0	0	0	0	0	0	0	0	0	0	0	0	0	11.5203	19.0138	0.0162817	0.0161621
k107_23504405 flag=1 multi=11.0000 len=188309	188309	11.0719	0	0	0	0	0	0	0	0	0	0	0	0	0	0	0	0	0	0	0	0	11.0687	14.969	0.00320201	0.00399242
k107_26425948 flag=1 multi=10.9921 len=69749	69749	12.0622	0	0	0	0	0	0	0	0	0	0	0	0	0	0	0	0	0	0	0	0	12.06	16.5286	0.00217432	0.00216562
k107_4041821 flag=0 multi=10.0284 len=61479	61479	11.6833	0	0	0	0	0	0	0	0	0	0	0	0	0	0	0	0	0	0	0	0	11.6759	14.94	0.00735571	0.00879269
k107_27227957 flag=1 multi=10.0000 len=29375	29375	11.3869	0	0	0	0	0	0	0	0	0	0	0	0	0	0	0	0	0	0	0	0	11.3869	14.5325	0	0
k107_17312619 flag=0 multi=14.0054 len=117086	117086	11.0424	0	0	0	0	0	0	0	0	0	0	0	0	0	0	0	0	0	0	0	0	11.0424	15.5596	0	0
k107_18456471 flag=1 multi=10.0000 len=3151	3151	12.2615	0	0	0	0	0	0	0	0	0	0	0	0	0	0	0	0	0	0	0	0	12.2376	9.49812	0.023868	0.0243055
k107_29474714 flag=1 multi=10.0318 len=112554	112554	11.5	0	0	0	0	0	0	0	0	0	0	0	0	0	0	0	0	0	0	0	0	11.4987	17.4213	0.00131846	0.00134182
k107_28331018 flag=1 multi=13.0000 len=47165	47165	11.9768	0	0	0	0	0	0	0	0	0	0	0	0	0	0	0	0	0	0	0	0	11.9672	14.4301	0.00953844	0.011559
k107_28293931 flag=1 multi=14.0000 len=18729	18729	10.7742	0	0	0	0	0	0	0	0	0	0	0	0	0	0	0	0	0	0	0	0	10.7742	11.629	0	0
k107_2513252 flag=1 multi=10.0000 len=61070	61070	11.1989	0	0	0	0	0	0	0	0	0	0	0	0	0	0	0	0	0	0	0	0	11.1989	15.3989	0	0
k107_35507088 flag=1 multi=14.0000 len=10859	10859	10.8483	0	0	0	0	0	0	0	0	0	0	0	0	0	0	0	0	0	0	0	0	10.8483	14.4846	0	0
k107_32968778 flag=1 multi=11.0000 len=76887	76887	11.6674	0	0	0	0	0	0	0	0	0	0	0	0	0	0	0	0	0	0	0	0	11.6654	15.9352	0.00191944	0.00196404
k107_33993266 flag=0 multi=14.0069 len=84031	84031	11.5433	0	0	0	0	0	0	0	0	0	0	0.00180344	0.00179985	0	0	0	0	0	0	0	0	11.5379	16.0956	0.00358299	0.0035841
k107_27035494 flag=1 multi=9.9940 len=134899	134899	11.5301	0	0	0	0	0	0	0	0	0	0	0	0	0	0	0	0	0	0	0	0	11.5279	15.748	0.00224373	0.0033203
k107_20029523 flag=0 multi=10.0021 len=213932	213932	11.7102	0	0	0	0	0	0	0	0	0.00141366	0.00259872	0	0	0	0	0	0	0	0	0	0	11.7024	16.8728	0.00633338	0.00883828
k107_19454906 flag=0 multi=12.0017 len=230557	230557	11.8723	0	0	0	0	0	0	0	0	0	0	0	0	0	0	0	0	0	0	0.00131159	0.00130982	11.8633	15.8277	0.00777833	0.00870129
k107_820910 flag=0 multi=14.0276 len=16293	16293	10.7221	0	0	0	0	0	0	0	0	0	0	0	0	0	0	0	0	0	0	0	0	10.7221	16.1238	0	0
k107_2829270 flag=0 multi=10.0119 len=45799	45799	11.7219	0	0	0	0	0	0	0	0	0	0	0	0	0	0	0	0	0	0	0	0	11.7155	16.2428	0.00646196	0.00882281
k107_25500271 flag=1 multi=10.0000 len=24272	24272	11.3572	0	0	0	0	0	0	0	0	0.00546516	0.00981573	0	0	0	0	0	0	0	0	0	0	11.3517	15.4112	0	0
k107_28200458 flag=0 multi=10.0033 len=111367	111367	11.2576	0	0	0	0	0	0	0	0	0	0	0	0	0	0	0	0	0	0	0	0	11.2576	13.5563	0	0
k107_12255638 flag=0 multi=11.1198 len=31188	31188	12.3391	0	0	0	0	0	0	0	0	0	0	0	0	0	0	0	0	0	0	0.00977789	0.0126608	12.3293	17.3237	0	0
k107_32112507 flag=1 multi=16.0000 len=166404	166404	11.8128	0	0	0	0	0	0	0	0	0	0	0	0	0	0	0	0	0	0	0	0	11.8092	16.4279	0.00358816	0.00361153
k107_35328553 flag=0 multi=33.0000 len=20885	20885	12.5163	0	0	0	0	0	0	0	0	0	0	0	0	0	0	0	0	0	0	0	0	12.5163	16.869	0	0
k107_11422609 flag=0 multi=9.0559 len=6618	6618	12.1143	0	0	0	0	0	0	0	0	0	0	0	0	0	0	0	0	0	0	0	0	12.1143	11.4623	0	0
k107_11179625 flag=1 multi=10.0000 len=10941	10941	12.1032	0	0	0	0	0	0	0	0	0	0	0	0	0	0	0	0	0	0	0	0	12.1032	16.3832	0	0
k107_33183072 flag=1 multi=9.0000 len=12772	12772	11.0733	0	0	0	0	0	0	0	0	0	0	0	0	0	0	0	0	0.191018	0.668548	0.0913392	0.196903	10.7909	19.2124	0	0
k107_3216165 flag=0 multi=11.6805 len=170597	170597	11.8154	0	0	0	0	0	0	0	0	0	0	0	0	0	0	0	0	0	0	0.00354679	0.013563	11.8048	16.0795	0.00704072	0.00899943
k107_5273944 flag=0 multi=10.1443 len=4431	4431	11.6047	0	0	0	0	0	0	0	0	0	0	0	0	0	0	0	0	0	0	0	0	11.6047	10.6137	0	0
k107_6954488 flag=0 multi=10.0084 len=16196	16196	11.243	0	0	0	0	0	0	0	0	0	0	0	0	0	0	0	0	0	0	0	0	11.243	13.5391	0	0
k107_3162231 flag=0 multi=9.0752 len=6729	6729	10.464	0	0	0	0	0	0	0	0	0	0	0	0	0	0	0	0	0	0	0	0	10.464	11.4662	0	0
k107_12539603 flag=0 multi=9.9911 len=107431	107431	10.9216	0	0	0	0	0	0	0	0	0	0	0	0	0	0	0	0	0	0	0	0	10.9146	14.8791	0.0069729	0.00855393
k107_10810561 flag=0 multi=10.0057 len=3250	3250	9.52001	0	0	0	0	0	0	0	0	0	0	0	0	0	0	0	0	0	0	0	0	9.52001	14.9125	0	0
k107_8196427 flag=0 multi=10.0048 len=43722	43722	11.8261	0	0	0	0	0	0	0	0	0	0	0	0	0	0	0	0	0	0	0	0	11.8261	17.5228	0	0
k107_8177558 flag=1 multi=10.0000 len=85815	85815	11.8156	0	0	0	0	0	0	0	0	0	0	0	0	0	0	0	0	0	0	0	0	11.8121	15.9919	0.00348485	0.00351394
k107_11465013 flag=0 multi=11.0034 len=127195	127195	12.0509	0	0	0	0	0	0	0	0	0	0	0	0	0	0	0	0	0	0	0	0	12.0486	15.6261	0.00232479	0.00237008
k107_29275060 flag=1 multi=10.0000 len=76522	76522	11.4964	0	0	0	0	0	0	0	0	0	0	0	0	0	0	0	0	0	0	0	0	11.4905	17.407	0.0058646	0.00731218
k107_2645560 flag=1 multi=10.0000 len=45635	45635	11.4601	0	0	0	0	0	0	0	0	0	0	0	0	0	0	0	0	0	0	0	0	11.4535	13.045	0.00657358	0.00660603
k107_22984311 flag=1 multi=10.0000 len=35337	35337	11.5669	0	0	0	0	0	0	0	0	0	0	0	0	0	0	0	0	0	0	0	0	11.5497	14.9991	0.0172114	0.0264243
k107_30658759 flag=1 multi=15.0000 len=103337	103337	11.4121	0	0	0	0	0	0	0	0	0	0	0	0	0	0	0	0	0	0	0	0	11.4121	15.7747	0	0
k107_30020262 flag=0 multi=10.3860 len=17453	17453	12.2729	0	0	0	0	0	0	0	0	0	0	0	0	0	0	0	0	0	0	0	0	12.2729	14.0302	0	0
k107_16172495 flag=1 multi=13.9800 len=90052	90052	11.9663	0	0	0.00166017	0.00167681	0	0	0	0	0.000969359	0.00101188	0	0	0	0	0	0	0	0	0	0	11.9604	18.485	0.00333148	0.00557648
k107_28816605 flag=0 multi=33.0233 len=34162	34162	12.2469	0	0	0	0	0	0	0	0	0	0	0	0	0	0	0	0	0	0	0	0	12.2469	20.5658	0	0
