contigName	contigLen	totalAvgDepth	Cen01_MA.bam	Cen01_MA.bam-var	Cen03_MA.bam	Cen03_MA.bam-var	Cen04_MA.bam	Cen04_MA.bam-var	Cen05_MA.bam	Cen05_MA.bam-var	Cen06_MA.bam	Cen06_MA.bam-var	Cen07_MA.bam	Cen07_MA.bam-var	Cen10_MA.bam	Cen10_MA.bam-var	Cen12_MA.bam	Cen12_MA.bam-var	Cen14_MA.bam	Cen14_MA.bam-var	Cen15_MA.bam	Cen15_MA.bam-var	Cen16_MA.bam	Cen16_MA.bam-var	Cen17_MA.bam	Cen17_MA.bam-var
k107_31762089 flag=0 multi=39.8700 len=6282	6282	48.7555	0	0	0	0	0	0	0	0	0	0	0	0	0	0	0	0	0	0	0	0	48.7304	79.5936	0.0250836	0.0246174
k107_12962812 flag=0 multi=55.0219 len=5356	5356	48.4032	0	0	0	0	0	0	0	0	0	0	0	0	0	0	0	0	0	0	0	0	48.374	61.2274	0.0292837	0.0289944
k107_17066810 flag=0 multi=38.0436 len=31991	31991	47.1416	0	0	0	0	0	0	0	0	0	0	0	0	0	0	0	0	0	0	0	0	47.1085	66.66	0.0331345	0.0369088
k107_9224276 flag=0 multi=38.0270 len=3250	3250	46.0282	0	0	0	0	0	0	0	0	0	0	0	0	0	0	0	0	0	0	0	0	46.0282	49.0706	0	0
k107_26047498 flag=0 multi=36.0841 len=30333	30333	46.7605	0	0	0	0	0	0	0	0	0	0	0	0	0	0	0	0	0	0	0	0	46.7405	59.1124	0.0199461	0.0254403
k107_6249458 flag=0 multi=40.2727 len=14490	14490	48.2702	0	0	0	0	0	0	0	0	0	0	0	0	0	0	0	0	0	0	0	0	48.2599	69.2644	0.0103609	0.0105251
k107_818376 flag=0 multi=39.1569 len=72064	72064	49.0433	0	0	0.00416655	0.00564783	0	0	0	0	0	0	0	0	0	0	0	0	0	0	0	0	49.0247	71.238	0.0145063	0.016681
k107_29200611 flag=0 multi=39.0000 len=128008	128008	47.0828	0	0	0	0	0	0	0	0	0	0	0	0	0	0	0	0	0	0	0	0	47.0546	70.2368	0.0281663	0.0316227
k107_30361298 flag=0 multi=38.0068 len=58713	58713	46.3023	0	0	0.00515314	0.00881581	0	0	0	0	0	0	0	0	0	0	0	0	0	0	0	0	46.2894	67.7027	0.00773827	0.0116337
k107_15229865 flag=0 multi=44.1507 len=15267	15267	46.8821	0	0	0.0201136	0.0220455	0	0	0	0	0	0	0	0	0	0	0	0	0	0	0	0	46.862	101.237	0	0
k107_5149421 flag=0 multi=38.9966 len=78465	78465	49.4036	0	0	0	0	0.00377416	0.00384776	0	0	0	0	0	0	0	0	0	0	0	0	0	0	49.3749	68.5514	0.0249223	0.0275753
k107_33792771 flag=0 multi=47.3137 len=20569	20569	47.0548	0	0	0.0149011	0.014673	0	0	0	0	0	0	0	0	0	0	0	0	0	0	0	0	47.0399	76.6878	0	0
k107_21796719 flag=0 multi=37.4775 len=12161	12161	47.0057	0	0	0	0	0	0	0	0	0	0	0	0	0	0	0	0	0	0	0	0	46.9804	67.0742	0.0253816	0.024813
k107_13541854 flag=0 multi=38.1313 len=52769	52769	47.3414	0	0	0.005756	0.008046	0	0	0	0	0	0	0	0	0	0	0	0	0	0	0	0	47.3271	68.3628	0.0085387	0.00854741
k107_6420191 flag=0 multi=38.0012 len=178178	178178	47.2964	0	0	0.00169781	0.00169372	0	0	0	0	0	0	0	0	0	0	0	0	0	0	0	0	47.2787	67.665	0.0160618	0.0186677
k107_29455904 flag=0 multi=37.0034 len=210166	210166	47.4189	0	0	0	0	0	0	0	0	0	0	0	0	0	0	0	0	0	0	0	0	47.3996	71.3967	0.0192744	0.0239028
k107_15846586 flag=0 multi=37.1670 len=15399	15399	48.044	0	0	0	0	0	0	0	0	0	0	0	0	0	0	0	0	0	0	0	0	48.034	64.8123	0.010002	0.00990712
k107_35460647 flag=0 multi=45.0065 len=168473	168473	47.4549	0	0	0.00538737	0.00891654	0	0	0	0	0	0	0	0	0	0	0	0	0	0	0	0	47.4362	79.4316	0.0133852	0.0155588
k107_34903702 flag=0 multi=63.0600 len=22872	22872	48.0752	0	0	0.0133806	0.013204	0	0	0	0	0	0	0	0	0	0	0	0	0	0	0	0	48.0618	66.5402	0	0
k107_18430048 flag=0 multi=39.0121 len=14107	14107	48.2774	0	0	0	0	0	0	0	0	0	0	0	0	0	0	0	0	0	0	0	0	48.2556	77.9788	0.0217313	0.0213977
k107_29118524 flag=0 multi=40.1850 len=54656	54656	45.9327	0	0	0	0	0	0	0	0	0	0	0	0	0	0	0	0	0	0	0	0	45.9162	93.47	0.0165213	0.0166237
k107_13693185 flag=0 multi=37.0202 len=30000	30000	47.506	0	0	0	0	0	0	0	0	0	0	0	0	0	0	0	0	0	0	0	0	47.5009	54.5215	0.00508452	0.00505974
k107_24805363 flag=0 multi=38.0208 len=217044	217044	47.9091	0	0	0.00139336	0.00219379	0	0	0	0	0	0	0	0	0	0	0	0	0	0	0	0	47.8939	72.7285	0.013809	0.0160542
k107_4597922 flag=0 multi=37.0140 len=28993	28993	48.1913	0	0	0	0	0	0	0	0	0	0	0	0	0	0	0	0	0	0	0	0	48.1651	71.0702	0.0261755	0.0256149
k107_303228 flag=0 multi=40.6019 len=24118	24118	48.2387	0	0	0	0	0	0	0	0	0	0	0	0	0	0	0	0	0	0	0	0	48.2325	60.6858	0.00621431	0.00630236
k107_25711776 flag=0 multi=36.9880 len=20176	20176	48.727	0	0	0	0	0	0	0	0	0	0	0	0	0	0	0	0	0	0	0	0	48.712	56.9051	0.0149441	0.0149777
k107_21789929 flag=0 multi=53.1439 len=162565	162565	48.4533	0	0	0	0	0	0	0	0	0	0	0	0	0	0	0	0	0	0	0	0	48.4265	71.3108	0.0268083	0.0310214
k107_19387296 flag=0 multi=52.8545 len=39644	39644	47.4821	0	0	0.00767627	0.00828052	0.00373646	0.00382403	0	0	0	0	0.0263586	0.0627517	0.083346	0.198472	0.152051	0.322511	0.0191399	0.0198383	0.0116923	0.0187964	47.1743	55.1983	0.00383814	0.00382396
k107_34857406 flag=0 multi=70.1737 len=13368	13368	47.8005	0	0	0	0	0.102403	0.184256	0	0	0	0	0	0	0.0339048	0.0448139	0.0112506	0.011427	0.0226542	0.0225823	0	0	47.6303	68.5936	0	0
k107_5666095 flag=0 multi=45.0618 len=138242	138242	47.7212	0	0	0	0	0	0	0	0	0	0	0	0	0	0	0	0	0	0	0	0	47.7103	75.6097	0.0108815	0.0127866
k107_33161867 flag=0 multi=46.1042 len=16913	16913	43.9927	0	0	0	0	0	0	0	0	0.0414785	0.0716758	0.00884956	0.00900618	0	0	0.0547228	0.314322	0	0	0.00806694	0.00817309	43.8796	76.8568	0	0
k107_9676370 flag=0 multi=37.8018 len=11073	11073	47.0091	0	0	0	0	0	0	0	0	0	0	0	0	0	0	0	0	0	0	0	0	47.0091	54.7888	0	0
k107_23575865 flag=0 multi=41.9975 len=160435	160435	47.975	0	0	0	0	0	0	0	0	0	0	0	0	0	0	0	0	0	0	0	0	47.9628	69.3655	0.0121899	0.0124921
k107_35493793 flag=0 multi=38.8383 len=427198	427198	47.6023	0	0	0.00141486	0.00234832	0.00104475	0.00163095	0	0	0	0	0	0	0	0	0	0	0	0	0	0	47.5816	69.8547	0.0182433	0.0204576
k107_6258885 flag=0 multi=42.9883 len=360631	360631	48.8147	0	0	0.000838123	0.00130348	0	0	0	0	0	0	0	0	0	0	0	0	0	0	0	0	48.7977	71.1062	0.0161686	0.0192018
k107_7903348 flag=0 multi=38.5225 len=77244	77244	47.8126	0	0	0	0	0	0	0	0	0	0	0	0	0	0	0	0	0	0	0	0	47.7892	61.9723	0.0234072	0.0246588
k107_25746908 flag=0 multi=37.0193 len=84584	84584	48.1754	0	0	0	0	0	0	0	0	0	0	0	0	0	0	0	0	0	0	0	0	48.1522	69.2714	0.0232315	0.0264149
k107_17361258 flag=0 multi=37.8660 len=21491	21491	47.1949	0	0	0	0	0	0	0	0	0	0	0	0	0	0	0	0	0	0	0	0	47.1949	73.7681	0	0
k107_32366351 flag=0 multi=37.0121 len=96155	96155	46.9895	0	0	0.00315066	0.00530599	0	0	0	0	0	0	0	0	0	0	0	0	0	0	0	0	46.977	63.7552	0.00935808	0.0116925
k107_34798609 flag=0 multi=78.6102 len=7747	7747	50.5837	0	0	0.0397582	0.0746588	0	0	0	0	0	0	0	0	0	0	0	0	0	0	0	0	50.544	72.7813	0	0
k107_22040488 flag=0 multi=41.0007 len=176792	176792	48.8472	0	0	0.00171115	0.0021494	0	0	0	0	0	0	0	0	0	0	0	0	0	0	0	0	48.8336	69.2611	0.0118874	0.0118275
k107_33798139 flag=0 multi=37.1229 len=45291	45291	46.6625	0	0	0	0	0	0	0	0	0	0	0	0	0	0	0	0	0	0	0	0	46.6293	58.9335	0.0332081	0.0339422
k107_33225962 flag=0 multi=36.0060 len=18323	18323	48.2989	0	0	0.0331835	0.0345075	0.0987737	0.128732	0	0	0	0	0.00815715	0.00831059	0.0656456	0.102614	0.0659231	0.184603	0.0163698	0.0172515	0.0163698	0.0164777	47.9861	100.072	0.00837911	0.00831178
k107_12964463 flag=0 multi=40.0872 len=5139	5139	48.925	0	0	0	0	0	0	0	0	0	0	0	0	0	0	0	0	0	0	0	0	48.8321	52.3664	0.0928261	0.0848945
k107_34802129 flag=0 multi=35.0331 len=12838	12838	46.9698	0	0	0	0	0	0	0	0	0	0	0	0	0	0	0	0	0	0	0	0	46.9578	96.0153	0.0120453	0.0119013
k107_34950471 flag=0 multi=41.0083 len=161761	161761	48.0597	0	0	0	0	0	0	0.00186425	0.00228513	0	0	0	0	0	0	0	0	0	0	0	0	48.0439	71.0366	0.0139354	0.0156149
k107_13440728 flag=0 multi=39.0160 len=14962	14962	45.1324	0	0	0	0	0	0	0	0	0	0	0	0	0	0	0	0	0	0	0	0	45.1221	79.6568	0.0103001	0.0101949
k107_28197346 flag=0 multi=40.3010 len=5393	5393	47.2809	0.0581418	0.115154	0	0	0	0	0	0	0	0	0	0	0.0247496	0.0478832	0.145551	0.318848	0	0	0.0290709	0.0287884	47.0234	33.5822	0	0
k107_19361978 flag=0 multi=43.5572 len=134232	134232	48.7045	0	0	0.00223998	0.00344373	0.00109759	0.00112543	0	0	0	0	0	0	0.0110505	0.0121429	0.0576719	0.187024	0.00219518	0.00224559	0	0	48.6068	70.5343	0.0234973	0.0314843
k107_7002542 flag=0 multi=35.1274 len=4580	4580	49.0944	0	0	0.0591398	0.0556553	0	0	0	0	0	0	0	0	0	0	0	0	0	0	0	0	49.0353	111.797	0	0
k107_1351523 flag=0 multi=55.0041 len=76922	76922	48.5098	0	0	0	0	0.00191856	0.00196535	0	0	0	0	0	0	0	0	0	0	0	0	0	0	48.4902	64.006	0.0176064	0.0230248
k107_11116845 flag=0 multi=78.1189 len=3304	3304	49.5486	0.0979347	0.147165	0	0	0.0982678	0.164492	0	0	0	0	0	0	0.0499667	0.0477861	0.0493005	0.0477865	0	0	0	0	49.2029	44.5416	0.0502998	0.0477884
k107_21674764 flag=0 multi=36.0233 len=21443	21443	46.9674	0	0	0	0	0	0	0	0	0	0	0	0	0	0	0	0	0	0	0	0	46.9674	75.0348	0	0
k107_19320109 flag=0 multi=50.1417 len=53902	53902	46.9386	0	0	0	0	0	0	0	0	0	0	0	0	0	0	0	0	0	0	0	0	46.919	84.1218	0.0195522	0.021813
k107_32387013 flag=0 multi=43.0421 len=68134	68134	47.5132	0	0	0	0	0	0	0	0	0	0	0	0	0	0	0	0	0	0	0	0	47.5021	72.2683	0.011042	0.0128624
k107_24717728 flag=0 multi=40.5375 len=289689	289689	48.399	0.00050797	0.000517884	0.00104359	0.0010903	0	0	0	0	0	0	0.00050797	0.000521437	0	0	0	0	0	0	0	0	48.3829	72.854	0.0139605	0.0156897
k107_5702167 flag=0 multi=38.0546 len=103658	103658	47.3858	0	0	0	0	0	0	0	0	0	0	0	0	0	0	0	0	0	0	0	0	47.3568	68.1654	0.0290065	0.0311143
k107_7752867 flag=0 multi=38.0006 len=60118	60118	47.6369	0	0	0	0	0	0	0	0	0	0	0	0	0	0	0	0	0	0	0	0	47.6137	64.7853	0.0231711	0.0246241
k107_12088923 flag=0 multi=38.1620 len=17351	17351	46.1553	0.00885682	0.00877829	0	0	0.0173617	0.0173981	0	0	0	0	0.00868086	0.00877812	0.0613526	0.109729	0.113907	0.136523	0	0	0.0878057	0.151564	45.8573	54.8955	0	0
k107_33090986 flag=0 multi=35.0184 len=13082	13082	44.9472	0	0	0	0	0	0	0	0	0	0	0	0	0	0	0	0	0	0	0	0	44.9472	59.0836	0	0
k107_19015191 flag=0 multi=46.0081 len=105465	105465	48.5763	0	0	0	0	0	0	0	0	0	0	0	0	0	0	0	0	0	0	0	0	48.5464	74.2822	0.0299155	0.0344921
k107_1829609 flag=0 multi=43.0041 len=108364	108364	47.8039	0.00137884	0.00139473	0.012317	0.0206774	0	0	0	0	0.00533953	0.0059211	0.00272066	0.00441451	0.00444189	0.00644898	0.0206085	0.185225	0.00830079	0.016465	0.00361829	0.00410248	47.7271	64.9117	0.0180359	0.0235198
k107_35169783 flag=0 multi=39.0765 len=8825	8825	48.319	0	0	0.0354335	0.0341804	0	0	0	0	0	0	0	0	0	0	0	0	0	0	0	0	48.2836	73.043	0	0
