contigName	contigLen	totalAvgDepth	Cen01_MA.bam	Cen01_MA.bam-var	Cen03_MA.bam	Cen03_MA.bam-var	Cen04_MA.bam	Cen04_MA.bam-var	Cen05_MA.bam	Cen05_MA.bam-var	Cen06_MA.bam	Cen06_MA.bam-var	Cen07_MA.bam	Cen07_MA.bam-var	Cen10_MA.bam	Cen10_MA.bam-var	Cen12_MA.bam	Cen12_MA.bam-var	Cen14_MA.bam	Cen14_MA.bam-var	Cen15_MA.bam	Cen15_MA.bam-var	Cen16_MA.bam	Cen16_MA.bam-var	Cen17_MA.bam	Cen17_MA.bam-var
k107_32036417 flag=0 multi=126.4694 len=3000	3000	32.5537	0	0	0	0	0	0	0.334692	0.375902	32.1071	27.2183	0.111935	0.155803	0	0	0	0	0	0	0	0	0	0	0	0
k107_11246991 flag=0 multi=33.6239 len=255277	255277	37.0846	0.023065	0.030911	0.00580449	0.00785322	0.0070203	0.0124096	0.547995	0.798644	36.4618	64.7644	0.024622	0.030958	0	0	0.0118443	0.0160644	0.00117266	0.00210038	0	0	0	0	0.00118443	0.00158173
k107_24279353 flag=0 multi=37.4952 len=42232	42232	36.6874	0.0288099	0.0475536	0.0458621	0.0721996	0.0246363	0.0566267	0.505032	0.770054	36.0652	68.0587	0.0178393	0.0250948	0	0	0	0	0	0	0	0	0	0	0	0
k107_9002681 flag=0 multi=43.8913 len=52140	52140	34.2397	0.0232455	0.0310714	0.00567152	0.00578989	0	0	0.573344	0.714313	33.6085	62.8937	0.0174197	0.0236054	0	0	0.0116131	0.018835	0	0	0	0	0	0	0	0
k107_3946722 flag=0 multi=34.1902 len=178924	178924	35.4045	0.0303658	0.0498796	0.00497699	0.00603699	0.0125013	0.0184794	0.538702	0.783911	34.7886	56.0533	0.0192138	0.0263726	0.00169072	0.0016853	0.00844801	0.0107672	0	0	0	0	0	0	0	0
k107_11852951 flag=0 multi=39.0010 len=125139	125139	34.0943	0.0217564	0.0288574	0.00117754	0.00120693	0.00358067	0.00550547	0.566651	0.840457	33.4759	52.8264	0.01071	0.0147761	0	0	0.0120958	0.0157347	0	0	0	0	0.00241915	0.00241117	0	0
k107_9449504 flag=0 multi=29.1072 len=28643	28643	35.4903	0.0106207	0.0172473	0.0104442	0.0187365	0	0	0.500053	0.668577	34.9692	57.0484	0	0	0	0	0	0	0	0	0	0	0	0	0	0
k107_12059023 flag=0 multi=37.0063 len=51914	51914	33.6749	0.0175541	0.0311278	0.00284817	0.00291936	0	0	0.511393	0.7821	33.1152	52.8328	0.0155971	0.0196454	0	0	0.0123615	0.019701	0	0	0	0	0	0	0	0
k107_12953422 flag=0 multi=34.0254 len=199054	199054	35.1641	0.0121508	0.0172812	0.00371317	0.00680764	0.00522762	0.00575741	0.496559	0.715319	34.6125	61.4897	0.0172828	0.0299652	0	0	0.0151646	0.0200273	0	0	0.00151948	0.00179685	0	0	0	0
k107_22018356 flag=0 multi=37.6298 len=94665	94665	33.2789	0.0191918	0.0279285	0.00155781	0.00159663	0.00625245	0.00717248	0.542628	0.758162	32.6855	54.0483	0.0140839	0.0210351	0	0	0.00959062	0.013886	0	0	0	0	0	0	0	0
k107_2948455 flag=0 multi=29.8592 len=297313	297313	33.6103	0.0208309	0.0311335	0.0094845	0.0170668	0.00750814	0.00944034	0.552889	0.80673	32.9924	54.932	0.0140298	0.0190474	0	0	0.0132015	0.0215218	0	0	0	0	0	0	0	0
k107_5955940 flag=0 multi=32.0974 len=65917	65917	37.5826	0.0184104	0.0355239	0.00908329	0.0127273	0.00896137	0.0119222	0.636287	0.923635	36.8597	69.4032	0.0318068	0.0436852	0	0	0.0183495	0.0276932	0	0	0	0	0	0	0	0
k107_4696604 flag=0 multi=30.4220 len=24806	24806	35.8767	0.024649	0.030656	0	0	0.0122021	0.0190297	0.594025	0.811274	35.1966	54.0142	0.0246082	0.037921	0	0	0.024649	0.0699155	0	0	0	0	0	0	0	0
k107_4698935 flag=0 multi=28.0056 len=97205	97205	34.2531	0.0186682	0.0273459	0.00151698	0.00155509	0.0107633	0.0167773	0.597288	0.90206	33.6001	51.2468	0.00606792	0.0113026	0	0	0.0186888	0.0265656	0	0	0	0	0	0	0	0
k107_10620622 flag=0 multi=31.0087 len=7264	7264	34.5057	0	0	0	0	0	0	0.436082	0.470649	34.0697	36.0021	0	0	0	0	0	0	0	0	0	0	0	0	0	0
k107_2630601 flag=0 multi=27.0210 len=21199	21199	32.8917	0.0433555	0.0983497	0	0	0.0212471	0.0258135	0.553572	0.670192	32.2575	53.3509	0.00153132	0.00162562	0	0	0.0144518	0.0173107	0	0	0	0	0	0	0	0
k107_3288123 flag=0 multi=29.3560 len=124152	124152	33.7444	0.00975373	0.0117645	0.00238999	0.00242961	0.00240614	0.00281971	0.506532	0.735993	33.1943	52.4828	0.016843	0.0255548	0	0	0.00975373	0.0126691	0	0	0.00243843	0.00372257	0	0	0	0
k107_23463653 flag=0 multi=42.9993 len=62409	62409	34.6028	0.0169546	0.0265294	0.0145072	0.01967	0.00478207	0.00882924	0.501441	0.79465	34.024	47.4966	0.0120598	0.0159163	0	0	0.0242807	0.037201	0	0	0	0	0	0	0.00476597	0.0048398
k107_13379228 flag=0 multi=28.0076 len=71193	71193	33.1237	0.0255039	0.036313	0.00207361	0.00212403	0.00207361	0.00212387	0.635581	0.887404	32.4458	53.842	0.00418953	0.00548841	0	0	0.00852012	0.0114613	0	0	0	0	0	0	0	0
k107_34361258 flag=0 multi=35.2696 len=55230	55230	35.3904	0.0192434	0.0254241	0.0190067	0.0419411	0	0	0.579031	0.788326	34.7268	55.7233	0.0298391	0.0492718	0	0	0.0164579	0.0212424	0	0	0	0	0	0	0	0
k107_27222140 flag=0 multi=40.0003 len=139788	139788	35.6995	0.0238017	0.0356985	0.00211491	0.00215899	0.00422982	0.00430083	0.575298	0.754934	35.0585	55.3785	0.0138795	0.0162289	0	0	0.0216437	0.0272797	0	0	0	0	0	0	0	0
k107_23965109 flag=0 multi=29.0018 len=65204	65204	34.1104	0.00930634	0.0153779	0.00226495	0.00231756	0.00915226	0.0139633	0.424502	0.605311	33.6281	60.159	0.0184586	0.0250547	0	0	0.0186127	0.0298377	0	0	0	0	0	0	0	0
k107_22034711 flag=0 multi=49.9813 len=65759	65759	35.732	0.027667	0.0561999	0	0	0	0	0.545595	0.800976	35.1404	60.8961	0.00910521	0.0112433	0	0	0.00921215	0.0106327	0	0	0	0	0	0	0	0
k107_24051561 flag=0 multi=37.0483 len=26410	26410	36.1116	0.052053	0.0611281	0.0340126	0.0440024	0.0112609	0.0114347	0.570859	0.818231	35.4203	66.2972	0	0	0	0	0.0115673	0.0203121	0	0	0.011529	0.011431	0	0	0	0
k107_11194084 flag=0 multi=29.0437 len=54757	54757	36.0798	0.0110734	0.0174322	0.0107979	0.0157063	0.00269948	0.00277184	0.489817	0.622645	35.535	59.5945	0.00822698	0.0082535	0	0	0.0221835	0.0349475	0	0	0	0	0	0	0	0
k107_17908417 flag=0 multi=48.0057 len=2903	2903	35.7835	0	0	0	0	0	0	0.610534	0.856099	35.173	53.0884	0	0	0	0	0	0	0	0	0	0	0	0	0	0
k107_6362313 flag=0 multi=28.1118 len=7228	7228	35.285	0	0	0	0	0	0	0.0651169	0.0851041	35.1763	48.4624	0	0	0	0	0.0436038	0.0532609	0	0	0	0	0	0	0	0
k107_10305848 flag=0 multi=31.0037 len=108300	108300	33.64	0.016704	0.0217967	0.00408341	0.00418091	0.0110558	0.016614	0.47212	0.596038	33.1068	51.1741	0.0124354	0.0197559	0	0	0.0167688	0.0229266	0	0	0	0	0	0	0	0
k107_13733868 flag=0 multi=30.6255 len=14677	14677	35.6945	0.0210087	0.0334966	0	0	0	0	0.576904	0.810935	35.0756	44.6995	0.0210087	0.0325325	0	0	0	0	0	0	0	0	0	0	0	0
k107_29503941 flag=0 multi=29.9995 len=102566	102566	34.0961	0.00590628	0.00766412	0.00287491	0.0029403	0.00287491	0.00294427	0.493517	0.6566	33.588	55.8921	0	0	0	0	0.00291403	0.00293956	0	0	0	0	0	0	0	0
k107_446336 flag=0 multi=29.0882 len=71801	71801	33.8545	0.0126715	0.0198907	0	0	0.00208395	0.00210676	0.519378	0.885423	33.2994	56.2683	0.00834977	0.0124277	0	0	0.00844767	0.00987727	0	0	0	0	0.00422384	0.00695094	0	0
k107_2225895 flag=0 multi=33.3155 len=285251	285251	37.4439	0.0148062	0.0184241	0.00784351	0.0178251	0.0130795	0.0177603	0.591334	0.904516	36.7894	61.0128	0.0167925	0.0198287	0	0	0.0105879	0.0140964	0	0	0	0	0	0	0	0
k107_8163399 flag=0 multi=30.0045 len=130848	130848	34.3178	0.0161935	0.0261494	0.011337	0.0132313	0.00346238	0.00344901	0.589202	0.826899	33.6827	56.7555	0.0148453	0.0186976	0	0	0	0	0	0	0	0	0	0	0	0
k107_22203941 flag=0 multi=30.8719 len=187724	187724	35.7076	0.0161027	0.0271964	0.00235298	0.0030148	0.00790729	0.00940632	0.550858	0.840668	35.1007	65.3871	0.016743	0.022892	0.00161134	0.00160686	0.0112794	0.0157142	0	0	0	0	0	0	0	0
k107_21302693 flag=0 multi=42.9085 len=121770	121770	35.857	0.0246979	0.0391488	0.00732703	0.00985481	0.00614154	0.00944624	0.572208	0.908246	35.217	57.8486	0.0159384	0.0173847	0	0	0.0136662	0.0186963	0	0	0	0	0	0	0	0
k107_10365440 flag=0 multi=34.6904 len=197533	197533	35.0017	0.0244637	0.0442307	0.000745319	0.000764997	0.010546	0.0113979	0.553559	0.752964	34.3751	57.0393	0.0158748	0.025275	0	0	0.0214165	0.0289851	0	0	0	0	0	0	0	0
k107_30741845 flag=0 multi=31.0074 len=254798	254798	33.9541	0.0201614	0.031497	0.00232617	0.00344773	0.0064166	0.00814542	0.485894	0.694763	33.4086	55.2329	0.014122	0.0192301	0	0	0.0165818	0.0222628	0	0	0	0	0	0	0	0
k107_29312149 flag=0 multi=31.0959 len=20254	20254	34.0888	0	0	0.0944767	0.140877	0.0296712	0.032665	0.415597	0.474702	33.4963	50.713	0.0224539	0.0304005	0	0	0.0151363	0.0277458	0.0151363	0.0149169	0	0	0	0	0	0
k107_16836957 flag=0 multi=31.0484 len=109336	109336	36.5082	0.0166095	0.0240078	0.0108315	0.0148629	0.0135921	0.0239218	0.528166	0.805191	35.9006	62.5625	0.0231854	0.0339059	0	0	0.0138214	0.0251945	0.00136655	0.00138134	0	0	0	0	0	0
k107_35285062 flag=0 multi=38.0218 len=37019	37019	38.2224	0.0245935	0.0415526	0.0160144	0.0242959	0.0162323	0.0178689	0.631479	0.806397	37.5095	66.1821	0.00811613	0.0147424	0	0	0.0164501	0.0218411	0	0	0	0	0	0	0	0
k107_6511433 flag=0 multi=41.0209 len=64860	64860	34.9588	0.0186654	0.0273604	0.00229251	0.00233185	0.002308	0.00233339	0.557189	0.740253	34.355	53.5056	0.004616	0.00465985	0	0	0.0186654	0.0304787	0	0	0	0	0	0	0	0
k107_4918612 flag=0 multi=30.4249 len=249948	249948	35.5331	0.0144845	0.0205916	0.0225479	0.0464504	0.0130865	0.0203213	0.627501	0.970022	34.8128	57.9195	0.0209216	0.0268914	0	0	0.0217428	0.0341851	0	0	0	0	0	0	0	0
k107_35271526 flag=0 multi=29.0156 len=59450	59450	34.5011	0.0204233	0.030978	0.0225536	0.0275828	0.0176168	0.0234997	0.610266	0.896749	33.7896	57.626	0.0304321	0.0422643	0	0	0.0102117	0.0116955	0	0	0	0	0	0	0	0
k107_23949756 flag=0 multi=38.0082 len=20344	20344	42.6903	0.0150684	0.0266195	0	0	0.0148189	0.0195227	0.572198	0.834493	42.0359	76.7193	0.0222533	0.0267795	0	0	0.0301367	0.0800935	0	0	0	0	0	0	0	0
k107_20790886 flag=0 multi=31.1927 len=161107	161107	33.9591	0.0168838	0.0254507	0.00274867	0.00280945	0.00553465	0.00585203	0.480657	0.662553	33.4375	53.9261	0.00828954	0.0104496	0	0	0.00750599	0.017119	0	0	0	0	0	0	0	0
k107_268054 flag=0 multi=34.0000 len=11940	11940	35.5632	0.0481182	0.0664134	0.0255198	0.0252766	0.012631	0.0128071	0.741193	1.0865	34.7231	46.0937	0.012631	0.0128071	0	0	0	0	0	0	0	0	0	0	0	0
k107_23553434 flag=0 multi=29.0086 len=98894	98894	34.4862	0.0183788	0.0277761	0.00604512	0.0110989	0.0030327	0.00524216	0.539902	0.739451	33.8961	56.9464	0.0121004	0.0133963	0	0	0.0106905	0.0172655	0	0	0	0	0	0	0	0
k107_16531106 flag=0 multi=28.3778 len=11216	11216	33.7067	0	0	0	0	0	0	0.509071	0.858728	33.1976	44.941	0	0	0	0	0	0	0	0	0	0	0	0	0	0
k107_25144138 flag=0 multi=30.0227 len=57002	57002	35.5263	0.0319577	0.0373044	0.0104233	0.0105256	0.015679	0.0227724	0.564885	0.910214	34.8609	57.7047	0.0105644	0.0211256	0	0	0.0319048	0.0389108	0	0	0	0	0	0	0	0
k107_24267162 flag=0 multi=33.0071 len=74651	74651	35.302	0.00406192	0.00665984	0	0	0.00992616	0.0106501	0.601165	0.870193	34.6365	54.8575	0.0301147	0.0404842	0	0	0.0203096	0.0259759	0	0	0	0	0	0	0	0
k107_1481902 flag=0 multi=28.0077 len=83293	83293	34.3285	0.0108927	0.0145839	0.00177128	0.00181302	0.0035787	0.00362369	0.478594	0.646587	33.803	51.3715	0.0125315	0.0160987	0	0	0.0181827	0.0241443	0	0	0	0	0	0	0	0
k107_3241791 flag=0 multi=30.7472 len=51589	51589	35.3777	0.0187962	0.0290551	0.0144286	0.0184208	0.00575195	0.0111257	0.581629	0.895642	34.7191	50.9529	0.0320549	0.0466821	0	0	0.00588843	0.0102786	0	0	0	0	0	0	0	0
k107_9146048 flag=0 multi=28.0851 len=48658	48658	33.9444	0.0249814	0.0362157	0.00303995	0.00311354	0.00312267	0.00311571	0.470159	0.83842	33.4214	54.0383	0.0154893	0.0196321	0	0	0.00624535	0.00839225	0	0	0	0	0	0	0	0
k107_14513975 flag=0 multi=29.0616 len=136755	136755	34.7426	0.0157783	0.0264136	0.00925593	0.0106003	0.00556235	0.0058148	0.51307	0.717091	34.1791	53.9774	0.0131401	0.0176525	0	0	0.00662499	0.00936762	0	0	0	0	0	0	0	0
k107_32381419 flag=0 multi=30.0279 len=253132	253132	35.5833	0.0250682	0.0387616	0.00410948	0.00516946	0.00350038	0.00402704	0.586536	0.813096	34.9268	57.8985	0.0182336	0.024142	0	0	0.019084	0.0338068	0	0	0	0	0	0	0	0
k107_22771591 flag=0 multi=38.8249 len=15394	15394	35.0621	0.0200106	0.0217286	0.0195468	0.0196082	0.0194805	0.0196113	0.475815	0.88936	34.5073	50.0571	0	0	0	0	0.0199443	0.0284879	0	0	0	0	0	0	0	0
k107_28636539 flag=0 multi=29.0867 len=16946	16946	33.5676	0.0181447	0.0303151	0.0181447	0.0277962	0.0180846	0.0359434	0.560683	0.8335	32.9344	41.483	0	0	0	0	0.0181447	0.0178185	0	0	0	0	0	0	0	0
k107_19084842 flag=0 multi=30.1387 len=2948	2948	35.7634	0.0971277	0.171655	0	0	0	0	0.637188	0.644467	35.0291	85.2092	0	0	0	0	0	0	0	0	0	0	0	0	0	0
k107_14359366 flag=0 multi=34.0034 len=190251	190251	35.8151	0.0142986	0.0190571	0.010924	0.0237569	0.0101554	0.0115967	0.547652	0.802395	35.2059	58.795	0.0134089	0.0206551	0	0	0.0127139	0.016952	0	0	0	0	0	0	0	0
k107_20976704 flag=0 multi=36.0055 len=49619	49619	34.6092	0.0183507	0.0262331	0.0340451	0.0580313	0.00596143	0.00608205	0.656224	0.933409	33.8703	52.0355	0.0120851	0.0189863	0	0	0.012227	0.0146138	0	0	0	0	0	0	0	0
k107_17764783 flag=0 multi=32.0497 len=47124	47124	33.5024	0.0193285	0.0250366	0.00630046	0.00640468	0	0	0.58338	0.876806	32.8644	59.4604	0.0225535	0.0282476	0	0	0.00644996	0.0064901	0	0	0	0	0	0	0	0
k107_6808984 flag=0 multi=31.0222 len=14395	14395	32.8625	0.0214291	0.0323241	0	0	0	0	0.373945	0.476233	32.4243	52.9292	0	0	0	0	0.0428582	0.165091	0	0	0	0	0	0	0	0
k107_14417321 flag=0 multi=29.0031 len=153513	153513	34.5897	0.00886359	0.014928	0.00962072	0.0130582	0.0097121	0.0102722	0.553935	0.797417	33.9842	62.9266	0.0155733	0.021365	0	0	0.00784539	0.012311	0	0	0	0	0	0	0	0
k107_23515352 flag=0 multi=64.0810 len=17365	17365	34.356	0.0784739	0.146106	0.0693313	0.136794	0.025904	0.0422769	0.723261	0.858357	33.3893	49.3697	0.0261384	0.0258434	0	0	0.0176991	0.0253501	0	0	0	0	0.0172889	0.0326194	0.00861513	0.0087702
k107_31562430 flag=0 multi=29.0071 len=69578	69578	36.524	0.0261418	0.0354539	0.00212195	0.00217374	0.010653	0.0157483	0.643195	0.957126	35.8224	70.996	0.00638028	0.00756816	0	0	0.0130781	0.0183417	0	0	0	0	0	0	0	0
k107_22667980 flag=0 multi=29.2255 len=161301	161301	34.8933	0.0225032	0.0307581	0.00274536	0.00280082	0.0055342	0.00603857	0.505301	0.769174	34.3236	55.9498	0.0148697	0.0261853	0	0	0.0187579	0.0266391	0	0	0	0	0	0	0	0
k107_10617922 flag=0 multi=27.3066 len=3926	3926	33.8355	0	0	0	0	0	0	0.543046	0.869173	33.2519	38.8458	0.0405629	0.0399434	0	0	0	0	0	0	0	0	0	0	0	0
k107_21067188 flag=0 multi=32.0000 len=334179	334179	33.657	0.0126604	0.0206981	0.0084582	0.0153628	0.00758064	0.0133477	0.549595	0.848248	33.0545	54.7052	0.0160748	0.0215532	0	0	0.00812575	0.0110164	0	0	0	0	0	0	0	0
k107_5361306 flag=0 multi=28.1863 len=6670	6670	34.5498	0	0	0	0	0	0	0.861966	0.854362	33.6878	73.714	0	0	0	0	0	0	0	0	0	0	0	0	0	0
k107_16678213 flag=0 multi=29.0496 len=147332	147332	34.4106	0.0164116	0.0233004	0.00705298	0.0127381	0.0121608	0.0216116	0.57914	0.850614	33.7673	54.6056	0.0182684	0.0224603	0	0	0.0102632	0.0151002	0	0	0	0	0	0	0	0
k107_16061948 flag=0 multi=33.1662 len=235837	235837	34.5536	0.0217547	0.0304291	0.0056637	0.00883614	0.0101089	0.0112405	0.545112	0.808792	33.9455	58.3951	0.00886917	0.010316	0	0	0.0166515	0.0313893	0	0	0	0	0	0	0	0
k107_33155491 flag=0 multi=68.9870 len=10341	10341	39.0761	0.0300827	0.0335681	0	0	0.0148421	0.0148176	0.718597	0.97398	38.1923	47.7476	0.0901484	0.112219	0	0	0.0300827	0.0588703	0	0	0	0	0	0	0	0
k107_1349394 flag=0 multi=36.0111 len=17350	17350	35.5273	0.0174801	0.0254968	0.0696856	0.487966	0	0	0.542586	0.559165	34.871	55.6547	0.026572	0.0343315	0	0	0	0	0	0	0	0	0	0	0	0
k107_26900453 flag=0 multi=42.0395 len=15580	15580	31.6831	0	0	0.0773662	0.185741	0.00968713	0.00978075	0.67463	1.22093	30.8823	48.5481	0.0391412	0.0470213	0	0	0	0	0	0	0	0	0	0	0	0
k107_3108257 flag=0 multi=31.0005 len=103238	103238	33.6512	0.0116966	0.0158043	0.00288529	0.00292069	0.0115703	0.0174505	0.551294	0.804524	33.03	59.5431	0.0217708	0.0316079	0	0	0.0219845	0.0274498	0	0	0	0	0	0	0	0
