contigName	contigLen	totalAvgDepth	Cen01_MA.bam	Cen01_MA.bam-var	Cen03_MA.bam	Cen03_MA.bam-var	Cen04_MA.bam	Cen04_MA.bam-var	Cen05_MA.bam	Cen05_MA.bam-var	Cen06_MA.bam	Cen06_MA.bam-var	Cen07_MA.bam	Cen07_MA.bam-var	Cen10_MA.bam	Cen10_MA.bam-var	Cen12_MA.bam	Cen12_MA.bam-var	Cen14_MA.bam	Cen14_MA.bam-var	Cen15_MA.bam	Cen15_MA.bam-var	Cen16_MA.bam	Cen16_MA.bam-var	Cen17_MA.bam	Cen17_MA.bam-var
k107_28684948 flag=1 multi=7.9673 len=2674	2674	9.24283	0.127319	0.183695	0	0	8.9882	8.31886	0	0	0	0	0	0	0.127319	0.14827	0	0	0	0	0	0	0	0	0	0
k107_28208796 flag=1 multi=8.0000 len=3199	3199	10.5333	0	0	0	0	10.5333	14.5842	0	0	0	0	0	0	0	0	0	0	0	0	0	0	0	0	0	0
k107_21676364 flag=1 multi=7.0000 len=2591	2591	9.43294	0	0	0	0	9.43294	7.27221	0	0	0	0	0	0	0	0	0	0	0	0	0	0	0	0	0	0
k107_16759956 flag=1 multi=7.0000 len=2580	2580	7.66637	0.132572	0.115048	0	0	7.5338	4.57858	0	0	0	0	0	0	0	0	0	0	0	0	0	0	0	0	0	0
k107_13077576 flag=1 multi=8.0000 len=7528	7528	8.85026	0	0	0	0	8.85026	10.2028	0	0	0	0	0	0	0	0	0	0	0	0	0	0	0	0	0	0
k107_11564077 flag=0 multi=9.1895 len=4282	4282	9.00126	0	0	0	0	9.00126	24.4921	0	0	0	0	0	0	0	0	0	0	0	0	0	0	0	0	0	0
k107_837461 flag=0 multi=9.0144 len=3725	3725	10.0149	0	0	0	0	10.0149	13.7515	0	0	0	0	0	0	0	0	0	0	0	0	0	0	0	0	0	0
k107_465723 flag=1 multi=23.8666 len=5968	5968	8.57977	0	0	0	0	8.57977	10.5593	0	0	0	0	0	0	0	0	0	0	0	0	0	0	0	0	0	0
k107_11105037 flag=1 multi=8.0000 len=6249	6249	8.42912	0.101396	0.125909	0	0	8.32773	11.5167	0	0	0	0	0	0	0	0	0	0	0	0	0	0	0	0	0	0
k107_17754790 flag=1 multi=9.0000 len=4484	4484	8.24773	0.0722143	0.138751	0	0	8.17551	11.3761	0	0	0	0	0	0	0	0	0	0	0	0	0	0	0	0	0	0
k107_13849728 flag=1 multi=8.0000 len=6163	6163	9.63914	0.051527	0.0652625	0	0	9.58761	11.5522	0	0	0	0	0	0	0	0	0	0	0	0	0	0	0	0	0	0
k107_21640503 flag=1 multi=9.0000 len=23163	23163	9.41096	0.0396308	0.0694843	0	0	9.37133	14.8056	0	0	0	0	0	0	0	0	0	0	0	0	0	0	0	0	0	0
k107_17421440 flag=1 multi=7.0000 len=2646	2646	9.81229	0	0	0	0	9.81229	16.0758	0	0	0	0	0	0	0	0	0	0	0	0	0	0	0	0	0	0
k107_11612754 flag=1 multi=22.8529 len=9195	9195	8.13449	0.101878	0.134018	0	0	8.03261	11.342	0	0	0	0	0	0	0	0	0	0	0	0	0	0	0	0	0	0
k107_22656221 flag=1 multi=10.2801 len=22909	22909	7.72296	0.10687	0.139544	0	0	7.61609	11.249	0	0	0	0	0	0	0	0	0	0	0	0	0	0	0	0	0	0
k107_15799263 flag=1 multi=11.0000 len=28449	28449	8.26529	0.107187	0.141318	0	0	8.1581	9.94957	0	0	0	0	0	0	0	0	0	0	0	0	0	0	0	0	0	0
k107_13652878 flag=1 multi=11.0000 len=4161	4161	8.69474	0.0779995	0.0975627	0	0	8.61674	9.499	0	0	0	0	0	0	0	0	0	0	0	0	0	0	0	0	0	0
k107_16126686 flag=1 multi=9.0000 len=11322	11322	9.91933	0.0548094	0.0788516	0	0	9.86452	14.4726	0	0	0	0	0	0	0	0	0	0	0	0	0	0	0	0	0	0
k107_1111155 flag=0 multi=12.0025 len=15935	15935	9.24032	0	0	0	0	9.24032	13.3522	0	0	0	0	0	0	0	0	0	0	0	0	0	0	0	0	0	0
k107_1108224 flag=1 multi=8.0000 len=20517	20517	9.19302	0.0298788	0.0365131	0	0	9.16315	14.4527	0	0	0	0	0	0	0	0	0	0	0	0	0	0	0	0	0	0
k107_30304355 flag=1 multi=9.0000 len=3569	3569	8.92899	0.0924395	0.160467	0	0	8.83655	9.55542	0	0	0	0	0	0	0	0	0	0	0	0	0	0	0	0	0	0
k107_25265719 flag=1 multi=9.0000 len=28289	28289	9.21835	0.0431629	0.0959467	0	0	9.17519	14.4336	0	0	0	0	0	0	0	0	0	0	0	0	0	0	0	0	0	0
k107_5673165 flag=1 multi=11.0000 len=14224	14224	9.45468	0.0216923	0.0370276	0	0	9.43298	15.7975	0	0	0	0	0	0	0	0	0	0	0	0	0	0	0	0	0	0
k107_4101230 flag=1 multi=8.0000 len=10124	10124	8.48381	0.046121	0.0666081	0	0	8.43769	14.2014	0	0	0	0	0	0	0	0	0	0	0	0	0	0	0	0	0	0
k107_30810882 flag=1 multi=4.0000 len=3425	3425	5.89273	0	0	0	0	5.89273	7.24922	0	0	0	0	0	0	0	0	0	0	0	0	0	0	0	0	0	0
k107_34874861 flag=1 multi=7.0000 len=5045	5045	7.6557	0	0	0	0	7.6557	12.0021	0	0	0	0	0	0	0	0	0	0	0	0	0	0	0	0	0	0
k107_2429053 flag=1 multi=12.0225 len=12980	12980	8.9974	0.0473261	0.0504237	0	0	8.95007	11.194	0	0	0	0	0	0	0	0	0	0	0	0	0	0	0	0	0	0
k107_9729187 flag=1 multi=8.0000 len=5217	5217	8.81729	0	0	0	0	8.81729	14.4853	0	0	0	0	0	0	0	0	0	0	0	0	0	0	0	0	0	0
k107_9848950 flag=1 multi=8.0000 len=11198	11198	9.29984	0.152166	0.185919	0	0	9.13445	17.2321	0.0132159	0.0133983	0	0	0	0	0	0	0	0	0	0	0	0	0	0	0	0
k107_9849630 flag=1 multi=9.0000 len=15351	15351	9.36561	0.0397369	0.0955285	0	0	9.3058	13.0555	0.0200678	0.0329545	0	0	0	0	0	0	0	0	0	0	0	0	0	0	0	0
k107_8686430 flag=1 multi=10.0000 len=12677	12677	9.13632	0.0488081	0.0645305	0	0	9.06311	11.6306	0	0	0.024404	0.0304427	0	0	0	0	0	0	0	0	0	0	0	0	0	0
k107_7934595 flag=1 multi=9.0000 len=3652	3652	7.86149	0	0	0	0	7.86149	9.78386	0	0	0	0	0	0	0	0	0	0	0	0	0	0	0	0	0	0
k107_10255653 flag=1 multi=8.0000 len=15892	15892	8.52021	0.00955741	0.00959154	0	0	8.51065	12.1374	0	0	0	0	0	0	0	0	0	0	0	0	0	0	0	0	0	0
k107_2531526 flag=1 multi=8.0000 len=8664	8664	8.31177	0	0	0	0	8.31177	8.54426	0	0	0	0	0	0	0	0	0	0	0	0	0	0	0	0	0	0
k107_25696015 flag=1 multi=8.0000 len=12160	12160	8.648	0.0507674	0.0738311	0	0	8.59723	12.5313	0	0	0	0	0	0	0	0	0	0	0	0	0	0	0	0	0	0
k107_10387731 flag=1 multi=10.6639 len=17341	17341	8.12806	0.0708962	0.0964974	0	0	8.05716	12.2202	0	0	0	0	0	0	0	0	0	0	0	0	0	0	0	0	0	0
k107_2380723 flag=1 multi=7.0000 len=15946	15946	8.84429	0.115827	0.212123	0	0	8.72846	12.2994	0	0	0	0	0	0	0	0	0	0	0	0	0	0	0	0	0	0
k107_18772664 flag=0 multi=8.0204 len=9798	9798	8.39553	0	0	0	0	8.39553	14.1963	0	0	0	0	0	0	0	0	0	0	0	0	0	0	0	0	0	0
k107_10509056 flag=0 multi=10.1621 len=5907	5907	8.71686	0	0	0	0	8.71686	19.6811	0	0	0	0	0	0	0	0	0	0	0	0	0	0	0	0	0	0
k107_34507662 flag=0 multi=40.3543 len=6850	6850	8.94044	0	0	0	0	8.94044	10.6593	0	0	0	0	0	0	0	0	0	0	0	0	0	0	0	0	0	0
k107_6990136 flag=0 multi=9.0833 len=27516	27516	8.88539	0.0665466	0.104173	0	0	8.81884	12.3045	0	0	0	0	0	0	0	0	0	0	0	0	0	0	0	0	0	0
k107_17534592 flag=1 multi=9.0000 len=21699	21699	9.24592	0.0423424	0.0640033	0	0	9.18947	11.2653	0.0141141	0.0234552	0	0	0	0	0	0	0	0	0	0	0	0	0	0	0	0
k107_17833130 flag=1 multi=8.1319 len=11587	11587	8.19575	0.0535224	0.0581069	0	0	8.11546	9.89093	0	0	0	0	0	0	0.0267612	0.0297693	0	0	0	0	0	0	0	0	0	0
k107_25402481 flag=0 multi=35.0179 len=3236	3236	8.97273	0	0	0	0	8.97273	10.4394	0	0	0	0	0	0	0	0	0	0	0	0	0	0	0	0	0	0
k107_11550433 flag=0 multi=18.1031 len=9512	9512	9.16602	0	0	0	0	9.16602	13.3567	0	0	0	0	0	0	0	0	0	0	0	0	0	0	0	0	0	0
k107_15997798 flag=1 multi=7.0000 len=7067	7067	7.71397	0.0892831	0.133952	0	0	7.62469	9.38752	0	0	0	0	0	0	0	0	0	0	0	0	0	0	0	0	0	0
k107_25055702 flag=1 multi=11.0000 len=11742	11742	8.92762	0.0526224	0.0809707	0	0	8.875	13.1975	0	0	0	0	0	0	0	0	0	0	0	0	0	0	0	0	0	0
k107_1955875 flag=1 multi=8.9751 len=17419	17419	8.08611	0	0	0	0	8.08611	9.64086	0	0	0	0	0	0	0	0	0	0	0	0	0	0	0	0	0	0
k107_13103028 flag=1 multi=10.0000 len=11157	11157	8.3626	0	0	0	0	8.3626	11.693	0	0	0	0	0	0	0	0	0	0	0	0	0	0	0	0	0	0
k107_5266161 flag=0 multi=10.7404 len=8015	8015	8.90847	0.0781797	0.123016	0	0	8.83029	11.1416	0	0	0	0	0	0	0	0	0	0	0	0	0	0	0	0	0	0
k107_23252424 flag=1 multi=9.0000 len=13751	13751	8.39691	0.0224552	0.0280634	0	0	8.37445	11.3884	0	0	0	0	0	0	0	0	0	0	0	0	0	0	0	0	0	0
k107_18273194 flag=1 multi=9.0000 len=6464	6464	8.27621	0	0	0	0	8.27621	11.2331	0	0	0	0	0	0	0	0	0	0	0	0	0	0	0	0	0	0
k107_18497154 flag=0 multi=24.6072 len=8231	8231	9.86114	0.0761761	0.12361	0	0	9.78497	12.0853	0	0	0	0	0	0	0	0	0	0	0	0	0	0	0	0	0	0
k107_29170952 flag=1 multi=13.0000 len=10332	10332	8.84646	0	0	0	0	8.84646	10.8081	0	0	0	0	0	0	0	0	0	0	0	0	0	0	0	0	0	0
k107_15543605 flag=1 multi=15.0000 len=5243	5243	8.9156	0.0611212	0.109621	0	0	8.85448	12.2573	0	0	0	0	0	0	0	0	0	0	0	0	0	0	0	0	0	0
k107_25913354 flag=1 multi=11.0000 len=10078	10078	8.39423	0.0613748	0.092985	0	0	8.30196	14.6941	0	0	0	0	0	0	0.030892	0.0442561	0	0	0	0	0	0	0	0	0	0
k107_420014 flag=1 multi=8.0006 len=9047	9047	8.03979	0	0	0	0	8.03979	12.7439	0	0	0	0	0	0	0	0	0	0	0	0	0	0	0	0	0	0
k107_11588387 flag=1 multi=9.0000 len=27042	27042	8.52827	0.0564323	0.0861806	0	0	8.47184	12.1502	0	0	0	0	0	0	0	0	0	0	0	0	0	0	0	0	0	0
k107_757451 flag=1 multi=43.0000 len=9586	9586	9.70724	0.0322059	0.0465621	0	0	9.67503	13.7559	0	0	0	0	0	0	0	0	0	0	0	0	0	0	0	0	0	0
k107_17335820 flag=1 multi=9.2336 len=5839	5839	7.95033	0.103847	0.126459	0	0	7.84649	11.3397	0	0	0	0	0	0	0	0	0	0	0	0	0	0	0	0	0	0
k107_18707057 flag=1 multi=16.9321 len=8394	8394	9.62889	0	0	0	0	9.62889	16.2514	0	0	0	0	0	0	0	0	0	0	0	0	0	0	0	0	0	0
k107_7200201 flag=1 multi=8.0000 len=7943	7943	8.95289	0.0395236	0.0518373	0	0	8.87384	15.1336	0	0	0	0	0	0	0.0395236	0.0384885	0	0	0	0	0	0	0	0	0	0
k107_18724342 flag=1 multi=22.1437 len=22392	22392	8.74762	0.041014	0.0560897	0	0	8.70661	13.8085	0	0	0	0	0	0	0	0	0	0	0	0	0	0	0	0	0	0
k107_7702951 flag=1 multi=10.0000 len=9925	9925	8.51356	0.0627663	0.0945865	0.0313831	0.0318489	8.41941	12.684	0	0	0	0	0	0	0	0	0	0	0	0	0	0	0	0	0	0
k107_12025873 flag=1 multi=13.0000 len=12558	12558	9.87631	0.0489556	0.0747723	0	0	9.80271	10.7095	0.024641	0.0321956	0	0	0	0	0	0	0	0	0	0	0	0	0	0	0	0
k107_6432022 flag=1 multi=13.0000 len=79418	79418	9.71443	0.0399161	0.0578755	0	0	9.65163	14.7437	0.0114515	0.0135148	0	0	0	0	0.0114389	0.0157865	0	0	0	0	0	0	0	0	0	0
k107_13182664 flag=1 multi=9.0000 len=43094	43094	8.8771	0.077608	0.125163	0	0	8.79244	12.9977	0	0	0	0	0	0	0.00705739	0.0108981	0	0	0	0	0	0	0	0	0	0
k107_25626559 flag=1 multi=23.0000 len=9618	9618	8.15307	0.0324173	0.0489711	0	0	8.12065	11.298	0	0	0	0	0	0	0	0	0	0	0	0	0	0	0	0	0	0
k107_32894282 flag=0 multi=8.0556 len=43147	43147	8.66199	0.0493406	0.0939689	0	0	8.60563	11.2477	0	0	0	0	0	0	0.00702532	0.00961875	0	0	0	0	0	0	0	0	0	0
k107_7715038 flag=1 multi=9.0222 len=9331	9331	8.86831	0	0	0	0	8.86831	11.2082	0	0	0	0	0	0	0	0	0	0	0	0	0	0	0	0	0	0
k107_28263633 flag=1 multi=8.0000 len=8506	8506	8.30912	0	0	0	0	8.30912	10.8614	0	0	0	0	0	0	0	0	0	0	0	0	0	0	0	0	0	0
k107_19303104 flag=1 multi=7.0000 len=7399	7399	8.51754	0.0851064	0.110295	0	0	8.43244	10.0129	0	0	0	0	0	0	0	0	0	0	0	0	0	0	0	0	0	0
k107_29448767 flag=1 multi=7.0000 len=3536	3536	8.17192	0	0	0	0	8.17192	9.0285	0	0	0	0	0	0	0	0	0	0	0	0	0	0	0	0	0	0
k107_7265420 flag=1 multi=12.0000 len=14262	14262	8.2384	0.0648997	0.0774759	0	0	8.16282	11.7565	0	0	0	0	0	0	0.0106734	0.0107026	0	0	0	0	0	0	0	0	0	0
k107_18451328 flag=1 multi=28.0000 len=15361	15361	9.01454	0.0200545	0.0321385	0	0	8.9745	13.6663	0	0	0	0	0	0	0.019988	0.0223068	0	0	0	0	0	0	0	0	0	0
k107_13227350 flag=1 multi=7.0000 len=14038	14038	7.93892	0.0877985	0.119935	0	0	7.85112	12.8957	0	0	0	0	0	0	0	0	0	0	0	0	0	0	0	0	0	0
k107_3326296 flag=1 multi=14.0000 len=3536	3536	10.0906	0.0933828	0.131708	0	0	9.99722	14.3083	0	0	0	0	0	0	0	0	0	0	0	0	0	0	0	0	0	0
k107_7670763 flag=0 multi=8.0339 len=13322	13322	9.46206	0.115975	0.166731	0	0	9.34608	13.7275	0	0	0	0	0	0	0	0	0	0	0	0	0	0	0	0	0	0
k107_23210964 flag=0 multi=11.0314 len=25165	25165	9.04115	0.0424727	0.0526204	0	0	8.98653	11.5426	0.0121466	0.0120043	0	0	0	0	0	0	0	0	0	0	0	0	0	0	0	0
k107_22628816 flag=1 multi=8.0000 len=7354	7354	8.38897	0.0856495	0.125123	0	0	8.26092	10.1782	0.0423993	0.0778693	0	0	0	0	0	0	0	0	0	0	0	0	0	0	0	0
k107_21761671 flag=0 multi=14.3912 len=6866	6866	8.14046	0.0457038	0.0774142	0	0	8.09476	10.3739	0	0	0	0	0	0	0	0	0	0	0	0	0	0	0	0	0	0
k107_22920501 flag=1 multi=9.0000 len=19283	19283	9.35746	0.0795532	0.158699	0	0	9.27791	12.0428	0	0	0	0	0	0	0	0	0	0	0	0	0	0	0	0	0	0
k107_28088136 flag=1 multi=7.0000 len=6128	6128	7.94765	0.103673	0.358687	0	0	7.84398	7.33153	0	0	0	0	0	0	0	0	0	0	0	0	0	0	0	0	0	0
k107_20442341 flag=1 multi=7.0000 len=5316	5316	8.15477	0	0	0	0	8.15477	11.4897	0	0	0	0	0	0	0	0	0	0	0	0	0	0	0	0	0	0
k107_7821457 flag=1 multi=13.0000 len=20957	20957	9.67238	0.0292423	0.0576319	0	0	9.62861	12.9678	0.00731058	0.00725843	0	0	0	0	0.00721375	0.0108417	0	0	0	0	0	0	0	0	0	0
k107_25207490 flag=1 multi=8.0000 len=8140	8140	8.07604	0.0770605	0.201284	0	0	7.99898	8.19439	0	0	0	0	0	0	0	0	0	0	0	0	0	0	0	0	0	0
k107_25533419 flag=0 multi=135.8073 len=4263	4263	9.18783	0	0	0	0	9.18783	11.1845	0	0	0	0	0	0	0	0	0	0	0	0	0	0	0	0	0	0
k107_26284810 flag=1 multi=9.0000 len=25905	25905	9.90622	0.023591	0.0293572	0	0	9.87084	14.727	0	0	0	0	0	0	0.0117955	0.0199429	0	0	0	0	0	0	0	0	0	0
k107_11449288 flag=1 multi=9.0000 len=11069	11069	8.78676	0.0280487	0.0493743	0	0	8.74505	12.2956	0	0	0	0	0	0	0	0	0	0	0	0	0	0	0	0	0.0136528	0.0138291
k107_21082855 flag=1 multi=14.0000 len=12022	12022	8.75913	0.0255119	0.0385936	0	0	8.73362	10.1707	0	0	0	0	0	0	0	0	0	0	0	0	0	0	0	0	0	0
k107_24327019 flag=0 multi=20.2222 len=47254	47254	9.54892	0.0513503	0.0676137	0	0	9.49757	11.7971	0	0	0	0	0	0	0	0	0	0	0	0	0	0	0	0	0	0
k107_25183311 flag=1 multi=8.9888 len=27329	27329	8.64735	0.0892441	0.113662	0	0	8.54697	15.1096	0.011137	0.0117155	0	0	0	0	0	0	0	0	0	0	0	0	0	0	0	0
k107_18735884 flag=1 multi=7.0000 len=4402	4402	9.31707	0.0734146	0.140466	0	0	9.24366	18.5702	0	0	0	0	0	0	0	0	0	0	0	0	0	0	0	0	0	0
k107_23757545 flag=1 multi=38.0000 len=15478	15478	9.38627	0.059436	0.0797201	0	0	9.30726	17.9732	0	0	0	0	0	0	0.0195704	0.0202961	0	0	0	0	0	0	0	0	0	0
k107_6612477 flag=1 multi=8.0000 len=14301	14301	9.20909	0.129438	0.161538	0	0	9.07965	11.0468	0	0	0	0	0	0	0	0	0	0	0	0	0	0	0	0	0	0
k107_31265863 flag=1 multi=15.8134 len=5231	5231	8.13796	0.0610672	0.0684852	0	0	8.01582	12.8738	0.0610672	0.0863425	0	0	0	0	0	0	0	0	0	0	0	0	0	0	0	0
k107_21540192 flag=1 multi=9.0000 len=8734	8734	9.20861	0.0716319	0.110154	0	0	9.13698	14.9401	0	0	0	0	0	0	0	0	0	0	0	0	0	0	0	0	0	0
k107_24077092 flag=1 multi=8.0000 len=11478	11478	9.18209	0.0264853	0.029696	0	0	9.1556	13.5358	0	0	0	0	0	0	0	0	0	0	0	0	0	0	0	0	0	0
k107_14376201 flag=1 multi=9.0000 len=6095	6095	10.1697	0	0	0	0	10.1697	15.8907	0	0	0	0	0	0	0	0	0	0	0	0	0	0	0	0	0	0
k107_12905621 flag=1 multi=7.0000 len=3323	3323	8.76597	0	0	0	0	8.76597	12.1552	0	0	0	0	0	0	0	0	0	0	0	0	0	0	0	0	0	0
k107_27024093 flag=1 multi=72.0000 len=14484	14484	8.9658	0.0848258	0.107529	0	0	8.88098	11.2791	0	0	0	0	0	0	0	0	0	0	0	0	0	0	0	0	0	0
k107_23135689 flag=0 multi=9.2229 len=10664	10664	8.51679	0.0871453	0.107414	0	0	8.42965	11.4167	0	0	0	0	0	0	0	0	0	0	0	0	0	0	0	0	0	0
k107_25750641 flag=1 multi=105.0000 len=4707	4707	9.68354	0	0	0	0	9.61498	22.8243	0	0	0	0	0	0	0.0685585	0.0638724	0	0	0	0	0	0	0	0	0	0
k107_26689586 flag=1 multi=11.0000 len=7990	7990	9.56309	0.0388918	0.0598643	0	0	9.52419	12.3367	0	0	0	0	0	0	0	0	0	0	0	0	0	0	0	0	0	0
k107_30240872 flag=1 multi=15.0000 len=2944	2944	8.98902	0	0	0	0	8.98902	14.7702	0	0	0	0	0	0	0	0	0	0	0	0	0	0	0	0	0	0
k107_28828080 flag=1 multi=15.0000 len=7478	7478	9.10535	0	0	0	0	9.10535	12.9712	0	0	0	0	0	0	0	0	0	0	0	0	0	0	0	0	0	0
k107_25773751 flag=1 multi=13.0000 len=12507	12507	8.92003	0.0494879	0.0711297	0	0	8.87054	10.8543	0	0	0	0	0	0	0	0	0	0	0	0	0	0	0	0	0	0
k107_14276363 flag=0 multi=23.0039 len=6315	6315	8.28837	0.0500582	0.0517088	0	0	8.23832	16.394	0	0	0	0	0	0	0	0	0	0	0	0	0	0	0	0	0	0
k107_2426106 flag=1 multi=9.0000 len=14527	14527	9.71705	0.0424605	0.055425	0	0	9.67459	13.1173	0	0	0	0	0	0	0	0	0	0	0	0	0	0	0	0	0	0
k107_8073412 flag=1 multi=8.0000 len=31845	31845	8.71601	0.0287227	0.0412988	0	0	8.68728	13.54	0	0	0	0	0	0	0	0	0	0	0	0	0	0	0	0	0	0
k107_26478780 flag=1 multi=10.0000 len=11215	11215	9.1665	0.110694	0.263915	0	0	9.02813	11.4796	0.0276734	0.0384568	0	0	0	0	0	0	0	0	0	0	0	0	0	0	0	0
k107_14569299 flag=1 multi=8.0000 len=14739	14739	8.49138	0.0627554	0.0974513	0	0	8.42862	10.8755	0	0	0	0	0	0	0	0	0	0	0	0	0	0	0	0	0	0
k107_7979159 flag=1 multi=67.0000 len=4566	4566	8.04737	0.0708255	0.0705106	0	0	7.97655	8.88321	0	0	0	0	0	0	0	0	0	0	0	0	0	0	0	0	0	0
k107_23179489 flag=1 multi=6.0000 len=4270	4270	7.50605	0	0	0	0	7.50605	11.8453	0	0	0	0	0	0	0	0	0	0	0	0	0	0	0	0	0	0
k107_2483480 flag=1 multi=8.0788 len=13093	13093	9.19264	0.0419826	0.0649359	0	0	9.15065	15.0887	0	0	0	0	0	0	0	0	0	0	0	0	0	0	0	0	0	0
k107_11718689 flag=0 multi=12.0066 len=7329	7329	8.55941	0	0	0	0	8.55941	13.1298	0	0	0	0	0	0	0	0	0	0	0	0	0	0	0	0	0	0
k107_28187147 flag=1 multi=8.0000 len=4485	4485	8.7081	0	0	0	0	8.63591	13.2139	0	0	0.072197	0.0670043	0	0	0	0	0	0	0	0	0	0	0	0	0	0
k107_24285634 flag=1 multi=20.0000 len=3318	3318	7.77619	0.199602	0.263693	0	0	7.57659	8.53118	0	0	0	0	0	0	0	0	0	0	0	0	0	0	0	0	0	0
k107_1242096 flag=1 multi=9.0000 len=18950	18950	8.84867	0.0323895	0.0577386	0	0	8.81628	11.0795	0	0	0	0	0	0	0	0	0	0	0	0	0	0	0	0	0	0
k107_9464689 flag=1 multi=26.0000 len=3249	3249	8.9301	0	0	0	0	8.9301	12.0266	0	0	0	0	0	0	0	0	0	0	0	0	0	0	0	0	0	0
k107_31027557 flag=1 multi=26.0000 len=11202	11202	9.34184	0.0831193	0.209973	0	0	9.25872	14.7892	0	0	0	0	0	0	0	0	0	0	0	0	0	0	0	0	0	0
k107_32105081 flag=1 multi=7.0000 len=16907	16907	8.63047	0.0181271	0.0331524	0	0	8.59416	11.5649	0	0	0	0	0	0	0.0181873	0.0178616	0	0	0	0	0	0	0	0	0	0
k107_9529143 flag=1 multi=8.0000 len=9643	9643	8.26261	0.0323306	0.0312844	0	0	8.23028	12.8457	0	0	0	0	0	0	0	0	0	0	0	0	0	0	0	0	0	0
k107_13187398 flag=1 multi=7.7327 len=3870	3870	8.52943	0.0170964	0.0201707	0	0	8.51233	11.1512	0	0	0	0	0	0	0	0	0	0	0	0	0	0	0	0	0	0
k107_27113023 flag=0 multi=14.1021 len=6551	6551	10.2517	0.0235238	0.0235799	0	0	10.1799	18.0866	0	0	0	0	0	0	0.0483277	0.0479306	0	0	0	0	0	0	0	0	0	0
k107_11743262 flag=1 multi=7.0000 len=5704	5704	7.65883	0.0544243	0.0635237	0	0	7.60441	10.0828	0	0	0	0	0	0	0	0	0	0	0	0	0	0	0	0	0	0
k107_7415825 flag=1 multi=8.0000 len=23612	23612	8.61909	0.0516946	0.0785706	0	0	8.5674	11.0245	0	0	0	0	0	0	0	0	0	0	0	0	0	0	0	0	0	0
k107_9965862 flag=0 multi=8.0410 len=3765	3765	9.42593	0.0872076	0.164548	0	0	9.33872	13.7778	0	0	0	0	0	0	0	0	0	0	0	0	0	0	0	0	0	0
k107_35674195 flag=1 multi=9.0000 len=3117	3117	6.90195	0.107282	0.146266	0	0	6.79467	4.93811	0	0	0	0	0	0	0	0	0	0	0	0	0	0	0	0	0	0
k107_34223081 flag=1 multi=9.0000 len=5500	5500	9.50558	0.116199	0.21896	0	0	9.38938	13.9802	0	0	0	0	0	0	0	0	0	0	0	0	0	0	0	0	0	0
k107_20837592 flag=1 multi=7.0000 len=6714	6714	8.34778	0	0	0	0	8.34778	10.9495	0	0	0	0	0	0	0	0	0	0	0	0	0	0	0	0	0	0
k107_32530168 flag=1 multi=8.0000 len=14300	14300	8.65788	0.0215745	0.0348264	0	0	8.6363	10.6356	0	0	0	0	0	0	0	0	0	0	0	0	0	0	0	0	0	0
k107_21066107 flag=1 multi=8.0000 len=6015	6015	8.95624	0.0528619	0.0745976	0	0	8.90338	13.4284	0	0	0	0	0	0	0	0	0	0	0	0	0	0	0	0	0	0
k107_11360448 flag=1 multi=12.0000 len=3152	3152	8.9214	0	0	0	0	8.9214	11.5519	0	0	0	0	0	0	0	0	0	0	0	0	0	0	0	0	0	0
k107_10304886 flag=1 multi=6.0000 len=8139	8139	7.71469	0.0385352	0.0531381	0	0	7.67615	13.4165	0	0	0	0	0	0	0	0	0	0	0	0	0	0	0	0	0	0
k107_13656441 flag=0 multi=9.0675 len=3453	3453	7.76166	0	0	0	0	7.76166	7.95566	0	0	0	0	0	0	0	0	0	0	0	0	0	0	0	0	0	0
k107_31420470 flag=1 multi=10.0000 len=19751	19751	8.69952	0.0620083	0.137265	0	0	8.63751	11.8706	0	0	0	0	0	0	0	0	0	0	0	0	0	0	0	0	0	0
k107_34225084 flag=1 multi=9.0000 len=19845	19845	8.82393	0.108121	0.19945	0	0	8.71581	12.218	0	0	0	0	0	0	0	0	0	0	0	0	0	0	0	0	0	0
k107_11031231 flag=1 multi=7.0000 len=2736	2736	7.47083	0	0	0	0	7.47083	17.1992	0	0	0	0	0	0	0	0	0	0	0	0	0	0	0	0	0	0
k107_35442688 flag=0 multi=13.0115 len=8823	8823	8.6863	0.0350898	0.0475656	0	0	8.65121	12.3342	0	0	0	0	0	0	0	0	0	0	0	0	0	0	0	0	0	0
k107_9073491 flag=1 multi=8.0000 len=22437	22437	8.5696	0.0954145	0.154139	0	0	8.46067	11.6634	0.013508	0.0167989	0	0	0	0	0	0	0	0	0	0	0	0	0	0	0	0
k107_11765841 flag=1 multi=8.0000 len=6841	6841	9.62838	0	0	0	0	9.62838	14.7551	0	0	0	0	0	0	0	0	0	0	0	0	0	0	0	0	0	0
k107_31191414 flag=1 multi=9.0000 len=4158	4158	9.1958	0	0	0	0	9.1958	10.3812	0	0	0	0	0	0	0	0	0	0	0	0	0	0	0	0	0	0
k107_8900898 flag=1 multi=22.0000 len=18947	18947	8.92014	0.0323947	0.0546221	0	0	8.88774	13.2855	0	0	0	0	0	0	0	0	0	0	0	0	0	0	0	0	0	0
k107_34481098 flag=1 multi=9.0000 len=6618	6618	8.89202	0	0	0	0	8.89202	15.1879	0	0	0	0	0	0	0	0	0	0	0	0	0	0	0	0	0	0
k107_35452874 flag=1 multi=8.0000 len=8918	8918	8.6994	0.0350511	0.0342897	0	0	8.66435	10.1145	0	0	0	0	0	0	0	0	0	0	0	0	0	0	0	0	0	0
k107_33373979 flag=1 multi=10.0000 len=5021	5021	6.58423	0	0	0	0	6.58423	8.26353	0	0	0	0	0	0	0	0	0	0	0	0	0	0	0	0	0	0
k107_32545860 flag=1 multi=9.0000 len=3486	3486	9.24372	0	0	0	0	9.24372	15.5134	0	0	0	0	0	0	0	0	0	0	0	0	0	0	0	0	0	0
k107_2886409 flag=1 multi=7.0000 len=29982	29982	8.72709	0.0407008	0.0560412	0	0	8.67625	11.7424	0	0	0	0	0	0	0.0101415	0.011082	0	0	0	0	0	0	0	0	0	0
k107_15434310 flag=1 multi=7.0000 len=3612	3612	7.90695	0	0	0	0	7.90695	10.7678	0	0	0	0	0	0	0	0	0	0	0	0	0	0	0	0	0	0
k107_17626905 flag=1 multi=9.0000 len=4451	4451	10.0506	0.0727886	0.0728211	0	0	9.97783	13.9541	0	0	0	0	0	0	0	0	0	0	0	0	0	0	0	0	0	0
k107_7125650 flag=1 multi=5.0000 len=3366	3366	6.95594	0	0	0	0	6.95594	11.1346	0	0	0	0	0	0	0	0	0	0	0	0	0	0	0	0	0	0
k107_27772531 flag=0 multi=12.2273 len=38491	38491	9.1132	0.0553301	0.102219	0	0	9.04999	12.5252	0	0	0.00788185	0.0139732	0	0	0	0	0	0	0	0	0	0	0	0	0	0
k107_26728881 flag=1 multi=8.0000 len=4967	4967	9.64073	0	0	0	0	9.64073	13.2783	0	0	0	0	0	0	0	0	0	0	0	0	0	0	0	0	0	0
k107_27093491 flag=1 multi=8.0000 len=3270	3270	10.7513	0	0	0	0	10.7513	16.2622	0	0	0	0	0	0	0	0	0	0	0	0	0	0	0	0	0	0
k107_26677484 flag=1 multi=8.0000 len=3774	3774	7.73185	0.0869816	0.0886585	0	0	7.55789	14.0924	0	0	0	0	0	0	0.0869816	0.125537	0	0	0	0	0	0	0	0	0	0
k107_32633648 flag=1 multi=7.0000 len=6228	6228	8.75397	0.0509619	0.0497204	0	0	8.703	16.3393	0	0	0	0	0	0	0	0	0	0	0	0	0	0	0	0	0	0
k107_29389434 flag=1 multi=22.0000 len=22389	22389	8.73853	0.0410196	0.0547412	0	0	8.69751	12.7539	0	0	0	0	0	0	0	0	0	0	0	0	0	0	0	0	0	0
k107_18528122 flag=1 multi=7.0811 len=3327	3327	8.28826	0.0998347	0.105116	0	0	8.18843	15.3206	0	0	0	0	0	0	0	0	0	0	0	0	0	0	0	0	0	0
k107_34496623 flag=1 multi=10.0000 len=4871	4871	8.88488	0.0660976	0.0871338	0	0	8.81878	11.2473	0	0	0	0	0	0	0	0	0	0	0	0	0	0	0	0	0	0
k107_32383529 flag=0 multi=10.0112 len=11582	11582	9.92411	0.0801418	0.106502	0	0	9.84397	12.3412	0	0	0	0	0	0	0	0	0	0	0	0	0	0	0	0	0	0
k107_12660915 flag=1 multi=9.0000 len=16560	16560	9.27433	0.0365974	0.0562999	0	0	9.23773	13.5461	0	0	0	0	0	0	0	0	0	0	0	0	0	0	0	0	0	0
k107_2723553 flag=1 multi=7.0000 len=10843	10843	8.49122	0.02865	0.0278337	0	0	8.46257	8.19829	0	0	0	0	0	0	0	0	0	0	0	0	0	0	0	0	0	0
k107_12560249 flag=1 multi=9.0000 len=7292	7292	10.709	0	0	0	0	10.709	18.1918	0	0	0	0	0	0	0	0	0	0	0	0	0	0	0	0	0	0
k107_5350582 flag=1 multi=9.0000 len=6547	6547	8.70008	0.0483587	0.0658908	0	0	8.65172	14.0869	0	0	0	0	0	0	0	0	0	0	0	0	0	0	0	0	0	0
k107_6841923 flag=1 multi=8.0000 len=5511	5511	9.05433	0	0	0	0	9.05433	10.7778	0	0	0	0	0	0	0	0	0	0	0	0	0	0	0	0	0	0
k107_16489269 flag=1 multi=10.0128 len=4956	4956	9.41856	0.0648904	0.0718681	0	0	9.35367	8.2591	0	0	0	0	0	0	0	0	0	0	0	0	0	0	0	0	0	0
k107_11182276 flag=1 multi=8.0150 len=7981	7981	8.17945	0.0390676	0.0656594	0	0	8.14038	11.4478	0	0	0	0	0	0	0	0	0	0	0	0	0	0	0	0	0	0
k107_21763277 flag=0 multi=9.0119 len=8522	8522	9.80012	0.0367397	0.035388	0	0	9.76338	11.8821	0	0	0	0	0	0	0	0	0	0	0	0	0	0	0	0	0	0
k107_15639872 flag=1 multi=8.0000 len=4892	4892	8.55294	0	0	0	0	8.55294	13.8899	0	0	0	0	0	0	0	0	0	0	0	0	0	0	0	0	0	0
k107_24308065 flag=1 multi=8.0000 len=4912	4912	8.37852	0	0	0	0	8.37852	8.45537	0	0	0	0	0	0	0	0	0	0	0	0	0	0	0	0	0	0
k107_18898908 flag=1 multi=6.0000 len=2676	2676	7.41238	0	0	0	0	7.41238	7.59408	0	0	0	0	0	0	0	0	0	0	0	0	0	0	0	0	0	0
k107_13431229 flag=0 multi=19.0277 len=5153	5153	9.21975	0.0853432	0.105468	0	0	9.07215	13.4243	0	0	0	0	0	0	0.0622552	0.0670513	0	0	0	0	0	0	0	0	0	0
k107_3684302 flag=1 multi=21.0000 len=16366	16366	9.27658	0.0865289	0.138563	0	0	9.15245	9.89881	0.0187998	0.0240526	0	0	0	0	0.0187998	0.0259307	0	0	0	0	0	0	0	0	0	0
k107_10769368 flag=1 multi=8.0000 len=4485	4485	9.98566	0.072197	0.104783	0	0	9.91346	9.14478	0	0	0	0	0	0	0	0	0	0	0	0	0	0	0	0	0	0
k107_35595745 flag=1 multi=12.0000 len=10783	10783	8.85097	0.0575327	0.185978	0	0	8.76462	11.2899	0	0	0	0	0	0	0.028814	0.0380992	0	0	0	0	0	0	0	0	0	0
k107_23810456 flag=1 multi=7.0000 len=9118	9118	7.41152	0.0342559	0.0523682	0	0	7.37727	9.53111	0	0	0	0	0	0	0	0	0	0	0	0	0	0	0	0	0	0
k107_28487626 flag=1 multi=11.0000 len=2546	2546	9.21747	0	0	0	0	9.21747	14.0737	0	0	0	0	0	0	0	0	0	0	0	0	0	0	0	0	0	0
k107_15104839 flag=1 multi=10.0000 len=6533	6533	9.73744	0.0962927	0.098469	0	0	9.64115	16.7995	0	0	0	0	0	0	0	0	0	0	0	0	0	0	0	0	0	0
k107_16204977 flag=1 multi=36.0000 len=10215	10215	8.65217	0.0913951	0.108866	0	0	8.56078	10.9353	0	0	0	0	0	0	0	0	0	0	0	0	0	0	0	0	0	0
