contigName	contigLen	totalAvgDepth	Cen01_MA.bam	Cen01_MA.bam-var	Cen03_MA.bam	Cen03_MA.bam-var	Cen04_MA.bam	Cen04_MA.bam-var	Cen05_MA.bam	Cen05_MA.bam-var	Cen06_MA.bam	Cen06_MA.bam-var	Cen07_MA.bam	Cen07_MA.bam-var	Cen10_MA.bam	Cen10_MA.bam-var	Cen12_MA.bam	Cen12_MA.bam-var	Cen14_MA.bam	Cen14_MA.bam-var	Cen15_MA.bam	Cen15_MA.bam-var	Cen16_MA.bam	Cen16_MA.bam-var	Cen17_MA.bam	Cen17_MA.bam-var
k107_8007070 flag=0 multi=40.8123 len=155600	155600	42.2954	0	0	0	0	0	0	0	0	0	0	0	0	0.00194465	0.00329097	0	0	0.118533	0.146639	12.0846	15.7388	30.0846	36.559	0.00575024	0.00654589
k107_4728807 flag=0 multi=35.0000 len=12159	12159	43.5758	0	0	0	0	0	0	0	0	0	0	0	0	0	0	0	0	0.0254702	0.026677	12.3327	13.5776	31.2176	41.6745	0	0
k107_17337535 flag=0 multi=33.0150 len=4586	4586	42.0439	0	0	0	0	0	0	0	0	0	0	0	0	0	0	0	0	0.14099	0.17859	12.5668	12.6804	29.3361	42.8289	0	0
k107_23122874 flag=0 multi=38.0608 len=45233	45233	48.1631	0	0	0	0	0	0	0	0	0	0	0	0	0	0	0	0	0.140237	0.192542	14.7819	19.9596	33.2376	43.9902	0.00336071	0.00335048
k107_614875 flag=0 multi=33.0897 len=84944	84944	40.5901	0	0	0	0	0	0	0	0	0	0	0	0	0	0	0	0	0.121216	0.147791	12.0467	18.2725	28.4205	35.544	0.00178398	0.00178052
k107_11633050 flag=0 multi=36.9956 len=35029	35029	42.673	0	0	0	0	0	0	0	0	0	0	0	0	0	0	0	0	0.147724	0.188534	12.3511	16.6321	30.1742	41.4855	0	0
k107_18550172 flag=0 multi=30.0038 len=7170	7170	39.7717	0	0	0	0	0	0	0	0	0	0	0	0	0	0	0	0	0.175888	0.234098	9.34916	14.7981	30.2467	36.258	0	0
k107_2241084 flag=0 multi=39.1367 len=23180	23180	44.3771	0	0	0	0	0	0	0	0	0	0	0	0	0	0	0	0	0.237302	0.558174	12.9616	17.5309	31.1586	35.7177	0.0196696	0.0230747
k107_18313202 flag=0 multi=94.8870 len=7278	7278	43.7253	0	0	0	0	0	0	0	0	0	0	0	0	0	0	0	0	0.302609	0.326777	12.7499	12.1466	30.6416	29.3197	0.03125	0.0381361
k107_4022151 flag=0 multi=37.9972 len=20015	20015	45.1739	0	0	0	0	0	0	0	0	0	0	0	0	0	0	0	0	0.210673	0.270847	13.4741	18.0609	31.4739	41.2912	0.0153198	0.0186415
k107_5671881 flag=0 multi=40.9912 len=18002	18002	46.0634	0	0	0	0	0	0	0	0	0	0	0	0	0	0	0	0	0.110904	0.14654	14.4869	18.3717	31.4657	31.3927	0	0
k107_33713189 flag=0 multi=41.1998 len=15248	15248	47.8452	0	0	0	0	0.0198046	0.0390709	0.0394754	0.114657	0	0	0	0	0	0	0	0	0.282551	0.435338	14.0991	19.2286	33.4043	35.4708	0	0
k107_25804819 flag=0 multi=37.0093 len=86785	86785	44.0331	0	0	0	0	0	0	0	0	0	0	0	0	0	0	0	0	0.12769	0.160838	13.0034	17.4364	30.8863	41.3792	0.0156678	0.0219405
k107_476535 flag=1 multi=14.0011 len=4618	4618	9.23679	0	0	0	0	0	0	0	0	0	0	0.0697405	0.0914989	0	0	0	0	0	0	9.02711	13.223	0.139944	0.160251	0	0
k107_4145700 flag=0 multi=36.8288 len=65659	65659	45.4136	0	0	0	0	0	0	0	0	0	0	0	0	0	0	0	0	0.097021	0.150852	13.5658	22.7674	31.7463	41.1144	0.00452897	0.0055509
k107_1674751 flag=0 multi=76.9846 len=9728	9728	50.3357	0	0	0	0	0	0	0	0	0	0	0	0	0	0	0	0	0.0961171	0.125736	15.2123	19.0342	35.0273	53.5277	0	0
k107_3339294 flag=0 multi=35.2085 len=7983	7983	41.9888	0	0	0	0	0	0	0	0	0	0	0.0191381	0.0192719	0	0	0	0	0.117693	0.129318	9.3881	15.5711	32.4639	40.1108	0	0
k107_9677669 flag=0 multi=36.7526 len=90629	90629	43.0336	0	0	0	0	0	0	0	0	0	0	0	0	0	0	0	0	0.120186	0.167885	12.6411	18.1349	30.2706	38.5337	0.00164956	0.00166871
k107_27542000 flag=0 multi=38.2519 len=51735	51735	48.1829	0	0	0	0	0	0	0	0	0	0	0	0	0	0	0	0	0.191453	0.280138	13.5996	19.7036	34.3902	43.8855	0.00171096	0.00172446
k107_4288087 flag=0 multi=46.6243 len=2529	2529	48.5887	0	0	0	0	0	0	0	0	0	0	0	0	0	0	0	0	0.0341266	0.0329794	14.3969	20.7777	34.1576	42.4137	0	0
k107_27871685 flag=0 multi=34.0178 len=20280	20280	42.5361	0	0	0	0	0	0	0	0	0	0	0	0	0	0	0	0	0.0980579	0.132671	12.2219	14.7128	30.2161	44.5173	0	0
k107_9259565 flag=0 multi=33.0060 len=13425	13425	39.6586	0	0	0	0	0	0	0	0	0	0	0	0	0	0	0	0	0.206584	0.41058	11.4376	18.9377	28.0144	36.2177	0	0
k107_14165715 flag=0 multi=37.0013 len=31772	31772	45.5166	0	0	0	0	0	0	0	0	0	0	0	0	0	0	0	0	0.167906	0.245872	13.5601	20.2345	31.7886	42.2064	0	0
k107_1627642 flag=0 multi=33.9997 len=16729	16729	42.8631	0	0	0	0	0	0	0	0	0	0	0	0	0	0	0	0	0.235466	0.484857	10.6648	13.9589	31.9628	37.6153	0	0
k107_11043426 flag=0 multi=38.6537 len=61463	61463	46.8817	0	0	0	0	0	0	0	0	0	0	0	0	0	0	0	0	0.145583	0.208273	13.9925	17.7129	32.7314	45.9067	0.0121319	0.0124423
k107_1404735 flag=0 multi=80.0000 len=20844	20844	48.9867	0	0	0	0	0	0	0	0	0	0	0	0	0	0	0	0	0.19078	0.288048	13.8896	17.3343	34.9063	46.7775	0	0
k107_9808096 flag=0 multi=37.0257 len=9884	9884	44.9726	0	0	0	0	0	0	0	0	0	0	0	0	0	0	0	0	0.189	0.218904	11.278	18.4538	33.5031	43.5354	0.00240033	0.00239478
k107_33580193 flag=0 multi=37.0236 len=61754	61754	45.547	0	0	0	0	0.0144015	0.0405246	0	0	0.00489813	0.00736876	0	0	0	0	0	0	0.115684	0.187096	13.2596	18.7691	32.1499	40.4661	0.00244093	0.00244576
k107_23601135 flag=0 multi=33.9953 len=50113	50113	43.2206	0	0	0	0	0	0	0	0	0	0	0	0	0	0	0	0	0.127241	0.195131	12.6038	17.1898	30.4835	42.0997	0.00606292	0.00730699
k107_34441397 flag=0 multi=36.0042 len=114758	114758	41.1258	0	0	0	0	0	0	0	0	0	0	0	0	0	0	0	0	0.162132	0.212662	11.6962	18.2429	29.2648	37.4593	0.00263857	0.002627
k107_22402782 flag=0 multi=38.6563 len=66204	66204	45.5788	0	0	0.00458256	0.00729943	0	0	0	0	0	0	0	0	0	0	0	0	0.132591	0.211053	13.0406	23.323	32.3965	46.8886	0.00458256	0.00577789
k107_23326232 flag=0 multi=42.9993 len=36462	36462	46.9553	0	0	0	0	0	0	0	0	0	0	0	0	0	0	0	0	0.223341	0.366689	13.6522	17.8442	33.0798	52.0445	0	0
k107_18913201 flag=0 multi=32.9970 len=9818	9818	41.6307	0	0	0	0	0	0	0	0	0	0	0	0	0	0	0	0	0.222047	0.332132	12.1106	20.999	29.2981	36.3185	0	0
k107_22104624 flag=0 multi=39.8183 len=111849	111849	40.2336	0	0	0	0	0	0	0.0105695	0.0124025	0	0	0	0	0	0	0.00131783	0.00135044	0.122881	0.172753	10.2281	17.1887	29.8667	39.3912	0.00403417	0.00405188
k107_33587008 flag=0 multi=36.0289 len=8130	8130	45.8588	0	0	0	0	0	0	0	0	0	0	0	0	0	0	0	0	0.0770312	0.0957647	13.8205	13.6345	31.9421	31.3313	0.019162	0.018918
k107_35159403 flag=0 multi=37.0003 len=11571	11571	45.0357	0	0	0	0	0	0	0	0	0	0	0	0	0	0	0	0	0.0792439	0.0925003	13.367	17.4047	31.5894	37.359	0	0
k107_9746062 flag=0 multi=38.0164 len=18903	18903	47.1395	0	0	0	0	0	0	0	0	0	0	0	0	0	0	0	0	0.170475	0.301367	14.3965	18.7944	32.5645	36.5321	0.0079028	0.00805067
k107_10183735 flag=0 multi=63.9912 len=6377	6377	42.5399	0	0	0	0	0.0487243	0.0861024	0	0	0	0	0.0241975	0.024242	0	0	0	0	0.297778	0.383527	12.6645	18.8837	29.5047	36.9044	0	0
k107_716668 flag=0 multi=33.3862 len=27553	27553	42.3024	0.0110822	0.0156565	0	0	0	0	0	0	0	0	0	0	0	0	0	0	0.177241	0.223928	12.3264	18.4726	29.7822	34.6901	0.00554108	0.00551052
k107_12064062 flag=0 multi=36.0562 len=23398	23398	44.8242	0	0	0	0	0	0	0	0	0	0	0	0	0	0	0	0	0.215665	0.387726	12.3257	16.4108	32.2828	40.7143	0	0
k107_35884116 flag=0 multi=37.9865 len=18738	18738	43.7034	0	0	0	0	0	0	0	0	0	0	0	0	0	0	0	0	0.0817965	0.120469	10.494	16.9972	33.1276	40.6288	0	0
k107_9250348 flag=0 multi=33.0017 len=47482	47482	39.957	0	0	0	0	0	0	0	0	0	0	0	0	0	0	0	0	0.184633	0.204893	11.7134	17.4943	28.0589	35.8944	0	0
k107_10334628 flag=0 multi=21.2436 len=5020	5020	10.8993	0	0	0	0	0	0	0	0	0.191607	0.301459	0.941501	1.50157	0	0	0	0	0	0	9.41479	14.4527	0.35142	0.313372	0	0
k107_26438365 flag=0 multi=34.9426 len=2823	2823	43.5192	0	0	0	0	0	0	0	0	0	0	0	0	0	0	0	0	0.119794	0.182468	10.7326	9.50897	32.6668	33.7701	0	0
k107_22233127 flag=0 multi=35.0924 len=11059	11059	42.045	0	0	0	0	0	0	0	0	0	0	0	0	0	0	0	0	0.0280747	0.0272942	11.5751	12.3253	30.4279	50.0326	0.0139444	0.0138424
k107_18293373 flag=0 multi=34.0006 len=28009	28009	42.7247	0	0	0	0	0	0	0	0	0	0	0	0	0	0	0	0	0.185188	0.367561	12.1287	17.0604	30.4109	41.2342	0	0
k107_10543171 flag=0 multi=34.2178 len=12173	12173	42.7165	0	0	0	0	0	0	0	0	0	0	0	0	0	0	0	0	0.101761	0.101016	9.55168	17.4629	33.0376	44.6733	0.0254401	0.0349024
k107_14677239 flag=0 multi=45.0411 len=4510	4510	40.4558	0	0	0	0	0	0	0	0	0	0	0	0	0	0	0	0	0.143536	0.184297	11.5045	21.3372	28.8077	29.0019	0	0
k107_33091979 flag=0 multi=33.0000 len=8523	8523	41.1314	0	0	0	0	0	0	0	0	0	0	0	0	0	0	0	0	0.128573	0.13598	11.9974	14.3553	28.9873	30.3605	0.0180027	0.0180322
k107_11350308 flag=0 multi=38.9992 len=29925	29925	40.7393	0	0	0	0	0	0	0	0	0	0	0	0	0	0	0	0	0.13233	0.192219	12.1232	14.3634	28.4837	40.4374	0	0
