contigName	contigLen	totalAvgDepth	Cen01_MA.bam	Cen01_MA.bam-var	Cen03_MA.bam	Cen03_MA.bam-var	Cen04_MA.bam	Cen04_MA.bam-var	Cen05_MA.bam	Cen05_MA.bam-var	Cen06_MA.bam	Cen06_MA.bam-var	Cen07_MA.bam	Cen07_MA.bam-var	Cen10_MA.bam	Cen10_MA.bam-var	Cen12_MA.bam	Cen12_MA.bam-var	Cen14_MA.bam	Cen14_MA.bam-var	Cen15_MA.bam	Cen15_MA.bam-var	Cen16_MA.bam	Cen16_MA.bam-var	Cen17_MA.bam	Cen17_MA.bam-var
k107_32662003 flag=0 multi=211.1346 len=2663	2663	51.0424	0	0	0	0	0	0	0	0	0	0	0	0	21.0995	18.1875	0.221093	0.181608	2.13172	2.79783	27.59	45.7952	0	0	0	0
k107_31111624 flag=0 multi=37.6753 len=42419	42419	45.8441	0	0	0	0	0	0	0	0	0	0	0.00714676	0.0117803	19.0001	24.0479	0.213785	0.32604	2.45666	3.16263	24.0663	35.8778	0.100197	0.128696	0	0
k107_32969339 flag=0 multi=37.5364 len=109991	109991	42.8618	0	0	0	0	0	0	0	0	0	0	0.00275324	0.00416491	18.5305	28.3039	0.258485	0.36596	2.35912	3.4409	21.6216	33.6754	0.0893709	0.134869	0	0
k107_150816 flag=0 multi=36.9984 len=118507	118507	45.2632	0	0	0	0	0	0	0	0	0	0	0	0	19.0436	24.3917	0.260243	0.365496	2.53114	3.81967	23.3606	32.5534	0.0675606	0.0781214	0	0
k107_3788913 flag=0 multi=35.0005 len=156005	156005	43.9796	0.00193959	0.00307749	0	0	0	0	0	0	0	0	0	0	18.1304	25.9936	0.239	0.341985	2.42018	3.4495	23.1292	33.9142	0.0588878	0.0697542	0	0
k107_31288371 flag=0 multi=38.0406 len=20443	20443	46.1877	0.0149943	0.0226108	0	0	0	0	0	0	0	0	0	0	20.1823	26.5971	0.337818	0.450524	2.41279	3.7288	23.1575	30.9792	0.08227	0.0954381	0	0
k107_7336768 flag=0 multi=37.1448 len=16278	16278	44.3244	0	0	0	0	0	0	0	0	0	0	0	0	18.3216	26.6143	0.212757	0.28471	2.44448	3.19031	23.27	50.4873	0.0755508	0.0780474	0	0
k107_15679604 flag=0 multi=37.9977 len=102431	102431	47.1112	0	0	0	0	0	0	0	0	0	0	0	0	20.4721	28.6013	0.24517	0.318243	2.51782	3.51024	23.7982	30.9017	0.0778427	0.110086	0	0
k107_8402632 flag=0 multi=37.0343 len=22316	22316	45.2121	0	0	0	0	0	0	0	0	0	0	0	0	19.0144	31.9742	0.268102	0.408856	2.19928	2.60175	23.648	34.2978	0.0823113	0.0961025	0	0
k107_9628972 flag=0 multi=37.3073 len=3390	3390	45.9767	0	0	0	0	0	0	0	0	0	0	0	0	21.4699	50.4397	0.186852	0.188471	2.5068	3.36291	21.8131	60.9229	0	0	0	0
k107_3758421 flag=0 multi=37.9111 len=43945	43945	43.9671	0	0	0	0	0	0	0	0	0	0	0	0	19.1601	27.426	0.290425	0.452959	2.22677	2.88022	22.2413	28.2129	0.0483926	0.059331	0	0
k107_19789582 flag=0 multi=37.0061 len=222955	222955	46.2553	0	0	0	0	0	0	0	0	0	0	0	0	20.1542	26.3104	0.287708	0.428905	2.52226	3.64797	23.2295	35.4797	0.0616161	0.0859161	0	0
k107_10042297 flag=0 multi=39.0069 len=222283	222283	44.3671	0.00136048	0.00267304	0	0	0	0	0.00136048	0.00210602	0	0	0.00136048	0.00261858	18.8899	25.0389	0.25295	0.355624	2.38295	3.20678	22.7685	31.6662	0.0687176	0.0849596	0	0
k107_12664823 flag=0 multi=37.0121 len=17267	17267	45.0762	0	0	0	0	0	0	0	0	0	0	0	0	18.0383	20.8659	0.337695	0.668411	1.99198	2.61184	24.6372	37.0022	0.0710286	0.0828991	0	0
k107_18103709 flag=0 multi=44.0217 len=111305	111305	44.4559	0	0	0	0	0	0	0	0	0	0	0.00272065	0.00330105	19.0773	23.3148	0.271812	0.390869	2.52156	3.55462	22.539	34.525	0.0434853	0.0567944	0	0
k107_2502908 flag=0 multi=35.9998 len=277306	277306	44.7182	0.00109024	0.00147821	0	0	0	0	0	0	0	0	0.00109024	0.00137711	19.1231	25.4619	0.244459	0.33633	2.38931	3.22898	22.8993	34.0862	0.0599053	0.0747855	0	0
k107_11178661 flag=0 multi=36.2471 len=12971	12971	45.0053	0	0	0	0	0	0	0	0	0	0	0	0	18.8984	32.4185	0.237509	0.397986	2.08596	2.92973	23.7357	28.916	0.0476754	0.0539187	0	0
k107_8768005 flag=0 multi=37.1573 len=14643	14643	45.5765	0	0	0	0	0	0	0	0	0	0	0	0	19.5044	25.9926	0.209957	0.333847	2.23869	2.84227	23.5394	29.1842	0.0839551	0.0962487	0	0
k107_20279286 flag=0 multi=37.0051 len=32023	32023	44.784	0	0	0	0	0	0	0	0	0	0	0	0	19.2692	23.7104	0.190126	0.269982	2.65846	3.90911	22.5883	28.9237	0.0778664	0.0840094	0	0
k107_16225904 flag=0 multi=39.0618 len=6063	6063	48.0311	0	0	0	0	0	0	0	0	0	0	0	0	19.7769	22.0716	0.418504	0.52166	2.71342	2.53157	25.1222	27.2734	0	0	0	0
k107_28756080 flag=0 multi=37.3583 len=199217	199217	46.3509	0	0	0	0	0	0	0	0	0.000739009	0.000758467	0.00151824	0.00252924	19.4018	26.4662	0.259468	0.369642	2.50481	3.6011	24.1167	35.6627	0.0659578	0.077591	0	0
k107_34815967 flag=0 multi=35.9879 len=17283	17283	45.2773	0	0	0	0	0	0	0	0	0	0	0	0	20.3262	30.756	0.319946	0.511921	2.38461	2.9997	22.1932	31.9343	0.0533537	0.0529828	0	0
k107_17247255 flag=0 multi=37.0069 len=347373	347373	45.4722	0	0	0	0	0	0	0	0	0	0	0.00172299	0.00228812	19.6939	26.1639	0.286895	0.398326	2.43286	3.42086	23.0073	31.3525	0.0495288	0.0643316	0	0
k107_15175346 flag=0 multi=35.6444 len=51437	51437	42.1686	0	0	0	0	0	0	0	0	0	0	0.00588638	0.0115126	18.6531	24.616	0.247775	0.352066	2.13756	3.17657	21.0593	29.4858	0.0649262	0.0695767	0	0
k107_4468248 flag=0 multi=37.5905 len=42094	42094	44.0747	0	0	0	0	0	0	0	0	0	0	0	0	18.9401	26.4702	0.245645	0.298482	2.41029	3.37751	22.4101	30.7093	0.0685777	0.110516	0	0
k107_23989088 flag=0 multi=35.6090 len=19575	19575	43.6124	0	0	0	0	0	0	0	0	0	0	0	0	19.7865	25.8561	0.187724	0.265735	2.34836	3.69016	21.2118	34.1651	0.0780366	0.111534	0	0
k107_30888465 flag=0 multi=36.0007 len=55672	55672	44.8047	0	0	0	0	0	0	0	0	0	0	0	0	18.9705	25.1325	0.209698	0.269039	2.48219	3.05542	23.0906	33.0451	0.0516706	0.0629684	0	0
k107_22881232 flag=0 multi=37.0018 len=9587	9587	43.2712	0	0	0	0	0	0	0	0	0	0	0	0	19.2383	29.1419	0.45482	0.591837	2.03737	2.83176	21.4756	34.5158	0.0650512	0.109078	0	0
k107_8760774 flag=0 multi=36.0047 len=156216	156216	44.451	0	0	0	0	0	0	0	0	0	0	0	0	18.9836	24.5179	0.249612	0.370504	2.50756	3.21079	22.6571	32.485	0.053196	0.0718656	0	0
k107_27955312 flag=0 multi=43.0315 len=79090	79090	45.1592	0	0	0	0	0	0	0	0	0	0	0.000165	0.000215679	19.3585	29.1554	0.285754	0.412384	2.32006	3.2992	23.1257	32.2955	0.0689572	0.0888392	0	0
k107_34863551 flag=0 multi=36.0054 len=53236	53236	44.3199	0.00568633	0.00597474	0	0	0	0	0	0	0	0	0	0	18.8981	22.246	0.225658	0.306415	2.59529	3.70662	22.5554	33.6618	0.0398043	0.0490891	0	0
k107_15860193 flag=0 multi=35.0045 len=163438	163438	44.0967	0.00185122	0.00184481	0	0	0	0	0	0	0	0	0	0	18.9646	25.633	0.231108	0.315769	2.32998	3.27471	22.5073	33.5239	0.0618686	0.0843229	0	0
k107_31093519 flag=0 multi=35.6888 len=133611	133611	44.583	0	0	0	0	0	0	0	0	0	0	0	0	18.5886	23.6248	0.257987	0.365981	2.31152	3.36978	23.3514	35.7511	0.0735509	0.0906309	0	0
k107_12292138 flag=0 multi=36.0041 len=212265	212265	45.5964	0.00142478	0.00174241	0	0	0	0	0	0	0	0	0.00141534	0.00211947	19.4328	26.1833	0.242052	0.329454	2.32387	2.89515	23.54	31.3152	0.054802	0.0700478	0	0
k107_16826649 flag=0 multi=37.0029 len=35560	35560	44.8478	0	0	0	0	0	0	0	0	0	0	0	0	19.1935	24.7151	0.27381	0.411756	2.21853	3.13172	23.1277	31.2291	0.034205	0.044106	0	0
k107_21977337 flag=0 multi=32.4261 len=4047	4047	42.6099	0	0	0	0	0	0	0.0806409	0.074157	0	0	0	0	17.3607	23.3106	0.382376	0.753329	2.0478	3.25234	22.6577	47.184	0.0806409	0.0976602	0	0
k107_9091911 flag=0 multi=39.9935 len=197976	197976	44.8097	0	0	0.00302518	0.00361535	0.000935884	0.00102001	0	0	0.000101177	0.000101157	0.000293412	0.000485454	19.1856	25.763	0.255431	0.367375	2.39332	3.43607	22.9102	34.3313	0.0600382	0.0801701	0.000758825	0.000762841
k107_12483084 flag=0 multi=36.8119 len=81004	81004	44.2206	0	0	0	0	0	0	0	0	0	0	0	0	18.738	27.8989	0.227937	0.288757	2.41094	3.53584	22.7989	30.787	0.0448936	0.0491993	0	0
k107_27733761 flag=0 multi=38.0048 len=217749	217749	46.6295	0.00138884	0.00154304	0	0	0	0	0	0	0	0	0.00138884	0.00179064	20.3947	26.201	0.267123	0.400795	2.39332	3.32756	23.5059	34.5758	0.0656896	0.0772598	0	0
k107_20021772 flag=0 multi=36.6372 len=357766	357766	43.4551	0	0	0	0	0	0	0.00084484	0.000843438	0	0	0.000159457	0.000159432	18.5112	24.1917	0.264541	0.394801	2.39523	3.36911	22.2266	32.9046	0.0565204	0.073204	0	0
k107_20484247 flag=0 multi=41.0092 len=72305	72305	43.5487	0	0	0.00419427	0.00507575	0	0	0	0	0	0	0.00419427	0.00562389	18.2702	23.1173	0.226227	0.32129	2.43872	3.54828	22.5486	33.9768	0.0564976	0.0661129	0	0
k107_9983026 flag=0 multi=46.1054 len=4109	4109	46.4754	0	0	0	0	0	0	0	0	0	0	0	0	19.1799	15.6702	0.396638	0.565173	2.06436	3.05421	24.8345	29.5738	0	0	0	0
k107_32173208 flag=0 multi=40.0023 len=161486	161486	45.0658	0	0	0	0	0	0	0	0	0	0	0	0	19.1916	24.9371	0.257302	0.36028	2.33363	3.06459	23.1953	33.1267	0.0879554	0.115927	0	0
k107_24391492 flag=0 multi=36.0005 len=62085	62085	45.1053	0	0	0	0	0	0	0	0	0	0	0	0	18.7637	24.4948	0.241264	0.343446	2.51725	3.78702	23.5319	36.8953	0.0512115	0.0683851	0	0
k107_10009244 flag=0 multi=36.0195 len=37309	37309	44.5819	0	0	0	0	0	0	0	0	0	0	0	0	18.8581	23.0782	0.15489	0.172084	2.2907	2.74564	23.2374	34.9748	0.0407761	0.0512001	0	0
k107_18144802 flag=0 multi=35.0163 len=24214	24214	44.571	0	0	0	0	0	0	0	0	0	0	0	0	18.8298	23.5114	0.2523	0.459048	2.44664	2.91337	22.9918	26.1166	0.0505186	0.061361	0	0
