contigName	contigLen	totalAvgDepth	Cen01_MA.bam	Cen01_MA.bam-var	Cen03_MA.bam	Cen03_MA.bam-var	Cen04_MA.bam	Cen04_MA.bam-var	Cen05_MA.bam	Cen05_MA.bam-var	Cen06_MA.bam	Cen06_MA.bam-var	Cen07_MA.bam	Cen07_MA.bam-var	Cen10_MA.bam	Cen10_MA.bam-var	Cen12_MA.bam	Cen12_MA.bam-var	Cen14_MA.bam	Cen14_MA.bam-var	Cen15_MA.bam	Cen15_MA.bam-var	Cen16_MA.bam	Cen16_MA.bam-var	Cen17_MA.bam	Cen17_MA.bam-var
k107_526832 flag=0 multi=34.7363 len=2735	2735	14.4061	0	0	0	0	0	0	0	0	0	0	0	0	0	0	0	0	2.03617	2.28496	0.551171	0.671599	11.8187	9.86786	0	0
k107_20004304 flag=0 multi=13.0102 len=29561	29561	15.6233	0	0	0	0	0.0205065	0.0357759	0	0	0.0206432	0.0286268	0	0	0	0	0.0103216	0.0147896	2.49957	4.09646	0.164941	0.236426	12.9073	17.6236	0	0
k107_1188211 flag=0 multi=62.4341 len=20825	20825	15.0947	0.0147152	0.0219059	0	0	0.0438532	0.0763103	0	0	0.0733811	0.105389	0	0	0	0	0.0147152	0.0144991	2.97023	4.0773	0.333626	0.418857	11.6442	14.6103	0	0
k107_35541753 flag=0 multi=14.0004 len=13624	13624	16.9482	0	0	0	0	0.0225942	0.0358244	0	0	0.0452635	0.0492879	0	0	0	0	0	0	2.87832	3.81231	0.248761	0.425432	13.7533	13.7603	0	0
k107_1375196 flag=0 multi=20.0926 len=226602	226602	15.9459	0	0	0	0	0.0352497	0.0653414	0	0	0.0339682	0.0546382	0.00450729	0.00720474	0	0	0.0132921	0.0231242	3.06605	4.39305	0.278338	0.391732	12.5085	16.5648	0.00593902	0.00598771
k107_24268053 flag=0 multi=13.8081 len=28965	28965	15.2041	0	0	0	0	0.0105362	0.0137812	0.00516345	0.00524198	0.0490877	0.0601652	0	0	0	0	0	0	2.44751	3.64115	0.203991	0.249516	12.4776	14.1637	0.0102571	0.0176133
k107_21578609 flag=0 multi=144.3939 len=3240	3240	16.2954	0	0	0	0	0	0	0	0	0	0	0	0	0	0	0	0	3.4258	4.32376	0.308373	0.346818	12.5613	20.9997	0	0
k107_25381621 flag=0 multi=19.0076 len=132152	132152	16.8026	0	0	0	0	0.0204778	0.0305033	0	0	0.034251	0.0531526	0.00682594	0.00948167	0	0	0.00911642	0.0102257	3.02089	4.62412	0.272651	0.399878	13.4339	19.3061	0.00452787	0.00502191
k107_17103337 flag=0 multi=28.6268 len=126220	126220	15.9499	0	0	0.00239839	0.00397543	0.0274941	0.0332052	0	0	0.0286774	0.0464858	0.00716339	0.0112517	0	0	0.0143427	0.0165506	2.93944	3.97939	0.313339	0.434252	12.6099	17.1775	0.00717133	0.00715211
k107_29049131 flag=0 multi=34.0212 len=38133	38133	17.561	0	0	0	0	0.0159393	0.0243723	0	0	0.0637308	0.0872709	0.0159393	0.0333662	0	0	0	0	3.42611	4.84946	0.318548	0.410209	13.7169	20.857	0.00391214	0.00397518
k107_13650371 flag=0 multi=18.0039 len=23114	23114	15.7726	0	0	0	0	0.0264773	0.0350522	0	0	0	0	0.0263896	0.0375242	0	0	0	0	2.93302	3.63737	0.304007	0.431992	12.4762	15.6347	0.00648781	0.00657699
k107_20760052 flag=0 multi=25.1821 len=30301	30301	15.0374	0	0	0	0	0.010067	0.0179104	0	0	0.0150338	0.0148716	0	0	0	0	0.0225674	0.0665518	2.62692	3.5456	0.351678	0.579701	12.0061	12.6353	0.0050335	0.0050115
k107_20160859 flag=0 multi=28.7984 len=6272	6272	14.8595	0	0	0	0	0	0	0	0	0.0500838	0.0731672	0	0	0	0	0	0	2.33199	4.32196	0.351591	0.443433	12.0752	10.9861	0.0505863	0.0597629
k107_3356462 flag=0 multi=17.2886 len=34871	34871	15.2253	0	0	0	0	0.0261217	0.0323021	0	0	0.0524169	0.0718499	0.00873615	0.0153599	0	0	0.00873615	0.0104025	2.98131	4.05223	0.222251	0.259529	11.9171	12.6709	0.00870722	0.0117981
k107_13473954 flag=0 multi=16.1427 len=114655	114655	15.8671	0	0	0	0	0.0249753	0.0301048	0	0	0.0342536	0.0475094	0.013161	0.0211144	0	0	0.00790535	0.00976118	3.03997	4.6742	0.275472	0.393903	12.4648	18.0185	0.00652366	0.00656281
k107_7397928 flag=0 multi=67.8151 len=7116	7116	14.5652	0	0	0	0	0	0	0	0	0.0215732	0.0216707	0	0	0	0	0	0	2.28251	3.16362	0.154388	0.316014	12.1067	13.517	0	0
k107_15776994 flag=0 multi=16.0003 len=49174	49174	15.9242	0	0	0	0	0.0337821	0.0408185	0	0	0.0369332	0.0519125	0	0	0	0	0.0184973	0.0238613	3.07994	4.48328	0.24335	0.329477	12.5117	16.3297	0	0
k107_374436 flag=0 multi=33.7196 len=45353	45353	15.402	0	0	0	0	0.013407	0.0153174	0	0	0.0534505	0.0825761	0	0	0	0	0.0132738	0.0429648	2.57244	3.90781	0.228763	0.355599	12.5206	16.6094	0	0
k107_32712020 flag=0 multi=13.0024 len=30638	30638	16.2085	0	0	0	0	0	0	0	0	0.0195807	0.0282036	0	0	0	0	0.0099222	0.00985495	3.00442	3.6464	0.340487	0.41638	12.8341	17.0505	0	0
k107_33958814 flag=0 multi=16.6856 len=27606	27606	15.5468	0	0	0	0	0.0110607	0.0112316	0	0	0.0607603	0.0730153	0	0	0	0	0	0	2.73183	4.2426	0.253992	0.346194	12.4892	19.2123	0	0
k107_8213336 flag=0 multi=15.0122 len=4868	4868	15.4713	0	0	0	0	0	0	0	0	0	0	0	0	0	0	0	0	2.83881	5.39296	0.153088	0.170137	12.4794	27.2025	0	0
k107_34200937 flag=0 multi=14.0664 len=7725	7725	15.0148	0	0	0	0	0.0610265	0.0573096	0	0	0.0231712	0.0409735	0	0	0	0	0	0	2.81961	3.60798	0.307692	0.4738	11.8033	12.9666	0	0
k107_6816740 flag=0 multi=42.9903 len=2982	2982	14.891	0	0	0	0	0.110821	0.158256	0	0	0	0	0	0	0	0	0	0	2.54813	4.4726	0.112687	0.155269	12.1194	17.7694	0	0
k107_11803976 flag=0 multi=22.7086 len=61266	61266	15.9941	0	0	0	0	0.0466013	0.0594274	0	0	0.014812	0.0214761	0	0	0	0	0.0148284	0.0225794	2.74652	3.85506	0.282511	0.398807	12.8863	17.5875	0.00247687	0.00246961
k107_30469798 flag=0 multi=18.2787 len=13981	13981	16.304	0	0	0	0	0.0440091	0.0490839	0	0	0.0440822	0.0647272	0.0435704	0.116198	0	0	0.0219314	0.0283187	2.94473	4.26025	0.35273	0.426969	12.8529	21.2906	0	0
k107_35432134 flag=0 multi=13.0496 len=3981	3981	16.58	0	0	0	0	0	0	0.0820875	0.0878795	0	0	0	0	0	0	0	0	3.10682	5.91518	0	0	13.3911	10.1299	0	0
k107_2998345 flag=0 multi=38.9369 len=2786	2786	13.2951	0	0	0	0	0	0	0	0	0.121176	0.125363	0	0	0	0	0	0	1.09742	0.781004	0.243156	0.312983	11.8333	14.9597	0	0
k107_9444333 flag=0 multi=16.9137 len=89622	89622	15.6478	0	0	0	0	0.0235222	0.0318035	0	0	0.0286946	0.0534311	0.00671742	0.00870921	0	0	0.00675101	0.00859514	2.89624	4.15722	0.244671	0.3097	12.4412	16.2955	0	0
k107_11556728 flag=0 multi=20.9997 len=6109	6109	16.0208	0	0	0	0	0.0790425	0.107007	0	0	0.129499	0.126223	0	0	0	0	0	0	2.98037	5.03779	0.342862	0.457667	12.4891	17.8892	0	0
k107_26134869 flag=0 multi=29.1569 len=99172	99172	15.3763	0	0	0	0	0.0106807	0.0131486	0	0	0.0320117	0.0474487	0.012127	0.0141616	0	0	0.00909275	0.00906699	2.84833	4.20656	0.224011	0.347275	12.234	16.3704	0.00607869	0.00831828
k107_24825028 flag=0 multi=13.0221 len=13617	13617	15.675	0	0	0	0	0.0224559	0.0230708	0	0	0.0226812	0.0221698	0	0	0	0	0	0	3.29448	4.33682	0.180999	0.213147	12.1544	18.4056	0	0
k107_10971507 flag=0 multi=31.0003 len=152832	152832	15.1835	0	0	0	0	0.0127844	0.0174176	0	0	0.0256802	0.041753	0.00197994	0.00392941	0	0	0.00590048	0.00660611	3.00708	4.36013	0.260683	0.347131	11.8645	16.8379	0.0048974	0.00671188
k107_18610238 flag=0 multi=21.0000 len=32965	32965	15.186	0	0	0	0	0.00991948	0.0175121	0	0	0.0552919	0.108291	0	0	0	0	0.00921532	0.00916609	2.82509	4.11044	0.273306	0.397766	12.0086	16.6257	0.00453112	0.0045973
k107_11885349 flag=0 multi=30.6795 len=19351	19351	16.0105	0	0	0	0	0.0314977	0.0392065	0	0	0.0158539	0.0244193	0.00771694	0.00786446	0	0	0	0	2.5026	3.46722	0.332196	0.493674	13.1206	13.8455	0	0
k107_22606866 flag=0 multi=16.0544 len=36853	36853	15.6473	0	0	0	0	0.0246505	0.0310107	0	0	0.0741703	0.1027	0.0122568	0.0145017	0.00826243	0.00819351	0.00823507	0.00923398	2.95809	4.60924	0.288255	0.373445	12.2694	13.8548	0.00402178	0.00411328
k107_24057209 flag=0 multi=15.0289 len=67551	67551	16.1786	0	0	0	0	0.0313462	0.0527746	0	0	0.0268852	0.0368713	0	0	0	0	0.0312421	0.0485794	2.81494	4.32406	0.293774	0.446057	12.9782	16.4283	0.00221565	0.00223588
k107_22000330 flag=0 multi=15.0252 len=33560	33560	16.1402	0	0	0	0	0.0678032	0.0904089	0	0	0.0136208	0.0153584	0	0	0	0	0.00905045	0.0130913	3.12803	4.41879	0.244032	0.350352	12.6776	16.8861	0	0
k107_27499151 flag=0 multi=23.0431 len=7789	7789	15.3375	0	0	0	0	0.0403366	0.0667661	0	0	0.0801389	0.109184	0	0	0	0	0	0	2.8273	4.13701	0.30386	0.300026	12.0859	19.5326	0	0
k107_35063928 flag=0 multi=15.2344 len=31192	31192	15.5441	0	0	0	0	0.0118485	0.014425	0	0	0.019359	0.0289394	0	0	0	0	0.00974425	0.0096811	2.81075	3.61399	0.190288	0.224997	12.4875	15.3015	0.0145354	0.0173751
k107_28183777 flag=0 multi=15.0000 len=18832	18832	14.7711	0	0	0	0	0	0	0	0	0.0162439	0.0253234	0	0	0	0	0.0325958	0.0470726	2.63886	3.29934	0.268268	0.421315	11.8152	15.6586	0	0
k107_26016630 flag=0 multi=18.0529 len=9400	9400	15.3368	0	0	0	0	0.0990328	0.133409	0.00505606	0.00535889	0.00758408	0.00753088	0.00208837	0.00241241	0	0	0.0329743	0.048362	2.71104	3.3613	0.215212	0.321378	12.2638	14.5903	0	0
k107_22965519 flag=0 multi=23.0056 len=39742	39742	16.0971	0	0	0	0	0.0189402	0.0273977	0	0	0.0228702	0.0331776	0.0153144	0.019397	0	0	0	0	2.86009	3.99764	0.313286	0.49278	12.8666	16.6031	0	0
k107_8629731 flag=0 multi=15.0010 len=81636	81636	16.1382	0	0	0	0	0.0276391	0.040601	0	0	0.0481471	0.0621623	0	0	0	0	0.00371308	0.00548456	3.08715	4.34717	0.27408	0.377261	12.6938	18.7018	0.00368849	0.00369592
k107_4424118 flag=0 multi=20.6586 len=121795	121795	15.8439	0	0	0.00244459	0.00305363	0.0346522	0.0476007	0	0	0.0334258	0.0476527	0.00247751	0.00313276	0	0	0.0185854	0.0256112	2.97195	3.90169	0.272748	0.409614	12.4978	15.8413	0.00986065	0.0110775
k107_24610896 flag=0 multi=26.5220 len=64275	64275	15.3408	0	0	0	0	0.0352336	0.0507224	0	0	0.0447064	0.0672401	0.00472074	0.00720649	0	0	0.014131	0.0224002	2.94216	4.70316	0.26136	0.399735	12.0362	15.5225	0.00232911	0.00235326
k107_16869621 flag=0 multi=20.0194 len=6197	6197	17.2388	0	0	0	0	0.0508906	0.0537036	0	0	0.15335	0.288556	0	0	0	0	0	0	3.13418	5.83472	0.204241	0.251519	13.6962	21.9178	0	0
k107_29295228 flag=0 multi=19.2481 len=3231	3231	15.7282	0	0	0	0	0	0	0	0	0.153636	0.194315	0.0232161	0.0236607	0	0	0	0	2.80539	4.03533	0.15944	0.134766	12.5865	21.3943	0	0
k107_25515690 flag=0 multi=21.0807 len=54106	54106	15.0095	0	0	0	0	0.0168389	0.023065	0	0	0.0279347	0.0286427	0	0	0	0	0.0111144	0.0148138	2.76184	4.75923	0.226916	0.311297	11.962	14.7323	0.00280648	0.00280533
k107_27124314 flag=0 multi=15.4348 len=11999	11999	15.2036	0	0	0	0	0.0258186	0.0338787	0	0	0.0252201	0.0251563	0.0125673	0.0127449	0	0	0.0516372	0.0794207	2.40814	3.75076	0.443276	0.567179	12.2369	18.6757	0	0
k107_6499789 flag=0 multi=37.0542 len=16329	16329	15.1698	0	0	0	0	0	0	0	0	0.0374368	0.0558503	0.0188432	0.0293471	0	0	0.0188432	0.0274843	2.56923	4.85817	0.264304	0.368834	12.2333	13.4776	0.0278904	0.0560427
k107_32109025 flag=0 multi=18.0242 len=60990	60990	15.2158	0	0	0	0	0.0272212	0.0324092	0	0	0.0198557	0.0291566	0.00497627	0.00584594	0	0	0.00987016	0.0128297	2.92585	4.3378	0.230326	0.368402	11.9878	15.809	0.00982072	0.00985535
k107_1970376 flag=0 multi=239.9226 len=7212	7212	15.6826	0	0	0	0	0	0	0	0	0	0	0	0	0	0	0	0	2.58842	4.63258	0.174674	0.180432	12.9195	18.2997	0	0
k107_7563453 flag=0 multi=14.0117 len=37531	37531	16.1971	0	0	0	0	0.00811196	0.0130921	0	0	0.0404523	0.0723263	0	0	0	0	0	0	3.21999	4.13472	0.206452	0.279826	12.7221	16.9866	0	0
k107_10864038 flag=0 multi=25.2566 len=63391	63391	15.9268	0	0	0	0	0.00473934	0.00476964	0	0	0.0310672	0.0400427	0	0	0	0	0.0142814	0.0222445	2.75187	4.13369	0.288957	0.344538	12.8359	17.2536	0	0
k107_30165756 flag=0 multi=16.2780 len=9294	9294	14.7722	0	0	0	0	0	0	0	0	0.0163479	0.0165103	0	0	0	0	0.0335854	0.0324612	2.68628	4.20909	0.268238	0.319341	11.7678	14.6222	0	0
k107_28198454 flag=0 multi=15.1323 len=5700	5700	15.2712	0	0	0	0	0	0	0	0	0	0	0	0	0	0	0	0	2.23509	3.63884	0.419229	0.71716	12.6169	16.1529	0	0
k107_24775009 flag=0 multi=19.0201 len=11523	11523	15.7185	0	0	0	0	0	0	0	0	0.0268247	0.0420574	0	0	0	0	0.0807415	0.0785168	2.87791	4.16518	0.184386	0.225808	12.5486	14.9665	0	0
k107_21339807 flag=0 multi=14.3805 len=12371	12371	14.2533	0	0	0	0	0.0246085	0.0244017	0	0	0.0250228	0.0243986	0.0249399	0.0336854	0	0	0	0	2.13721	2.92971	0.199934	0.390781	11.8416	17.5551	0	0
k107_6851264 flag=0 multi=21.0488 len=58654	58654	15.1707	0	0	0.00515835	0.00899626	0.010351	0.0135829	0	0	0.0180799	0.0276392	0.015475	0.0276599	0	0	0.0102996	0.0141581	2.89407	4.28856	0.27113	0.493492	11.9282	17.4655	0.0179257	0.0253488
k107_18590650 flag=0 multi=24.6162 len=4088	4088	14.3233	0	0	0	0	0	0	0	0	0	0	0	0	0	0	0.0795034	0.0734214	2.35077	3.52518	0.159535	0.216021	11.7335	18.8941	0	0
k107_29169958 flag=0 multi=20.7363 len=6727	6727	14.6769	0	0	0	0	0.0463813	0.0918015	0	0	0.0415564	0.0507324	0	0	0	0	0	0	3.03097	3.73393	0.196576	0.184267	11.3382	23.9614	0.0231907	0.0229519
k107_22858539 flag=0 multi=36.0084 len=34927	34927	15.0085	0	0	0	0	0.0435523	0.065163	0	0	0.0392202	0.0426953	0.00872202	0.0127359	0	0	0.017444	0.0194515	2.77461	3.69348	0.27844	0.380582	11.8465	16.3748	0	0
k107_4616974 flag=0 multi=17.8364 len=9525	9525	14.2188	0	0	0	0	0	0	0	0	0	0	0	0	0	0	0	0	2.37352	3.4117	0.11428	0.123403	11.731	21.2001	0	0
k107_4615930 flag=0 multi=15.0590 len=53088	53088	14.7448	0	0	0	0	0.0228091	0.0314004	0	0	0.0171068	0.0180903	0	0	0	0	0.00572121	0.00614208	2.68526	3.87511	0.216933	0.28606	11.7884	14.738	0.00854393	0.00849651
k107_34106206 flag=0 multi=18.1581 len=35452	35452	15.7661	0	0	0	0	0.0171835	0.0240061	0	0	0.0515505	0.066727	0.00859175	0.0146047	0	0	0.0171835	0.0248053	2.70751	4.3923	0.287226	0.413013	12.6726	15.5625	0.00426743	0.00427529
k107_10664166 flag=0 multi=29.8392 len=60417	60417	16.3619	0	0	0	0	0.0350828	0.0588796	0	0	0.0149879	0.0192131	0.0173501	0.0207995	0	0	0.00499044	0.00703145	2.87858	4.47934	0.315728	0.450986	13.0952	18.0305	0	0
k107_19318562 flag=0 multi=15.1045 len=8224	8224	15.4727	0	0	0	0	0.0379955	0.0578906	0	0	0	0	0	0	0	0	0	0	2.71863	3.89506	0.341075	0.47095	12.375	18.2189	0	0
k107_10714401 flag=0 multi=75.3026 len=6058	6058	15.8589	0	0	0	0	0	0	0	0	0.0522933	0.0608431	0	0	0	0	0.0515983	0.0837747	2.22672	2.77987	0.520153	0.637754	13.0082	17.3976	0	0
k107_13348262 flag=0 multi=21.0004 len=68158	68158	16.1116	0	0	0	0	0.026571	0.0352893	0	0	0.0355017	0.0496201	0.0132929	0.0356916	0	0	0.0199098	0.027684	3.13044	3.90263	0.244253	0.320173	12.6417	18.8322	0	0
k107_34070832 flag=0 multi=58.0258 len=11333	11333	14.9316	0	0	0	0	0	0	0	0	0.0547548	0.0680746	0	0	0	0	0	0	2.94896	4.72341	0.35509	0.475322	11.5592	15.2726	0.013598	0.0135
k107_22997674 flag=0 multi=16.0480 len=16310	16310	14.4588	0	0	0	0	0.0376687	0.0510618	0	0	0.0932034	0.145394	0	0	0	0	0.0279235	0.0378629	2.46789	3.74055	0.219703	0.283538	11.5937	16.968	0.0186782	0.0197697
k107_20029276 flag=0 multi=23.8868 len=18981	18981	17.0843	0	0	0	0	0.0161679	0.0273657	0	0	0.0161679	0.0221294	0	0	0	0	0.0161679	0.0173009	2.80593	3.46767	0.282456	0.438048	13.9474	19.5581	0	0
k107_17191132 flag=0 multi=27.5671 len=63013	63013	14.8377	0	0	0	0	0.0263112	0.0376595	0	0	0.0288626	0.0420819	0.00963148	0.0135729	0	0	0.0143356	0.0200643	2.56424	4.06283	0.249015	0.345375	11.9453	17.308	0	0
k107_14957988 flag=0 multi=28.3666 len=13142	13142	14.9837	0	0	0	0	0.0233645	0.0348047	0	0	0.0350467	0.0467916	0	0	0	0	0	0	2.45787	4.27099	0.351713	0.427154	12.1157	14.2106	0	0
k107_9851280 flag=0 multi=14.0055 len=33831	33831	15.9971	0	0	0	0	0.0537743	0.0693248	0	0	0.0360285	0.0490723	0.0089773	0.00893592	0	0	0.0180143	0.021274	3.12112	4.30234	0.318411	0.391185	12.432	17.21	0.008858	0.00893338
k107_28723541 flag=0 multi=17.0041 len=23755	23755	16.9547	0	0	0	0	0.025711	0.0323439	0	0	0.0386305	0.108944	0.00626785	0.00639957	0	0	0.0128768	0.0205484	3.06797	5.12307	0.269262	0.321442	13.5085	18.3246	0.0255404	0.0329452
k107_11205634 flag=0 multi=18.0026 len=48532	48532	15.3603	0	0	0	0	0	0	0	0	0.0314535	0.045505	0	0	0	0	0	0	2.95007	4.05673	0.206013	0.268332	12.1666	15.5799	0.00615799	0.006227
k107_2487577 flag=0 multi=19.7369 len=30320	30320	15.0949	0	0	0	0	0.0434739	0.0498174	0	0	0.0451396	0.0619306	0	0	0	0	0	0	3.06633	3.78917	0.245519	0.310473	11.6945	14.6172	0	0
k107_34108480 flag=0 multi=15.0219 len=6596	6596	15.7097	0	0	0	0	0	0	0	0	0.0565618	0.05662	0.0956466	0.109655	0	0	0	0	2.98681	4.44447	0.143788	0.168692	12.3791	13.5192	0.0478233	0.0714244
k107_6044237 flag=0 multi=30.0000 len=16516	16516	15.0788	0	0	0	0	0.0371901	0.0358665	0	0	0	0	0	0	0	0	0.0186259	0.0248137	2.66036	4.35123	0.15721	0.189168	12.2054	16.1409	0	0
k107_34485165 flag=1 multi=19.2993 len=97652	97652	15.4871	0	0	0	0	0.0556446	0.0820482	0.00310221	0.00481084	0.0308988	0.0445539	0.00310221	0.00361866	0	0	0.01547	0.022547	2.91276	4.10958	0.304982	0.452562	12.1596	16.4728	0.0015511	0.00154758
k107_2594376 flag=0 multi=17.0012 len=77209	77209	16.0462	0	0	0	0	0.0352634	0.0433558	0	0	0.0352894	0.0527948	0.00195041	0.0019568	0	0	0.0254463	0.0337675	2.88641	3.91414	0.339007	0.502999	12.7189	16.9485	0.00392682	0.00751271
k107_3925569 flag=0 multi=34.3969 len=72268	72268	16.3026	0	0	0	0	0.0208293	0.0280592	0	0	0.0167301	0.0262386	0.00833727	0.0137112	0	0	0.0104494	0.0135231	3.02919	4.00599	0.328711	0.389889	12.8884	19.286	0	0
k107_31930068 flag=0 multi=14.2349 len=20060	20060	14.9783	0	0	0	0	0.0304181	0.0433028	0	0	0.0534467	0.0713562	0.00759186	0.00758663	0	0	0.0304181	0.0419716	2.85216	4.3126	0.2562	0.32201	11.7481	15.4032	0	0
k107_12114769 flag=0 multi=19.4427 len=166267	166267	14.9454	0	0	0.00181966	0.00236761	0.038008	0.0551422	0	0	0.0344591	0.0554654	0.00454915	0.00721918	0	0	0.0190582	0.0310647	2.79859	4.0013	0.255042	0.356683	11.7939	16.5087	0	0
k107_13052797 flag=0 multi=39.8667 len=40686	40686	15.5375	0	0	0	0	0.031151	0.0412134	0	0	0.0352863	0.0509539	0	0	0	0	0.00747821	0.00742578	2.68646	4.58633	0.151892	0.230936	12.6215	17.1504	0.0037391	0.00372553
k107_1928415 flag=0 multi=31.8507 len=24299	24299	13.742	0	0	0	0	0.0251281	0.0324517	0	0	0.0278785	0.0352416	0.0125849	0.0149242	0	0	0	0	2.53728	3.96748	0.326999	0.528441	10.8121	12.5552	0	0
k107_2062674 flag=0 multi=17.3954 len=24361	24361	14.6695	0	0	0	0	0.0249803	0.0302853	0	0	0.0375327	0.047702	0.0124693	0.0123906	0	0	0	0	2.9778	3.3703	0.194189	0.253009	11.4225	15.2699	0	0
k107_618692 flag=0 multi=74.8900 len=4909	4909	15.1962	0	0	0	0	0.0655524	0.0612738	0	0	0	0	0	0	0	0	0.0655524	0.0651794	2.44172	2.34505	0.196657	0.247916	12.4267	13.9034	0	0
