contigName	contigLen	totalAvgDepth	Cen01_MA.bam	Cen01_MA.bam-var	Cen03_MA.bam	Cen03_MA.bam-var	Cen04_MA.bam	Cen04_MA.bam-var	Cen05_MA.bam	Cen05_MA.bam-var	Cen06_MA.bam	Cen06_MA.bam-var	Cen07_MA.bam	Cen07_MA.bam-var	Cen10_MA.bam	Cen10_MA.bam-var	Cen12_MA.bam	Cen12_MA.bam-var	Cen14_MA.bam	Cen14_MA.bam-var	Cen15_MA.bam	Cen15_MA.bam-var	Cen16_MA.bam	Cen16_MA.bam-var	Cen17_MA.bam	Cen17_MA.bam-var
k107_12153517 flag=1 multi=104.0000 len=4007	4007	5.43023	0	0	0	0	0	0	0	0	1.01242	1.098	0	0	0	0	0.162753	0.183999	3.60486	6.56185	0.650202	0.510951	0	0	0	0
k107_35886117 flag=1 multi=6.0000 len=2504	2504	5.5881	0	0	0	0	0	0	0	0	2.04496	2.38675	0	0	0	0	0	0	3.17439	2.18386	0.368756	0.528441	0	0	0	0
k107_33760530 flag=0 multi=109.0000 len=5804	5804	6.79626	0	0	0	0	0	0	0	0	1.00563	1.65123	0	0	0	0	0	0	5.03544	4.46818	0.75518	1.01424	0	0	0	0
k107_31009066 flag=1 multi=233.8632 len=4053	4053	9.47374	0	0	0	0	0	0	0	0	1.48707	1.6169	0	0	0	0	0	0	6.94588	10.3501	1.04079	1.6402	0	0	0	0
k107_26770354 flag=0 multi=23.9406 len=4822	4822	9.39447	0	0	0	0	0	0	0	0	1.73031	3.11742	0	0	0	0	0.0668142	0.0968848	7.13075	13.4731	0.466593	0.633616	0	0	0	0
k107_26172088 flag=0 multi=45.2757 len=4079	4079	10.7331	0	0	0	0	0	0	0	0	1.36113	1.82719	0	0	0	0	0.0799576	0.0947584	7.89992	8.33128	1.39211	2.06773	0	0	0	0
k107_22936055 flag=0 multi=241.0000 len=2861	2861	9.47089	0	0	0	0	0	0	0	0	1.90739	2.64302	0	0	0	0	0.117233	0.192468	6.90504	12.258	0.541227	0.561642	0	0	0	0
k107_21342832 flag=1 multi=47.0000 len=2614	2614	7.80277	0	0	0	0	0	0	0	0	1.56358	2.66447	0	0	0	0	0	0	5.58694	6.99205	0.652249	0.66022	0	0	0	0
k107_12478997 flag=0 multi=248.0000 len=2756	2756	8.7934	0	0	0	0	0	0	0	0	1.6141	1.34103	0	0	0	0	0.245721	0.702529	6.24939	8.41439	0.684189	0.495815	0	0	0	0
k107_12092931 flag=1 multi=123.0000 len=3780	3780	9.205	0	0	0	0	0	0	0	0	1.7234	2.87045	0	0	0	0	0	0	6.60121	5.89668	0.880391	1.19183	0	0	0	0
k107_1866821 flag=1 multi=15.0000 len=3757	3757	9.82576	0	0	0	0	0	0	0	0	1.73227	3.22462	0	0	0	0	0.0856729	0.101793	7.18003	10.4689	0.827786	0.690191	0	0	0	0
k107_10108064 flag=1 multi=38.0000 len=12292	12292	8.96088	0	0	0	0	0	0	0	0	1.8045	3.34573	0	0	0	0	0.0251877	0.0379009	6.30409	6.93664	0.827106	1.08215	0	0	0	0
k107_16127948 flag=0 multi=69.0000 len=31644	31644	9.55612	0.00963563	0.0149033	0	0	0	0	0	0	1.49557	1.94637	0	0	0	0	0.038383	0.0849646	7.25512	11.2879	0.757418	1.28965	0	0	0	0
k107_19392815 flag=0 multi=36.0270 len=2991	2991	8.07326	0	0	0	0	0	0	0	0	1.03124	1.01992	0	0	0	0	0.111194	0.130977	6.68613	7.07485	0.244701	0.324603	0	0	0	0
k107_28863608 flag=1 multi=18.0000 len=4906	4906	9.64574	0	0	0	0	0	0	0	0	2.13445	2.81777	0	0	0	0	0	0	6.66486	14.408	0.846438	1.49728	0	0	0	0
k107_32680913 flag=1 multi=32.0000 len=5343	5343	5.92244	0	0	0	0	0	0	0	0	2.02896	2.54852	0	0	0	0	0.0599087	0.0757775	3.35529	5.30863	0.478278	0.682963	0	0	0	0
k107_679367 flag=0 multi=45.5251 len=2901	2901	9.46018	0	0	0	0	0	0	0	0	1.32666	2.06188	0	0	0	0	0	0	7.48942	16.4539	0.644094	0.54375	0	0	0	0
k107_5719019 flag=0 multi=38.4461 len=12633	12633	8.36145	0	0	0	0	0.144108	0.64282	0.244181	1.03729	1.20996	2.15506	0	0	0	0	0.0489011	0.0503085	6.17387	10.7359	0.540427	0.634754	0	0	0	0
k107_6333033 flag=0 multi=33.7292 len=9925	9925	8.81336	0	0	0	0	0	0	0	0	1.20243	1.50872	0	0	0	0	0	0	6.60989	6.99825	1.00104	1.22374	0	0	0	0
k107_376749 flag=1 multi=118.9982 len=6374	6374	8.43396	0	0	0	0	0	0	0	0	1.03821	0.840253	0	0	0	0	0.0495718	0.0647306	6.06176	10.7344	1.28442	1.47199	0	0	0	0
k107_16597990 flag=0 multi=22.2970 len=3003	3003	6.96927	0	0	0	0	0	0	0	0	0.813402	1.14138	0	0	0	0	0	0	4.98815	7.17298	1.16772	2.2443	0	0	0	0
k107_20569586 flag=1 multi=286.5805 len=4236	4236	8.61362	0	0	0	0	0	0	0	0	1.25623	1.65441	0	0	0	0	0	0	6.09253	8.5143	1.26487	1.96729	0	0	0	0
k107_1118345 flag=1 multi=37.4459 len=10494	10494	7.99048	0	0	0	0	0	0	0	0	1.40326	2.2763	0	0	0	0	0	0	6.07182	7.3497	0.515404	0.579763	0	0	0	0
k107_4595917 flag=1 multi=86.3934 len=9655	9655	9.47365	0	0	0	0	0	0	0	0	1.67882	2.7974	0	0	0	0	0.0318614	0.0547719	7.00759	9.11117	0.755373	0.870753	0	0	0	0
k107_15488515 flag=0 multi=21.4761 len=2703	2703	9.74011	0	0	0	0	0	0	0	0	0.717201	1.61601	0	0	0	0	0	0	8.20866	8.18682	0.814244	1.61506	0	0	0	0
k107_20453788 flag=0 multi=22.0392 len=3550	3550	9.30603	0	0	0	0	0	0	0	0	1.73276	1.62955	0	0	0	0	0.0929803	0.11762	6.57974	6.42876	0.900554	1.0757	0	0	0	0
k107_13036923 flag=0 multi=39.0171 len=7262	7262	9.36236	0	0	0	0	0	0	0	0	1.38362	1.62906	0	0	0	0	0	0	7.02313	6.41932	0.955603	1.16802	0	0	0	0
k107_7568264 flag=1 multi=5.0000 len=2876	2876	6.37218	0	0	0	0	0	0	0	0	0	0	0	0	0	0	0	0	5.669	7.48725	0.703186	0.747168	0	0	0	0
k107_7394999 flag=0 multi=170.0409 len=4799	4799	9.52146	0	0	0	0	0	0	0	0	1.31577	1.7768	0	0	0	0	0.0671559	0.0666658	6.93507	11.0063	1.20347	1.61302	0	0	0	0
k107_210928 flag=0 multi=19.0000 len=11929	11929	8.64307	0	0	0	0	0	0	0	0	1.58209	3.29032	0	0	0	0	0.025974	0.0409547	6.05178	7.08698	0.983229	1.26943	0	0	0	0
k107_25488512 flag=0 multi=15.1634 len=4202	4202	9.23077	0	0	0	0	0	0	0	0	1.71538	1.77587	0	0	0	0	0	0	6.86667	7.13605	0.648718	0.813788	0	0	0	0
k107_30639749 flag=0 multi=57.1537 len=16322	16322	9.35144	0	0	0	0	0	0	0	0	1.18533	1.48682	0	0	0	0	0.112672	0.137665	7.27921	9.86514	0.77422	1.14044	0	0	0	0
k107_123698 flag=0 multi=15.9041 len=2838	2838	8.40221	0	0	0	0	0	0	0	0	1.74566	2.59191	0	0	0	0	0	0	5.86751	6.50828	0.789038	0.805867	0	0	0	0
k107_2576730 flag=0 multi=60.0152 len=13563	13563	8.74798	0	0	0	0	0	0	0	0	1.5253	2.36022	0	0	0	0	0.0683206	0.106021	6.26619	6.57373	0.888168	1.36454	0	0	0	0
k107_2083647 flag=0 multi=15.0004 len=5180	5180	9.32103	0	0	0	0	0	0	0	0	1.3442	2.03888	0	0	0	0	0	0	7.01005	5.8955	0.96679	1.40466	0	0	0	0
k107_1831389 flag=1 multi=11.0000 len=6422	6422	8.96977	0	0	0	0	0	0	0	0	1.3732	1.95138	0	0	0	0	0.0929739	0.143956	6.43284	9.94368	1.07075	2.01054	0	0	0	0
k107_11154533 flag=1 multi=13.0000 len=3418	3418	8.17875	0	0	0	0	0	0	0	0	1.21213	1.50159	0	0	0	0	0	0	6.29268	7.92757	0.673941	0.620164	0	0	0	0
k107_23259208 flag=0 multi=79.5213 len=20303	20303	9.11914	0	0	0	0	0	0	0	0	1.51232	1.88801	0	0	0	0	0.060247	0.138962	6.74151	7.44364	0.80506	1.03234	0	0	0	0
k107_32369245 flag=1 multi=36.0000 len=4306	4306	8.23077	0	0	0	0	0	0	0	0	1.57792	2.43836	0	0	0	0	0.0751748	0.085241	5.75749	6.81775	0.82018	0.891858	0	0	0	0
k107_26255128 flag=1 multi=37.0000 len=6424	6424	9.91049	0	0	0	0	0	0	0	0	1.92192	1.77308	0	0	0	0	0.0493303	0.0805648	7.34874	11.0417	0.590493	0.812431	0	0	0	0
k107_2901266 flag=1 multi=13.5207 len=6268	6268	9.35484	0	0	0	0	0	0	0	0	1.81395	3.23245	0	0	0	0	0.0506202	0.0862895	6.52849	8.70982	0.961783	1.42271	0	0	0	0
k107_2869285 flag=1 multi=12.0000 len=3644	3644	8.33842	0	0	0	0	0	0	0	0	1.77289	2.84931	0	0	0	0	0	0	5.75494	5.43816	0.810592	1.21385	0	0	0	0
k107_23544944 flag=0 multi=85.0000 len=3347	3347	8.52512	0	0	0	0	0	0	0	0	1.5619	2.06611	0	0	0	0	0	0	6.27159	8.84983	0.691626	0.795779	0	0	0	0
k107_18413111 flag=1 multi=102.5212 len=4437	4437	8.18065	0	0	0	0	0	0	0	0	1.14728	2.00662	0	0	0	0	0	0	6.089	4.98695	0.944377	1.61834	0	0	0	0
k107_28318584 flag=0 multi=42.4415 len=13734	13734	9.36525	0	0	0	0	0	0	0	0	1.69655	2.45541	0.0224092	0.034196	0	0	0.0897856	0.26084	6.71665	10.1576	0.83986	1.04461	0	0	0	0
k107_6891194 flag=1 multi=94.2278 len=6559	6559	9.08822	0	0	0	0	0	0	0	0	1.43072	1.59665	0	0	0	0	0.0479463	0.0926153	6.67269	10.672	0.936871	1.11427	0	0	0	0
k107_3414024 flag=1 multi=132.0000 len=2863	2863	7.48262	0	0	0	0	0	0	0	0	1.0574	1.34271	0	0	0	0	0	0	5.67083	8.9995	0.754393	0.713457	0	0	0	0
k107_29443207 flag=1 multi=25.0000 len=3947	3947	9.16241	0	0	0	0	0	0	0	0	1.3572	2.34768	0	0	0	0	0	0	7.27874	9.11399	0.526475	0.684314	0	0	0	0
k107_31563674 flag=1 multi=23.0000 len=5967	5967	8.50538	0	0	0	0	0	0	0	0	1.22171	1.46146	0	0	0	0	0	0	6.56699	5.07036	0.716681	1.25788	0	0	0	0
k107_4231299 flag=1 multi=15.7668 len=3388	3388	9.07485	0	0	0	0	0	0	0	0	1.1173	1.3281	0	0	0	0	0	0	6.4488	11.1133	1.50875	1.65597	0	0	0	0
k107_6781520 flag=0 multi=31.0157 len=6459	6459	8.27481	0	0	0	0	0	0	0	0	1.84782	2.30037	0	0	0	0	0	0	5.48887	11.2588	0.938119	1.05238	0	0	0	0
k107_2724198 flag=0 multi=16.5953 len=11642	11642	8.73651	0	0	0	0	0	0	0	0	1.16376	1.59537	0	0	0	0	0.0133157	0.0131399	6.97557	10.929	0.583862	0.743399	0	0	0	0
k107_2662445 flag=0 multi=100.0101 len=5941	5941	9.06171	0	0	0	0	0	0	0	0	1.54123	2.88576	0	0	0	0	0.106934	0.149576	6.90654	8.3188	0.507005	0.491169	0	0	0	0
k107_17295932 flag=0 multi=156.0000 len=2511	2511	8.04527	0	0	0	0	0	0	0	0	1.5129	1.13005	0	0	0	0	0.271616	0.378107	5.48981	5.44115	0.770937	1.85422	0	0	0	0
k107_5233285 flag=0 multi=15.0035 len=10342	10342	9.97689	0	0	0	0	0	0	0	0	1.95647	3.61002	0	0	0	0	0.0300797	0.0439258	7.34622	8.93288	0.644123	1.00817	0	0	0	0
k107_29814353 flag=1 multi=34.0000 len=3102	3102	8.47214	0	0	0	0	0	0	0	0	1.35214	1.80196	0	0	0	0	0	0	6.63179	10.131	0.488214	0.709467	0	0	0	0
k107_32645368 flag=0 multi=22.1423 len=3121	3121	9.39198	0	0	0	0	0	0	0	0	1.63569	2.18509	0	0	0	0	0.213906	0.39339	6.7414	14.5677	0.800993	1.07845	0	0	0	0
k107_10140661 flag=1 multi=21.0000 len=5973	5973	9.8353	0	0	0	0	0	0	0	0	1.75278	2.97498	0	0	0	0	0.106507	0.166085	7.11003	7.99975	0.865985	1.55919	0	0	0	0
k107_5223550 flag=1 multi=19.2364 len=21991	21991	7.61091	0	0	0	0	0	0	0	0	1.26981	1.69097	0	0	0	0	0.0692517	0.0891248	5.57204	7.51179	0.699802	0.991428	0	0	0	0
k107_2746914 flag=0 multi=149.5067 len=5678	5678	7.60938	0	0	0	0	0	0	0	0	1.14825	2.53817	0	0	0	0	0	0	5.78795	6.73235	0.673177	1.06973	0	0	0	0
k107_6468762 flag=1 multi=54.2612 len=11946	11946	9.40862	0	0	0	0	0	0	0	0	1.27516	1.52551	0	0	0	0	0.0515287	0.0780403	7.2038	13.6002	0.878135	1.1608	0	0	0	0
k107_18508197 flag=0 multi=192.0000 len=5593	5593	6.93026	0	0	0	0	0	0	0	0	1.24967	1.64907	0	0	0	0	0.114156	0.159751	5.07938	7.51232	0.487053	0.477556	0	0	0	0
k107_9906620 flag=0 multi=77.2945 len=9559	9559	9.51755	0	0	0	0	0	0	0	0	1.89295	2.53018	0	0	0	0	0	0	6.64816	8.00005	0.97645	1.64121	0	0	0	0
k107_9115468 flag=1 multi=36.0000 len=4285	4285	9.16621	0	0	0	0	0.06352	0.109083	0	0	1.79262	2.97903	0	0	0	0	0	0	6.67437	10.4911	0.635702	0.462661	0	0	0	0
k107_2203283 flag=1 multi=29.5216 len=13469	13469	9.14757	0	0	0	0	0	0	0	0	1.75431	1.90199	0	0	0	0	0.0228602	0.0248381	6.5513	7.93417	0.819093	0.929855	0	0	0	0
k107_2945203 flag=0 multi=82.0000 len=3618	3618	9.67069	0	0	0	0	0	0	0	0	1.58655	1.92219	0	0	0	0	0.0910736	0.0870315	6.97949	5.84764	1.01357	0.839163	0	0	0	0
k107_7023149 flag=0 multi=26.2503 len=9552	9552	9.17827	0	0	0	0	0	0	0	0	1.88086	1.92963	0	0	0	0	0.0652973	0.0839687	6.34011	9.06154	0.859351	1.12653	0.0326486	0.044995	0	0
k107_5284990 flag=1 multi=19.2131 len=13873	13873	9.23838	0	0	0	0	0	0	0	0	1.47823	1.6736	0	0	0	0	0.0222533	0.0217553	6.90052	8.86523	0.837374	0.933604	0	0	0	0
k107_4502962 flag=0 multi=74.3162 len=9159	9159	8.98273	0	0	0	0	0	0	0	0	1.31433	2.05474	0	0	0	0	0.051146	0.0557638	6.71774	7.35608	0.899514	1.94748	0	0	0	0
k107_16942820 flag=1 multi=9.0000 len=2522	2522	8.52432	0	0	0	0	0	0	0	0	1.4982	1.66336	0	0	0	0	0	0	6.16126	7.89738	0.864865	1.5532	0	0	0	0
k107_9876728 flag=0 multi=38.2017 len=27736	27736	9.07414	0.0109353	0.0198547	0	0	0	0	0	0	1.3655	1.9988	0	0	0	0	0.0384195	0.0442466	6.84731	8.5254	0.811985	1.07419	0	0	0	0
k107_10516291 flag=0 multi=60.6704 len=10411	10411	8.59778	0	0	0	0	0	0	0	0	1.58938	1.77315	0	0	0	0	0	0	6.20348	7.45334	0.775349	0.88967	0.0295776	0.0289781	0	0
k107_20301550 flag=1 multi=193.0000 len=6874	6874	8.55356	0	0	0	0	0	0	0	0	1.74361	3.14215	0	0	0	0	0	0	5.87188	7.22207	0.938071	2.04224	0	0	0	0
k107_8203186 flag=0 multi=62.0000 len=34683	34683	9.62721	0	0	0	0	0	0	0	0	1.71161	2.76303	0	0	0	0	0.0570082	0.071799	7.16183	11.3366	0.696751	0.90694	0	0	0	0
k107_23374008 flag=1 multi=55.0000 len=6972	6972	7.71139	0	0	0	0	0	0	0	0	0.932084	1.79462	0	0	0	0	0	0	5.76477	7.67369	1.01454	1.56939	0	0	0	0
k107_9615721 flag=1 multi=11.0000 len=7741	7741	8.99825	0	0	0	0	0	0	0	0	1.68665	2.10707	0	0	0	0	0.0811937	0.102306	6.426	8.13277	0.804409	0.83734	0	0	0	0
k107_12043483 flag=0 multi=123.7834 len=7553	7553	9.18411	0	0	0	0	0	0	0	0	1.7741	2.47324	0	0	0	0	0.083023	0.13404	6.54765	7.64741	0.779341	0.917025	0	0	0	0
k107_8773862 flag=1 multi=13.8096 len=3657	3657	8.63338	0	0	0	0	0	0	0	0	1.04203	2.46864	0	0	0	0	0	0	6.78957	12.3068	0.801788	1.43762	0	0	0	0
k107_14484084 flag=1 multi=17.0000 len=3923	3923	7.438	0	0	0	0	0	0	0	0	1.63601	3.00562	0	0	0	0	0	0	4.76471	5.48122	1.03728	1.4019	0	0	0	0
k107_4577792 flag=0 multi=131.8532 len=6236	6236	9.96512	0	0	0	0	0	0	0	0	1.41591	1.85596	0	0	0	0	0	0	7.66144	12.2355	0.887765	1.14224	0	0	0	0
k107_33275031 flag=0 multi=10.0000 len=9365	9365	8.60598	0	0	0	0	0	0	0	0	1.55644	2.78136	0	0	0	0	0	0	6.30288	10.6672	0.746662	0.959822	0	0	0	0
k107_14121870 flag=0 multi=80.9297 len=4543	4543	9.52629	0	0	0	0	0	0	0	0	1.42985	1.58889	0	0	0	0	0.0712096	0.0982271	7.10328	6.65657	0.921952	1.71123	0	0	0	0
k107_17421472 flag=0 multi=63.0657 len=12079	12079	8.85489	0	0	0	0	0	0	0	0	1.29498	1.79728	0	0	0	0	0.0256432	0.0421442	6.57018	9.1139	0.964083	1.79889	0	0	0	0
k107_25311737 flag=1 multi=13.2634 len=6355	6355	8.69321	0	0	0	0	0	0	0	0	1.3542	1.43298	0	0	0	0	0.0997852	0.120239	6.40195	12.2927	0.837271	0.927409	0	0	0	0
k107_33924293 flag=1 multi=15.0000 len=9854	9854	9.71315	0	0	0	0	0	0	0	0	1.77219	2.60786	0.0308836	0.0555386	0	0	0.0316164	0.0364865	7.05946	8.47917	0.818991	0.80785	0	0	0	0
k107_34720089 flag=1 multi=10.0000 len=4116	4116	9.27294	0	0	0	0	0	0	0	0	1.19114	1.33571	0	0	0	0	0	0	7.05087	11.0725	1.03094	2.12178	0	0	0	0
k107_928681 flag=1 multi=117.8170 len=7819	7819	9.02288	0	0	0	0	0	0	0	0	1.13902	1.40297	0	0	0	0	0	0	6.92351	12.1016	0.960357	1.3465	0	0	0	0
k107_27088044 flag=1 multi=9.0000 len=2631	2631	8.00644	0	0	0	0	0	0	0	0	1.71533	2.05047	0	0	0	0	0.128381	0.112905	5.70288	2.41672	0.459854	0.319961	0	0	0	0
k107_959116 flag=0 multi=52.1788 len=7362	7362	8.03017	0	0	0	0	0	0	0	0	0.948867	1.05545	0	0	0	0	0.128045	0.169395	6.27351	9.75406	0.679745	0.824907	0	0	0	0
k107_11517775 flag=1 multi=52.2696 len=12469	12469	7.47341	0	0	0	0	0	0	0	0	1.31133	1.57458	0	0	0	0	0.0248212	0.0302858	5.4324	7.34532	0.704857	1.40736	0	0	0	0
k107_7529784 flag=1 multi=44.7075 len=7547	7547	8.48351	0	0	0	0	0	0	0	0	1.67978	2.38244	0	0	0	0	0.0416839	0.0623162	6.09206	7.81806	0.669979	0.907879	0	0	0	0
k107_19092297 flag=0 multi=36.0384 len=9979	9979	9.65826	0	0	0	0	0	0	0	0	1.6007	2.57616	0	0	0	0	0.031208	0.0614488	7.1704	11.1011	0.855947	0.775177	0	0	0	0
k107_10404772 flag=0 multi=25.0000 len=3738	3738	7.19587	0	0	0	0	0	0	0	0	1.19761	1.04611	0	0	0	0	0.0878929	0.109885	5.38242	7.60554	0.527939	0.504233	0	0	0	0
k107_15153556 flag=0 multi=169.4167 len=7052	7052	10.0021	0	0	0	0	0	0	0	0	1.6717	1.92239	0	0	0	0	0.0893333	0.113483	7.47956	13.068	0.761481	1.1779	0	0	0	0
k107_21924358 flag=1 multi=148.4476 len=5880	5880	8.34062	0	0	0	0	0	0	0	0	1.64037	2.13459	0	0	0	0	0.053962	0.0799072	6.16027	7.8372	0.486016	0.543251	0	0	0	0
k107_10958848 flag=0 multi=92.2504 len=24946	24946	8.90951	0	0	0	0	0	0	0	0	1.4216	2.22639	0	0	0	0	0.0488151	0.0736002	6.54764	8.24584	0.891454	1.36989	0	0	0	0
k107_12526043 flag=1 multi=21.1248 len=12208	12208	9.20301	0	0	0	0	0	0	0	0	1.57341	2.49764	0	0	0	0	0.101293	0.221694	6.59256	9.16666	0.935747	1.42409	0	0	0	0
k107_14796082 flag=0 multi=14.5011 len=22624	22624	9.03154	0	0	0	0	0	0	0	0	1.50202	2.20765	0	0	0	0	0.054117	0.0631087	6.80284	9.08292	0.672565	0.776415	0	0	0	0
k107_2329638 flag=1 multi=61.0000 len=3690	3690	8.72137	0	0	0	0	0	0	0	0	0.534534	0.879554	0	0	0	0	0.0891381	0.0812129	7.44362	8.4154	0.654073	0.646245	0	0	0	0
k107_15963894 flag=0 multi=9.0220 len=7379	7379	9.23513	0	0	0	0	0	0	0	0	1.14554	1.30619	0	0	0	0	0.0423908	0.065173	7.15374	12.1925	0.893458	0.959058	0	0	0	0
k107_23011630 flag=0 multi=40.9722 len=5135	5135	9.03828	0	0	0	0	0	0	0	0	1.71384	2.38779	0	0	0	0	0	0	6.76247	9.64435	0.56197	0.820205	0	0	0	0
k107_15971438 flag=1 multi=31.0000 len=3922	3922	9.09006	0	0	0	0	0	0	0	0	1.14033	2.12698	0	0	0	0	0.166851	0.234099	7.20083	12.3359	0.582044	0.612198	0	0	0	0
k107_2837498 flag=1 multi=28.0002 len=8490	8490	8.89363	0	0	0	0	0	0	0	0	1.59612	2.57689	0	0	0	0	0	0	6.64387	8.4053	0.653639	0.63403	0	0	0	0
k107_16366238 flag=1 multi=14.0000 len=7144	7144	9.21368	0	0	0	0	0	0	0	0	1.31321	1.9296	0	0	0	0	0	0	7.13052	9.1134	0.76995	0.92277	0	0	0	0
k107_26589016 flag=1 multi=40.0000 len=13445	13445	9.27513	0	0	0	0	0	0	0	0	1.59849	2.94072	0	0	0.0801948	0.199344	0.0913034	0.115111	6.93259	10.0296	0.572548	0.829795	0	0	0	0
k107_22167832 flag=1 multi=22.0000 len=11981	11981	9.12672	0	0	0	0	0	0	0	0	1.35311	1.63607	0	0	0	0	0	0	7.27391	13.134	0.4997	0.585147	0	0	0	0
k107_16293789 flag=1 multi=61.9813 len=18500	18500	8.67518	0	0	0	0	0	0	0	0	1.29108	2.01423	0	0	0	0	0.0248379	0.0320806	6.51671	6.99443	0.842565	1.098	0	0	0	0
k107_2040358 flag=1 multi=116.0000 len=4921	4921	9.8136	0	0	0	0	0	0	0	0	2.1522	3.17477	0	0	0	0	0.0653821	0.0771443	6.58498	5.87265	1.01104	1.25185	0	0	0	0
k107_17795881 flag=0 multi=19.8509 len=13159	13159	9.07412	0	0	0	0	0	0	0	0	1.80236	2.80606	0	0	0	0	0.0234891	0.025738	6.22408	8.06216	1.02419	1.00064	0	0	0	0
k107_16408539 flag=0 multi=40.1774 len=4030	4030	8.80204	0	0	0	0	0	0	0	0	1.53407	2.65638	0	0	0	0	0	0	6.42087	8.93976	0.847103	1.17887	0	0	0	0
k107_1892240 flag=1 multi=33.1090 len=25556	25556	9.13008	0	0	0	0	0	0	0	0	1.26907	1.48549	0	0	0	0	0.0595945	0.0707063	7.11618	9.01079	0.685238	0.839577	0	0	0	0
k107_22564073 flag=0 multi=26.0061 len=5322	5322	9.41076	0	0	0	0	0	0	0	0	1.45657	2.1349	0	0	0	0	0	0	6.66195	7.21536	1.29223	1.5819	0	0	0	0
k107_13005140 flag=0 multi=119.0000 len=3848	3848	10.5981	0	0	0	0	0	0	0	0	1.7806	2.39419	0	0	0	0	0.0848844	0.108409	7.72025	9.6184	1.01241	1.84316	0	0	0	0
k107_24270998 flag=0 multi=125.2315 len=3032	3032	8.09853	0	0	0	0	0	0	0	0	1.67875	2.55629	0	0	0	0	0	0	6.0348	4.95193	0.384982	0.360478	0	0	0	0
k107_19295696 flag=0 multi=34.0894 len=11846	11846	7.70773	0	0	0	0	0.398735	2.22632	0	0	1.06705	1.74503	0	0	0	0	0	0	5.68096	12.249	0.560984	0.703033	0	0	0	0
k107_12023867 flag=1 multi=34.7505 len=6657	6657	9.32651	0	0	0	0	0	0	0	0	1.57451	2.27001	0	0	0	0	0.0939418	0.10428	6.97183	11.5368	0.686231	0.733637	0	0	0	0
k107_5409049 flag=1 multi=15.0000 len=10230	10230	9.02035	0	0	0	0	0	0	0	0	1.5976	2.79042	0	0	0	0	0	0	6.34861	7.01273	1.07413	1.01536	0	0	0	0
k107_2000050 flag=0 multi=74.1375 len=8913	8913	9.23029	0	0	0	0	0	0	0	0	1.49448	2.30651	0	0	0	0	0	0	7.08559	8.49375	0.650215	1.37375	0	0	0	0
k107_23795142 flag=0 multi=70.3182 len=4013	4013	7.69712	0	0	0	0	0	0	0	0	1.0132	1.00399	0	0	0	0	0.0808407	0.113052	5.99569	4.72964	0.607383	0.620652	0	0	0	0
k107_1807117 flag=0 multi=30.1047 len=18746	18746	8.96573	0	0	0	0	0	0	0	0	1.48471	2.46991	0	0	0	0	0.0163197	0.0192579	6.79999	9.29729	0.664715	0.979241	0	0	0	0
k107_20714037 flag=0 multi=16.0296 len=14227	14227	8.77479	0	0	0	0	0	0	0	0	1.40366	1.75274	0	0	0	0	0.0864632	0.118453	6.57099	7.65904	0.71368	0.790593	0	0	0	0
k107_30092070 flag=1 multi=33.0000 len=10123	10123	8.8602	0	0	0	0	0	0	0	0	1.54913	1.91952	0	0	0	0	0.0306486	0.0532118	6.23796	8.48035	1.04246	1.31554	0	0	0	0
k107_1435566 flag=1 multi=125.7473 len=7911	7911	10.6791	0	0	0	0	0	0	0	0	1.80116	2.08476	0	0	0	0	0.0791168	0.0883333	7.65028	8.91936	1.14851	1.28731	0	0	0	0
k107_22758105 flag=1 multi=19.0000 len=4661	4661	9.21909	0	0	0	0	0	0	0	0	1.95595	2.8059	0	0	0	0	0	0	6.65497	7.86926	0.608167	0.564005	0	0	0	0
k107_19678411 flag=1 multi=18.2054 len=7099	7099	8.17449	0	0	0	0	0	0	0	0	1.4452	2.46227	0	0	0	0	0	0	6.04252	8.98055	0.686774	1.01099	0	0	0	0
k107_4077887 flag=0 multi=130.9407 len=11430	11430	8.82261	0	0	0	0	0	0	0	0	1.1223	2.10515	0	0	0	0	0.0271387	0.0344911	6.91688	9.34861	0.75629	1.09012	0	0	0	0
k107_23223079 flag=0 multi=19.5082 len=7746	7746	9.01034	0	0	0	0	0	0	0	0	1.41631	1.63754	0	0	0	0	0	0	6.45943	9.6618	1.13461	1.29203	0	0	0	0
k107_5776546 flag=0 multi=14.6881 len=2893	2893	8.91007	0	0	0	0	0	0	0	0	1.1814	2.12333	0	0	0	0	0	0	6.91432	8.82627	0.814357	1.29855	0	0	0	0
k107_23406052 flag=1 multi=228.5654 len=2769	2769	8.83137	0	0	0	0	0	0	0	0	1.37049	2.62345	0	0	0	0	0.122416	0.159378	5.72193	7.13476	1.61654	1.16296	0	0	0	0
k107_23433820 flag=0 multi=92.0000 len=3688	3688	9.28234	0	0	0	0	0	0	0	0	1.05464	0.960833	0	0	0	0	0	0	7.29592	6.90069	0.931778	0.971155	0	0	0	0
k107_17140942 flag=1 multi=14.0000 len=21504	21504	8.74625	0	0	0	0	0	0	0	0	1.24201	1.8853	0	0	0	0	0.035091	0.041808	6.66013	8.66875	0.809027	1.07222	0	0	0	0
k107_23679776 flag=1 multi=19.0000 len=6917	6917	8.76871	0	0	0	0	0	0	0	0	1.7028	2.44018	0	0	0	0	0.0453515	0.0738094	6.4062	7.93846	0.614361	0.894938	0	0	0	0
k107_18162214 flag=0 multi=41.5285 len=6438	6438	8.45062	0	0	0	0	0	0	0	0	1.03129	1.38405	0	0	0	0	0	0	6.65759	9.19648	0.761734	0.76883	0	0	0	0
k107_6023971 flag=1 multi=230.8469 len=3524	3524	10.5729	0	0	0	0	0	0	0	0	1.51024	2.05556	0	0	0	0	0	0	8.22129	12.8785	0.841403	1.07519	0	0	0	0
k107_24143134 flag=1 multi=41.7928 len=29535	29535	9.20101	0	0	0	0	0	0	0	0	1.37454	1.90077	0	0	0	0	0	0	6.91451	10.404	0.911949	1.06082	0	0	0	0
k107_30986425 flag=1 multi=214.0000 len=3865	3865	8.75021	0	0	0	0	0	0	0	0	2.01347	1.58578	0	0	0	0	0	0	6.42268	10.5656	0.314061	0.30182	0	0	0	0
k107_19350913 flag=1 multi=52.0000 len=3395	3395	10.3553	0	0	0	0	0	0	0	0	1.26317	3.26484	0	0	0	0	0	0	8.10831	9.19267	0.983834	0.882768	0	0	0	0
k107_24640658 flag=0 multi=51.0054 len=11583	11583	9.26372	0	0	0	0	0	0	0	0	1.59303	2.18307	0	0	0	0	0.026682	0.0361495	7.01197	8.93667	0.632036	0.810641	0	0	0	0
k107_2781813 flag=1 multi=15.7363 len=6792	6792	9.16317	0	0	0	0	0	0	0	0	1.44191	1.8475	0	0	0	0	0	0	6.61263	9.27917	1.10863	2.11927	0	0	0	0
k107_31385010 flag=1 multi=15.0000 len=5495	5495	9.17793	0	0	0	0	0	0	0	0	1.57096	2.50396	0	0	0	0	0	0	6.50472	7.76344	1.10225	1.66905	0	0	0	0
k107_23540005 flag=1 multi=20.0000 len=5993	5993	8.79406	0	0	0	0	0	0	0	0	1.4428	2.4769	0	0	0	0	0	0	6.4117	6.1949	0.939554	0.977435	0	0	0	0
k107_24669970 flag=1 multi=63.0000 len=4520	4520	8.13964	0	0	0	0	0	0	0	0	1.78046	2.77828	0	0	0	0	0	0	5.71716	5.09783	0.64201	0.958187	0	0	0	0
k107_32321854 flag=1 multi=13.0000 len=21442	21442	8.13193	0	0	0	0	0	0	0.123084	0.235356	1.39399	2.53442	0.292857	1.23273	0	0	0.056859	0.106765	5.50402	9.98479	0.761116	1.05745	0	0	0	0
k107_18541519 flag=1 multi=26.0000 len=4478	4478	9.5261	0	0	0	0	0	0	0	0	1.68032	2.36588	0	0	0	0	0	0	7.09459	9.70901	0.751197	0.93121	0	0	0	0
k107_2182210 flag=0 multi=68.0000 len=24546	24546	9.98981	0	0	0	0	0	0	0	0	1.54467	2.25158	0	0	0	0	0.0186438	0.0216382	7.38595	8.89884	1.04055	1.47454	0	0	0	0
k107_24872485 flag=1 multi=39.0000 len=5231	5231	9.61148	0	0	0	0	0	0	0	0	1.77034	2.38647	0	0	0	0	0	0	7.19862	8.87558	0.642524	1.18693	0	0	0	0
k107_25221814 flag=1 multi=18.0000 len=4670	4670	9.36103	0	0	0	0	0	0	0	0	2.06113	3.00039	0	0	0	0	0.0631868	0.0995152	6.37088	10.7735	0.865842	0.8321	0	0	0	0
k107_27588295 flag=1 multi=20.5443 len=15621	15621	9.09877	0	0	0	0	0	0	0	0	1.64959	2.44256	0	0	0	0	0.0197141	0.01933	6.75716	9.14389	0.672302	0.899886	0	0	0	0
k107_26279114 flag=1 multi=26.0000 len=3415	3415	7.46258	0	0	0	0	0	0	0	0	1.38773	2.25051	0	0	0	0	0	0	5.5098	4.19139	0.56505	0.56143	0	0	0	0
k107_26651810 flag=1 multi=16.0000 len=3155	3155	9.75044	0	0	0	0	0	0	0	0	1.30389	2.37158	0	0	0	0	0	0	7.33754	9.70787	1.10901	1.83482	0	0	0	0
k107_11043591 flag=1 multi=24.0000 len=15787	15787	8.85786	0	0	0	0	0	0	0	0	1.46032	2.284	0	0	0	0	0.0195027	0.0191186	6.5298	7.36025	0.84824	0.988498	0	0	0	0
k107_22465483 flag=1 multi=16.8829 len=11581	11581	9.05852	0	0	0	0	0	0	0	0	1.22945	1.9249	0	0	0	0	0.0398085	0.0385569	7.11162	8.24689	0.677631	1.06389	0	0	0	0
k107_27762024 flag=1 multi=46.0000 len=6539	6539	8.24595	0	0	0	0	0	0	0	0	1.17524	1.40385	0	0	0	0	0	0	6.27417	6.5614	0.796537	1.05891	0	0	0	0
k107_3674339 flag=0 multi=25.5772 len=16028	16028	9.10365	0	0	0	0	0	0	0	0	1.57771	2.69651	0	0	0	0	0.0379626	0.0678362	6.43857	7.34631	1.04941	1.14143	0	0	0	0
k107_8273851 flag=1 multi=133.0000 len=3216	3216	8.90528	0	0	0	0	0	0	0	0	1.43411	1.61537	0	0	0	0	0	0	7.00549	11.5517	0.465683	0.572352	0	0	0	0
k107_25526974 flag=0 multi=27.9826 len=7758	7758	8.329	0	0	0	0	0	0	0	0	0.959362	1.51655	0	0	0	0	0.0403702	0.0715993	6.27897	5.00357	1.0503	1.41512	0	0	0	0
k107_28227061 flag=1 multi=19.0000 len=7088	7088	9.52078	0	0	0	0	0	0	0	0	2.542	3.06936	0	0	0	0	0.0884173	0.0834608	6.26967	6.13069	0.62069	0.980948	0	0	0	0
k107_16344613 flag=1 multi=34.4314 len=9900	9900	8.52573	0	0	0	0	0.00104188	0.00114452	0	0	1.41498	2.16248	0.019379	0.0346073	0	0	0.0157324	0.0154863	6.68212	9.4536	0.392478	0.390611	0	0	0	0
k107_29092320 flag=1 multi=15.2255 len=10171	10171	9.30996	0	0	0	0	0	0	0	0	1.65691	2.45125	0	0	0	0	0.0762995	0.0850525	6.97214	11.7035	0.604621	0.944633	0	0	0	0
k107_28882085 flag=0 multi=14.0183 len=4358	4358	9.09024	0	0	0	0	0	0	0	0	1.68294	2.29192	0	0	0	0	0.0441322	0.0451594	6.58678	9.99202	0.776381	1.11499	0	0	0	0
k107_13375748 flag=1 multi=145.7855 len=7411	7411	9.09678	0	0	0	0	0	0	0	0	1.75918	2.56741	0	0	0	0	0.0424814	0.0474326	6.43354	6.28967	0.861584	1.25864	0	0	0	0
k107_29363279 flag=1 multi=50.0391 len=9095	9095	9.39509	0	0	0	0	0	0	0	0	1.59411	3.07461	0	0	0	0	0.0342318	0.051602	6.68771	6.0761	1.07904	1.27699	0	0	0	0
k107_29488348 flag=1 multi=52.1876 len=21836	21836	8.8878	0	0	0	0	0	0	0	0	1.48259	2.03858	0	0	0	0	0.0279558	0.0386916	6.7275	9.0554	0.649763	0.809458	0	0	0	0
k107_6264793 flag=0 multi=161.3263 len=3150	3150	8.86271	0	0	0	0	0	0	0	0	2.27669	2.77623	0	0	0	0	0	0	6.19558	7.83503	0.390449	0.572201	0	0	0	0
k107_15531212 flag=1 multi=123.0000 len=4864	4864	9.21723	0	0	0	0	0	0	0	0	1.58461	2.00345	0	0	0	0	0.132398	0.142514	6.68917	9.54324	0.811048	1.0951	0	0	0	0
k107_2558586 flag=1 multi=40.0000 len=16089	16089	8.8552	0	0	0	0	0	0	0	0	1.31437	1.90461	0	0	0	0	0	0	6.89289	7.54766	0.647938	0.741692	0	0	0	0
k107_16423746 flag=0 multi=9.0160 len=3476	3476	9.9603	0	0	0	0	0	0	0	0	1.65942	3.20804	0	0	0	0	0	0	7.14997	6.06551	1.15091	0.781085	0	0	0	0
k107_30267127 flag=0 multi=18.0000 len=3043	3043	8.0934	0.109814	0.115594	0	0	0	0	0	0	1.61292	3.30166	0	0	0	0	0	0	5.55746	5.93635	0.813207	0.762988	0	0	0	0
k107_31349279 flag=1 multi=9.0000 len=2980	2980	7.56908	0	0	0	0	0	0	0	0	1.46341	1.57208	0	0	0	0	0	0	5.26363	5.56334	0.842046	1.1204	0	0	0	0
k107_10017007 flag=1 multi=84.0000 len=13001	13001	8.94866	0	0	0	0	0	0	0	0	1.48161	2.76449	0	0	0	0	0.0711867	0.0662484	6.65643	8.79499	0.739428	0.891914	0	0	0	0
k107_4675962 flag=1 multi=87.2921 len=5106	5106	9.27415	0	0	0	0	0	0	0	0	2.12386	3.78029	0	0	0	0	0	0	6.39863	8.62377	0.751665	0.877395	0	0	0	0
k107_19436109 flag=1 multi=29.9084 len=7761	7761	9.19346	0	0	0	0	0	0	0	0	1.38839	1.88181	0	0	0	0	0	0	6.79287	7.79696	1.0122	2.33029	0	0	0	0
k107_32421104 flag=1 multi=44.0000 len=31396	31396	9.42735	0	0	0	0	0	0	0	0	1.58886	2.19893	0	0	0	0	0.0289445	0.0448866	6.83711	9.64062	0.972438	1.15407	0	0	0	0
k107_4989376 flag=1 multi=12.0000 len=4084	4084	9.13168	0	0	0	0	0	0	0	0	1.70069	2.60718	0	0	0	0	0	0	6.35722	6.06135	1.07377	1.68046	0	0	0	0
k107_8089201 flag=0 multi=26.3598 len=2681	2681	9.34594	0	0	0	0	0	0	0	0	1.77217	2.45016	0	0	0	0	0	0	7.0681	11.0535	0.505675	0.74794	0	0	0	0
k107_14814969 flag=0 multi=21.0015 len=32830	32830	9.11403	0	0	0	0	0	0	0	0	1.49785	2.41708	0	0	0	0	0.0182612	0.0275106	6.72408	8.76861	0.873832	1.19294	0	0	0	0
k107_22883435 flag=1 multi=48.0000 len=5010	5010	8.07285	0	0	0	0	0	0	0	0	1.33156	1.87989	0	0	0	0	0	0	6.22833	6.03352	0.512957	0.543874	0	0	0	0
k107_30868779 flag=0 multi=26.1869 len=9912	9912	9.8641	0	0	0	0	0	0	0	0	1.61748	2.39448	0	0	0	0	0.0313215	0.0474995	7.4641	8.6372	0.751197	0.99025	0	0	0	0
k107_32890303 flag=1 multi=28.0000 len=4710	4710	9.38657	0	0	0	0	0	0	0	0	1.63203	1.83043	0	0	0	0	0	0	6.87137	7.17582	0.883167	0.960788	0	0	0	0
k107_28157906 flag=1 multi=11.8568 len=4759	4759	6.95199	0	0	0	0	0	0	0	0	1.25825	2.30377	0	0	0	0	0	0	5.19497	10.7605	0.498766	0.581294	0	0	0	0
k107_28592166 flag=1 multi=34.0000 len=8632	8632	8.28559	0	0	0	0	0	0	0	0	1.40348	1.92707	0	0	0	0	0	0	6.01969	5.82583	0.862425	1.38895	0	0	0	0
k107_24317390 flag=1 multi=27.0000 len=6545	6545	9.28432	0	0	0	0	0	0	0	0	1.45843	1.63797	0	0	0	0	0.0483742	0.0460497	6.69678	12.6686	1.08073	1.31412	0	0	0	0
k107_5826266 flag=1 multi=34.0000 len=7118	7118	9.28741	0	0	0	0	0	0	0	0	1.86224	2.95518	0	0	0	0	0.132776	0.179253	6.4846	11.8214	0.807805	0.966131	0	0	0	0
k107_20487136 flag=1 multi=41.0000 len=4326	4326	10.1667	0	0	0	0	0	0	0	0	1.64488	3.16894	0	0	0	0	0	0	7.26019	10.1534	1.26168	1.72587	0	0	0	0
k107_22367904 flag=0 multi=35.4930 len=33505	33505	9.34003	0.00909556	0.0128741	0	0	0	0	0	0	1.49104	2.29839	0	0	0	0	0.0181911	0.0260328	6.97943	7.60611	0.833178	1.1936	0.00909556	0.00901861	0	0
k107_2983172 flag=0 multi=42.8688 len=13109	13109	9.52987	0.0235809	0.0311441	0	0	0	0	0	0	1.48434	1.94982	0	0	0	0	0.0938549	0.150096	7.31701	12.0208	0.611072	0.802171	0	0	0	0
k107_8693203 flag=1 multi=64.5664 len=19013	19013	9.0279	0.0160868	0.0203746	0	0	0	0	0	0	1.72743	2.54959	0	0	0	0	0.0645609	0.0770586	6.48672	9.33568	0.733098	1.13816	0	0	0	0
k107_33300559 flag=1 multi=31.4496 len=22825	22825	8.63455	0	0	0	0	0	0	0	0	1.37686	1.68013	0	0	0	0	0.0134085	0.0132319	6.46952	8.59993	0.774764	1.03594	0	0	0	0
k107_19422686 flag=0 multi=13.0181 len=4312	4312	8.401	0	0	0	0	0	0	0	0	1.26459	1.22333	0	0	0	0	0	0	6.48703	11.3521	0.649377	0.761993	0	0	0	0
k107_33377877 flag=0 multi=149.8518 len=5471	5471	9.88624	0	0	0	0	0	0	0	0	1.58715	2.75665	0	0	0	0	0.116464	0.141927	7.76166	10.327	0.420971	0.469585	0	0	0	0
k107_4416002 flag=0 multi=149.7431 len=10491	10491	7.80273	0	0	0	0	0	0	0	0	1.09442	1.10201	0	0	0	0	0.118363	0.183027	6.0157	8.02266	0.574247	0.746872	0	0	0	0
k107_14241314 flag=1 multi=26.0000 len=6479	6479	9.87259	0	0	0	0	0	0	0	0	1.58491	1.76547	0	0	0	0	0.048891	0.0675486	7.24284	12.9572	0.995953	1.65042	0	0	0	0
k107_9682387 flag=1 multi=18.6376 len=26304	26304	8.67272	0.00503807	0.00881926	0	0	0	0	0	0	1.59338	2.27522	0	0	0	0	0.0580725	0.062481	6.28075	7.85693	0.735482	0.982294	0	0	0	0
k107_29029680 flag=0 multi=22.0425 len=6137	6137	8.48141	0	0	0	0	0	0	0	0	1.61183	2.05697	0	0	0	0	0	0	6.08346	10.2572	0.786118	0.788591	0	0	0	0
k107_27518145 flag=1 multi=15.0272 len=3603	3603	7.08876	0	0	0	0	0	0	0	0	1.52136	2.16044	0	0	0	0	0	0	4.73947	11.8552	0.827931	1.7053	0	0	0	0
k107_23964991 flag=1 multi=55.1581 len=7354	7354	6.87521	0	0	0	0	0	0	0	0	1.384	1.67839	0	0	0	0	0.0426829	0.0690765	4.98724	6.56521	0.461288	0.742789	0	0	0	0
k107_24897228 flag=0 multi=29.9806 len=2527	2527	5.58607	0	0	0	0	0	0	0	0	1.42427	1.1303	0	0	0	0	0	0	4.1618	3.2427	0	0	0	0	0	0
k107_32601842 flag=0 multi=12.0516 len=8990	8990	9.06906	0	0	0	0	0	0	0	0	1.42703	2.69276	0	0	0	0	0	0	6.89284	7.83401	0.749194	1.06336	0	0	0	0
k107_23882254 flag=1 multi=11.5876 len=6291	6291	7.70296	0	0	0	0	0	0	0	0	1.33378	3.52413	0	0	0	0	0	0	5.11454	9.64706	0.618467	0.662167	0.636166	3.61305	0	0
k107_22679518 flag=0 multi=27.2604 len=4112	4112	8.88871	0	0	0	0	0	0	0	0	1.23255	1.249	0	0	0	0	0.0385827	0.0380725	6.39449	11.7916	1.2231	0.878809	0	0	0	0
k107_18787274 flag=0 multi=23.5740 len=8680	8680	9.49451	0	0	0	0	0	0	0	0	1.74934	1.89796	0	0	0	0	0.0359274	0.0474126	7.06171	11.1115	0.647529	0.803751	0	0	0	0
k107_29716315 flag=1 multi=18.0077 len=5312	5312	8.61317	0	0	0	0	0	0	0	0	1.82375	1.98235	0	0	0	0	0.12016	0.165932	6.18822	7.64262	0.481038	0.770412	0	0	0	0
k107_68127 flag=1 multi=102.0000 len=2619	2619	8.02762	0	0	0	0	0	0	0	0	1.74666	2.18406	0	0	0	0	0	0	5.60466	5.9698	0.676306	1.1898	0	0	0	0
k107_5240167 flag=0 multi=82.0601 len=7579	7579	8.769	0	0	0	0	0	0	0	0	1.43658	2.26165	0	0	0	0	0.0824516	0.0931679	6.41033	8.73017	0.839632	1.4867	0	0	0	0
k107_25187416 flag=1 multi=31.3101 len=2974	2974	9.50299	0	0	0	0	0	0	0	0	1.91243	1.64896	0	0	0	0	0.226048	0.249143	6.76909	8.71976	0.595434	0.817268	0	0	0	0
k107_7981780 flag=0 multi=34.1241 len=7167	7167	11.1065	0	0	0	0	0	0	0	0	1.85171	2.72085	0	0	0	0	0.0438456	0.042051	8.16999	10.2898	1.04093	1.00894	0	0	0	0
k107_12329380 flag=1 multi=25.7431 len=5751	5751	8.7862	0	0	0	0	0	0	0	0	1.6548	2.54225	0	0	0	0	0.110112	0.162084	6.08424	10.7737	0.937053	0.866228	0	0	0	0
k107_16734101 flag=1 multi=12.0000 len=3351	3351	6.63299	0	0	0	0	0	0	0	0	1.33257	1.90201	0	0	0	0	0.19777	0.514512	4.40997	7.40945	0.692686	0.826854	0	0	0	0
k107_35756981 flag=0 multi=18.9571 len=3926	3926	10.819	0	0	0	0	0	0	0	0	1.66556	3.48521	0	0	0	0	0.0833333	0.0764203	7.75607	11.2279	1.31402	1.33311	0	0	0	0
k107_23382489 flag=1 multi=20.0000 len=9077	9077	7.75271	0	0	0	0	0	0	0	0	1.23658	2.24621	0	0	0	0	0.102678	0.157774	5.53048	7.12693	0.882963	1.50793	0	0	0	0
k107_13909599 flag=1 multi=19.2378 len=4736	4736	8.36897	0	0	0	0	0	0	0	0	1.20726	1.29783	0	0	0	0	0.0678845	0.10048	6.42061	12.6441	0.673207	0.719891	0	0	0	0
k107_2004098 flag=0 multi=55.0055 len=9964	9964	9.43376	0	0	0	0	0	0	0	0	1.72066	2.03046	0	0	0	0	0.0935624	0.134459	6.88781	7.0494	0.731733	0.759341	0	0	0	0
k107_21727928 flag=0 multi=72.8800 len=29544	29544	8.8246	0	0	0	0	0	0	0	0	1.47866	1.89323	0	0	0	0	0.0295465	0.0345768	6.61309	10.4539	0.703303	1.00711	0	0	0	0
k107_19322843 flag=1 multi=15.0000 len=3962	3962	9.84426	0	0	0	0	0	0	0	0	1.81011	2.87543	0	0	0	0	0	0	7.08934	10.8995	0.944809	0.928279	0	0	0	0
k107_30992548 flag=0 multi=13.0855 len=4048	4048	8.48105	0	0	0	0	0	0	0	0	1.30966	1.52713	0	0	0	0	0.159904	0.174797	6.01442	5.64691	0.997064	1.13457	0	0	0	0
k107_34220977 flag=1 multi=170.0000 len=4903	4903	8.49707	0	0	0	0	0	0	0	0	1.50511	2.09777	0	0	0	0	0.0656379	0.076993	6.24017	6.79132	0.686155	1.50171	0	0	0	0
k107_34520803 flag=1 multi=12.0000 len=8316	8316	8.38707	0	0	0	0	0	0	0	0	1.95296	3.38377	0	0	0	0	0.018842	0.0184893	5.95258	4.26861	0.46269	0.536252	0	0	0	0
k107_22110087 flag=0 multi=22.6768 len=16102	16102	8.3574	0	0	0	0	0	0	0	0	1.26848	1.9148	0	0	0	0	0.0286076	0.0367014	6.0719	5.85154	0.988418	1.36075	0	0	0	0
k107_21181122 flag=1 multi=52.8183 len=9548	9548	9.488	0	0	0	0	0	0	0	0	1.70604	2.98185	0	0	0	0	0.0652174	0.0697191	6.91986	11.8091	0.796885	0.904661	0	0	0	0
k107_31254175 flag=1 multi=13.0000 len=4113	4113	8.85148	0	0	0	0	0	0	0	0	1.18368	1.84132	0	0	0	0	0.0789819	0.0750849	6.87877	7.36185	0.71005	0.840281	0	0	0	0
k107_35192364 flag=1 multi=41.0000 len=7403	7403	9.82552	0	0	0	0	0	0	0	0	1.55302	2.0688	0	0	0	0	0	0	7.4536	12.0909	0.818899	0.983373	0	0	0	0
k107_30687551 flag=0 multi=20.9441 len=6953	6953	10.183	0	0	0	0	0	0	0	0	1.3625	2.49686	0	0	0	0	0	0	7.72666	9.00556	1.09382	1.40256	0	0	0	0
k107_29099875 flag=0 multi=13.1472 len=6356	6356	9.02808	0	0	0	0	0	0	0	0	1.33895	1.56712	0	0	0	0	0.0997688	0.143356	6.91411	9.69973	0.675256	0.867741	0	0	0	0
k107_847945 flag=0 multi=29.6281 len=5826	5826	9.33001	0	0	0	0	0	0	0	0	1.71651	2.92243	0	0	0	0	0	0	7.12219	8.98365	0.491311	0.489724	0	0	0	0
k107_34126813 flag=0 multi=33.0000 len=4969	4969	7.69488	0	0	0	0	0	0	0	0	1.14528	0.77929	0	0	0	0	0.128991	0.112691	5.67752	9.14209	0.74309	0.940102	0	0	0	0
k107_27999206 flag=1 multi=65.5439 len=7085	7085	8.51334	0	0	0	0	0	0	0	0	1.42636	1.79759	0	0	0	0	0	0	6.30341	9.42417	0.783577	1.27112	0	0	0	0
k107_21705214 flag=0 multi=74.0570 len=15416	15416	9.09217	0	0	0	0	0	0	0	0	1.43344	1.84619	0	0	0	0	0.0399629	0.0470954	6.73839	8.81173	0.880376	1.21819	0	0	0	0
k107_17173500 flag=0 multi=61.9068 len=14090	14090	8.96925	0	0	0	0	0	0	0	0	1.56542	1.83866	0	0	0	0	0.0219031	0.0402876	6.56346	7.31742	0.818465	0.877947	0	0	0	0
k107_22332549 flag=0 multi=320.4515 len=2570	2570	92.75	0	0	0	0	0	0	0	0	1.54497	2.96124	0	0	0	0	73.291	117.349	7.00353	6.74604	10.7795	23.8624	0.130952	0.122535	0	0
k107_18928893 flag=0 multi=15.4774 len=11511	11511	9.13641	0	0	0	0	0	0	0	0	1.52476	2.11936	0	0	0	0	0.0269426	0.038889	6.76662	7.93033	0.818093	1.61656	0	0	0	0
k107_15890325 flag=1 multi=14.0000 len=3886	3886	9.17215	0	0	0	0	0	0	0	0	1.73103	3.07713	0	0	0	0	0.0842634	0.0771888	6.01395	10.8432	1.34291	2.76331	0	0	0	0
k107_9668719 flag=1 multi=105.0000 len=7222	7222	9.32746	0	0	0	0	0	0	0	0	1.58324	1.83535	0	0	0	0	0.0432081	0.0417423	7.17919	12.948	0.521821	0.659921	0	0	0	0
k107_10531148 flag=0 multi=33.0328 len=2546	2546	9.22014	0	0	0	0	0	0	0	0	1.69875	2.59056	0	0	0	0	0.134135	0.230645	7.11809	8.18505	0.269162	0.490131	0	0	0	0
k107_24064306 flag=1 multi=67.9865 len=10465	10465	8.74427	0	0	0	0	0	0	0	0	1.82062	3.29337	0	0	0	0	0.0590377	0.0976364	6.29657	9.38213	0.568041	0.756908	0	0	0	0
k107_25443137 flag=1 multi=88.0000 len=6109	6109	8.96952	0	0	0	0	0	0	0	0	1.78457	2.72583	0	0	0	0	0.103324	0.114222	6.20079	8.97935	0.880834	1.40772	0	0	0	0
k107_23420829 flag=1 multi=39.0000 len=15763	15763	9.20652	0	0	0	0	0	0	0	0	1.40017	1.87508	0	0	0	0	0.097277	0.101575	6.90343	9.15319	0.80564	1.16905	0	0	0	0
k107_16729197 flag=0 multi=13.1889 len=15504	15504	8.79259	0	0	0	0	0	0	0	0	1.54644	2.10704	0	0	0	0	0.059137	0.0782802	6.59394	8.0669	0.59308	0.756943	0	0	0	0
k107_30225088 flag=0 multi=28.0230 len=7586	7586	9.48023	0	0	0	0	0	0	0	0	1.65143	2.80571	0	0	0	0	0.0414607	0.0402869	6.89745	9.67609	0.889896	1.39555	0	0	0	0
k107_24556236 flag=0 multi=13.1097 len=3698	3698	9.3245	0	0	0	0	0	0	0	0	1.73675	2.74428	0	0	0	0	0.0886337	0.115209	6.68551	7.56302	0.813604	1.72477	0	0	0	0
k107_33029046 flag=0 multi=33.0004 len=37291	37291	8.75344	0	0	0	0	0	0	0	0	1.57231	2.09483	0	0	0	0	0.0406067	0.0532955	6.29398	9.46533	0.846549	1.13483	0	0	0	0
k107_23756332 flag=1 multi=18.0000 len=6899	6899	8.72866	0	0	0	0	0	0	0	0	1.27376	1.94443	0	0	0	0	0	0	6.77217	6.11126	0.682735	0.906487	0	0	0	0
k107_35118133 flag=1 multi=40.4409 len=8252	8252	8.35044	0.0374843	0.0632171	0	0	0	0	0	0	1.32038	1.59839	0	0	0	0	0	0	6.34981	8.45531	0.642767	0.755806	0	0	0	0
k107_13616092 flag=1 multi=12.6179 len=3114	3114	7.92568	0	0	0	0	0	0	0	0	1.45199	1.72415	0	0	0	0	0	0	5.83286	9.06614	0.640825	0.692428	0	0	0	0
k107_9129569 flag=1 multi=58.1065 len=8114	8114	8.03507	0	0	0	0	0	0	0	0	1.47478	2.61945	0	0	0	0	0.0192012	0.0189514	5.6723	7.61945	0.868792	1.00027	0	0	0	0
k107_9098510 flag=0 multi=43.9325 len=5233	5233	7.48489	0	0	0	0	0	0	0	0	0.957412	1.67013	0	0	0	0	0	0	5.9639	5.90691	0.563577	0.636912	0	0	0	0
k107_18057814 flag=1 multi=8.0000 len=5813	5813	8.32045	0	0	0	0	0	0	0	0	1.58574	3.64165	0	0	0	0	0.0544366	0.0543359	6.22718	4.59442	0.453094	0.449387	0	0	0	0
k107_21920814 flag=0 multi=31.1676 len=5007	5007	9.85739	0	0	0	0	0	0	0	0	1.60319	2.27261	0	0	0	0	0	0	7.30669	9.43146	0.947503	2.46038	0	0	0	0
k107_16633940 flag=1 multi=69.1566 len=19192	19192	9.02477	0	0	0	0	0	0	0	0	1.51334	2.04246	0	0	0	0	0.0479089	0.0744806	6.64314	10.5942	0.820381	1.02654	0	0	0	0
k107_30572074 flag=1 multi=24.0000 len=5615	5615	8.45455	0	0	0	0	0	0	0	0	1.32223	2.17643	0	0	0	0	0	0	6.68059	5.7278	0.451722	1.12442	0	0	0	0
k107_30492685 flag=1 multi=35.0000 len=11301	11301	8.90226	0	0	0	0	0	0	0	0	1.56469	1.81238	0	0	0	0	0.109283	0.152162	6.47941	8.23573	0.748886	0.954981	0	0	0	0
k107_400762 flag=0 multi=38.8540 len=8827	8827	8.54663	0	0	0	0	0	0	0	0	1.03296	1.14935	0	0	0	0	0.0706158	0.0975	6.61865	8.57574	0.824399	1.45704	0	0	0	0
k107_17886554 flag=1 multi=82.7430 len=3415	3415	10.0687	0	0	0	0	0	0	0	0	2.46964	3.3121	0	0	0	0	0.0122069	0.0120615	6.49084	8.11218	0.999358	1.07484	0.0966913	0.119112	0	0
k107_17259000 flag=0 multi=19.0134 len=8297	8297	8.32858	0	0	0	0	0	0	0	0	1.54772	1.42913	0	0	0	0	0	0	6.3277	8.90401	0.453158	0.525003	0	0	0	0
k107_23776542 flag=1 multi=6.0000 len=4214	4214	4.91462	0	0	0	0	0	0	0	0	0.757669	0.995657	0	0	0	0	0.307771	0.309623	3.34918	2.49613	0.5	0.59114	0	0	0	0
k107_17057276 flag=1 multi=10.0000 len=2693	2693	9.41614	0	0	0	0	0	0	0	0	1.54287	1.73735	0	0	0	0	0.126307	0.131325	6.87704	8.72276	0.869929	0.784454	0	0	0	0
k107_8423326 flag=0 multi=19.5879 len=2781	2781	7.88584	0	0	0	0	0	0	0	0	1.03146	1.29414	0	0	0	0	0.121017	0.107025	6.18838	8.22273	0.544978	0.478607	0	0	0	0
k107_7563067 flag=1 multi=11.6208 len=3369	3369	8.65015	0	0	0	0	0	0	0	0	0.878383	2.61354	0	0	0	0	0	0	6.98631	9.37307	0.785458	1.42494	0	0	0	0
k107_17123383 flag=0 multi=125.0000 len=7391	7391	8.438	0	0	0	0	0	0	0	0	1.65439	2.25839	0	0	0	0	0	0	6.13175	7.89691	0.651855	1.34138	0	0	0	0
k107_28709635 flag=1 multi=96.0000 len=11787	11787	9.23161	0	0	0	0	0	0	0	0	1.37719	1.75961	0	0	0	0	0.0525903	0.0921882	6.8869	8.72844	0.914933	1.15755	0	0	0	0
k107_8741665 flag=1 multi=140.0000 len=4823	4823	8.97279	0	0	0	0	0	0	0	0	1.06215	1.83083	0	0	0	0	0.200398	0.187708	6.68657	7.18218	1.02367	1.40858	0	0	0	0
k107_11944788 flag=1 multi=131.1317 len=2803	2803	9.39664	0	0	0	0	0	0	0	0	1.68133	2.81018	0	0	0	0	0	0	7.07797	7.10579	0.637345	0.517885	0	0	0	0
k107_20170387 flag=0 multi=115.0000 len=2508	2508	8.26201	0	0	0	0	0	0	0	0	0.943336	1.06461	0	0	0	0	0	0	6.90934	3.95945	0.409338	0.42628	0	0	0	0
k107_6736819 flag=0 multi=34.0004 len=18644	18644	8.95459	0.0164649	0.0171795	0	0	0	0	0	0	1.56003	2.31796	0	0	0	0	0.0657507	0.0865287	6.41757	8.5459	0.894777	1.09703	0	0	0	0
k107_22276676 flag=1 multi=61.0000 len=7310	7310	10.0243	0	0	0	0	0	0	0	0	1.3486	2.45038	0	0	0	0	0	0	7.73245	9.02949	0.943208	1.32122	0	0	0	0
k107_8120037 flag=1 multi=73.0000 len=3772	3772	8.40692	0	0	0	0	0	0	0	0	1.34265	1.7545	0	0	0	0	0	0	6.45764	9.00471	0.606628	0.497826	0	0	0	0
k107_12934317 flag=1 multi=445.0000 len=2644	2644	8.12681	0	0	0	0	0	0	0	0	0.900085	1.97602	0	0	0	0	0	0	6.44577	10.8404	0.780956	0.612236	0	0	0	0
k107_10880392 flag=1 multi=17.0000 len=4089	4089	8.87193	0	0	0	0	0	0	0	0	1.33958	1.8002	0	0	0	0	0	0	6.8949	8.96806	0.637444	0.820562	0	0	0	0
k107_9411453 flag=0 multi=108.0315 len=3286	3286	7.13539	0	0	0	0	0	0	0	0	1.36059	2.61435	0	0	0	0	0.201072	0.237257	4.86696	4.88159	0.706769	0.673273	0	0	0	0
k107_9359590 flag=1 multi=46.9511 len=3052	3052	9.04582	0	0	0	0	0	0	0	0	1.40145	2.04004	0	0	0	0	0	0	6.94982	7.52486	0.694545	1.59461	0	0	0	0
k107_9228178 flag=0 multi=24.9774 len=27312	27312	8.64224	0	0	0	0	0	0	0	0	1.54654	2.12377	0	0	0	0	0.0668641	0.0878676	6.18371	7.03458	0.845131	1.04513	0	0	0	0
k107_31901679 flag=0 multi=29.0000 len=8710	8710	9.40259	0	0	0	0	0	0	0	0	1.50131	2.02638	0	0	0	0	0	0	6.9849	10.0675	0.916389	1.55401	0	0	0	0
k107_23443195 flag=0 multi=51.1254 len=7260	7260	10.1347	0	0	0	0	0	0	0	0	1.70408	2.58091	0	0	0	0	0.0459902	0.0573382	7.73498	17.3528	0.649612	0.714537	0	0	0	0
k107_7714404 flag=0 multi=39.9870 len=4338	4338	8.27527	0	0	0	0	0	0	0	0	1.55748	1.42328	0	0	0	0	0.11224	0.161128	5.6281	8.03925	0.977453	1.58168	0	0	0	0
k107_4383981 flag=0 multi=17.0221 len=5538	5538	10.0749	0	0	0	0	0	0	0	0	1.31379	2.26856	0	0	0	0	0.0576776	0.0543611	7.38121	8.67399	1.32219	2.64242	0	0	0	0
k107_28878492 flag=1 multi=41.0000 len=7638	7638	8.66671	0	0	0	0	0	0	0	0	1.27045	2.14119	0	0	0	0	0.0411668	0.0664814	6.73923	9.13732	0.615867	0.867147	0	0	0	0
k107_12116621 flag=1 multi=24.0548 len=6966	6966	8.78977	0	0	0	0	0	0	0	0	1.39706	3.1401	0	0	0	0	0	0	6.71579	10.1958	0.676921	0.947076	0	0	0	0
k107_35358761 flag=1 multi=37.0000 len=5507	5507	9.16446	0	0	0	0	0	0	0	0	1.80845	2.73059	0	0	0	0	0	0	6.46897	13.155	0.887032	1.51828	0	0	0	0
k107_2013557 flag=1 multi=17.0000 len=8779	8779	8.57355	0	0	0	0	0	0	0	0	1.63419	2.7107	0	0	0	0	0	0	6.26401	4.91132	0.675357	1.12526	0	0	0	0
k107_734961 flag=0 multi=29.1113 len=2909	2909	6.30073	0	0	0	0	0	0	0	0	0.516302	0.701661	0	0	0	0	0	0	4.92137	7.93002	0.863061	0.731833	0	0	0	0
k107_9431598 flag=0 multi=17.0374 len=8502	8502	9.60683	0	0	0	0	0	0	0	0	1.36817	1.43485	0	0	0	0	0.0367073	0.0588847	7.30854	12.5658	0.893415	1.85826	0	0	0	0
k107_6852260 flag=1 multi=48.0000 len=11399	11399	9.04686	0	0	0	0	0	0	0	0	1.14977	1.53976	0	0	0.470848	2.69532	0.0271244	0.0297158	6.62666	13.0703	0.772461	1.21372	0	0	0	0
k107_5180242 flag=1 multi=13.5321 len=2522	2522	8.13694	0	0	0	0	0	0	0	0	1.08559	1.27205	0	0	0	0	0.238288	0.393641	6.35676	5.14091	0.456306	0.369057	0	0	0	0
k107_15988220 flag=1 multi=12.9126 len=7454	7454	8.49944	0	0	0	0	0	0	0	0	1.71644	1.67313	0	0	0	0	0.0422259	0.0767947	5.98196	12.3608	0.758809	1.13646	0	0	0	0
k107_14292134 flag=0 multi=63.0507 len=8562	8562	8.54165	0	0	0	0	0	0	0	0	1.56792	1.7074	0	0	0	0	0.0365617	0.0352322	6.26271	7.95592	0.674455	0.751238	0	0	0	0
k107_233916 flag=0 multi=74.0378 len=11365	11365	8.32948	0	0	0	0	0.00605622	0.00610939	0	0	1.41598	1.47286	0	0	0	0	0.0544156	0.0691652	6.09148	6.66502	0.761548	1.01564	0	0	0	0
k107_10095468 flag=1 multi=33.0000 len=11242	11242	9.10896	0	0	0	0	0	0	0	0	1.48812	2.14598	0	0	0	0	0	0	6.79497	7.12376	0.825868	1.28238	0	0	0	0
k107_20718507 flag=0 multi=23.0214 len=2532	2532	8.66861	0	0	0	0	0	0	0	0	1.35381	1.18445	0	0	0	0	0.269955	0.594174	6.34619	10.1455	0.698655	0.500084	0	0	0	0
k107_1991863 flag=0 multi=16.3619 len=4470	4470	8.07054	0	0	0	0	0	0	0	0	1.48776	2.2629	0	0	0	0	0	0	5.96353	5.39677	0.619242	0.780383	0	0	0	0
k107_16901165 flag=0 multi=28.0516 len=10842	10842	9.85939	0.00332068	0.00368685	0	0	0.000474383	0.00056899	0	0	1.74649	2.81989	0	0	0	0	0.0286528	0.0488897	7.15939	9.91763	0.921063	0.882937	0	0	0	0
k107_2234175 flag=1 multi=14.0000 len=3034	3034	6.70534	0	0	0	0	0	0	0	0	0	0	0	0	0	0	0	0	6.59736	5.22633	0.107979	0.126912	0	0	0	0
k107_21481504 flag=1 multi=45.0000 len=9694	9694	8.62223	0	0	0	0	0	0	0	0	1.63522	2.35401	0	0	0	0	0.12862	0.202817	6.08976	6.71002	0.768633	1.02212	0	0	0	0
k107_6277962 flag=0 multi=9.1128 len=2704	2704	8.86803	0	0	0	0	0	0	0	0	0.836386	1.1723	0	0	0	0	0	0	7.1607	9.64056	0.870941	1.04524	0	0	0	0
k107_13304872 flag=1 multi=32.7616 len=8048	8048	7.51162	0	0	0	0	0	0	0	0	1.07204	1.9108	0	0	0	0	0	0	5.62587	9.77353	0.81371	1.23606	0	0	0	0
k107_32226565 flag=1 multi=23.2476 len=3693	3693	7.26423	0	0	0	0	0	0	0	0	1.56797	2.24059	0	0	0	0	0	0	5.29991	3.25581	0.396343	0.456708	0	0	0	0
k107_9726067 flag=1 multi=74.4538 len=21406	21406	9.32321	0	0	0	0	0	0	0	0	1.55231	2.03648	0	0	0	0	0.0285728	0.0329977	6.82217	6.55044	0.920157	1.0778	0	0	0	0
k107_20715773 flag=0 multi=58.0000 len=4210	4210	8.41505	0	0	0	0	0	0	0	0	1.43091	2.25691	0	0	0	0	0	0	6.36694	9.10888	0.617195	0.875913	0	0	0	0
k107_11673332 flag=1 multi=11.0000 len=4120	4120	7.22394	0	0	0	0	0	0	0	0	1.14694	1.52808	0	0	0	0	0.079099	0.0885799	4.92221	6.25548	1.07569	1.47436	0	0	0	0
k107_16082855 flag=0 multi=11.3800 len=3644	3644	9.71364	0	0	0	0	0	0	0	0	1.37433	1.44602	0	0	0	0	0.0903651	0.103783	7.30281	10.4269	0.94614	0.845358	0	0	0	0
k107_35050474 flag=1 multi=42.0000 len=8205	8205	9.84955	0	0	0	0	0	0	0	0	1.56409	1.69554	0	0	0	0	0.0571935	0.0894839	7.07744	8.222	1.15083	1.89947	0	0	0	0
k107_20179466 flag=1 multi=84.0000 len=8783	8783	9.11166	0	0	0	0	0	0	0	0	1.16449	1.31822	0	0	0	0	0.0709822	0.0769972	7.18441	9.57977	0.691782	0.701303	0	0	0	0
k107_13457947 flag=1 multi=40.0000 len=7413	7413	7.00745	0	0	0	0	0	0	0	0	0.82506	1.11617	0	0	0	0	0.0340318	0.0365351	5.7037	8.08345	0.444663	0.571143	0	0	0	0
k107_31202451 flag=1 multi=65.0000 len=9924	9924	9.49719	0	0	0	0	0	0	0	0	1.57961	1.85638	0	0	0	0	0.062565	0.0655108	7.0899	8.44745	0.765122	1.19718	0	0	0	0
k107_7225829 flag=0 multi=24.2025 len=4166	4166	8.23318	0	0	0	0	0	0	0	0	1.42754	1.39138	0	0	0	0	0.0781574	0.101576	6.50621	9.6503	0.221273	0.173791	0	0	0	0
k107_2857797 flag=0 multi=35.3242 len=12018	12018	9.80326	0	0	0	0	0	0	0	0	2.02757	2.7709	0	0	0	0	0.0513827	0.0489046	7.05036	7.25796	0.67395	0.948624	0	0	0	0
k107_31743840 flag=1 multi=8.0000 len=3454	3454	9.033	0	0	0	0	0	0	0	0	1.69638	3.57169	0	0	0	0	0.0954949	0.14442	6.01332	8.24181	1.22779	2.35751	0	0	0	0
k107_7215151 flag=0 multi=29.0000 len=13721	13721	8.79961	0	0	0	0	0	0	0	0	1.18913	1.56608	0	0	0	0	0.0225054	0.0385442	6.88561	10.0371	0.702362	0.735236	0	0	0	0
k107_5609498 flag=0 multi=52.0211 len=6988	6988	9.23033	0	0	0	0	0	0	0	0	1.60544	2.2111	0	0	0	0	0.045169	0.0649778	6.95737	9.8581	0.622345	0.851456	0	0	0	0
k107_7120813 flag=0 multi=102.5966 len=10030	10030	9.53115	0	0	0	0	0	0	0	0	1.51347	2.36265	0	0	0	0	0.0310444	0.0350242	6.98078	11.9081	1.00586	1.57429	0	0	0	0
k107_15291335 flag=1 multi=32.2577 len=4150	4150	8.61019	0	0	0	0	0	0	0	0	1.09719	1.41973	0	0	0	0	0	0	6.96466	9.65276	0.548337	0.795061	0	0	0	0
k107_7110560 flag=1 multi=43.0000 len=5855	5855	8.81001	0	0	0	0	0	0	0	0	1.35152	1.23934	0	0	0	0	0.0536647	0.0528787	6.38682	9.60997	1.01801	1.31971	0	0	0	0
k107_2326745 flag=1 multi=188.3875 len=5119	5119	11.0693	0	0	0	0	0	0	0	0	1.53062	1.78444	0	0	0	0	0.218808	0.447854	8.33486	23.8759	0.985053	2.32148	0	0	0	0
k107_22956843 flag=1 multi=18.0000 len=10882	10882	9.29027	0	0	0	0	0	0	0	0	1.19272	1.52951	0	0	0	0	0.0283554	0.0430466	7.26096	15.251	0.808223	0.881155	0	0	0	0
k107_7094220 flag=0 multi=65.0000 len=15402	15402	8.75709	0	0	0	0	0	0	0	0	1.35113	1.96808	0	0	0	0	0.04	0.109131	6.72483	9.05454	0.641126	1.11943	0	0	0	0
k107_1177096 flag=1 multi=54.0000 len=14757	14757	8.82477	0	0	0	0	0	0	0	0	1.33705	2.23212	0	0	0	0	0.0417848	0.0541619	6.58354	9.33407	0.862401	1.06428	0	0	0	0
k107_29403284 flag=0 multi=17.0019 len=3194	3194	7.61307	0	0	0	0	0	0	0	0	1.02628	1.24208	0	0	0	0	0	0	5.96231	6.36332	0.624481	0.80964	0	0	0	0
k107_14892228 flag=0 multi=12.3525 len=7149	7149	9.47101	0	0	0	0	0	0	0	0	1.70118	1.57932	0	0	0	0	0.0439609	0.0439259	6.75026	7.39441	0.97561	1.38328	0	0	0	0
k107_6392229 flag=0 multi=15.0146 len=6017	6017	8.30831	0	0	0	0	0	0	0	0	0.84217	0.940952	0	0	0	0	0.15783	0.274833	6.71829	9.32318	0.590026	0.496814	0	0	0	0
k107_6034233 flag=0 multi=43.5257 len=8288	8288	9.86464	0	0	0	0	0	0	0	0	1.68107	2.18652	0	0	0	0	0.0378162	0.0501694	7.12309	10.8591	1.02266	1.61896	0	0	0	0
k107_1719773 flag=0 multi=91.6083 len=5856	5856	9.40745	0	0	0	0	0	0	0	0	1.33489	2.52216	0	0	0	0	0.0541952	0.0622339	7.20544	8.20568	0.812928	0.914671	0	0	0	0
k107_11920291 flag=0 multi=63.2927 len=2741	2741	8.33661	0	0	0	0	0	0	0	0	1.59984	2.87324	0	0	0	0	0.123411	0.185644	6.09758	8.00734	0.515785	0.68626	0	0	0	0
k107_6056083 flag=0 multi=259.7028 len=2647	2647	8.24904	0	0	0	0	0	0	0	0	0.913859	1.59213	0	0	0	0	0.128785	0.180496	6.08742	7.45197	1.11898	0.933418	0	0	0	0
k107_27031733 flag=1 multi=73.1191 len=9667	9667	9.28873	0	0	0	0	0	0	0	0	1.67122	2.19714	0	0	0	0	0	0	6.86129	10.7509	0.75622	0.871455	0	0	0	0
k107_22937663 flag=1 multi=16.5000 len=34360	34360	8.94016	0	0	0	0	0	0	0	0	1.39682	1.70687	0	0	0	0	0.0409302	0.0573008	6.77342	9.93814	0.728992	0.978995	0	0	0	0
k107_22354260 flag=1 multi=15.7274 len=6919	6919	8.28986	0	0	0	0	0	0	0	0	1.07692	1.62248	0	0	0	0	0	0	6.37177	6.5868	0.841167	1.31013	0	0	0	0
k107_17819383 flag=0 multi=34.0000 len=18990	18990	9.76878	0	0	0	0	0	0	0	0	1.66176	2.54899	0	0	0	0	0.0322132	0.0397255	7.18113	9.21871	0.893675	1.35338	0	0	0	0
k107_11233095 flag=1 multi=34.6185 len=10476	10476	9.40633	0	0	0	0	0	0	0	0	1.40407	2.33912	0	0	0	0	0.0886574	0.105511	7.15874	7.42132	0.754865	0.812903	0	0	0	0
k107_28289612 flag=0 multi=25.0000 len=4260	4260	9.78398	0	0	0	0	0	0	0	0	1.9568	2.26902	0	0	0	0	0	0	6.91309	16.5424	0.914098	1.0553	0	0	0	0
k107_18144181 flag=1 multi=23.1095 len=10478	10478	8.42148	0	0	0	0	0	0	0	0	1.80798	2.48451	0	0	0	0	0.0593553	0.061133	5.87264	9.10591	0.681506	0.830877	0	0	0	0
k107_14540475 flag=0 multi=19.9902 len=6812	6812	8.52535	0	0	0	0	0	0	0	0	1.25146	1.32975	0	0	0	0	0	0	6.46759	10.9667	0.806298	1.18672	0	0	0	0
k107_7633729 flag=0 multi=41.2509 len=2785	2785	8.31977	0	0	0	0	0	0	0	0	1.47	1.55885	0	0	0	0	0.121627	0.210821	6.18365	4.72364	0.544503	0.612081	0	0	0	0
k107_3744898 flag=0 multi=43.8267 len=2935	2935	8.68021	0	0	0	0	0	0	0	0	1.90581	3.06358	0	0	0	0	0	0	6.14736	7.00305	0.627041	0.579578	0	0	0	0
k107_428159 flag=1 multi=27.2537 len=7901	7901	8.94118	0	0	0	0	0	0	0	0	1.3736	1.80609	0	0	0	0	0.0397421	0.0494925	6.82603	10.2671	0.701803	1.13185	0	0	0	0
k107_5537481 flag=1 multi=55.4890 len=4017	4017	8.44953	0	0	0	0	0	0	0	0	1.68156	2.37714	0	0	0	0	0.0810229	0.110784	6.15989	7.64511	0.527052	0.685464	0	0	0	0
k107_14550672 flag=1 multi=25.3440 len=14099	14099	9.36943	0	0	0	0	0.000362398	0.000362293	0	0	1.28397	2.03347	0	0	0	0	0.065449	0.0790319	7.10292	7.86601	0.916721	1.24579	0	0	0	0
k107_8404418 flag=0 multi=54.0039 len=21565	21565	8.99233	0	0	0	0	0	0	0	0	1.5859	2.05625	0	0	0	0	0.0707332	0.0967362	6.55129	9.35322	0.784414	0.878429	0	0	0	0
k107_9788306 flag=0 multi=43.1312 len=4872	4872	8.68359	0	0	0	0	0	0	0	0	0.960175	1.46438	0	0	0	0	0.0345733	0.0549706	6.49891	6.03562	1.18993	1.40362	0	0	0	0
k107_28263760 flag=0 multi=17.1961 len=3555	3555	8.89056	0	0	0	0	0	0	0	0	1.55334	2.70378	0	0	0	0	0	0	6.51706	5.65112	0.820166	1.0306	0	0	0	0
k107_18857666 flag=1 multi=88.0000 len=12511	12511	8.26046	0	0	0	0	0	0	0	0	1.47187	2.42788	0	0	0	0	0.0494717	0.0607875	5.90147	9.45228	0.837661	1.07502	0	0	0	0
k107_28804350 flag=1 multi=10.6192 len=14113	14113	8.53537	0	0	0	0	0	0	0	0	1.35233	1.91797	0	0	0	0	0.0432988	0.0560146	6.29484	9.94411	0.844906	1.00522	0	0	0	0
k107_23812503 flag=0 multi=11.0000 len=5493	5493	8.58871	0	0	0	0	0	0	0	0	1.3142	1.78664	0	0	0	0	0	0	6.57099	6.18078	0.703525	1.25641	0	0	0	0
k107_5629659 flag=1 multi=10.0000 len=6517	6517	8.74481	0	0	0	0	0	0	0	0	1.50442	2.12859	0	0	0	0	0	0	6.4436	7.40845	0.796782	1.10521	0	0	0	0
k107_9692524 flag=1 multi=218.9148 len=2537	2537	8.22953	0	0	0	0	0	0	0	0	1.19284	1.46166	0	0	0	0	0	0	6.44027	9.41668	0.596421	0.418253	0	0	0	0
k107_37460 flag=0 multi=18.0217 len=20842	20842	9.44601	0.014703	0.0170173	0	0	0	0	0	0	1.51655	2.11057	0	0	0	0	0.0734177	0.0856172	7.22644	9.18777	0.614898	0.635058	0	0	0	0
k107_221349 flag=1 multi=46.4287 len=7971	7971	9.26066	0	0	0	0	0	0	0	0	2.51063	2.71982	0	0	0	0	0.0786282	0.107262	5.88525	7.97071	0.786152	1.62186	0	0	0	0
k107_34600434 flag=1 multi=44.5729 len=2753	2753	7.92697	0	0	0	0	0	0	0	0	1.10567	1.12078	0	0	0	0	0.0958792	0.103547	5.9796	7.76288	0.745818	0.753126	0	0	0	0
k107_4654040 flag=0 multi=133.0000 len=6197	6197	9.23969	0	0	0	0	0	0	0	0	1.67243	1.75888	0	0	0	0	0	0	6.53978	9.27171	1.02748	1.26381	0	0	0	0
k107_73867 flag=1 multi=15.0000 len=5101	5101	8.7712	0	0	0	0	0	0	0	0	1.77558	2.12382	0	0	0	0	0	0	5.9925	13.2451	1.00313	1.45724	0	0	0	0
k107_25177850 flag=0 multi=11.0869 len=2938	2938	9.6893	0	0	0	0	0	0	0	0	1.14454	1.60989	0	0	0	0	0	0	8.09105	20.6406	0.453718	0.406225	0	0	0	0
k107_24080570 flag=0 multi=101.4634 len=8365	8365	7.99243	0	0	0	0	0	0	0	0	1.20464	1.63183	0	0	0	0	0.111869	0.1449	5.77911	12.7198	0.896813	1.18089	0	0	0	0
k107_6417123 flag=1 multi=178.8426 len=2769	2769	6.9773	0	0	0	0	0	0	0	0	1.64248	2.05582	0	0	0	0	0	0	4.23672	8.31609	1.09809	1.53179	0	0	0	0
k107_3168038 flag=1 multi=15.0000 len=4399	4399	9.80742	0	0	0	0	0	0	0	0	1.91164	3.01101	0	0	0	0	0.147181	0.178453	6.92189	11.3353	0.826702	1.15327	0	0	0	0
k107_135573 flag=0 multi=53.4132 len=22915	22915	9.26732	0	0	0	0	0	0	0.0131783	0.0197268	1.63172	2.54706	0	0	0	0	0	0	6.59908	9.53734	1.02335	1.51219	0	0	0	0
k107_2604440 flag=1 multi=7.0000 len=4344	4344	6.72984	0	0	0	0	0	0	0	0	1.28971	1.08986	0	0	0	0	0	0	4.84414	5.11509	0.595992	0.719095	0	0	0	0
k107_9926651 flag=1 multi=19.0000 len=4769	4769	7.48937	0	0	0	0	0	0	0	0	1.16297	1.57363	0	0	0	0	0	0	5.12424	5.95676	1.20215	1.90507	0	0	0	0
k107_2906819 flag=1 multi=7.0000 len=2633	2633	7.84642	0	0	0	0	0	0	0	0	1.39983	2.28252	0	0	0	0	0	0	5.92879	6.89358	0.517803	0.356209	0	0	0	0
k107_4730220 flag=0 multi=23.8922 len=12483	12483	8.85313	0	0	0	0	0	0	0	0	1.62335	2.33742	0	0	0	0	0.0493391	0.0784964	6.29086	7.96837	0.889582	1.11736	0	0	0	0
k107_27662809 flag=0 multi=59.6527 len=7711	7711	8.92644	0	0	0	0	0	0	0	0	1.21717	1.43338	0	0	0.092995	0.315002	0.0815225	0.193128	6.42205	11.7972	1.1127	1.25982	0	0	0	0
k107_11621102 flag=1 multi=165.3690 len=6890	6890	10.5121	0	0	0	0	0	0	0	0	2.27186	5.99952	0	0	0	0	0.0458409	0.06409	7.50622	12.6999	0.688221	1.13074	0	0	0	0
k107_24045438 flag=0 multi=42.0000 len=5562	5562	8.57605	0	0	0	0	0	0	0	0	1.24392	1.99808	0	0	0	0	0	0	6.54202	5.84036	0.790114	0.738806	0	0	0	0
k107_22496700 flag=1 multi=60.0000 len=14936	14936	9.17302	0	0	0	0	0	0	0	0	1.46672	2.31405	0	0	0	0	0.0824792	0.109649	6.77409	10.1947	0.849733	0.931011	0	0	0	0
k107_19571402 flag=0 multi=16.0321 len=3596	3596	9.91044	0	0	0	0	0	0	0	0	1.12295	2.08628	0	0	0	0	0.0913783	0.123385	8.01913	8.8748	0.676988	0.954333	0	0	0	0
k107_12985464 flag=0 multi=28.0003 len=15517	15517	8.87223	0	0	0	0	0	0	0	0	1.51771	1.65784	0	0	0	0	0.0194545	0.0344237	6.5118	10.502	0.823267	1.26195	0	0	0	0
k107_2837374 flag=0 multi=27.2997 len=4484	4484	9.81157	0	0	0	0	0	0	0	0	1.59087	1.67314	0	0	0	0	0	0	7.0605	10.9159	1.16021	1.72962	0	0	0	0
k107_11307407 flag=0 multi=13.4363 len=4473	4473	9.2889	0	0	0	0	0	0	0	0	1.83865	2.68043	0	0	0	0	0.107888	0.142391	6.36994	9.09882	0.972429	0.90163	0	0	0	0
k107_5144266 flag=1 multi=153.0000 len=3237	3237	9.59659	0	0	0	0	0	0	0	0	1.69267	2.31588	0	0	0	0	0	0	7.19523	8.84078	0.708688	0.692907	0	0	0	0
k107_5397626 flag=1 multi=12.2533 len=6755	6755	8.79173	0	0	0	0	0	0	0	0	1.19231	1.82072	0	0	0	0	0.046645	0.0737586	6.64404	7.32416	0.908725	1.45429	0	0	0	0
k107_3218688 flag=1 multi=49.0000 len=4068	4068	8.5077	0	0	0	0	0.100637	0.285699	0	0	1.35741	2.63832	0.0395645	0.0384982	0	0	0	0	6.13011	10.4185	0.879979	0.955426	0	0	0	0
k107_30314570 flag=1 multi=9.0000 len=3512	3512	8.17477	0	0	0	0	0	0	0	0	1.87009	3.10719	0	0	0	0	0	0	5.02866	7.01047	1.27601	1.55291	0	0	0	0
k107_1298898 flag=1 multi=32.5400 len=22350	22350	9.14881	0	0	0	0	0	0	0	0	1.66641	3.03773	0	0	0	0	0.0410015	0.0591962	6.6938	8.97179	0.747596	1.14301	0	0	0	0
k107_22008883 flag=1 multi=13.0000 len=2630	2630	9.44588	0	0	0	0	0	0	0	0	1.29424	1.42086	0	0	0	0	0	0	6.77019	10.1306	1.38144	1.10639	0	0	0	0
k107_9384320 flag=1 multi=20.0000 len=3591	3591	10.4521	0	0	0	0	0	0	0	0	2.19672	2.42876	0	0	0	0	0	0	7.38644	7.40155	0.868957	1.12524	0	0	0	0
k107_562585 flag=1 multi=55.0000 len=12058	12058	9.02594	0	0	0	0	0	0	0	0	1.57834	1.92964	0	0	0	0	0.025689	0.0457955	6.73146	9.19864	0.690456	0.866236	0	0	0	0
k107_6884835 flag=1 multi=12.0000 len=7156	7156	8.57295	0	0	0	0	0	0	0	0	1.26087	1.76348	0	0	0	0	0.0881237	0.132605	6.36708	11.0682	0.856872	1.05871	0	0	0	0
k107_2309493 flag=0 multi=134.0000 len=3204	3204	7.38387	0	0	0	0	0	0	0	0	0.808753	1.80855	0	0	0	0	0	0	6.19711	4.87777	0.378015	0.512764	0	0	0	0
k107_14964484 flag=0 multi=27.2234 len=13004	13004	9.37262	0	0	0	0	0	0	0	0	1.46812	1.76927	0	0	0	0	0	0	6.85152	8.98364	1.05298	1.44425	0	0	0	0
k107_10199983 flag=1 multi=7.0000 len=2741	2741	4.75851	0	0	0	0	0	0	0	0	1.17425	1.05258	0	0	0	0	0	0	3.21484	2.41228	0.369414	0.333666	0	0	0	0
k107_3412946 flag=0 multi=20.8641 len=7320	7320	8.83998	0	0	0	0	0	0	0	0	1.35281	1.85237	0	0	0	0	0.0424622	0.0474644	6.37931	7.51599	1.0654	1.43831	0	0	0	0
k107_4722857 flag=0 multi=63.2711 len=30604	30604	9.08277	0	0	0	0	0	0	0	0	1.40334	1.72587	0	0	0	0	0.0842189	0.138058	6.72758	9.92233	0.867633	1.04659	0	0	0	0
k107_3754775 flag=0 multi=43.0000 len=7091	7091	9.34541	0	0	0	0	0	0	0	0	1.70099	1.86188	0	0	0	0	0.0438945	0.0425135	6.83503	8.50483	0.765503	1.21939	0	0	0	0
k107_3477375 flag=1 multi=10.0000 len=5558	5558	8.96423	0	0	0	0	0	0	0	0	1.43988	2.50656	0	0	0	0	0	0	6.80746	17.8687	0.716895	0.83454	0	0	0	0
k107_28042391 flag=1 multi=29.6114 len=12683	12683	8.67935	0	0	0	0	0	0	0	0	1.4095	2.8058	0	0	0	0	0.0730959	0.0678301	6.33139	8.50179	0.865358	1.35514	0	0	0	0
k107_892011 flag=1 multi=29.8748 len=11001	11001	9.00729	0	0	0	0	0	0	0	0	1.15852	1.51816	0	0	0	0	0.0555192	0.0824276	6.78185	9.11197	1.0114	1.15451	0	0	0	0
k107_9806642 flag=1 multi=11.0000 len=3790	3790	8.70614	0	0	0	0	0	0	0	0	1.68951	1.57007	0	0	0	0	0	0	6.459	9.26558	0.557626	0.715224	0	0	0	0
k107_3628120 flag=1 multi=9.0000 len=4837	4837	7.95854	0	0	0	0	0	0	0	0	1.22426	1.25616	0	0	0	0	0	0	6.07211	9.35808	0.662183	0.729584	0	0	0	0
k107_3711112 flag=1 multi=15.5360 len=3868	3868	9.17751	0	0	0	0	0	0	0	0	2.00757	2.53826	0	0	0	0	0.0824453	0.158892	6.39877	7.81502	0.688727	0.636614	0	0	0	0
k107_594911 flag=0 multi=15.4585 len=10372	10372	9.20735	0	0	0	0	0	0	0	0	1.44677	2.01054	0	0	0	0	0.0595829	0.0826109	7.01301	7.73055	0.687984	0.998274	0	0	0	0
k107_18548505 flag=1 multi=30.4411 len=12302	12302	8.19958	0	0	0	0	0	0	0	0	1.09425	2.27018	0	0	0	0	0	0	6.20308	6.64967	0.90225	1.11084	0	0	0	0
k107_5341396 flag=1 multi=24.0000 len=5108	5108	8.07969	0	0	0	0	0	0	0	0	1.01873	2.01422	0	0	0	0	0	0	6.036	6.89493	1.02497	1.02418	0	0	0	0
k107_22782704 flag=1 multi=14.3170 len=2744	2744	9.1982	0	0	0	0	0	0	0	0	1.35545	1.60313	0	0	0	0	0.123669	0.230511	6.80262	9.85948	0.916462	0.990693	0	0	0	0
k107_21564519 flag=1 multi=33.0000 len=4935	4935	8.89726	0	0	0	0	0	0	0	0	1.8256	2.96629	0	0	0	0	0	0	6.68163	6.64591	0.390028	0.497649	0	0	0	0
k107_5565668 flag=0 multi=35.6942 len=28171	28171	8.84047	0	0	0	0	0	0	0	0	1.43177	2.14583	0	0	0	0	0.0208117	0.0252774	6.65794	9.3236	0.729951	0.958452	0	0	0	0
k107_23698825 flag=1 multi=14.8445 len=13190	13190	8.62903	0	0	0	0	0	0	0	0	1.50202	2.86601	0	0	0	0	0.0234326	0.0228854	6.46159	8.59487	0.641993	0.797792	0	0	0	0
k107_2479970 flag=0 multi=70.8855 len=16433	16433	9.89548	0	0	0	0	0	0	0	0	1.64075	2.31216	0	0	0	0	0.0743289	0.107974	7.35162	10.3152	0.828777	1.65565	0	0	0	0
k107_23657788 flag=0 multi=78.8989 len=7702	7702	9.0146	0	0	0	0	0	0	0	0	1.25568	1.3663	0	0	0	0	0.0806757	0.17287	6.74514	8.62522	0.933108	1.29204	0	0	0	0
k107_17908161 flag=1 multi=14.0000 len=7758	7758	9.1871	0	0	0	0	0	0	0	0	1.58302	1.83891	0	0	0	0	0.0403702	0.0753607	6.34858	9.22859	1.21513	1.49209	0	0	0	0
k107_27451372 flag=0 multi=21.1364 len=3787	3787	9.95438	0	0	0	0	0	0	0	0	1.52826	2.4981	0	0	0	0	0	0	7.433	11.1085	0.993113	2.79103	0	0	0	0
k107_412397 flag=0 multi=18.9348 len=5109	5109	9.26794	0	0	0	0	0	0	0	0	1.54046	1.90126	0	0	0	0	0.062617	0.0788613	7.04514	9.59053	0.619721	0.58089	0	0	0	0
k107_887827 flag=0 multi=50.1952 len=9065	9065	8.50827	0	0	0	0	0	0	0	0	1.38526	1.61095	0	0	0	0	0.0342349	0.0485727	6.37316	8.67615	0.715622	0.777623	0	0	0	0
k107_16654642 flag=0 multi=19.0000 len=3978	3978	8.12622	0	0	0	0	0	0	0	0	1.19695	1.20179	0	0	0	0	0	0	6.1945	11.2482	0.734766	0.841432	0	0	0	0
k107_6304697 flag=0 multi=37.0000 len=6421	6421	8.17454	0	0	0	0	0	0	0	0	1.35382	1.65502	0	0	0	0	0.0490276	0.0469267	6.01258	6.81466	0.759111	1.02489	0	0	0	0
k107_26231507 flag=0 multi=9.2120 len=3079	3079	8.30897	0	0	0	0	0	0	0	0	1.52287	1.79829	0	0	0	0	0	0	5.80843	5.36247	0.977674	2.29821	0	0	0	0
k107_11018572 flag=0 multi=48.7923 len=5934	5934	8.77308	0	0	0	0	0	0	0	0	1.15447	1.4519	0	0	0	0	0	0	6.81694	9.56705	0.801669	0.85843	0	0	0	0
k107_12849453 flag=1 multi=14.0000 len=2603	2603	8.62799	0	0	0	0	0	0	0	0	1.77358	1.40602	0	0	0	0	0	0	6.31769	5.61875	0.536723	0.965801	0	0	0	0
k107_1720611 flag=0 multi=41.9569 len=3700	3700	9.01236	0	0	0	0	0	0	0	0	1.16569	1.34186	0	0	0	0	0	0	7.4173	7.79329	0.42937	0.735545	0	0	0	0
k107_6764915 flag=1 multi=25.0000 len=8589	8589	9.14553	0	0	0	0	0	0	0	0	1.52287	2.04039	0	0	0	0	0.0363219	0.0358486	6.82539	12.0991	0.760951	0.904237	0	0	0	0
k107_5362793 flag=0 multi=51.5715 len=15106	15106	8.75074	0	0	0	0	0	0	0	0	1.41813	1.58898	0	0	0	0	0.040462	0.0587231	6.51452	6.63371	0.777628	1.2456	0	0	0	0
k107_6861748 flag=1 multi=80.1561 len=6903	6903	10.0415	0	0	0	0	0	0	0	0	1.55431	1.65006	0	0	0	0	0.0905923	0.127988	7.53007	8.23192	0.866535	1.19021	0	0	0	0
k107_4028925 flag=1 multi=137.0000 len=5027	5027	8.52783	0	0	0	0	0	0	0	0	1.51619	2.71398	0	0	0	0	0.22455	0.283668	5.99979	6.92317	0.787302	0.984048	0	0	0	0
