contigName	contigLen	totalAvgDepth	Cen01_MA.bam	Cen01_MA.bam-var	Cen03_MA.bam	Cen03_MA.bam-var	Cen04_MA.bam	Cen04_MA.bam-var	Cen05_MA.bam	Cen05_MA.bam-var	Cen06_MA.bam	Cen06_MA.bam-var	Cen07_MA.bam	Cen07_MA.bam-var	Cen10_MA.bam	Cen10_MA.bam-var	Cen12_MA.bam	Cen12_MA.bam-var	Cen14_MA.bam	Cen14_MA.bam-var	Cen15_MA.bam	Cen15_MA.bam-var	Cen16_MA.bam	Cen16_MA.bam-var	Cen17_MA.bam	Cen17_MA.bam-var
k107_7310969 flag=0 multi=109.1956 len=10765	10765	104.558	0	0	0	0	0	0	0	0	0	0	0	0	23.687	31.8074	53.6657	73.712	17.2979	38.301	9.90777	16.3534	0	0	0	0
k107_2667869 flag=0 multi=98.0278 len=31622	31622	107.922	0.0192848	0.0456046	0	0	0	0	0	0	0	0	0	0	25.7957	33.518	54.505	82.1038	17.7236	24.9171	9.87851	13.7786	0	0	0	0
k107_23414264 flag=0 multi=89.7631 len=96241	96241	105.685	0	0	0.0077445	0.0122439	0	0	0	0	0.0215137	0.134097	0	0	25.8446	35.5593	53.3615	76.9029	17.3015	24.8627	9.14486	12.6627	0.00314783	0.00434394	0	0
k107_2656130 flag=0 multi=77.8474 len=5547	5547	101.723	0	0	0	0	0.253956	1.46811	0	0	0	0	0	0	23.4747	28.6053	52.131	59.0308	17.3194	20.9438	8.54376	13.4459	0	0	0	0
k107_6372657 flag=0 multi=408.7409 len=4402	4402	112.148	0	0	0	0	0	0	0	0	0	0	0	0	25.258	21.1546	58.9276	53.4188	17.2817	21.9602	10.6802	14.4243	0	0	0	0
k107_31570946 flag=0 multi=65.9294 len=5916	5916	105.21	0	0	0	0	0	0	0	0	0	0	0	0	24.7494	39.2462	54.2975	77.3612	17.2747	29.4182	8.88832	12.4777	0	0	0	0
k107_3758154 flag=0 multi=89.9808 len=32734	32734	106.058	0	0	0	0	0	0	0	0	0	0	0	0	24.8257	34.021	54.1438	88.6684	17.1627	24.4965	9.92603	14.6802	0	0	0	0
k107_5040730 flag=0 multi=79.9797 len=49994	49994	105.79	0	0	0	0	0	0	0	0	0	0	0	0	25.3704	34.5592	53.1774	93.2946	17.2338	29.2229	10.0079	13.7588	0	0	0	0
k107_612145 flag=0 multi=98.4122 len=17908	17908	107.911	0	0	0	0	0	0	0	0	0	0	0	0	25.8682	34.1341	55.3528	95.7571	17.2005	28.6887	9.47245	14.8899	0.0171532	0.0168661	0	0
k107_1926354 flag=0 multi=112.5147 len=29781	29781	100.069	0	0	0	0	0	0	0	0	0	0	0	0	22.8404	29.4392	51.1035	74.4009	16.5671	21.6728	9.55813	12.6892	0	0	0	0
k107_4071020 flag=0 multi=80.4808 len=5321	5321	108.879	0	0	0	0	0	0	0	0	0	0	0	0	25.8424	41.168	54.2514	75.0348	18.8043	16.9469	9.98107	15.0854	0	0	0	0
k107_28639749 flag=0 multi=60.9197 len=6112	6112	102.246	0	0	0	0	0	0	0	0	0	0	0	0	24.3776	33.6179	52.9589	65.8636	16.1678	22.0774	8.74182	9.93557	0	0	0	0
k107_11352685 flag=0 multi=148.9845 len=13747	13747	104.351	0	0	0	0	0	0	0	0	0	0	0	0	25.2338	35.0269	52.857	88.2673	17.3845	18.9835	8.87601	10.2311	0	0	0	0
k107_12191801 flag=0 multi=79.7842 len=10991	10991	98.9538	0	0	0	0	0	0	0	0	0	0	0	0	23.5415	34.8603	48.6722	92.6103	17.1012	19.1704	9.63888	11.7547	0	0	0	0
k107_29768901 flag=0 multi=80.0051 len=28478	28478	109.336	0	0	0	0	0.0052527	0.00533073	0	0	0	0	0	0	25.4207	30.2731	55.4817	99.331	18.0635	27.0444	10.3646	15.5371	0	0	0	0
k107_7220928 flag=0 multi=71.9821 len=30607	30607	100.581	0	0	0	0	0	0	0	0	0	0	0	0	23.7689	31.3743	50.6061	64.1581	16.9479	20.5253	9.25808	12.6268	0	0	0	0
k107_17839055 flag=0 multi=82.2005 len=18090	18090	101.061	0.0169777	0.0287138	0	0	0	0	0	0	0	0	0	0	23.4537	30.7634	50.2478	75.1115	17.6809	19.0583	9.66134	15.4165	0	0	0	0
k107_15064612 flag=0 multi=75.0515 len=21283	21283	102.665	0	0	0	0	0	0	0	0	0	0	0	0	24.9854	32.7105	51.1207	83.922	17.0165	27.0175	9.54225	13.8651	0	0	0	0
k107_13406876 flag=0 multi=104.7597 len=9173	9173	103.082	0	0	0.116221	0.529062	0	0	0	0	0.199076	1.2036	0	0	24.0945	31.184	51.8678	89.0432	16.7959	21.7068	10.0081	16.2452	0	0	0	0
k107_4679659 flag=0 multi=110.0221 len=4006	4006	112.63	0	0	0	0	0	0	0	0	0	0	0	0	26.9668	24.6047	57.1585	107.131	18.8839	25.595	9.62122	9.4208	0	0	0	0
k107_11749886 flag=0 multi=98.9902 len=42479	42479	103.27	0	0	0	0	0	0	0.0071603	0.00720946	0	0	0	0	24.1689	30.5697	51.6016	70.7123	17.7156	24.5725	9.77689	13.6121	0	0	0	0
k107_5473765 flag=0 multi=79.9058 len=41646	41646	99.793	0	0	0.00355553	0.00364068	0	0	0	0	0.00711107	0.0143692	0	0	23.0352	31.7856	50.2986	80.5847	17.5757	22.3488	8.87278	11.1813	0	0	0	0
k107_15870063 flag=0 multi=83.8673 len=55370	55370	101.923	0	0	0	0	0	0	0	0	0	0	0	0	24.614	29.8611	51.6353	79.7173	16.6417	24.6921	9.0316	12.5435	0	0	0	0
k107_11230009 flag=0 multi=96.0095 len=54960	54960	104.321	0	0	0	0	0	0	0.00552527	0.00673896	0	0	0	0	24.7753	34.7446	52.9708	82.5459	17.351	23.6701	9.2128	12.2812	0.00548868	0.00721466	0	0
k107_12227606 flag=0 multi=79.3016 len=61887	61887	107.803	0	0	1.62377e-05	6.49435e-05	0	0	0	0	9.74263e-05	0.000194803	0	0	25.3127	32.9698	54.3794	86.0892	18.0184	27.84	10.0921	14.198	0	0	0	0
k107_33992800 flag=0 multi=101.9783 len=5953	5953	99.5879	0	0	0	0	0	0	0	0	0	0	0	0	24.6806	24.0335	50.8595	81.4644	16.0917	15.9437	7.95611	9.45859	0	0	0	0
k107_12582151 flag=0 multi=93.9836 len=38361	38361	108.558	0	0	0	0	0	0	0	0	0.0387031	0.272026	0	0	26.0123	36.8969	54.9655	87.8472	17.5039	24.5319	10.0374	11.2083	0	0	0	0
k107_429807 flag=0 multi=81.9904 len=36145	36145	107.828	0.0123316	0.0178375	0	0	0	0	0	0	0	0	0	0	24.5218	35.6253	55.8247	97.3951	17.8034	26.0827	9.66585	14.1125	0	0	0	0
k107_16747919 flag=0 multi=139.7208 len=7618	7618	99.6092	0	0	0	0	0	0	0	0	0	0	0	0	23.9422	24.9409	49.1264	100.117	17.7806	21.4294	8.75998	10.5648	0	0	0	0
k107_4359231 flag=0 multi=80.4159 len=48857	48857	101.469	0	0	0.00609618	0.0121725	0	0	0.00621975	0.0112119	0.0826897	1.16492	0	0	23.4551	27.3632	51.8251	85.4727	16.5543	26.3878	9.53286	12.3239	0	0	0.00613737	0.00638624
k107_2781858 flag=0 multi=91.9980 len=77942	77942	106.264	0	0	0.00388975	0.00386948	0	0	0	0	0	0	0	0	25.2178	32.6505	54.0796	87.1076	17.5145	26.4129	9.44782	14.258	0	0	0	0
k107_4727837 flag=0 multi=105.0661 len=43945	43945	108.039	0.00691978	0.0109147	0	0	0	0	0	0	0	0	0	0	25.3286	38.7378	55.5336	95.4463	17.2872	21.4416	9.87634	15.9786	0.00675939	0.00687331	0	0
k107_16615883 flag=0 multi=59.4421 len=5262	5262	102.419	0	0	0	0	0	0	0	0	0	0	0	0	23.8851	28.5658	52.0815	38.2401	17.4909	26.1692	8.96189	12.8804	0	0	0	0
k107_33338217 flag=0 multi=70.5481 len=20108	20108	106.703	0	0	0	0	0	0	0	0	0	0	0	0	25.6866	32.883	53.3757	68.0108	18.1693	26.1525	9.47107	13.3319	0	0	0	0
k107_22009579 flag=0 multi=81.9636 len=10920	10920	100.902	0	0	0	0	0	0	0	0	0	0	0	0	25.0939	38.5927	50.416	79.1294	16.1449	16.1892	9.24741	10.5802	0	0	0	0
k107_17613231 flag=0 multi=68.9311 len=3356	3356	101.191	0	0	0	0	0	0	0	0	0	0	0	0	24.8759	44.3587	50.6513	39.5868	16.2377	25.7391	9.42567	6.22476	0	0	0	0
k107_20949751 flag=0 multi=80.4753 len=68542	68542	101.28	0	0	0	0	0	0	0	0	0	0	0	0	23.9843	32.3971	50.9299	74.4203	17.0856	26.0862	9.28042	11.4483	0	0	0	0
k107_33124485 flag=0 multi=70.5615 len=16469	16469	105.302	0	0	0	0	0	0	0	0	0	0	0	0	25.6359	26.4718	52.6547	82.8505	17.8867	22.4909	9.12439	12.2012	0	0	0	0
k107_15531123 flag=0 multi=95.1057 len=10645	10645	106.242	0	0	0	0	0	0	0	0	0	0	0	0	24.4359	26.2806	53.9754	85.4324	18.1414	23.931	9.68897	12.9053	0	0	0	0
k107_21093065 flag=0 multi=173.5164 len=4567	4567	109.693	0	0	0	0	0	0	0.0708089	0.0911333	0	0	0	0	27.1273	50.3128	54.5236	57.2862	18.8858	18.7169	9.08511	15.1252	0	0	0	0
k107_15430538 flag=0 multi=251.8575 len=4380	4380	103.036	0	0	0	0	0	0	0	0	0	0	0	0	23.4941	42.0994	55.1878	95.1876	16.4473	11.9693	7.90657	15.0149	0	0	0	0
k107_21570553 flag=0 multi=82.9044 len=3402	3402	101.175	0	0	0	0	0	0	0	0	0	0	0	0	23.4103	25.0671	49.4126	61.7844	18.5071	24.924	9.84484	14.1	0	0	0	0
k107_25966387 flag=0 multi=78.0840 len=26941	26941	103.342	0	0	0	0	0	0	0.0113368	0.0118083	0	0	0	0	25.7462	40.0447	51.4348	70.1485	16.7529	22.1534	9.39656	12.1804	0	0	0	0
k107_17482649 flag=0 multi=72.0045 len=5680	5680	101.849	0	0	0	0	0	0	0	0	0	0	0	0	26.1158	30.749	51.0495	92.2393	15.4742	15.3372	9.20919	10.0463	0	0	0	0
k107_23347386 flag=0 multi=71.9820 len=16258	16258	105.486	0	0	0	0	0	0	0	0	0	0	0	0	25.4969	33.1334	52.9287	60.3191	16.6948	24.0503	10.3658	14.7283	0	0	0	0
k107_26963787 flag=0 multi=74.1650 len=67523	67523	100.305	0	0	0	0	0	0	0	0	0	0	0	0	23.999	28.6898	50.6564	80.9613	16.7371	21.0451	8.91216	13.9478	0	0	0	0
k107_28154435 flag=0 multi=96.1878 len=17146	17146	106.05	0	0	0	0	0	0	0	0	0	0	0	0	24.0841	28.3951	52.5511	76.7334	19.0341	28.301	10.3805	12.4829	0	0	0	0
k107_721209 flag=0 multi=68.1339 len=3595	3595	106.832	0	0	0	0	0	0	0	0	0	0	0	0	25.0662	42.5013	55.9502	62.5142	16.9068	16.4764	8.9092	12.3413	0	0	0	0
k107_4432801 flag=0 multi=118.8816 len=8043	8043	102.904	0	0	0	0	0	0	0	0	0	0	0	0	26.1793	25.6295	49.8553	60.6221	17.5355	20.1157	9.33432	13.5978	0	0	0	0
k107_18704519 flag=0 multi=84.6387 len=71131	71131	105.039	0	0	0.00426379	0.00529187	0	0	0	0	0	0	0	0	24.5567	32.4978	53.0541	82.5627	17.4886	22.9437	9.93532	14.6227	0	0	0	0
k107_20604872 flag=0 multi=87.9881 len=60613	60613	100.412	0	0	0	0	0	0	0	0	0	0	0	0	23.874	33.8976	50.1172	74.4099	17.1036	21.9272	9.31732	11.3953	0	0	0	0
k107_21723586 flag=0 multi=69.0371 len=20582	20582	107.04	0	0	0	0	0	0	0	0	0	0	0	0	24.9299	33.5115	54.2979	86.4642	18.5313	29.9649	9.28111	13.3868	0	0	0	0
k107_6707797 flag=0 multi=85.8429 len=22208	22208	107.69	0	0	0	0	0	0	0	0	0	0	0	0	25.7723	31.4893	56.2132	90.5489	16.1673	21.5491	9.53757	13.9484	0	0	0	0
k107_15851768 flag=0 multi=78.1277 len=28293	28293	102.77	0	0	0	0	0	0	0	0	0	0	0	0	24.3953	38.5986	52.07	78.9485	17.2898	23.1907	9.01533	9.49274	0	0	0	0
k107_30499179 flag=0 multi=84.6951 len=36084	36084	99.8638	0	0	0.00827232	0.0162482	0	0	0	0	0.0247052	0.11559	0	0	24.282	27.9403	49.9278	80.7267	16.4955	21.9556	9.12554	13.8188	0	0	0	0
k107_17113698 flag=0 multi=91.0231 len=46476	46476	103.197	0	0	0	0	0	0	0	0	0	0	0	0	24.3586	33.3406	51.7116	78.509	17.3427	26.0042	9.78373	16.2155	0	0	0	0
k107_15045772 flag=0 multi=73.8777 len=3648	3648	104.889	0.0899582	0.114423	0	0	0	0	0	0	0	0	0	0	26.0191	38.2468	55.329	91.7375	15.2522	36.1354	8.19815	10.0878	0	0	0	0
k107_10416495 flag=0 multi=62.1755 len=12165	12165	104.446	0	0	0	0	0	0	0	0	0	0	0	0	24.0429	33.4329	53.125	58.3216	17.7426	24.8249	9.53561	13.2018	0	0	0	0
k107_8719575 flag=0 multi=114.3392 len=7427	7427	102.617	0	0	0	0	0	0	0	0	0	0	0	0	25.0483	42.3715	53.1375	91.4201	16.8261	20.4599	7.60547	9.32679	0	0	0	0
k107_23423392 flag=0 multi=87.9675 len=25169	25169	101.196	0	0	0	0	0	0	0	0	0	0	0	0	22.4783	26.5909	52.5599	71.3702	17.0531	20.9479	9.1048	11.0932	0	0	0	0
k107_9030417 flag=0 multi=120.8976 len=10991	10991	107.497	0	0	0	0	0	0	0	0	0	0	0	0	25.2967	37.6356	54.4739	74.3632	17.5819	18.321	10.1446	13.6008	0	0	0	0
k107_25880840 flag=0 multi=80.2580 len=23109	23109	104.881	0	0	0	0	0	0	0	0	0	0	0	0	24.4739	44.093	53.1814	68.7039	17.5405	22.662	9.68514	14.7812	0	0	0	0
k107_29504468 flag=0 multi=86.0410 len=93216	93216	104.881	0	0	0.00325032	0.00360109	0	0	0	0	0	0	0.000462794	0.000494596	25.3473	30.3198	52.7737	88.3475	17.3255	21.5901	9.42797	12.9918	0.00323955	0.0032364	0	0
k107_20922443 flag=0 multi=87.2845 len=9956	9956	98.7353	0	0	0	0	0	0	0	0	0	0	0	0	25.1804	28.0302	48.971	69.8155	15.877	16.1837	8.70686	13.4316	0	0	0	0
k107_23832809 flag=0 multi=85.0031 len=15673	15673	101.635	0	0	0	0	0	0	0	0	0	0	0	0	24.1751	26.956	51.4808	78.11	16.8242	27.0064	9.15503	14.496	0	0	0	0
k107_35473810 flag=0 multi=86.4518 len=10538	10538	100.647	0	0	0	0	0	0	0	0	0	0	0	0	24.9417	23.6834	50.8792	72.4211	16.2578	23.7342	8.56839	14.7833	0	0	0	0
k107_20154157 flag=0 multi=66.9643 len=16654	16654	102.503	0	0	0	0	0	0	0	0	0	0	0	0	25.1476	36.0201	51.1886	77.0197	16.7772	22.1862	9.38974	12.77	0	0	0	0
k107_19656900 flag=0 multi=80.8241 len=126347	126347	106.975	0.00239597	0.00416692	0.00474434	0.00666939	0	0	0	0	0.0116863	0.103841	0	0	25.2445	32.7923	54.3335	78.9965	17.6311	25.1441	9.74712	12.9968	0	0	0	0
k107_8811148 flag=0 multi=110.6235 len=2766	2766	108.748	0	0	0	0	0	0	0	0	0	0	0	0	27.1514	18.709	53.7849	55.0328	19.0787	19.9242	8.73295	8.21171	0	0	0	0
k107_17395156 flag=0 multi=96.2627 len=70630	70630	103.404	0	0	0	0	0	0	0	0	0	0	0	0	24.4679	29.3836	52.1008	75.6967	16.9093	26.4267	9.9216	15.8282	0.00429416	0.00535774	0	0
k107_35265864 flag=0 multi=81.8522 len=3930	3930	115.298	0	0	0.0146086	0.0306071	0.00937155	0.0100962	0	0	0.00220507	0.00274953	0	0	29.2431	25.0669	56.828	71.7212	17.6461	23.9906	11.5549	21.6104	0	0	0	0
k107_32013311 flag=0 multi=83.0680 len=7623	7623	109.331	0	0	0	0	0	0	0	0	0	0	0	0	24.9777	37.3451	56.2674	105.938	17.208	24.3612	10.8782	13.0628	0	0	0	0
k107_32330302 flag=0 multi=77.1603 len=9771	9771	97.7836	0	0	0.0637871	0.235111	0	0	0	0	0	0	0	0	24.1638	29.5899	48.6471	75.8326	16.3427	19.5419	8.56627	9.07878	0	0	0	0
k107_32629485 flag=0 multi=83.1274 len=42860	42860	106.899	0	0	0	0	0	0	0	0	0	0	0	0	25.1988	30.7243	54.6085	79.3854	17.228	24.6953	9.86357	12.545	0	0	0	0
k107_24608451 flag=0 multi=83.4537 len=50119	50119	99.394	0	0	0	0	0	0	0	0	0	0	0	0	23.6284	37.6426	50.5171	76.8591	16.382	19.9522	8.86651	12.5879	0	0	0	0
k107_30832887 flag=0 multi=80.9384 len=51529	51529	101.956	0	0	0.00587581	0.0088248	0	0	0	0	0	0	0	0	24.3361	32.5378	51.6129	75.752	16.948	25.1179	9.05347	13.9302	0	0	0	0
k107_25687557 flag=0 multi=87.2443 len=8195	8195	111.804	0	0	0	0	0	0	0	0	0	0	0	0	27.297	30.0329	56.1102	85.6583	18.6687	21.8845	9.72849	11.4984	0	0	0	0
k107_20860661 flag=0 multi=73.0001 len=34293	34293	102.908	0	0	0	0	0	0	0	0	0	0	0	0	24.8678	26.93	51.7872	69.1468	16.8132	21.785	9.4397	10.8514	0	0	0	0
k107_14473763 flag=0 multi=91.9625 len=7663	7663	105.331	0	0	0	0	0	0	0	0	0	0	0	0	25.2349	24.9428	54.3716	63.1605	16.4513	21.6864	9.27333	12.6768	0	0	0	0
k107_8949319 flag=0 multi=91.2130 len=6305	6305	102.88	0	0	0	0	0	0	0	0	0	0	0	0	24.0365	29.2796	51.39	104.811	18.7401	18.365	8.71331	10.3787	0	0	0	0
k107_11110290 flag=0 multi=79.7411 len=40046	40046	104.662	0	0	0	0	0	0	0	0	0	0	0	0	25.5515	31.0352	52.8998	78.436	16.7452	22.0113	9.46525	13.9428	0	0	0	0
k107_10724780 flag=0 multi=72.5678 len=22955	22955	105.115	0	0	0	0	0	0	0	0	0	0	0	0	24.8786	34.4526	52.7968	68.6705	17.7309	27.2514	9.70887	13.8993	0	0	0	0
k107_11774051 flag=0 multi=71.6396 len=108620	108620	99.4491	0	0	0	0	0	0	0	0	0	0	0	0	23.6328	31.2158	49.8605	70.9739	17.0771	23.8736	8.87856	12.5162	0	0	0	0
k107_9980947 flag=0 multi=69.5428 len=17877	17877	103.967	0	0	0	0	0	0	0	0	0	0	0	0	24.8534	27.2318	51.8199	86.3539	17.8312	19.8298	9.46236	11.7041	0	0	0	0
k107_241591 flag=0 multi=77.0463 len=46968	46968	104.515	0	0	0	0	0	0	0	0	0	0	0	0	24.1193	31.544	54.0306	82.9169	16.7432	24.0881	9.62191	15.7366	0	0	0	0
k107_18880172 flag=0 multi=92.6950 len=3268	3268	102.68	0	0	0	0	0	0	0	0	0	0	0	0	25.8712	45.0275	50.474	43.269	16.6881	11.7186	9.647	10.9804	0	0	0	0
k107_6971909 flag=0 multi=100.2323 len=21011	21011	105.497	0	0	0	0	0	0	0	0	0	0	0	0	25.2115	34.1898	53.7039	90.9987	17.1287	26.2741	9.45328	12.8489	0	0	0	0
k107_7950133 flag=0 multi=67.1971 len=17637	17637	103.373	0	0	0	0	0	0	0	0	0	0	0	0	24.0545	36.7139	52.0255	74.1509	17.9624	29.8692	9.33026	13.6591	0	0	0	0
k107_6024870 flag=0 multi=87.4606 len=32756	32756	104.799	0	0	0	0	0	0	0	0	0.00452949	0.00462972	0	0	24.9837	28.3578	52.8899	79.7442	17.1258	25.1353	9.79537	13.0344	0	0	0	0
k107_10212413 flag=0 multi=80.3635 len=23587	23587	104.187	0	0	0	0	0	0	0	0	0	0	0	0	24.9053	43.2809	50.9408	71.0918	18.8366	28.5326	9.50436	14.0523	0	0	0	0
k107_417608 flag=0 multi=116.0611 len=18019	18019	108.587	0	0	0	0	0	0	0	0	0	0	0	0	25.7046	35.0791	54.7827	67.187	17.9659	25.5111	10.1335	16.0505	0	0	0	0
k107_17565451 flag=0 multi=74.8192 len=10450	10450	99.8533	0	0	0	0	0	0	0	0	0	0	0	0	23.9475	29.5273	49.5097	65.8802	17.1771	25.3434	9.21906	14.3103	0	0	0	0
k107_24000837 flag=0 multi=66.9466 len=7678	7678	103.529	0	0	0	0	0	0	0	0	0	0	0	0	24.6456	33.2552	52.3267	73.2914	16.5666	18.3641	9.9897	12.0668	0	0	0	0
k107_467693 flag=0 multi=63.6596 len=4766	4766	104.292	0	0	0	0	0	0	0	0	0	0	0	0	23.2236	31.1486	55.2688	73.8234	16.6071	31.779	9.19243	9.44307	0	0	0	0
k107_28273368 flag=0 multi=71.2823 len=13354	13354	104.054	0	0	0	0	0	0	0	0	0	0	0	0	24.8615	29.986	51.8239	89.3836	17.819	27.1721	9.55003	13.4169	0	0	0	0
k107_8322995 flag=0 multi=70.3518 len=19295	19295	102.789	0	0	0	0	0	0	0	0	0	0	0	0	24.0938	30.7113	51.8941	76.0636	16.7757	25.7523	10.0257	17.1249	0	0	0	0
k107_8397030 flag=0 multi=88.4227 len=12732	12732	102.398	0	0	0	0	0	0	0	0	0	0	0	0	24.8874	36.8594	51.7564	84.4709	16.3208	22.4141	9.43298	14.3569	0	0	0	0
k107_8532993 flag=0 multi=77.0365 len=15638	15638	104.672	0	0	0.0196922	0.0238767	0	0	0	0	0	0	0	0	24.8367	30.3656	52.9364	88.2584	16.8704	21.8732	10.0088	17.0358	0	0	0	0
k107_18861051 flag=0 multi=73.8522 len=2542	2542	111.292	0	0	0	0	0	0	0	0	0	0	0	0	27.7022	42.7699	58.592	52.1262	15.4263	15.5594	9.57143	8.81006	0	0	0	0
k107_15866411 flag=0 multi=66.0766 len=11602	11602	108.225	0	0	0.00566372	0.0104004	0	0	0	0	0.0400885	0.288056	0	0	25.5714	36.6639	54.6145	81.0161	18.0501	26.5152	9.94292	11.723	0	0	0	0
k107_913657 flag=0 multi=96.9834 len=32657	32657	104.906	0	0	0	0	0	0	0	0	0	0	0	0	24.8898	33.4942	53.7679	82.5333	17.0004	22.8456	9.23882	11.4992	0.00924123	0.0145637	0	0
k107_12143399 flag=0 multi=71.3823 len=8670	8670	101.981	0	0	0	0	0	0	0	0	0	0	0	0	25.2678	35.9136	51.5257	58.6327	16.2349	24.5703	8.95268	8.90319	0	0	0	0
k107_10397205 flag=0 multi=79.0386 len=22618	22618	105.284	0	0	0	0	0	0	0	0	0	0	0	0	24.8942	32.0118	52.1964	88.8924	18.5675	26.2012	9.61194	12.0178	0.0135329	0.0137088	0	0
k107_16585495 flag=0 multi=92.9513 len=3577	3577	105.555	0	0	0	0	0	0	0	0	0	0	0	0	25.153	21.8804	53.7597	53.3463	18.6189	17.7968	8.02351	6.24578	0	0	0	0
k107_8410309 flag=0 multi=80.5431 len=17958	17958	108.261	0	0	0	0	0	0	0	0	0	0	0	0	25.8482	26.1545	54.3776	86.6484	18.2537	26.0599	9.76461	14.7544	0.0171047	0.0250899	0	0
k107_4066630 flag=0 multi=71.9832 len=46171	46171	99.2675	0	0	0.00658397	0.0112985	0	0	0	0	0.00978875	0.00977364	0	0	22.9267	29.8713	50.8115	79.1693	16.5218	23.9239	8.98454	12.0621	0.00658397	0.00653	0	0
k107_27906038 flag=0 multi=74.9927 len=47387	47387	99.717	0	0	0	0	0	0	0	0	0	0	0	0	23.223	31.2601	49.8856	65.5819	17.5707	24.8706	9.03774	11.9932	0	0	0	0
k107_11828222 flag=0 multi=133.8497 len=6587	6587	97.86	0	0	0	0	0	0	0	0	0	0	0	0	22.7936	34.0379	48.6291	98.1797	17.2083	20.9583	9.18107	13.233	0.0478918	0.0588006	0	0
k107_6166518 flag=0 multi=91.5609 len=61062	61062	103.345	0	0	0.00497038	0.00951492	0.00725806	0.0207701	0	0	0.0389401	0.447241	0	0	24.1641	31.4313	52.4965	76.8095	17.1674	23.1774	9.46122	12.9628	0	0	0.00497038	0.00699155
k107_32845124 flag=0 multi=75.9559 len=4553	4553	92.7615	0	0	0	0	0	0	0	0	0	0	0	0	22.626	24.3464	46.1684	66.8679	14.4267	21.3423	9.54034	11.0115	0	0	0	0
k107_14286632 flag=0 multi=263.1582 len=4179	4179	102.42	0	0	0	0	0	0	0	0	0	0	0	0	23.6245	24.6579	49.4826	93.4756	19.0157	32.4418	10.2974	11.8634	0	0	0	0
k107_28789692 flag=0 multi=76.4010 len=20948	20948	102.529	0	0	0	0	0	0	0	0	0	0	0	0	24.8598	34.148	51.526	59.0854	16.85	24.996	9.29274	12.2201	0	0	0	0
k107_4122268 flag=0 multi=75.9444 len=7586	7586	101.798	0	0	0	0	0	0	0	0	0	0	0	0	24.4635	29.4347	51.1049	58.1323	16.3811	16.6259	9.84898	10.7452	0	0	0	0
k107_31842655 flag=0 multi=73.3049 len=22658	22658	99.2407	0	0	0	0	0	0	0	0	0	0	0	0	23.4168	32.8817	49.8588	78.7047	16.6689	26.9499	9.29612	13.5963	0	0	0	0
k107_8000957 flag=0 multi=51.8334 len=2971	2971	94.0944	0	0	0	0	0	0	0	0	0	0	0	0	21.3398	11.472	47.7977	75.9852	16.1525	22.6524	8.80442	11.8022	0	0	0	0
k107_28115380 flag=0 multi=76.0764 len=4060	4060	105.407	0	0	0	0	0	0	0	0	0	0	0	0	24.7911	34.8113	52.5271	66.5689	18.0205	19.5289	10.0681	14.8141	0	0	0	0
k107_2986139 flag=0 multi=69.9668 len=4920	4920	99.0217	0.130793	0.11371	0	0	0	0	0	0	0	0	0	0	23.8116	34.0882	49.6797	56.3191	15.7183	33.6833	9.68125	10.1417	0	0	0	0
k107_30995175 flag=0 multi=182.3349 len=3720	3720	109.759	0	0	0	0	0	0	0	0	0	0	0	0	26.2382	36.1779	54.8452	109.525	18.5726	26.0861	10.1033	16.8141	0	0	0	0
k107_29870149 flag=0 multi=95.6017 len=75812	75812	99.5883	0	0	0	0	0	0	0	0	0	0	0	0	23.9369	32.794	50.1121	77.4585	16.6302	24.7478	8.90922	12.1345	0	0	0	0
k107_964440 flag=0 multi=74.0206 len=5971	5971	105.174	0	0	0	0	0	0	0	0	0	0	0	0	24.1118	17.8579	54.073	63.9335	17.6206	15.8487	9.36832	14.1116	0	0	0	0
k107_780392 flag=0 multi=153.7903 len=8177	8177	99.0056	0	0	0	0	0	0	0	0	0	0	0	0	24.5665	21.0819	49.8974	63.6674	16.1872	15.3397	8.35454	12.5136	0	0	0	0
k107_21128956 flag=0 multi=86.9898 len=43464	43464	105.644	0	0	0.00104258	0.00108776	0	0	0.0069969	0.00839194	0.00843334	0.0432283	0	0	25.2159	34.5073	53.2812	83.0634	17.5624	24.8285	9.568	13.5385	0	0	0	0
k107_4730178 flag=0 multi=111.8923 len=7514	7514	104.462	0	0	0	0	0	0	0	0	0	0	0	0	24.925	33.1485	54.3268	64.2997	15.9088	23.7251	9.30103	10.3487	0	0	0	0
k107_7600626 flag=0 multi=89.6517 len=56953	56953	102.145	0	0	0	0	0	0	0	0	0	0	0	0	23.934	31.8524	52.0168	71.6192	16.986	21.9301	9.20835	15.008	0	0	0	0
k107_3222136 flag=0 multi=73.9924 len=40127	40127	105.163	0	0	0.00758318	0.0145079	0	0	0	0	0	0	0	0	24.8711	32.0851	53.4748	81.5092	17.3925	26.8034	9.41745	12.803	0	0	0	0
k107_17134189 flag=0 multi=82.1270 len=101924	101924	103.733	0	0	0	0	0	0	0	0	0.00578615	0.0162954	0	0	24.5391	34.4669	52.5722	84.7061	17.4533	26.2251	9.15958	12.8672	0.0029718	0.00296084	0	0
k107_1752850 flag=0 multi=80.8050 len=3783	3783	97.0465	0	0	0	0	0	0	0	0	0	0	0	0	24.1333	15.0216	46.1816	66.4784	16.8828	29.8508	9.84889	30.0369	0	0	0	0
k107_23280656 flag=0 multi=79.0205 len=95122	95122	104.972	0	0	0	0	0	0	0	0	0	0	0	0	24.6785	33.6271	53.3779	86.5464	17.407	23.1241	9.50893	13.2331	0	0	0	0
k107_1616824 flag=0 multi=91.4591 len=17124	17124	97.5738	0	0	0.0179527	0.0176353	0	0	0	0	0	0	0	0	24.2783	31.4463	48.1815	66.9181	16.263	23.7306	8.83308	12.569	0	0	0	0
k107_20144668 flag=0 multi=89.5356 len=107453	107453	101.898	0.000167987	0.000205235	0.00412502	0.00633905	0.00277179	0.00280313	0.00275312	0.00297083	0	0	0	0	23.8078	33.4588	51.5214	77.5529	17.2423	23.4229	9.3166	12.9791	0	0	0	0
k107_19302272 flag=0 multi=81.7530 len=52979	52979	104.278	0.00573305	0.0114615	0	0	0	0	0	0	0	0	0	0	24.5279	30.8061	53.1995	72.2696	17.0213	20.9171	9.52393	12.2943	0	0	0	0
k107_6649791 flag=0 multi=125.9266 len=8841	8841	102.819	0	0	0	0	0	0	0	0	0	0	0	0	25.6762	31.0484	51.9082	64.9538	16.5765	19.4922	8.65804	14.7812	0	0	0	0
k107_27451154 flag=0 multi=73.9794 len=23311	23311	99.8706	0	0	0	0	0	0	0	0	0	0	0	0	23.8838	27.7953	50.0843	79.2921	16.851	23.7975	9.05141	10.5626	0	0	0	0
k107_31966117 flag=0 multi=103.8584 len=5340	5340	108.637	0	0	0	0	0	0	0	0	0	0	0	0	24.2866	25.7618	56.0058	68.3902	18.8674	22.8416	9.47737	15.5396	0	0	0	0
k107_13510642 flag=0 multi=78.6931 len=37206	37206	105.105	0	0	0	0	0	0	0	0	0	0	0	0	25.6513	32.9777	53.6423	73.8477	16.5591	22.9213	9.25257	12.8913	0	0	0	0
k107_12363337 flag=0 multi=65.8576 len=18585	18585	102.627	0	0	0	0	0	0	0	0	0	0	0	0	25.9232	36.7466	50.9097	73.0312	16.7408	28.1469	9.03703	13.946	0.016354	0.0173401	0	0
k107_35769013 flag=0 multi=117.0298 len=34727	34727	101.515	0	0	0	0	0	0	0	0	0	0	0	0	24.5671	35.1948	50.6398	67.488	17.0966	24.2839	9.21203	11.718	0	0	0	0
k107_8935651 flag=0 multi=79.1197 len=12618	12618	102.933	0	0	0.000811952	0.00105451	0	0	0	0	0.00389737	0.0283062	0	0	23.5302	33.173	52.4922	97.8504	17.6971	24.4747	9.20851	9.93413	0	0	0	0
k107_6688080 flag=0 multi=69.9774 len=7732	7732	103.198	0	0	0	0	0	0	0	0	0	0	0	0	23.6622	23.1087	52.5949	91.2783	17.0883	23.8752	9.85276	14.3822	0	0	0	0
k107_31672677 flag=0 multi=76.0285 len=15281	15281	105.685	0	0	0	0	0	0	0	0	0	0	0	0	24.9538	31.2251	54.8885	114.892	16.8436	21.2459	8.999	10.9753	0	0	0	0
k107_29415699 flag=0 multi=75.1762 len=2638	2638	109.436	0	0	0	0	0	0	0	0	0	0	0	0	25.1858	32.5014	55.7115	87.4245	19.2539	29.846	9.2851	7.05262	0	0	0	0
k107_11573259 flag=0 multi=201.1813 len=2931	2931	103.154	0	0	0	0	0	0	0	0	0	0	0	0	24.3579	27.4631	50.0761	27.0582	20.4625	24.7467	8.25751	12.7014	0	0	0	0
