contigName	contigLen	totalAvgDepth	Cen01_MA.bam	Cen01_MA.bam-var	Cen03_MA.bam	Cen03_MA.bam-var	Cen04_MA.bam	Cen04_MA.bam-var	Cen05_MA.bam	Cen05_MA.bam-var	Cen06_MA.bam	Cen06_MA.bam-var	Cen07_MA.bam	Cen07_MA.bam-var	Cen10_MA.bam	Cen10_MA.bam-var	Cen12_MA.bam	Cen12_MA.bam-var	Cen14_MA.bam	Cen14_MA.bam-var	Cen15_MA.bam	Cen15_MA.bam-var	Cen16_MA.bam	Cen16_MA.bam-var	Cen17_MA.bam	Cen17_MA.bam-var
k107_506877 flag=0 multi=117.7736 len=26347	26347	113.558	0	0	0	0	0	0	0	0	12.6123	19.2001	0	0	0.0231906	0.0245824	40.7295	65.7405	15.6468	23.5558	44.5348	62.3723	0.0115953	0.0114531	0	0
k107_21935283 flag=0 multi=133.0264 len=4382	4382	112.645	0	0	0	0	0	0	0	0	11.4517	15.8958	0	0	0	0	39.338	84.0761	15.9983	25.6802	45.8566	91.0118	0	0	0	0
k107_1093831 flag=0 multi=89.9481 len=128836	128836	113.523	0.018781	0.0284875	0	0	0	0	0	0	12.2996	16.6858	0.00819238	0.00839625	0.0516284	0.0635915	40.9034	61.2487	15.3357	20.7821	44.9058	67.0615	0	0	0	0
k107_13105933 flag=0 multi=90.0728 len=45313	45313	114.046	0	0	0.00339917	0.003476	0	0	0.0189731	0.0368181	12.0261	20.8413	0	0	0.0469441	0.0578615	39.5251	49.1245	15.9798	25.2522	46.4453	72.9553	0	0	0	0
k107_1551970 flag=0 multi=96.5472 len=40759	40759	112.201	0	0	0.0184393	0.0362577	0.0109252	0.0198222	0	0	11.8629	17.4364	0.0109005	0.0292152	0.0373236	0.047292	40.1684	65.8405	15.5009	22.008	44.5686	72.1363	0.0222211	0.0285065	0	0
k107_12513157 flag=0 multi=101.9841 len=45584	45584	113.196	0.010004	0.011415	0	0	0	0	0	0	12.6556	19.0498	0.00333466	0.00332698	0.0199638	0.0384464	39.8056	68.8392	15.1326	20.0403	45.5688	55.4662	0	0	0	0
k107_32224954 flag=0 multi=117.9977 len=21381	21381	111.275	0.0286541	0.0370352	0	0	0	0	0	0	11.5156	14.8685	0	0	0.0285592	0.0386521	41.4722	53.89	14.4363	21.354	43.7934	60.2242	0	0	0	0
k107_7113040 flag=0 multi=84.9874 len=91342	91342	115.56	0.00995167	0.0122582	0.00494288	0.00606147	0	0	0	0	12.3886	17.2815	0.00331722	0.00552204	0.0596771	0.0860212	41.5305	58.5356	15.6093	21.3462	45.9536	66.5181	0	0	0	0
k107_4899976 flag=0 multi=98.9410 len=17893	17893	114.507	0	0	0	0	0	0	0	0	12.2881	16.0583	0	0	0.103007	0.134231	39.7456	60.755	15.2574	22.222	47.1131	53.1715	0	0	0	0
k107_6900835 flag=0 multi=85.1022 len=63339	63339	112.631	0.00479084	0.00734324	0	0	0	0	0	0	12.2513	16.8555	0	0	0.0645811	0.102813	41.3473	57.3312	14.4772	18.715	44.4858	66.6414	0	0	0	0
k107_2541133 flag=0 multi=82.2714 len=69968	69968	113.481	0	0	0.00212442	0.00216263	0	0	0.00211007	0.00216263	11.9204	17.4561	0	0	0.0779864	0.129129	41.7354	62.9223	15.1878	21.4995	44.551	66.2125	0.00433497	0.00495884	0	0
k107_11781474 flag=0 multi=93.9874 len=15788	15788	114.837	0.0195015	0.0191191	0	0	0.0286711	0.0444136	0.00949244	0.00965537	12.1782	17.5737	0.00955702	0.00965526	0.0582462	0.066835	40.0994	54.5499	15.8832	21.0367	46.551	61.2441	0	0	0	0
k107_27559454 flag=0 multi=100.0114 len=30144	30144	114.126	0.01012	0.0173973	0	0	0	0	0	0	12.3408	21.4128	0.00492594	0.00503526	0.0909456	0.164559	40.8614	63.3727	15.6626	20.9281	45.1504	69.5901	0.00495945	0.00503495	0	0
k107_16793008 flag=0 multi=82.9901 len=28270	28270	115.162	0	0	0	0	0	0	0	0	12.8255	19.3598	0	0	0.0322869	0.0313373	40.0173	64.3867	15.9617	21.3675	46.2067	70.865	0.118028	0.770936	0	0
k107_17159958 flag=0 multi=89.0330 len=67705	67705	114.087	0	0	0	0	0	0	0	0	12.6833	18.2119	0	0	0.038025	0.0418689	40.9755	56.8212	15.5351	20.9821	44.8549	60.502	0	0	0	0
k107_8902461 flag=0 multi=83.6519 len=89133	89133	114.542	0.00679943	0.0121007	0	0	0	0	0.00339971	0.00338221	11.9781	18.2967	0	0	0.0711688	0.0883895	40.8167	61.2797	15.7305	24.174	45.9358	67.361	0	0	0	0
k107_1560891 flag=0 multi=108.8008 len=61023	61023	115.319	0.00497357	0.00666474	0	0	0	0	0	0	12.7633	19.3511	0	0	0.0496698	0.0548523	40.3952	56.282	15.7725	22.4238	46.3339	61.7602	0	0	0	0
k107_7646100 flag=0 multi=93.5006 len=23978	23978	115.993	0	0	0.00625106	0.00634174	0	0	0	0	12.6461	17.7881	0	0	0.0509799	0.0647162	40.4553	57.2095	16.0205	24.733	46.814	60.3172	0	0	0	0
k107_13473904 flag=0 multi=95.0826 len=35708	35708	113.078	0	0	0.00852963	0.00844807	0	0	0	0	12.2997	19.5976	0	0	0.0596792	0.0772013	39.1586	53.6038	15.582	22.7295	45.9696	64.1803	0	0	0	0
k107_4188585 flag=0 multi=73.1729 len=6797	6797	107.129	0	0	0	0	0	0	0	0	12.3467	14.1111	0	0	0.0464973	0.0443456	37.1005	50.1415	13.864	11.4922	43.7714	57.366	0	0	0	0
k107_20952548 flag=0 multi=92.6021 len=62580	62580	112.321	0.00484922	0.00889375	0.00484922	0.00694683	0	0	0	0	11.7381	17.0132	0	0	0.024198	0.0310012	39.9618	61.7972	15.5704	22.7051	45.0173	64.5086	0	0	0	0
k107_4443110 flag=0 multi=84.0054 len=6054	6054	114.511	0	0	0	0	0	0	0	0	12.6069	22.8541	0.025904	0.0255647	0.00834492	0.00879088	41.2265	85.7293	15.8908	25.0959	44.7526	67.3352	0	0	0	0
k107_18626297 flag=0 multi=105.0142 len=48072	48072	112.139	0	0	0	0	0	0	0	0	12.4932	17.3096	0.00316098	0.00315123	0.0599958	0.0769056	39.9076	60.9354	15.4464	21.885	44.2156	65.4492	0.0126439	0.0124834	0	0
k107_524387 flag=0 multi=101.7308 len=109175	109175	114.633	0.00554775	0.00591072	0	0	0	0	0	0	12.5199	18.4334	0	0	0.0471283	0.0627367	40.3062	64.0377	15.7186	20.4802	46.036	65.2699	0	0	0	0
k107_9969325 flag=0 multi=97.7262 len=78834	78834	114.174	0.0115367	0.0127963	0	0	0	0	0	0	12.3823	18.3436	0.00384557	0.00460909	0.0576071	0.0661927	40.4684	55.7714	15.5107	20.1178	45.74	66.7841	0	0	0	0
k107_35719704 flag=0 multi=81.6182 len=79730	79730	111.777	0.0056781	0.00687942	0	0	0	0	0.00380219	0.00602808	12.2026	18.0515	0	0	0.0456136	0.0603097	41.4605	70.2147	15.245	22.0778	42.8141	70.5119	0	0	0	0
k107_12139155 flag=0 multi=129.0732 len=28182	28182	110.74	0	0	0	0	0	0	0	0	12.0892	16.1298	0	0	0.10825	0.141489	39.5825	61.5926	14.8604	18.6084	44.0999	67.9843	0	0	0	0
k107_29165159 flag=0 multi=97.7847 len=62613	62613	113.04	0.00484666	0.00720454	0	0	0	0	0	0	12.1188	18.0905	0	0	0.0532651	0.0589929	40.4235	59.3599	15.442	21.5443	44.9981	65.2631	0	0	0	0
k107_18571926 flag=0 multi=156.7126 len=3423	3423	109.977	0	0	0	0	0	0	0	0	11.1407	12.7258	0	0	0.193528	0.203564	35.5274	62.9869	16.2339	18.6059	46.8818	43.7895	0	0	0	0
k107_1932418 flag=0 multi=86.0000 len=11235	11235	113.264	0	0	0	0	0	0	0	0	12.6971	17.7719	0	0	0.0412513	0.0475856	39.3198	50.0671	15.8797	23.2467	45.3265	96.1062	0	0	0	0
k107_17863163 flag=0 multi=97.9901 len=82511	82511	115.61	0.0110085	0.013795	0	0	0	0	0	0	12.3227	19.5987	0	0	0.0403605	0.0516964	41.1252	61.0955	16.0391	24.3963	46.072	66.9141	0	0	0	0
k107_6272794 flag=0 multi=94.9181 len=9263	9263	115.975	0	0	0.0168508	0.0165693	0	0	0	0	12.1402	17.1288	0	0	0.0337016	0.0428334	41.7277	41.4386	16.2178	20.5918	45.8389	70.6798	0	0	0	0
k107_959556 flag=0 multi=79.5436 len=56017	56017	113.465	0.00542044	0.00758179	0	0	0	0	0	0	11.7877	15.2229	0	0	0.0406533	0.0567511	41.0801	62.0238	15.6721	20.8165	44.8787	66.58	0	0	0	0
k107_5911357 flag=0 multi=91.9970 len=12787	12787	111.326	0	0	0	0	0	0	0	0	12.4324	13.1671	0	0	0.10869	0.214527	37.5325	50.6495	16.1239	29.587	45.1281	53.2312	0	0	0	0
k107_2687655 flag=0 multi=80.2926 len=4054	4054	115.021	0	0	0	0	0	0	0	0	12.8054	15.3239	0	0	0.0266525	0.0262013	38.2599	34.1568	15.8883	32.2304	48.0408	36.6952	0	0	0	0
k107_9559463 flag=0 multi=78.9953 len=17243	17243	115.202	0	0	0	0	0	0	0	0	12.8057	19.5222	0.0177675	0.0178536	0.0218995	0.0266785	40.4821	55.9051	15.4327	20.9048	46.4422	57.2167	0	0	0	0
k107_12452651 flag=0 multi=78.0209 len=24183	24183	115.142	0	0	0	0	0	0	0	0	13.1188	17.1222	0.0126042	0.0124846	0.0630208	0.0896617	39.7699	53.9851	15.9725	21.5776	46.1928	60.9449	0.0126042	0.019599	0	0
k107_4345863 flag=0 multi=80.8491 len=53371	53371	115.571	0.00567186	0.00720245	0.00567186	0.00757995	0	0	0	0	12.4898	16.9157	0.00280767	0.00283837	0.0479753	0.0501262	41.0239	65.959	15.6342	18.6828	46.3607	70.7286	0	0	0	0
k107_9311245 flag=0 multi=82.9563 len=13996	13996	114.472	0.0219804	0.0369066	0	0	0	0	0	0	12.0919	16.708	0.0219074	0.0306258	0.132248	0.150724	40.5277	75.4972	16.1895	18.6389	45.4872	53.3658	0	0	0	0
k107_21955965 flag=0 multi=88.1508 len=74714	74714	114.064	0.00405849	0.00482704	0.00405849	0.00621953	0	0	0	0	12.461	20.5226	0	0	0.0709294	0.0912839	40.1815	56.6592	15.6818	21.303	45.6609	59.6781	0	0	0	0
k107_1318682 flag=0 multi=93.0014 len=61442	61442	113.882	0	0	0.00493948	0.00616105	0	0	0	0	12.2737	19.4338	0.00240432	0.00245974	0.0764966	0.090063	40.9549	61.5413	15.5114	23.6155	45.0552	58.7248	0.00240432	0.00245975	0	0
k107_23225296 flag=0 multi=89.8396 len=102620	102620	117.201	0.0147579	0.0358256	0	0	0	0	0	0	12.7009	18.4314	0	0	0.0530894	0.0628797	41.7788	63.5882	15.8883	22.4109	46.7619	83.9685	0.00294181	0.00436501	0	0
k107_19861304 flag=0 multi=100.9783 len=25732	25732	115.131	0.0118757	0.0153535	0	0	0	0	0	0	11.8421	19.2937	0	0	0.0177743	0.0249611	39.8306	55.3827	15.6889	25.8446	47.7395	65.3552	0	0	0	0
k107_27536972 flag=0 multi=85.9727 len=28001	28001	112.098	0	0	0	0	0	0	0	0	11.4133	16.4446	0	0	0.0326727	0.0411927	39.835	63.5546	15.937	18.9003	44.8799	66.3337	0	0	0	0
k107_21354612 flag=0 multi=88.9709 len=18923	18923	115.645	0	0	0	0	0	0	0	0	12.7277	18.1133	0.0157886	0.0317298	0.0324365	0.0390047	40.024	60.3315	16.0509	25.625	46.7779	73.5115	0.0158423	0.0159621	0	0
k107_17153956 flag=0 multi=85.6651 len=55641	55641	113.906	0.0109145	0.0126758	0	0	0.0108242	0.0280741	0	0	12.4463	17.7681	0.00271057	0.00271798	0.021811	0.0259885	41.3429	55.2772	15.2906	19.7887	44.7743	59.8983	0.00545727	0.00781341	0	0
k107_4186257 flag=0 multi=201.1056 len=12384	12384	116.506	0.0249959	0.0243702	0	0	0	0	0	0	12.4154	14.0756	0.0248303	0.0243688	0.0499917	0.0488236	42.7015	59.8643	15.4285	19.9209	45.8609	57.7335	0	0	0	0
k107_32536566 flag=0 multi=93.6206 len=64199	64199	114.336	0.00472636	0.00811067	0	0	0	0	0	0	12.3473	16.8194	0.00236318	0.00235299	0.0375761	0.0489908	40.423	56.06	16.0667	23.5459	45.4549	71.7913	0	0	0	0
k107_9619595 flag=0 multi=121.1103 len=4412	4412	100.255	0	0	0.245499	0.264726	0	0	0	0	1.93479	1.80378	2.4983	5.13151	0.0734793	0.0680973	6.65669	7.45457	16.4054	16.8244	46.7165	43.9822	25.7248	22.2405	0	0
k107_15711082 flag=0 multi=93.9074 len=31416	31416	112.847	0.0096741	0.0135975	0	0	0	0	0	0	12.1031	17.9649	0	0	0.0872276	0.117102	40.4131	51.7661	15.5367	24.7889	44.6977	64.335	0	0	0	0
k107_9965475 flag=0 multi=83.2055 len=13761	13761	110.496	0	0	0	0	0.000371499	0.000520072	0	0	12.866	21.4698	0	7.42942e-05	0.044877	0.0734802	38.1845	42.7021	14.8426	15.9955	44.5581	68.039	0	0	0	0
k107_26661703 flag=0 multi=97.9838 len=44211	44211	112.359	0.00100207	0.00100109	0	0	0	0	0	0	11.7713	17.9547	0	0	0.0662962	0.095701	39.0501	50.0398	15.1826	21.0866	46.2881	60.6618	0	0	0	0
k107_800432 flag=0 multi=86.9923 len=75367	75367	114.337	0.00804636	0.0140214	0	0	0	0	0	0	12.1534	17.3817	0	0	0.0582961	0.0608608	41.2483	59.7578	15.6428	21.9077	45.2262	70.5292	0	0	0	0
k107_13632623 flag=0 multi=87.0058 len=25513	25513	110.433	0	0	0	0	0	0	0	0	11.7417	18.8622	0	0	0.0658046	0.0794268	40.0556	59.8111	15.0516	23.1275	43.5179	68.3691	0	0	0	0
k107_28790117 flag=0 multi=82.4292 len=25452	25452	112.985	0	0	0	0	0	0	0.012008	0.0156891	11.9461	21.6123	0.00584493	0.00596322	0.107753	0.194636	40.7074	59.3237	15.2772	24.7448	44.9289	70.7825	0	0	0	0
k107_32134831 flag=0 multi=93.0130 len=19247	19247	114.271	0	0	0	0	0	0	0	0	12.1489	19.8323	0	0	0.0955925	0.0946374	39.1368	53.0491	16.6105	24.4049	46.2632	60.0891	0.0158881	0.0162073	0	0
k107_4748319 flag=0 multi=84.0127 len=28150	28150	114.672	0	0	0	0	0	0	0	0	11.5527	17.1211	0	0	0.0541511	0.0657125	40.829	52.8215	15.787	23.1994	46.4493	70.485	0	0	0	0
k107_33712935 flag=0 multi=76.0933 len=3537	3537	111.531	0	0	0	0	0	0	0	0	11.0662	13.5957	0	0	0	0	40.4117	50.0877	13.8025	35.2473	46.251	62.5253	0	0	0	0
k107_17378858 flag=0 multi=91.6530 len=81066	81066	116.826	0	0	0	0	0	0	0	0	13.0958	19.7098	0	0	0.048586	0.0602602	40.2828	62.5094	16.5181	22.901	46.8766	67.4589	0.00373929	0.00371198	0	0
k107_14769675 flag=0 multi=92.1219 len=20391	20391	113.487	0	0	0	0	0	0	0	0	12.1653	15.9894	0	0	0.0449998	0.0545274	38.5212	70.126	16.4375	21.8804	46.3065	60.4614	0.0118473	0.0174821	0	0
k107_5881791 flag=0 multi=93.0607 len=21208	21208	115.349	0	0	0	0	0	0	0	0	11.5379	13.5362	0	0	0.0143978	0.0191216	41.0072	54.7023	16.6186	18.0148	46.1712	56.6986	0	0	0	0
k107_23965115 flag=0 multi=73.0421 len=3218	3218	109.391	0.103567	0.138146	0	0	0	0	0	0	11.5813	15.8438	0	0	0.310357	0.286296	38.7308	35.6048	13.6766	24.1233	44.9883	47.3061	0	0	0	0
k107_28541827 flag=0 multi=79.1018 len=16605	16605	118.399	0.0185242	0.0351153	0	0	0	0	0	0	12.8678	19.3252	0	0	0.0555726	0.0680538	42.7899	66.0721	15.7945	22.4096	46.8728	66.3864	0	0	0	0
k107_3047681 flag=0 multi=86.3013 len=187562	187562	113.387	0.0184877	0.0340961	0	0	0	0	0.00322546	0.00481029	12.1453	18.4511	0.00482217	0.0067209	0.0322226	0.0468337	39.8163	59.3382	15.6445	22.5479	45.7194	66.5124	0.00322012	0.00320938	0	0
k107_15838571 flag=0 multi=90.7475 len=111391	111391	113.841	0.00543708	0.00868459	0	0	0	0	0.00271854	0.00483239	12.1074	18.0126	0.00811061	0.0125348	0.0624364	0.0861266	41.2364	59.1273	15.5119	21.0608	44.901	62.7881	0.00543708	0.00614621	0	0
k107_19387701 flag=0 multi=104.9655 len=21332	21332	111.979	0	0	0	0	0	0	0	0	11.8649	17.4576	0.0141702	0.0246894	0.0430813	0.0512134	41.15	56.0765	14.8952	21.5904	44.0116	67.6213	0	0	0	0
k107_1052563 flag=0 multi=93.1160 len=6795	6795	117.668	0	0	0	0	0	0	0	0	12.4423	23.3305	0	0	0.0458956	0.0560634	42.0608	57.7356	17.5589	15.8153	45.4688	74.0727	0.0455876	0.0899408	0.0458956	0.0606837
k107_20906731 flag=0 multi=82.9877 len=7683	7683	117.248	0	0	0	0	0	0	0	0	12.6208	19.5556	0	0	0.122612	0.2242	40.9939	69.7397	16.9797	24.8705	46.5311	68.7409	0	0	0	0
k107_14509952 flag=0 multi=94.5134 len=153584	153584	115.009	0.00591067	0.00795095	0.00197022	0.00243529	0	0	0	0	12.4648	19.9216	0.00491251	0.00564244	0.0561057	0.0686233	40.5709	55.5815	15.6995	23.4452	46.201	66.2655	0.00393393	0.00412605	0	0
k107_1389161 flag=0 multi=70.9849 len=27166	27166	115.183	0	0	0	0	0	0	0	0	12.8115	19.9743	0	0	0.0224836	0.0219765	40.4696	51.9059	15.7824	21.3627	46.0916	69.498	0.00550923	0.00558859	0	0
k107_26612157 flag=0 multi=86.0051 len=116623	116623	114.08	0	0	0.00126374	0.0012962	0	0	0	0	12.6842	19.7858	0.00259626	0.00311914	0.0440763	0.0570639	40.6785	65.6219	15.284	21.1895	45.3857	66.6335	0	0	0	0
k107_18176028 flag=0 multi=87.0102 len=5808	5808	113.235	0	0	0	0	0	0	0	0	11.844	15.483	0	0	0.109699	0.127467	41.8534	42.6916	16.5316	17.7062	42.8961	50.907	0	0	0	0
k107_14011805 flag=0 multi=166.5922 len=23809	23809	112.94	0	0	0	0	0	0	0	0	12.9148	17.8694	0	0	0.0512613	0.0534204	39.6646	70.2645	15.5089	22.8871	44.801	74.1723	0	0	0	0
k107_16172295 flag=0 multi=82.9684 len=26981	26981	111.396	0	0	0	0	0	0	0	0	11.9837	19.797	0	0	0.022602	0.0308938	38.7751	50.095	15.5022	23.5614	45.1125	70.9947	0	0	0	0
k107_3640317 flag=0 multi=112.0234 len=22573	22573	113.711	0.0135602	0.0226269	0	0	0	0	0	0	12.7915	17.2463	0.0135602	0.0209204	0.0608864	0.0695489	39.4071	71.1512	15.4593	21.0006	45.9648	74.48	0	0	0	0
k107_33594681 flag=0 multi=101.0000 len=8929	8929	114.864	0.0350064	0.0367971	0	0	0	0	0	0	11.792	16.7218	0	0	0	0	40.016	56.8241	16.5009	21.4179	46.5202	75.4253	0	0	0	0
k107_24864686 flag=0 multi=86.9917 len=35723	35723	115.039	0	0	0	0	0	0	0	0	12.5861	19.5288	0	0	0.061856	0.063386	41.9227	69.8963	15.4579	21.1367	45.0103	73.916	0	0	0	0
k107_25079840 flag=0 multi=76.0952 len=12327	12327	113.817	0	0	0	0	0	0	0	0	11.6736	15.7855	0	0	0.100457	0.120642	41.0596	53.0701	14.9329	21.6609	46.0506	69.7172	0	0	0	0
k107_5645985 flag=0 multi=94.1224 len=17552	17552	112.434	0.0350145	0.0362212	0	0	0	0	0	0	13.3092	18.6461	0	0	0.0350145	0.0337871	38.8915	45.758	15.3872	25.0669	44.7761	81.4734	0	0	0	0
k107_23379421 flag=0 multi=92.5620 len=77648	77648	114.228	0.00390453	0.0038871	0	0	0	0	0.00190055	0.00194543	12.152	17.561	0.0057663	0.00857116	0.0273317	0.0320016	39.9988	59.5935	15.9839	23.4221	46.0463	66.2455	0.00778321	0.0094807	0	0
k107_30859608 flag=0 multi=93.9547 len=40997	40997	114.501	0	0	0	0	0	0	0	0	12.5639	16.6867	0	0	0.0444526	0.059928	40.0984	58.3081	15.6907	20.2559	46.1037	73.2796	0	0	0	0
k107_3303906 flag=0 multi=86.9205 len=17738	17738	113.938	0.0173205	0.028724	0	0	0	0	0	0	11.7881	17.5902	0	0	0.15577	0.209969	40.2021	61.1627	15.326	20.9979	46.4491	67.6876	0	0	0	0
k107_13754882 flag=0 multi=85.1867 len=50434	50434	115.527	0.0060241	0.00762107	0	0	0	0	0	0	12.2391	17.2539	0	0	0.0570693	0.0931002	40.7273	62.4286	15.6213	21.693	46.8763	73.6463	0	0	0	0
k107_10008444 flag=0 multi=84.0450 len=118822	118822	114.594	0	0	0	0	0	0	0	0	12.2373	17.3703	0	0	0.0635926	0.0816502	40.8957	58.1215	15.5657	22.7868	45.8295	63.3677	0.00254809	0.00253976	0	0
k107_20010328 flag=0 multi=102.9815 len=34170	34170	111.933	0.0177749	0.0218245	0	0	0	0	0	0	11.6385	16.4818	0.00888745	0.0145153	0.0444963	0.0620718	40.6249	55.4931	15.6741	22.1806	43.9245	63.0136	0	0	0	0
k107_29125582 flag=0 multi=96.2117 len=4670	4670	114.602	0	0	0	0	0	0	0	0	12.3858	14.7134	0	0	0	0	41.9812	65.6362	15.576	23.7115	44.6589	87.7314	0	0	0	0
k107_28404690 flag=0 multi=100.0095 len=57426	57426	112.139	0.00528674	0.00994312	0	0	0	0	0	0	12.0587	17.759	0.00528674	0.00669595	0.0528324	0.0663858	40.7912	54.8172	15.3497	21.9319	43.8711	68.0898	0.00528674	0.00578639	0	0
k107_35012832 flag=0 multi=92.9369 len=16554	16554	115.486	0.00904504	0.00920745	0	0	0	0	0	0	12.6549	17.0968	0	0	0.0929732	0.100882	41.6525	80.9881	14.8341	21.9195	46.2428	74.0647	0	0	0	0
k107_26138146 flag=0 multi=80.9937 len=57884	57884	113.621	0.00522733	0.00834335	0	0	0	0	0	0	12.456	19.9694	0.00258761	0.00261112	0.0262235	0.0273709	40.043	58.7198	15.563	23.7914	45.5252	69.7679	0	0	0	0
k107_5922617 flag=0 multi=93.0048 len=32815	32815	111.073	0.0185157	0.0312262	0	0	0.00928859	0.0161364	0	0	12.663	19.6311	0	0	0.0461046	0.0603436	38.6376	56.6048	15.198	25.804	44.5006	60.3758	0	0	0	0
k107_28204550 flag=0 multi=88.9245 len=53016	53016	113.954	0.0114391	0.0197812	0	0	0	0	0	0	12.2726	17.4977	0	0	0.0286451	0.0550706	39.7918	54.2386	15.7002	25.0258	46.1495	68.5382	0	0	0	0
k107_31484091 flag=0 multi=89.0002 len=133325	133325	114.494	0	0	0	0	0	0	0	0	12.6287	19.639	0.00452553	0.00693866	0.049856	0.0645979	40.502	57.1653	15.9307	22.2415	45.3759	69.3951	0.00225525	0.00289235	0	0
k107_7024632 flag=0 multi=87.7238 len=26036	26036	112.285	0	0	0.000893759	0.00295031	0.0017098	0.00729699	0.0025647	0.0149395	11.7557	16.0192	0.0136784	0.0294785	0.0349732	0.0347374	39.8994	58.0305	15.626	24.4625	44.9499	59.2709	0.000738323	0.00267884	0	0
k107_28037442 flag=0 multi=132.1551 len=28931	28931	113.982	0.0105487	0.011845	0	0	0	0	0	0	12.0547	18.8878	0	0	0.0737015	0.140842	40.6642	50.9467	15.6434	24.6381	45.5249	62.4823	0.0105138	0.0109336	0	0
k107_27022374 flag=0 multi=76.0001 len=14399	14399	114.96	0	0	0	0	0.00808683	0.008022	0	0	12.4634	15.8252	0	0	0.064269	0.0734863	40.8439	64.7056	16.7266	21.1086	44.8535	62.3038	0	0	0	0
k107_12234321 flag=0 multi=87.8828 len=138460	138460	112.66	0.00874361	0.0146295	0.00435733	0.00630088	0	0	0	0	12.2015	16.9766	0.00107848	0.0010914	0.0524038	0.0644991	40.3993	56.4019	15.1133	23.5737	44.8753	61.2323	0.00437181	0.00521136	0	0
k107_24399386 flag=0 multi=101.9668 len=20651	20651	114.442	0	0	0	0	0	0	0	0	12.9544	17.7579	0	0	0.103887	0.121491	39.5543	68.8466	15.9691	19.8785	45.8605	59.4572	0	0	0	0
k107_18368524 flag=0 multi=113.4062 len=11258	11258	112.018	0.0275648	0.037944	0	0	0	0	0	0	12.2014	20.3912	0	0	0.0275648	0.0443339	38.0114	50.3152	15.9962	27.0328	45.7536	70.4269	0	0	0	0
k107_5902211 flag=0 multi=83.5417 len=57187	57187	112.139	0	0	0	0	0	0	0	0	12.2405	16.6045	0.00265448	0.00264427	0.0371451	0.0454129	40.4484	56.9749	15.2536	20.4247	44.1569	62.4319	0	0	0	0
k107_7425232 flag=0 multi=85.9054 len=22677	22677	114.061	0	0	0.00661453	0.0067034	0	0	0	0	12.5234	19.2452	0.00656983	0.0067034	0.0944804	0.0948755	38.4079	54.6783	16.1701	19.5724	46.8518	62.4308	0	0	0	0
k107_8583085 flag=0 multi=88.0135 len=43947	43947	114.954	0	0	0	0	0	0	0	0	12.2081	17.332	0.00689655	0.00738109	0.0553099	0.0766171	39.9861	55.1263	16.1809	21.6078	46.5165	66.1914	0	0	0	0
k107_28621955 flag=0 multi=65.9597 len=2838	2838	105.141	0	0	0	0	0	0	0	0	9.49448	8.63747	0	0	0	0	35.4543	35.3032	15.5225	15.7146	44.6696	32.6941	0	0	0	0
k107_21971990 flag=0 multi=88.1785 len=78715	78715	112.788	0.0231084	0.0299354	0	0	0	0	0	0	12.6223	19.4951	0.00573884	0.00812927	0.0230957	0.0309415	39.5725	51.6669	15.7641	23.0603	44.7697	65.0684	0.00769005	0.00897049	0	0
k107_16362817 flag=0 multi=84.2392 len=64306	64306	114.294	0.00471846	0.0066053	0	0	0	0	0.00471846	0.00545055	12.3076	17.8954	0	0	0.0611212	0.0795921	40.539	57.6007	15.6812	23.2082	45.6911	62.6068	0.00471846	0.00469664	0	0
k107_5874248 flag=0 multi=81.0932 len=13723	13723	109.979	0	0	0	0	0	0	0	0	12.265	19.1352	0	0	0.15744	0.266695	39.2897	75.0254	14.3423	19.0916	43.9025	66.5961	0.022502	0.0288622	0	0
k107_4172646 flag=0 multi=81.2988 len=17165	17165	114.261	0.017909	0.0308683	0	0	0	0	0	0	12.6981	20.9322	0	0	0.00249066	0.00307705	40.9545	56.3148	15.3623	22.5136	45.2261	76.7134	0	0	0	0
k107_7307173 flag=0 multi=99.9753 len=11544	11544	114.464	0	0	0.0268635	0.0375402	0	0	0	0	11.5698	14.8151	0	0	0.0266856	0.0261526	40.3771	83.1324	16.1279	19.8729	46.3217	66.3048	0.0134318	0.0132537	0	0
