contigName	contigLen	totalAvgDepth	Cen01_MA.bam	Cen01_MA.bam-var	Cen03_MA.bam	Cen03_MA.bam-var	Cen04_MA.bam	Cen04_MA.bam-var	Cen05_MA.bam	Cen05_MA.bam-var	Cen06_MA.bam	Cen06_MA.bam-var	Cen07_MA.bam	Cen07_MA.bam-var	Cen10_MA.bam	Cen10_MA.bam-var	Cen12_MA.bam	Cen12_MA.bam-var	Cen14_MA.bam	Cen14_MA.bam-var	Cen15_MA.bam	Cen15_MA.bam-var	Cen16_MA.bam	Cen16_MA.bam-var	Cen17_MA.bam	Cen17_MA.bam-var
k107_11176430 flag=1 multi=7.0000 len=3336	3336	6.19677	1.64469	7.24061	0	0	0.0497693	0.0473078	0	0	0	0	0	0	0	0	4.50231	14.4776	0	0	0	0	0	0	0	0
k107_9597721 flag=0 multi=13.6885 len=2778	2778	15.4572	0	0	0	0	0	0	0	0	0.276252	0.273553	0.355008	0.451642	10.8942	19.5842	2.93659	3.06388	0.73021	1.0998	0.264943	0.275585	0	0	0	0
k107_22921152 flag=0 multi=16.0847 len=27977	27977	18.4511	0	0	0.0896116	0.106927	0	0	0	0	0.228979	0.283864	0.158049	0.226388	12.6224	15.0471	3.59021	4.95365	1.14949	1.46178	0.612322	0.877328	0	0	0	0
k107_11395210 flag=0 multi=15.0012 len=158602	158602	18.0762	0	0	0.131535	0.179191	0	0	0	0	0.239248	0.350827	0.179236	0.265972	12.143	16.7863	3.83966	5.14805	0.957258	1.37299	0.586292	0.794893	0	0	0	0
k107_6376458 flag=0 multi=18.0152 len=92788	92788	18.1581	0	0	0.145146	0.208843	0	0	0.00979608	0.0208935	0.298456	0.437452	0.20256	0.297678	12.1906	16.1569	3.72834	4.97303	0.96393	1.32635	0.619272	0.907934	0	0	0	0
k107_4792173 flag=0 multi=22.0030 len=168795	168795	18.0033	0.00178642	0.00279611	0.120812	0.178524	0	0	0.00179236	0.00272439	0.262966	0.384709	0.168381	0.265634	11.8691	13.6545	3.92493	5.63531	0.99432	1.28111	0.65741	0.873927	0.00179236	0.0032596	0	0
k107_264992 flag=0 multi=16.0152 len=69110	69110	17.7638	0	0	0.107357	0.16791	0	0	0	0	0.230308	0.333066	0.206037	0.277628	12.0067	16.4716	3.77032	5.74953	0.871498	1.16572	0.571576	0.684947	0	0	0	0
k107_28413795 flag=0 multi=16.0025 len=62241	62241	18.0044	0.00482733	0.00608489	0.129175	0.212927	0	0	0	0	0.328646	0.495247	0.209513	0.28138	11.9387	17.8224	3.83692	5.12276	0.983694	1.44218	0.572919	0.852269	0	0	0	0
k107_7525788 flag=0 multi=18.3264 len=125959	125959	17.5584	0	0	0.115187	0.188921	0	0	0.00240337	0.0035904	0.250858	0.382669	0.19297	0.283096	11.6643	14.7473	3.73176	5.15919	0.956787	1.1922	0.644126	0.918887	0	0	0	0
k107_17952130 flag=1 multi=7.0000 len=8678	8678	5.06423	0	0	0	0	0	0	0	0	0.279489	0.44403	0	0	0	0	4.54405	5.45528	0	0	0	0	0.240688	0.964768	0	0
k107_6196235 flag=0 multi=23.5403 len=263624	263624	18.1879	0.00114688	0.00114466	0.130635	0.181233	0	0	0	0	0.292763	0.437071	0.185716	0.26591	12.1111	15.7568	3.96341	5.59448	0.908659	1.25933	0.594519	0.820043	0	0	0	0
k107_13008826 flag=0 multi=22.1012 len=123730	123730	17.8939	0	0	0.111279	0.161881	0	0	0	0	0.271178	0.397751	0.168722	0.245154	12.1501	16.4475	3.7076	5.49545	0.890211	1.34861	0.594808	0.866903	0	0	0	0
k107_32229863 flag=0 multi=17.2212 len=198357	198357	18.2815	0	0	0.0906516	0.13909	0	0	0.000742218	0.000761808	0.39533	0.664793	0.201389	0.302748	12.202	15.4457	3.81172	5.32774	0.910924	1.29916	0.668759	0.882576	0	0	0	0
k107_26455721 flag=0 multi=15.2223 len=20311	20311	17.7575	0	0	0.150732	0.257135	0	0	0	0	0.124744	0.213269	0.120596	0.148952	12.3023	15.0408	3.30771	5.09993	1.09201	1.65959	0.659353	0.849922	0	0	0	0
k107_18798512 flag=0 multi=17.2741 len=396195	396195	17.9477	0.000762832	0.000761712	0.131859	0.197989	0	0	0.000760306	0.00110573	0.297618	0.452762	0.168419	0.238972	12.0486	15.6556	3.7713	5.26751	0.914388	1.247	0.613188	0.891652	0.000762832	0.000762204	0	0
k107_18345742 flag=0 multi=16.3061 len=35960	35960	18.7777	0	0	0.10152	0.135235	0	0	0	0	0.334259	0.406799	0.198777	0.262808	12.6701	16.3179	3.88723	5.57258	0.901369	1.26004	0.684419	1.0057	0	0	0	0
k107_21838802 flag=0 multi=18.2652 len=54351	54351	18.5983	0	0	0.0920461	0.139568	0	0	0	0	0.242891	0.302028	0.203889	0.293817	12.1484	15.5354	4.29851	5.70174	0.943958	1.42401	0.668653	0.93699	0	0	0	0
k107_7479328 flag=0 multi=20.0021 len=263616	263616	17.9325	0	0	0.108881	0.148497	0	0	0	0	0.264665	0.379257	0.152529	0.240889	12.1231	16.2243	3.73368	5.32219	0.954362	1.27627	0.595285	0.778374	0	0	0	0
k107_35048039 flag=0 multi=34.9620 len=5271	5271	16.6774	0	0	0.18233	0.215535	0	0	0	0	0.273294	0.232969	0.243107	0.302387	11.0535	16.2902	3.62286	8.57548	0.687663	0.880689	0.614611	0.85041	0	0	0	0
k107_31123911 flag=0 multi=16.5875 len=127014	127014	17.8631	0	0	0.153545	0.230781	0	0	0	0	0.257245	0.370597	0.205569	0.299505	11.8903	13.5243	3.73106	5.61748	1.05778	1.50109	0.567642	0.746821	0	0	0	0
k107_24721653 flag=0 multi=22.0203 len=195599	195599	17.5248	0	0	0.136766	0.206656	0	0	0.00229394	0.00253461	0.314931	0.444216	0.185476	0.274635	11.5735	15.9212	3.80263	5.69626	0.892236	1.27134	0.616266	0.810168	0.00075782	0.000772333	0	0
k107_7539271 flag=0 multi=17.8905 len=315124	315124	17.9211	0	0	0.127208	0.193025	0	0	0.00334792	0.00521895	0.264473	0.389322	0.190711	0.29033	11.9667	15.393	3.85856	5.17379	0.893934	1.18753	0.615221	0.83205	0	0	0.000959272	0.00095745
k107_31036537 flag=0 multi=16.0158 len=20958	20958	17.198	0	0	0.0438129	0.0572611	0	0	0	0	0.248451	0.359826	0.23383	0.499408	11.5735	15.4397	3.58646	4.78989	0.986106	1.47842	0.525804	0.930221	0	0	0	0
k107_19466972 flag=0 multi=15.0065 len=139466	139466	17.7441	0	0	0.14092	0.214347	0.0021701	0.0039288	0.0021701	0.00315294	0.255849	0.35004	0.201611	0.282931	11.9321	14.786	3.66095	5.06493	0.932267	1.38177	0.616093	0.811044	0	0	0	0
k107_33381105 flag=0 multi=20.0187 len=47886	47886	17.2678	0	0	0.085533	0.127165	0	0	0	0	0.253699	0.41508	0.215724	0.322297	11.669	14.9835	3.47314	4.8089	0.898663	1.24724	0.671991	1.03064	0	0	0	0
k107_2522982 flag=0 multi=18.0076 len=216099	216099	18.4336	0	0	0.144047	0.22772	0	0	0.00139483	0.00139622	0.319763	0.477201	0.167773	0.243165	12.261	15.4577	3.92503	5.82311	0.99513	1.41324	0.61948	0.83758	0	0	0	0
k107_24911400 flag=0 multi=19.0268 len=54968	54968	17.6734	0	0	0.129697	0.18546	0	0	0	0	0.25257	0.409643	0.215326	0.333379	11.666	15.5785	3.87563	4.52261	0.973622	1.29912	0.560586	0.754063	0	0	0	0
k107_390068 flag=0 multi=18.0607 len=95401	95401	18.3307	0	0	0.123776	0.168459	0	0	0	0	0.302558	0.438634	0.20301	0.298411	12.4707	15.9519	3.70688	5.2527	0.887254	1.36202	0.636505	0.93891	0	0	0	0
k107_25638680 flag=0 multi=18.0038 len=72523	72523	17.7865	0	0	0.108694	0.136902	0	0	0	0	0.22139	0.357941	0.233893	0.305472	11.8025	15.654	3.79021	6.03222	1.01537	1.45355	0.614392	0.99709	0	0	0	0
k107_31837209 flag=0 multi=16.9997 len=70962	70962	18.4049	0	0	0.138777	0.213745	0	0	0.00213699	0.00213213	0.301175	0.39636	0.209298	0.281602	12.1916	16.0838	3.97826	5.7243	1.00776	1.40997	0.575885	0.699153	0	0	0	0
k107_34698131 flag=0 multi=22.2881 len=126047	126047	17.9993	0	0	0.141986	0.186234	0	0	0.00240169	0.00366435	0.241163	0.358055	0.170448	0.25821	12.1217	14.2343	3.84034	5.20013	0.897626	1.36712	0.583713	0.790817	0	0	0	0
k107_31973832 flag=0 multi=18.3248 len=13846	13846	18.0521	0	0	0.166937	0.204572	0	0	0	0	0.244536	0.504004	0.289575	0.415396	11.7306	15.5467	3.95134	6.37795	1.13851	1.44451	0.530567	0.722488	0	0	0	0
k107_32612568 flag=1 multi=4.0000 len=3583	3583	4.50869	0	0	0	0	0	0	0	0	0	0	0	0	0	0	4.50869	4.36622	0	0	0	0	0	0	0	0
k107_18504435 flag=0 multi=38.8003 len=15040	15040	13.8992	0.100963	0.172987	0.224861	0.256841	0.00997422	0.0101426	0.0100421	0.0101426	0.133193	0.201239	0.20437	0.240562	8.45739	9.80584	3.49729	5.36046	0.685235	0.899201	0.575858	0.799894	0	0	0	0
k107_16797454 flag=0 multi=16.1980 len=112416	112416	18.0976	0	0	0.12382	0.198002	0	0	0	0	0.248979	0.378908	0.201777	0.294778	12.1104	16.7178	3.83911	5.59645	0.99158	1.46758	0.581917	0.80784	0	0	0	0
k107_27177978 flag=0 multi=17.3275 len=4608	4608	18.5118	0	0	0.244775	0.248902	0	0	0	0	0.284255	0.42381	0.454714	0.637009	11.6784	14.1324	4.51184	4.48773	0.978402	1.22369	0.350441	0.444698	0.00905713	0.0259021	0	0
k107_9097732 flag=0 multi=21.5695 len=8347	8347	10.7488	0	0	0	0	0	0	0	0	0	0	0	0	10.7305	12.749	0.0182722	0.0184187	0	0	0	0	0	0	0	0
k107_11431577 flag=0 multi=15.0202 len=24224	24224	18.7309	0	0	0.144428	0.17273	0	0	0	0	0.441811	0.60961	0.201906	0.361301	12.0657	14.7233	4.26821	4.80142	0.998077	1.43089	0.610819	0.812154	0	0	0	0
