contigName	contigLen	totalAvgDepth	Cen01_MA.bam	Cen01_MA.bam-var	Cen03_MA.bam	Cen03_MA.bam-var	Cen04_MA.bam	Cen04_MA.bam-var	Cen05_MA.bam	Cen05_MA.bam-var	Cen06_MA.bam	Cen06_MA.bam-var	Cen07_MA.bam	Cen07_MA.bam-var	Cen10_MA.bam	Cen10_MA.bam-var	Cen12_MA.bam	Cen12_MA.bam-var	Cen14_MA.bam	Cen14_MA.bam-var	Cen15_MA.bam	Cen15_MA.bam-var	Cen16_MA.bam	Cen16_MA.bam-var	Cen17_MA.bam	Cen17_MA.bam-var
k107_17013125 flag=0 multi=37.6443 len=4080	4080	37.4307	0	0	0.0799365	0.141883	0	0	0	0	4.26654	3.21547	0	0	4.82266	5.81043	21.7462	41.2914	2.46321	3.78843	4.05214	4.2364	0	0	0	0
k107_23686846 flag=0 multi=41.7385 len=13383	13383	38.9837	0	0	0	0	0	0	0	0	3.15221	5.00435	0	0	6.31504	6.64793	17.8601	21.2597	9.06399	13.6525	2.55814	3.1652	0.0342481	0.0383217	0	0
k107_13472795 flag=0 multi=30.1421 len=9465	9465	38.9654	0	0	0	0	0	0	0.0329586	0.0443276	3.17178	6.00633	0	0	5.56368	6.723	18.1052	25.8487	9.15639	11.7128	2.88606	5.03231	0.0493288	0.0469976	0	0
k107_3675450 flag=0 multi=36.3567 len=10878	10878	37.0165	0	0	0	0	0	0	0	0	3.03933	4.87303	0	0	5.26664	8.0648	18.1723	25.6354	7.07895	7.43297	3.45934	5.92812	0	0	0	0
k107_15984604 flag=0 multi=34.0163 len=46118	46118	39.2583	0.00659158	0.00780209	0	0	0	0	0	0	3.55125	5.48817	0	0	5.60012	6.80985	18.3073	27.0903	8.56192	13.0591	3.20155	4.68496	0.0295748	0.0342745	0	0
k107_75283 flag=0 multi=30.9894 len=29160	29160	38.5383	0	0	0	0	0	0	0	0	3.48226	4.56467	0	0	5.28003	5.98642	18.119	25.0488	8.79659	13.9627	2.86042	3.82252	0	0	0	0
k107_22891436 flag=0 multi=30.4222 len=13938	13938	40.2501	0	0	0	0	0	0	0	0	4.11176	6.05299	0	0	6.04019	7.82886	18.2298	26.7756	9.0407	10.4287	2.82759	4.12715	0	0	0	0
k107_10937174 flag=0 multi=40.2706 len=39714	39714	39.0369	0.00766264	0.0111075	0	0	0	0	0	0	3.56901	5.52118	0	0	5.75053	6.97662	18.4577	27.7421	8.44129	11.3121	2.80699	3.27745	0.00372983	0.00381692	0	0
k107_5369276 flag=0 multi=41.9468 len=99125	99125	38.3841	0.00304585	0.00389615	0	0	0	0	0	0	3.50357	5.07076	0	0	5.50486	7.65381	17.7371	24.4919	8.70944	11.8434	2.88251	4.20561	0.043583	0.0690544	0	0
k107_3670860 flag=0 multi=46.0354 len=3076	3076	39.6972	0	0	0	0	0	0	0	0	3.54831	7.72232	0	0	5.01009	6.00888	19.4023	34.5979	8.40123	18.8448	3.12329	2.51217	0.211968	0.264863	0	0
k107_32933971 flag=0 multi=40.1429 len=34814	34814	39.2994	0	0	0	0	0	0	0	0	3.88781	5.93904	0.00875058	0.00868061	5.44993	5.9582	17.6613	26.1761	8.87596	10.6059	3.36411	4.64729	0.0516052	0.0662622	0	0
k107_19207277 flag=0 multi=40.8423 len=61489	61489	39.429	0.00987138	0.0116099	0	0	0	0	0	0	3.63672	5.38139	0	0	5.67408	7.09803	18.5838	25.0675	8.77546	13.2795	2.73447	3.92293	0.0146763	0.0192668	0	0
k107_19303554 flag=0 multi=41.0623 len=107219	107219	39.2553	0	0	0	0	0	0	0	0	3.59259	5.09607	0.00282462	0.00440164	5.69549	7.42419	18.343	27.5294	8.60178	10.8452	3.00705	4.22748	0.0125705	0.0148269	0	0
k107_7828509 flag=0 multi=32.0004 len=153611	153611	38.2092	0	0	0.00393976	0.00651811	0	0	0	0	3.57047	5.28063	0.00292873	0.00350594	5.73609	7.06559	17.2207	23.9854	8.84735	12.1063	2.8208	4.15238	0.00688805	0.00863711	0	0
k107_23119385 flag=0 multi=48.2347 len=63851	63851	39.0061	0	0	0	0	0	0	0	0	3.37351	4.69054	0.00231318	0.00236648	5.88994	7.7764	17.8853	26.472	8.7741	12.4663	3.07862	4.21308	0.00231318	0.00236707	0	0
k107_4469950 flag=0 multi=37.7387 len=264518	264518	39.0506	0.001143	0.00114055	0.00227844	0.00315426	0.001143	0.00201954	0	0	3.53193	5.37172	0.00342144	0.00561787	5.74377	6.94673	18.0235	25.9727	8.72646	12.4122	3.00394	4.18904	0.0130916	0.0155513	0	0
k107_35267440 flag=0 multi=37.7586 len=9103	9103	40.089	0	0	0	0	0	0	0	0	3.69015	5.3076	0	0	5.69276	7.99936	18.6113	32.2554	9.14964	9.95356	2.94512	4.27649	0	0	0	0
k107_29146703 flag=0 multi=31.9967 len=53689	53689	39.9492	0	0	0	0	0	0	0	0	3.52374	5.55265	0.0112949	0.0171003	5.81555	7.72759	18.1304	29.0583	9.36196	14.7512	3.08652	4.58234	0.0197239	0.0214594	0	0
k107_23503456 flag=0 multi=30.0028 len=58714	58714	38.1048	0	0	0	0	0	0	0	0	3.52958	5.25083	0	0	5.62438	7.48252	17.1756	26.6694	8.81538	14.3576	2.94193	3.9627	0.017873	0.0275916	0	0
k107_810001 flag=0 multi=36.0433 len=6113	6113	38.6705	0	0	0	0	0	0	0	0	2.79883	3.60259	0	0	6.31802	9.86318	17.6756	23.8679	9.24178	13.5763	2.63621	2.08638	0	0	0	0
k107_27051471 flag=0 multi=31.7046 len=14307	14307	38.2139	0	0	0	0	0	0	0	0	3.22656	4.30895	0	0	5.18193	6.05953	18.4666	28.2262	8.6025	10.7341	2.71467	3.21857	0.0215637	0.0286692	0	0
k107_32072274 flag=0 multi=38.7746 len=22185	22185	39.4087	0	0	0.00671754	0.00685122	0	0	0.00671754	0.00685122	3.05822	4.79217	0.0412649	0.0472726	5.64877	8.73901	18.4787	29.0512	8.93927	14.5735	3.20217	3.85195	0.0201526	0.0332509	0.00676324	0.00685122
k107_13178825 flag=0 multi=31.2157 len=58631	58631	38.6475	0	0	0	0	0	0	0	0	3.26237	4.91176	0	0	5.80852	7.09467	18.0628	27.0962	8.67148	11.8812	2.82693	4.5233	0.0153954	0.017008	0	0
k107_10106068 flag=0 multi=30.0170 len=43835	43835	37.2291	0	0	0	0	0	0	0.00684538	0.00690203	3.15972	4.47436	0	0	5.25663	7.03751	17.4825	25.9393	8.33414	11.2172	2.98927	3.79152	0	0	0	0
k107_3876758 flag=0 multi=33.1651 len=42740	42740	39.5656	0.00711626	0.011968	0.00711626	0.0102744	0	0	0	0	3.48586	5.37786	0	0	6.17383	7.48377	18.2613	28.235	8.61949	11.5975	3.00038	3.9586	0.0104388	0.0105626	0	0
k107_22858195 flag=0 multi=31.0987 len=113139	113139	38.1316	0	0	0	0	0	0	0	0	3.33127	5.56772	0.00133821	0.00133633	5.74654	7.46208	17.344	23.3927	8.75005	12.4768	2.94517	3.84126	0.0133201	0.0154623	0	0
k107_35424350 flag=0 multi=32.8172 len=70157	70157	38.5401	0	0	0	0	0	0	0	0	3.51072	5.496	0	0	5.69716	7.71865	17.8872	28.4494	8.58274	11.7924	2.86008	4.05835	0.00213299	0.00215627	0	0
k107_8821894 flag=0 multi=36.0177 len=32879	32879	38.232	0	0	0	0	0	0	0	0	3.49213	5.34633	0	0	5.65104	6.96907	17.4316	24.9206	8.4598	10.4363	3.18829	4.14246	0.00908616	0.00918899	0	0
k107_17179698 flag=0 multi=52.6962 len=3250	3250	40.8538	0	0	0	0	0	0	0	0	3.53087	3.86208	0	0	6.15163	7.19123	19.3619	25.4261	8.49118	8.52018	3.31818	3.76774	0	0	0	0
k107_19088293 flag=0 multi=34.9808 len=45871	45871	39.3686	0	0	0	0	0	0	0	0	3.29334	5.27613	0.00660537	0.00837283	5.90338	8.22346	18.5671	24.3391	8.58386	12.0705	3.00452	4.23077	0.00983125	0.0114225	0	0
k107_14078777 flag=0 multi=37.4050 len=59227	59227	38.2835	0	0	0	0	0	0	0	0	3.5444	5.10307	0	0	5.49364	6.48402	17.6923	29.1704	8.5741	12.0969	2.97909	4.3204	0	0	0	0
k107_11490173 flag=0 multi=40.0005 len=97545	97545	38.1117	0	0	0	0	0	0	0.00310562	0.00551604	3.54985	5.33911	0.00310562	0.00366846	5.75582	8.47621	17.0373	22.5654	8.66607	12.0677	3.08331	4.69021	0.0131938	0.0134146	0	0
k107_29566340 flag=0 multi=43.6765 len=77511	77511	38.7501	0	0	0	0	0	0	0	0	3.4163	4.96739	0	0	5.75151	7.30743	18.1369	25.9546	8.52123	13.0971	2.90675	4.07265	0.0174202	0.0187514	0	0
k107_28079626 flag=0 multi=31.0310 len=10987	10987	39.4521	0	0	0	0	0	0	0	0	3.72429	4.39289	0	0	5.54029	7.41592	17.7396	31.5557	9.12073	10.9864	3.32719	4.70318	0	0	0	0
k107_11720131 flag=0 multi=28.2128 len=27863	27863	37.0523	0.0109575	0.0108391	0	0	0	0	0	0	3.38282	4.75524	0	0	5.15264	7.37341	17.7047	28.4996	8.03556	11.9214	2.76561	3.60939	0	0.00010883	0	0
k107_14741594 flag=0 multi=30.0810 len=55952	55952	38.5912	0	0	0	0	0	0	0	0	3.55869	4.73202	0	0	5.78253	7.59124	17.7464	25.9025	8.67069	12.1999	2.82748	3.88879	0.0054088	0.00597261	0	0
k107_25919568 flag=0 multi=42.1992 len=28124	28124	38.921	0	0	0	0	0	0	0	0	3.91216	5.76527	0.0108547	0.0177128	5.75365	7.90073	17.7289	24.0888	8.66074	11.8014	2.84947	4.35877	0.00528359	0.00539854	0	0
k107_15169552 flag=0 multi=32.7301 len=43551	43551	37.7521	0	0	0	0	0	0	0	0	3.23758	4.35749	0.00698282	0.0114776	5.32898	6.94786	17.8824	25.0424	8.48716	13.2579	2.80892	3.53653	0	0	0	0
k107_35533340 flag=0 multi=34.0164 len=84568	84568	37.5813	0.00356015	0.00408304	0	0	0	0	0	0	3.40394	5.29377	0	0	5.89928	7.12481	17.0658	24.4745	8.34482	11.3557	2.85147	4.08047	0.0124368	0.0123974	0	0
k107_1717472 flag=0 multi=30.8937 len=22280	22280	18.3445	0	0	0	0	0	0	0	0	0	0	0	0	1.53103	1.90367	2.16043	3.16687	8.59955	11.6627	6.0334	8.40773	0.020111	0.02292	0	0
k107_27403882 flag=0 multi=38.6409 len=60810	60810	38.8358	0	0	0	0	0	0	0	0	3.29391	4.55162	0	0	5.75499	7.68113	18.0357	24.3721	8.67874	12.4081	3.06254	4.36012	0.00991604	0.0104433	0	0
k107_30389916 flag=0 multi=35.0245 len=26048	26048	36.9095	0	0	0	0	0.0116911	0.0172767	0	0	3.32141	4.88472	0.01173	0.0138604	5.41354	6.53655	16.7381	28.3664	8.56813	11.2188	2.83916	3.61578	0.00570962	0.00582764	0	0
k107_33362867 flag=0 multi=32.3158 len=17898	17898	38.2941	0	0	0	0	0	0	0	0	3.12662	3.95546	0.017163	0.018692	5.82127	8.36821	17.6076	24.8342	8.78967	11.8485	2.92345	4.02265	0.00835417	0.00850928	0	0
k107_25492520 flag=0 multi=32.5397 len=54288	54288	38.2987	0	0	0	0	0	0	0	0	3.48848	5.05756	0.0167636	0.0201165	5.60749	6.77635	17.7088	25.9302	8.52138	12.6546	2.94182	4.27194	0.013911	0.0171504	0	0
k107_3773161 flag=0 multi=34.3201 len=52613	52613	38.6233	0	0	0	0	0	0	0	0	3.53478	5.33215	0.0115463	0.0316759	5.54069	7.16495	17.5659	22.8052	9.03567	13.1377	2.93189	3.65208	0.00282923	0.00287966	0	0
k107_22017153 flag=0 multi=42.0181 len=37822	37822	18.9751	0	0	0	0	0	0	0	0	0	0	0	0	1.61962	2.05723	2.31506	2.95531	8.79803	13.1665	6.23451	9.71284	0.00788913	0.0121402	0	0
k107_5709020 flag=0 multi=35.0043 len=28701	28701	37.8769	0	0	0	0	0	0	0.0106342	0.0108036	3.31339	4.84137	0.0106342	0.0134822	5.19399	6.36923	17.8953	26.5983	8.58329	10.9289	2.83771	3.75477	0.0319025	0.0590979	0	0
k107_8992388 flag=0 multi=32.1906 len=5342	5342	38.2645	0	0	0	0	0	0	0	0	3.04107	2.6461	0	0	5.70575	5.27007	17.4036	20.2957	9.48234	10.0932	2.63175	3.57138	0	0	0	0
k107_9586434 flag=0 multi=31.0152 len=13239	13239	38.2787	0	0	0	0	0	0	0	0	3.67071	6.28218	0	0	5.50607	6.88417	17.8055	23.8963	8.48605	10.4622	2.78705	4.15669	0.0232666	0.0297621	0	0
k107_35860820 flag=0 multi=67.6766 len=4285	4285	38.1436	0	0	0	0	0	0	0	0	3.2704	7.43432	0	0	4.93322	7.32487	19.0015	23.7891	9.07407	13.2668	1.86442	2.26658	0	0	0	0
k107_5332653 flag=0 multi=43.1732 len=111134	111134	39.459	0.00271582	0.00271368	0	0	0	0	0	0	3.59974	4.97133	0.00272484	0.00271113	5.92057	7.64876	18.2304	27.1196	8.76576	14.2432	2.92241	4.20021	0.014734	0.0227682	0	0
k107_33874468 flag=0 multi=29.9892 len=2614	2614	38.9234	0	0	0	0	0	0	0	0	3.92171	5.65471	0	0	5.14533	3.89139	19.968	39.2369	7.46583	10.354	2.42258	3.11812	0	0	0	0
k107_28605660 flag=0 multi=28.1784 len=6588	6588	36.3269	0	0	0	0	0	0	0	0	2.95116	3.85146	0	0	5.62297	8.96173	17.1596	29.0169	7.74372	7.75118	2.8441	3.1733	0.00540884	0.00569665	0	0
k107_33600925 flag=0 multi=33.9928 len=22410	22410	39.0847	0	0	0	0	0	0	0	0	3.56848	5.26005	0	0	5.48358	5.32075	18.1094	25.652	8.92283	13.8787	2.99362	3.84971	0.00678487	0.00678366	0	0
k107_32436922 flag=0 multi=62.0311 len=24519	24519	39.1933	0	0	0	0	0	0	0	0	3.79651	5.163	0	0	6.03985	6.53433	18.184	25.3165	8.02003	11.5183	3.14052	3.92865	0.0123054	0.0247965	0	0
k107_23249484 flag=0 multi=38.0273 len=20098	20098	40.1219	0	0	0.0152556	0.0190738	0	0	0	0	3.67852	6.18895	0	0	5.76753	6.70417	18.3916	30.7759	8.92367	11.4542	3.32294	5.6592	0.0223783	0.0223562	0	0
k107_22151293 flag=0 multi=49.1003 len=36366	36366	38.2556	0.008374	0.0153973	0	0	0	0	0	0	3.33002	5.86958	0	0	5.63124	7.40369	17.7787	26.4529	8.46462	12.1298	3.01769	4.17379	0.0249279	0.0284172	0	0
k107_21930650 flag=0 multi=43.9645 len=80628	80628	38.3581	0	0	0	0	0	0	0	0	3.5705	5.77385	0	0	5.44786	6.97608	17.8448	24.9411	8.60521	12.4593	2.87126	4.04551	0.0184996	0.0320223	0	0
k107_30416884 flag=0 multi=34.0894 len=7064	7064	41.2195	0	0	0	0	0	0	0	0	3.75762	4.78407	0	0	5.37844	7.55993	20.1789	24.422	8.39559	10.6414	3.50887	4.78992	0	0	0	0
k107_19319876 flag=0 multi=36.0148 len=46784	46784	36.5598	0	0	0	0	0	0	0	0	3.12876	3.78437	0.00649714	0.00830258	5.44069	7.42048	16.9679	23.3373	8.2245	10.3785	2.78499	3.46894	0.00645411	0.00730924	0	0
k107_34338526 flag=0 multi=31.0097 len=39976	39976	38.6859	0	0	0	0	0	0	0	0	3.30552	4.43078	0	0	5.78646	8.81868	17.7808	25.6103	8.99781	11.5305	2.81535	3.32909	0	0	0	0
k107_34201753 flag=0 multi=25.3982 len=15199	15199	28.5644	0	0	0	0	0	0	0	0	2.57273	3.43959	0	0	3.1644	3.4126	12.1371	16.9624	7.50379	11.5469	3.16614	3.95298	0.0202725	0.0198602	0	0
k107_19075667 flag=0 multi=45.9993 len=93498	93498	38.95	0.00324048	0.00475135	0	0	0	0	0	0	3.50849	5.30031	0.00162024	0.00161675	5.72414	7.16788	17.9947	26.8715	8.84244	12.2181	2.8495	4.10188	0.0241963	0.0345786	0.00162024	0.00161509
k107_34948979 flag=0 multi=31.9978 len=9484	9484	39.5551	0	0	0	0	0	0	0	0	3.68591	5.98082	0	0	6.41146	7.47904	18.3924	25.1734	8.43161	11.5127	2.63374	3.11584	0	0	0	0
k107_22068605 flag=0 multi=35.0123 len=44205	44205	39.1674	0	0	0	0	0	0	0	0	3.5552	5.40367	0	0	5.58249	7.64922	17.9553	22.8292	9.09286	14.2544	2.97818	3.97781	0.00341662	0.00342989	0	0
k107_27370618 flag=0 multi=36.7682 len=59937	59937	39.1688	0	0	0	0	0	0	0	0	3.76405	5.43814	0.0151757	0.0205694	5.87103	8.43562	17.7888	27.6174	8.75221	11.2426	2.95753	3.69895	0.0199715	0.0295133	0	0
k107_13531194 flag=0 multi=29.1837 len=4158	4158	37.8174	0	0	0	0	0	0	0	0	3.40975	4.25899	0	0	4.21888	2.81655	17.6066	35.3235	8.82313	11.3187	3.75908	4.07679	0	0	0	0
k107_21370015 flag=0 multi=50.2898 len=4292	4292	40.098	0	0	0	0	0	0	0	0	2.75038	2.59887	0	0	6.44662	7.66763	19.6216	36.1886	8.94211	15.7344	2.3005	3.63843	0.0368421	0.0364224	0	0
k107_25634238 flag=0 multi=166.2998 len=3106	3106	38.5278	0	0	0	0	0	0	0	0	3.45792	6.10734	0	0	5.30242	5.58439	18.2885	34.6762	9.17118	20.0641	2.30777	3.17656	0	0	0	0
k107_17515127 flag=0 multi=34.0093 len=47682	47682	38.4359	0	0	0	0	0	0	0	0	3.55222	5.00723	0.006374	0.00632621	5.52653	8.11855	17.8317	27.4403	8.58797	12.2174	2.92161	3.75613	0.00947657	0.00946986	0	0
k107_35121928 flag=0 multi=30.1447 len=11445	11445	37.6419	0	0	0.0271022	0.0439602	0	0	0	0	3.22777	4.48045	0	0	5.03294	7.21979	17.9333	24.7033	8.4138	10.8563	2.98008	3.69605	0.0269227	0.0274463	0	0
k107_25980409 flag=0 multi=38.0515 len=12256	12256	37.9835	0	0	0	0	0	0	0	0	3.13719	4.08563	0	0	5.09244	5.71483	17.4445	21.9771	9.17484	11.1899	3.1223	3.89998	0.0122971	0.012472	0	0
k107_5204900 flag=0 multi=24.2194 len=43996	43996	18.2177	0	0	0	0	0	0	0	0	0	0	0	0	1.65668	2.09504	2.00293	2.92975	8.73994	12.5382	5.81819	8.81053	0	0	0	0
k107_17229720 flag=0 multi=29.2905 len=11285	11285	38.8794	0	0	0	0	0	0	0	0	3.55094	4.44948	0	0	5.35691	5.12441	19.2341	19.176	8.19166	10.7901	2.51826	3.46448	0.027497	0.0267458	0	0
k107_30426767 flag=0 multi=57.0734 len=23407	23407	39.0555	0.0130708	0.0229534	0	0	0	0	0	0	3.52556	4.92715	0	0	5.66492	8.60487	18.027	26.3275	8.91625	12.2059	2.90872	4.3288	0	0	0	0
k107_23281527 flag=0 multi=31.0068 len=35999	35999	39.1062	0	0	0	0	0	0	0	0	3.41477	4.77385	0.00846009	0.0125348	5.57812	6.75419	18.5619	22.2748	8.68538	11.0648	2.85752	3.39523	0	0	0	0
k107_30371184 flag=0 multi=30.0314 len=150779	150779	37.9889	0	0	0.00600756	0.0176183	0	0	0	0	3.48288	5.15986	0.0040139	0.00549385	5.62735	6.81908	17.4388	25.7961	8.49077	11.7806	2.92507	3.99914	0.0140154	0.0181081	0	0
k107_35652817 flag=0 multi=29.9060 len=6522	6522	40.8576	0	0	0	0	0	0	0	0	3.32492	5.3207	0	0	6.54084	8.39212	18.1889	19.9202	8.98119	8.52971	3.8217	4.54849	0	0	0	0
k107_35714820 flag=0 multi=32.0090 len=78151	78151	38.8536	0.0038793	0.00609604	0	0	0	0	0	0	3.54595	4.88967	0.000655114	0.00111713	5.85397	7.5823	18.4908	25.046	8.26908	10.685	2.67197	3.44363	0.0153374	0.0201605	0.00188827	0.00193489
k107_23092716 flag=0 multi=126.1510 len=2703	2703	39.2691	0	0	0	0	0	0	0	0	4.50562	9.19241	0	0	5.64515	6.5936	18.4452	27.6901	8.38484	13.7564	2.28821	2.31749	0	0	0	0
k107_22894387 flag=0 multi=33.6711 len=7423	7423	40.2934	0	0	0	0	0	0	0	0	3.8708	6.28532	0	0	5.8614	9.08582	18.1868	19.8935	9.62997	14.4598	2.74442	3.37589	0	0	0	0
k107_32174070 flag=0 multi=29.1268 len=16867	16867	36.2142	0	0	0	0	0	0	0	0	3.06966	4.07798	0	0	5.35841	6.68334	17.3207	29.2845	7.5511	12.1202	2.89611	4.31413	0.0182312	0.0275616	0	0
k107_21150285 flag=0 multi=37.6447 len=118906	118906	38.3946	0.00509258	0.012245	0	0	0	0	0	0	3.29384	4.58989	0.007622	0.0110481	5.53229	7.20452	18.1155	25.1938	8.63742	12.7811	2.78772	4.00775	0.0151428	0.0196407	0	0
k107_34467614 flag=0 multi=31.0843 len=42181	42181	38.8042	0	0	0	0	0	0	0	0	3.23107	4.99576	0.0144225	0.0233671	5.91213	8.06824	17.5413	22.7827	9.11154	13.4333	2.97954	3.83842	0.0142554	0.0155518	0	0
k107_24961464 flag=0 multi=65.9074 len=11711	11711	40.8663	0	0	0	0	0	0	0	0	3.74976	5.9535	0.0343588	0.0534067	5.77921	5.75147	18.5335	24.9397	9.4599	10.3787	3.29661	3.8655	0.0129722	0.0130593	0	0
k107_14936801 flag=0 multi=41.1501 len=31166	31166	37.7871	0	0	0	0	0	0	0	0	3.58985	4.50969	0	0	5.45898	6.63886	17.5064	25.5383	8.15244	13.1377	3.05553	3.80854	0.023879	0.0503802	0	0
k107_21899933 flag=0 multi=35.0565 len=26571	26571	37.5293	0	0	0	0	0	0	0	0	3.36454	5.18638	0.0229929	0.0713097	5.13556	5.65536	17.8218	23.74	8.18687	8.86337	2.97449	3.87015	0.0229929	0.0224813	0	0
k107_9538344 flag=0 multi=29.2464 len=17496	17496	38.084	0	0	0	0	0	0	0	0	3.3033	5.83521	0	0	5.55072	7.70691	17.5497	21.2423	8.86402	13.6999	2.79871	2.82916	0.0175643	0.0303997	0	0
k107_21151574 flag=0 multi=31.1362 len=4122	4122	37.1704	0	0	0	0	0	0	0	0	3.93351	4.83209	0	0	5.19843	5.50341	17.0419	23.2465	7.84188	11.904	3.15471	4.30376	0	0	0	0
k107_23023104 flag=0 multi=69.0922 len=3568	3568	39.9391	0.0924679	0.0943553	0	0	0	0	0	0	3.69473	6.62406	0	0	6.04593	11.2801	19.026	24.5005	9.22535	9.58837	1.85456	1.57684	0	0	0	0
k107_21908850 flag=0 multi=37.8276 len=32832	32832	38.0148	0.00928374	0.00919792	0	0	0	0	0	0	3.33855	5.00946	0	0	5.85733	7.18596	17.4171	28.9935	8.72382	10.8579	2.66416	3.42416	0.00451891	0.00461655	0	0
k107_18931217 flag=0 multi=38.4427 len=69412	69412	38.1987	0	0	0	0	0	0	0	0	3.4384	5.45613	0.00436985	0.00678702	5.88718	7.95727	17.5262	25.7584	8.20337	11.2073	3.12415	4.28359	0.0150195	0.0160193	0	0
k107_34520885 flag=0 multi=122.8192 len=3082	3082	38.5727	0	0	0	0	0	0	0	0	4.32734	6.92318	0	0	5.88309	8.65835	15.3122	24.3758	10.1676	26.6681	2.88237	2.75896	0	0	0	0
k107_14929529 flag=0 multi=32.6142 len=36347	36347	38.9587	0	0	0	0	0	0	0	0	3.60239	5.60034	0	0	5.51624	7.59155	18.3886	26.7573	8.39492	11.3036	3.01529	4.15171	0.0371758	0.0864854	0.00410598	0.00416952
k107_21108364 flag=0 multi=30.0410 len=7866	7866	37.5966	0	0	0	0	0	0	0	0	3.68905	4.80983	0.039926	0.0674231	5.53398	5.04252	17.1879	27.4148	8.18178	9.17154	2.96338	3.35726	0.000661026	0.000792554	0	0
k107_17332569 flag=0 multi=32.1175 len=48747	48747	39.576	0	0	0	0	0	0	0	0	3.59424	5.38816	0.00623387	0.00883429	5.93915	7.48476	18.4626	27.6986	8.70189	11.6562	2.84397	3.9278	0.0248116	0.0457122	0.00303437	0.00311221
k107_14644200 flag=0 multi=32.0976 len=56394	56394	38.7819	0	0	0	0	0	0	0	0	3.59329	5.56679	0.0134244	0.0184049	5.37545	6.45223	17.8522	25.6795	9.04371	13.6413	2.89314	3.73805	0.0106789	0.0127228	0	0
k107_26116127 flag=0 multi=36.9425 len=2961	2961	39.7984	0	0	0	0	0	0	0	0	2.93231	3.66625	0	0	6.1651	8.58167	17.7728	21.2243	7.87702	8.97669	3.13313	5.01017	1.91801	20.4348	0	0
k107_15179982 flag=0 multi=31.7075 len=43825	43825	38.2441	0.00693886	0.00689889	0	0	0	0	0	0	3.581	5.04026	0.00693886	0.00970093	5.51242	7.55995	17.1805	22.6505	9.0885	12.1531	2.86779	3.99599	0	0	0	0
k107_13481775 flag=0 multi=35.5656 len=103325	103325	38.3702	0.00293138	0.00329055	0	0	0	0	0	0	3.42023	4.90507	0	0	5.55955	6.58214	17.8872	25.8618	8.53156	12.9897	2.95858	3.87933	0.0101337	0.0101631	0	0
k107_27601487 flag=0 multi=34.0286 len=30404	30404	38.5617	0	0	0	0	0	0	0	0	3.46804	4.884	0.0100326	0.0112552	5.77301	7.42718	18.3938	31.415	8.18517	12.0116	2.71676	3.87136	0.014916	0.0173457	0	0
k107_27616702 flag=0 multi=39.1228 len=73948	73948	38.6365	0	0	0	0	0	0	0.0082014	0.00867285	3.27088	5.19776	0	0	5.96895	7.61317	17.756	29.0297	8.70237	13.551	2.91776	4.23837	0.0122885	0.0149055	0	0
k107_30950786 flag=0 multi=32.0003 len=6133	6133	38.0346	0	0	0	0	0	0	0	0	3.30681	4.91212	0	0	5.19928	4.88121	17.8002	23.7743	9.22878	7.39539	2.49957	1.70936	0	0	0	0
k107_16702248 flag=0 multi=33.2772 len=9483	9483	38.3716	0	0	0	0	0	0	0	0	3.14802	4.87259	0	0	5.282	4.68965	18.5048	30.5284	8.54722	13.8958	2.88955	4.81234	0	0	0	0
k107_7460502 flag=0 multi=30.4500 len=33037	33037	39.164	0	0	0	0	0	0	0	0	3.67909	5.18131	0.0092256	0.0120172	5.70341	6.83568	18.5837	32.439	8.25844	10.6369	2.92565	4.04876	0.0045517	0.00459082	0	0
k107_28000215 flag=0 multi=62.0864 len=13394	13394	37.3627	0	0	0	0	0	0	0	0	3.81263	4.90509	0	0	5.23862	6.98993	17.2259	18.4894	8.43416	10.3685	2.62832	3.61948	0.0230675	0.0242122	0	0
k107_24977444 flag=0 multi=31.0248 len=42914	42914	38.4264	0	0	0	0	0	0	0	0	3.66545	5.19308	0	0	5.9001	7.35131	17.5057	21.5452	8.53335	12.0013	2.81472	4.07303	0.00708721	0.00704241	0	0
k107_20824796 flag=0 multi=52.2218 len=22262	22262	38.5337	0	0	0	0	0	0	0	0	3.35956	4.95337	0	0	5.22805	6.63098	18.1573	24.9234	8.51489	9.42478	3.26011	4.40934	0.0137523	0.0152931	0	0
k107_79941 flag=0 multi=34.1054 len=13535	13535	40.2718	0.0228217	0.0374171	0	0	0	0	0	0	3.60568	5.46107	0.0112597	0.0112819	5.64097	6.21149	18.5461	26.6701	9.14252	14.4055	3.3025	4.43428	0	0	0	0
k107_27280769 flag=0 multi=29.1034 len=18015	18015	37.6257	0	0	0	0	0	0	0	0	3.17292	5.01816	0	0	5.57517	7.49158	17.8025	24.5293	8.35923	11.9991	2.69887	3.50262	0.0170496	0.0232062	0	0
k107_19210556 flag=0 multi=49.0115 len=12319	12319	37.3506	0.0251311	0.0374868	0	0	0	0	0	0	3.48024	3.92607	0	0	5.72314	5.28521	17.6795	19.2794	7.81143	12.5522	2.63111	2.72356	0	0	0	0
k107_29154199 flag=0 multi=34.0012 len=19580	19580	39.1139	0	0	0	0	0	0	0	0	3.74365	5.68295	0	0	5.74593	6.82697	18.2431	31.4668	8.32586	11.4124	3.05535	5.12541	0	0	0	0
k107_11268829 flag=0 multi=40.0011 len=106919	106919	37.8713	0	0	0.00566514	0.0157176	0	0	0	0	3.38156	4.71989	0.00423947	0.00528077	5.42166	6.90916	17.3535	28.7254	8.72402	13.0556	2.97922	4.27849	0.00137877	0.00141259	0	0
k107_8737068 flag=0 multi=38.0365 len=8525	8525	43.3499	0.0367263	0.0460836	0	0	0	0	0	0	3.5003	5.74843	0	0	6.46516	9.62766	21.1784	37.2711	8.99319	9.79538	3.17609	3.35063	0	0	0	0
k107_31175481 flag=0 multi=35.0078 len=30235	30235	39.5468	0	0	0.0100892	0.00998445	0	0	0	0	3.53964	5.00619	0.0100892	0.014391	5.90987	5.42327	18.4735	29.3548	8.60839	10.9524	2.99031	4.33345	0.00491097	0.00502089	0	0
k107_3781712 flag=0 multi=31.0070 len=32108	32108	38.9918	0	0	0	0	0	0	0	0	3.58706	4.79839	0	0	5.4928	6.91775	17.9026	25.9909	8.83399	12.3389	3.17538	4.33341	0	0	0	0
k107_10987200 flag=0 multi=33.2573 len=64637	64637	38.9194	0.00926401	0.0134991	0	0	0.00116577	0.00122646	0	0	3.67657	5.63174	0.00921738	0.0205564	6.02087	7.66531	17.5475	22.6912	8.69284	12.7674	2.92489	3.99702	0.0370094	0.064237	0	0
k107_30071010 flag=0 multi=39.0070 len=37967	37967	38.7955	0	0	0	0	0	0	0	0	3.45116	5.05812	0	0	5.79838	7.22242	17.7322	25.892	8.67394	13.2566	3.13594	4.9093	0.00390283	0.00399276	0	0
k107_20921725 flag=0 multi=36.0393 len=23292	23292	38.7874	0	0	0	0	0	0	0	0	3.48708	4.46059	0	0	4.98873	7.59787	18.557	26.05	8.75224	12.2101	2.99591	3.77927	0.00643758	0.00652664	0	0
k107_9891269 flag=0 multi=34.1881 len=46914	46914	39.5278	0	0	0	0	0	0	0	0	3.78051	5.72383	0.00645756	0.00642656	6.03778	7.4532	17.8775	25.7022	8.89447	14.0368	2.92787	4.08169	0.00315369	0.00323342	0	0
k107_10400458 flag=0 multi=29.0067 len=26100	26100	38.1971	0	0	0	0	0	0	0	0	3.41488	4.8743	0	0	5.53198	7.0473	18.1188	27.853	8.14951	12.3961	2.97608	3.26165	0.00577564	0.00581739	0	0
k107_23851319 flag=0 multi=39.1201 len=59768	59768	39.3324	0	0	0	0	0	0	0	0	3.44205	5.37625	0	0	5.66805	7.9474	18.6811	27.6311	8.49171	12.0939	3.02438	3.88781	0.0251236	0.0323053	0	0
k107_8333862 flag=0 multi=53.7945 len=71787	71787	38.8426	0	0	0	0	0	0	0	0	3.45232	4.7285	0	0	5.87579	8.40468	17.9276	28.4862	8.64595	11.8345	2.92833	3.77993	0.012674	0.0130318	0	0
k107_15988394 flag=0 multi=37.4514 len=10335	10335	37.7991	0	0	0	0	0	0	0	0	3.67338	5.61518	0	0	5.43626	6.73715	17.0296	21.304	8.78222	13.0506	2.8776	4.84842	0	0	0	0
k107_23483234 flag=0 multi=35.3430 len=16303	16303	38.3909	0	0	0	0	0	0	0	0	2.94663	3.87664	0	0	6.27348	8.20967	18.1971	25.6973	7.9325	9.01058	3.04112	4.87989	0	0	0	0
k107_35842449 flag=0 multi=30.0006 len=25043	25043	37.7086	0	0	0	0	0	0	0.0122065	0.0120596	3.33584	4.66828	0.0122065	0.0177985	5.86581	8.24143	17.0103	23.9038	8.65713	13.1182	2.81517	3.69064	0	0	0	0
k107_5700516 flag=0 multi=33.0110 len=31990	31990	39.1596	0	0	0.00953042	0.0151839	0	0	0	0	3.38254	5.34314	0.00953042	0.0168797	5.47501	7.09285	18.2095	22.3385	8.8999	12.5936	3.16404	3.53449	0.00949886	0.00944056	0	0
k107_34526189 flag=0 multi=34.0718 len=15267	15267	38.4909	0	0	0	0	0	0	0	0	3.37033	4.32546	0	0	5.67985	7.995	17.9625	23.326	8.12476	10.3203	3.31367	4.23203	0.0398263	0.0439494	0	0
k107_3775561 flag=0 multi=29.1703 len=23420	23420	36.9148	0	0	0	0	0	0	0	0	2.83454	4.14036	0.0129769	0.0173145	5.31032	6.78041	17.0501	26.691	8.49775	12.2347	3.19599	5.08979	0.0130634	0.0224197	0	0
k107_12952996 flag=0 multi=29.9987 len=7984	7984	37.8079	0	0	0	0	0	0	0	0	3.64905	5.48567	0	0	5.74616	8.86873	17.8202	29.9335	7.25631	11.2397	3.33611	6.38589	0	0	0	0
k107_18289937 flag=0 multi=17.0915 len=6378	6378	17.4873	0	0	0	0	0	0	0	0	0	0	0	0	1.50329	1.9132	1.57077	1.75032	8.78259	12.6105	5.63068	6.9145	0	0	0	0
k107_18901353 flag=0 multi=32.0135 len=17384	17384	38.9907	0	0	0	0	0	0	0	0	3.63102	4.38811	0	0	5.61638	6.1357	18.1719	26.5903	8.47319	11.3432	3.0809	3.76696	0.0172696	0.0173623	0	0
k107_8744923 flag=0 multi=51.9656 len=18070	18070	37.2272	0	0	0	0	0	0	0	0	3.12877	4.8751	0	0	5.53276	5.94188	17.6842	28.4276	8.17295	12.1482	2.70025	4.3123	0.00832958	0.00842917	0	0
k107_7780203 flag=0 multi=39.3538 len=104952	104952	38.2387	0	0	0	0	0	0	0	0	3.49725	5.73841	0.00576206	0.00876925	5.78463	7.33474	17.6121	22.1188	8.45563	12.3703	2.86064	3.64044	0.0227616	0.0290479	0	0
k107_3827805 flag=0 multi=39.7001 len=139586	139586	38.5361	0	0	0	0	0	0	0	0	3.58086	5.32425	0.00322363	0.00540275	5.72387	7.46843	17.6525	24.4111	8.66324	12.3123	2.90378	4.185	0.00865139	0.0107199	0	0
k107_28615633 flag=0 multi=33.0588 len=31784	31784	39.2391	0	0	0	0	0	0	0	0	3.51772	4.48385	0.00959278	0.012169	5.68982	7.26916	18.2849	28.3392	8.79023	12.9302	2.94676	3.71007	0	0	0	0
k107_11647315 flag=0 multi=33.0250 len=12545	12545	40.495	0	0	0	0	0	0	0	0	2.96921	3.27652	0	0	6.40137	8.83869	18.8541	20.7278	9.05693	14.9983	3.21335	4.64783	0	0	0	0
k107_2938983 flag=0 multi=32.1208 len=22700	22700	40.4336	0	0	0	0	0	0	0	0	3.81887	4.61498	0.0133941	0.0144642	5.71297	7.49939	18.4757	23.403	9.15658	11.3422	3.22948	4.45451	0.0266542	0.0431228	0	0
k107_32526341 flag=0 multi=32.0022 len=133332	133332	37.3279	0.00454033	0.00616331	0	0	0	0	0	0	3.53295	5.09475	0.00227016	0.00439738	5.50847	6.65675	17.1512	26.004	8.31231	11.4897	2.8016	3.98945	0.0145982	0.0188438	0	0
k107_25803544 flag=0 multi=76.0232 len=2648	2648	39.2592	0	0	0	0	0	0	0	0	3.04476	6.40071	0	0	4.83504	5.79887	18.7302	20.9403	9.23529	8.14484	3.4139	3.16934	0	0	0	0
k107_19627776 flag=0 multi=33.0942 len=32789	32789	37.9344	0.00929603	0.0122914	0	0	0	0	0	0	3.89568	5.45723	0.00929603	0.0124744	5.58057	7.45364	16.9568	21.3901	8.45304	12.4767	3.01114	3.5984	0.0185921	0.0555688	0	0
k107_26125424 flag=0 multi=32.0554 len=10974	10974	37.7966	0	0	0	0	0	0	0	0	3.70877	5.33067	0	0	4.96795	6.19745	17.8505	25.4507	8.01799	13.6736	3.22301	4.29444	0.0282984	0.0370525	0	0
k107_34044568 flag=0 multi=32.0718 len=10632	10632	40.269	0	0	0	0	0	0	0	0	3.82052	6.34583	0	0	6.26447	9.11165	19.182	38.2203	8.08645	11.4745	2.91559	4.18206	0	0	0	0
k107_468369 flag=0 multi=53.0597 len=76043	76043	39.1065	0	0	0	0	0	0	0	0	3.70284	5.01833	0.00199364	0.00198803	5.71403	7.18233	17.8238	27.8048	8.82497	12.5679	3.03314	4.16814	0.00582247	0.0163578	0	0
k107_23269220 flag=0 multi=46.0687 len=61629	61629	38.7467	0	0	0	0	0	0	0	0	3.39606	4.90204	0.00983254	0.0104997	5.84661	7.95574	17.6487	25.0287	8.67235	11.6278	3.16578	4.02194	0.00732141	0.00733839	0	0
k107_6921926 flag=0 multi=43.4654 len=93449	93449	37.7422	0	0	0.00324219	0.0044699	0	0	0	0	3.37392	5.01673	0.00324219	0.00470727	5.60493	7.63828	17.3332	23.0263	8.56675	11.8016	2.84153	4.13332	0.015395	0.0270367	0	0
k107_9394291 flag=0 multi=33.2900 len=68075	68075	38.4293	0	0	0	0	0	0	0	0	3.3486	5.08618	0	0	5.69094	7.25065	17.8636	27.7446	8.43997	10.7553	3.08399	4.44541	0.00218376	0.00222304	0	0
k107_34985139 flag=0 multi=31.1389 len=29154	29154	37.9326	0	0	0	0	0	0	0	0	3.71042	6.17936	0	0	5.66113	8.01973	17.531	31.5374	8.29991	10.617	2.71482	4.04068	0.0153196	0.0438068	0	0
k107_15645259 flag=0 multi=40.0081 len=59347	59347	39.6064	0	0	0	0	0	0	0	0	3.5049	4.39873	0.00511474	0.00746259	5.82131	7.37602	18.3353	23.7711	9.04065	13.6346	2.89151	3.39222	0.00762131	0.0101553	0	0
k107_10309740 flag=0 multi=37.0002 len=78123	78123	38.9001	0.0116164	0.0172813	0	0	0	0	0	0	3.46351	5.08777	0.0038807	0.00622208	5.64101	7.89134	17.9798	25.7321	8.82397	12.2871	2.97439	3.71846	0.00188895	0.00193381	0	0
k107_12288244 flag=0 multi=48.1104 len=29360	29360	38.8999	0	0	0	0	0	0	0	0	3.06064	4.34848	0	0	5.47976	7.15414	18.2344	25.5631	9.24971	12.9198	2.87532	4.00815	0	0	0	0
k107_17538037 flag=0 multi=30.0019 len=64577	64577	37.5255	0	0	0	0	0	0	0	0	3.43258	5.10808	0	0	5.55539	7.35858	16.9222	25.6293	8.76153	12.0196	2.85145	3.47359	0.00230261	0.00234122	0	0
k107_30095738 flag=0 multi=38.9937 len=31841	31841	37.9824	0	0	0	0	0	0	0	0	3.31884	4.07284	0	0	5.76829	7.59742	17.1606	25.7896	8.61448	11.7135	3.10064	4.70356	0.0194997	0.0331292	0	0
k107_33489295 flag=0 multi=29.9959 len=20004	20004	38.9571	0	0	0	0	0	0	0	0	3.84606	5.68488	0	0	6.0937	8.20127	17.758	19.8448	8.37316	9.87488	2.84083	3.17519	0.0452746	0.0752336	0	0
k107_2920251 flag=0 multi=44.8697 len=122679	122679	38.0155	0	0	0.00246778	0.00276844	0	0	0	0	3.60268	5.20204	0	0	5.4559	7.00136	17.7299	27.96	8.43793	11.9835	2.77061	3.92438	0.0160079	0.0181734	0	0
k107_12318321 flag=0 multi=26.0785 len=15129	15129	17.987	0	0	0	0	0	0	0	0	0	0	0	0	1.67478	1.99827	1.96452	2.9012	8.62292	12.8427	5.70439	8.75463	0.0203682	0.0338551	0	0
k107_22732341 flag=0 multi=39.1232 len=8872	8872	37.9274	0	0	0	0	0	0	0	0	3.50303	4.8743	0	0	5.71727	7.50218	17.3936	22.6946	8.54247	13.6166	2.77106	2.84355	0	0	0	0
k107_31719302 flag=0 multi=39.0598 len=18924	18924	36.0016	0	0	0	0	0	0	0	0	3.07615	3.8812	0	0	5.33219	5.71163	16.704	22.6119	8.0609	13.2961	2.82838	3.2053	0	0	0	0
k107_10096376 flag=0 multi=32.1754 len=5808	5808	41.5503	0	0	0	0	0	0	0	0	4.79205	7.07068	0	0	4.82201	4.35019	20.045	20.9997	9.11896	8.97947	2.77225	4.36795	0	0	0	0
k107_35564433 flag=0 multi=34.0048 len=59638	59638	38.787	0	0	0	0	0	0	0.00500539	0.0100522	3.51962	5.09518	0.0152521	0.0171292	5.87448	6.99855	17.9225	27.5017	8.69691	13.1082	2.74572	3.98571	0.00508966	0.00661452	0.00247742	0.00253205
k107_7788118 flag=0 multi=53.0014 len=23731	23731	37.937	0	0	0	0	0	0	0	0	3.19365	4.13127	0	0	5.50476	7.15556	17.7396	26.1765	8.70686	12.9557	2.76025	3.71827	0.0318836	0.0385291	0	0
k107_10584459 flag=0 multi=32.0109 len=30477	30477	39.5552	0	0	0	0	0	0	0	0	3.43536	5.28514	0.00500414	0.00498271	6.08381	8.24343	17.5395	26.9146	9.19195	12.8513	3.2798	4.50464	0.0197183	0.0220122	0	0
k107_5281941 flag=0 multi=33.0402 len=6497	6497	41.2654	0.048749	0.0550997	0	0	0	0	0	0	3.92591	6.04749	0	0	5.75577	5.0264	18.9338	22.549	9.06441	11.9024	3.53672	6.15519	0	0	0	0
k107_12908734 flag=0 multi=53.9117 len=6110	6110	40.2276	0	0	0	0	0	0	0	0	3.81853	7.09635	0	0	5.54632	4.99814	18.8332	23.5084	8.86725	12.0811	3.16236	4.54108	0	0	0	0
k107_784102 flag=0 multi=40.3635 len=23700	23700	37.0518	0	0	0	0	0	0	0	0	3.57804	5.53889	0.0128643	0.0149567	4.90777	5.66166	17.6034	28.9185	8.02222	11.5492	2.86413	4.16491	0.063296	0.274357	0	0
k107_23120313 flag=0 multi=45.6468 len=2842	2842	37.6949	0	0	0	0	0	0	0	0	3.05	3.38936	0	0	5.30827	4.17012	18.0386	22.6602	9.07402	8.30361	2.22402	2.72128	0	0	0	0
k107_27724423 flag=0 multi=33.0855 len=25293	25293	40.0143	0	0	0	0	0	0	0	0	3.86355	4.99067	0	0	5.66484	7.59943	18.6285	22.3777	9.0591	15.5998	2.77416	4.42574	0.0241687	0.0296669	0	0
k107_2348940 flag=0 multi=29.6063 len=70205	70205	38.2134	0	0	0.00864054	0.0172485	0	0	0	0	3.38898	5.09795	0.0172811	0.0403098	5.5156	6.8798	17.767	25.773	8.4826	11.6565	3.02679	4.09347	0.00640888	0.00643869	0	0
k107_6836241 flag=0 multi=40.1612 len=5703	5703	40.4482	0	0	0	0	0	0	0	0	3.20737	5.35418	0	0	6.63822	7.23841	18.5503	25.8022	8.9913	16.9244	3.0611	2.29036	0	0	0	0
k107_4923192 flag=0 multi=41.6812 len=78755	78755	38.1497	0	0	0	0	0	0	0	0	3.5384	4.98965	0	0	5.51907	7.25469	17.81	27.3337	8.42211	10.8708	2.85047	3.5984	0.00961085	0.0111985	0	0
k107_35164702 flag=0 multi=15.0201 len=11925	11925	17.4744	0	0	0	0	0	0	0	0	0	0	0	0	1.52792	2.06358	1.97058	3.88821	8.66566	12.9889	5.31025	6.42144	0	0	0	0
k107_13658321 flag=0 multi=31.0193 len=56171	56171	38.1441	0	0	0	0	0	0	0	0	3.57898	5.51682	0	0	6.05064	7.44607	17.4602	23.2464	8.20369	12.4468	2.84791	3.85537	0.00263116	0.00269396	0	0
k107_31311799 flag=0 multi=40.9999 len=118151	118151	38.9961	0	0	0	0	0	0	0	0	3.49199	4.89419	0.0076878	0.0108708	5.84722	6.87473	18.2032	24.2434	8.564	12.0086	2.86665	3.93927	0.0153502	0.0192024	0	0
k107_12949017 flag=0 multi=33.4411 len=5051	5051	38.8646	0	0	0	0	0	0	0	0	3.3546	5.32203	0	0	5.43609	5.83661	18.2015	25.4925	9.63276	15.6029	2.23963	2.22228	0	0	0	0
k107_2367054 flag=0 multi=30.0234 len=46058	46058	38.1061	0	0	0	0	0	0	0	0	3.48995	4.94504	0.00660023	0.00654896	5.77666	7.35384	17.1938	24.8155	8.61931	11.9662	2.9908	3.80241	0.0289798	0.218025	0	0
k107_9680720 flag=0 multi=30.9950 len=117169	117169	38.2937	0.00258413	0.00271234	0	0	0	0	0	0	3.37053	5.06032	0.0090188	0.0118863	5.63032	7.57511	17.8581	24.4014	8.61099	11.854	2.78274	3.42591	0.0281773	0.0395328	0.00125784	0.00129013
k107_24639340 flag=0 multi=30.0003 len=39055	39055	38.4854	0	0	0	0	0	0	0	0	3.57335	4.76781	0	0	5.58798	8.10456	17.7623	27.8808	8.69507	13.0974	2.86667	3.68861	0	0	0	0
k107_10044702 flag=0 multi=32.1603 len=9850	9850	38.5511	0	0	0	0	0	0	0	0	3.69596	5.13773	0	0	5.90836	7.37402	17.8929	30.298	8.50387	16.2593	2.55006	2.72943	0	0	0	0
k107_28879555 flag=0 multi=30.3545 len=6214	6214	38.7661	0	0	0	0	0	0	0	0	4.32916	6.07252	0	0	5.7796	11.6234	16.9484	37.4892	8.59185	12.5099	3.11705	3.78981	0	0	0	0
k107_6925663 flag=0 multi=62.9500 len=11014	11014	38.4012	0	0	0	0	0	0	0	0	3.9916	5.9089	0	0	5.35885	6.32218	17.392	27.5358	8.58224	11.7818	3.07655	3.26254	0	0	0	0
k107_14433303 flag=0 multi=54.8119 len=2909	2909	44.4319	0	0	0	0	0	0	0	0	3.96663	6.99496	0	0	6.25278	6.65861	20.1308	19.1905	10.6586	21.0499	3.42309	4.72017	0	0	0	0
k107_8492382 flag=0 multi=32.2778 len=3469	3469	39.0369	0.00378907	0.00377591	0	0	0	0	0	0	3.994	4.59192	0	0	5.12283	4.49131	17.6151	26.1321	9.20429	16.7572	3.09694	3.90297	0	0	0	0
k107_12478038 flag=0 multi=33.1332 len=51194	51194	39.226	0	0	0.00593414	0.00888198	0	0	0	0	3.48896	5.00207	0.00884225	0.0088311	5.53307	7.70272	18.189	26.4173	8.99102	11.2836	3.00912	3.97546	0	0	0	0
k107_32425232 flag=0 multi=41.0008 len=79730	79730	38.8729	0	0	0	0	0	0	0	0	3.40036	4.68629	0	0	5.58508	6.46173	18.2232	28.2096	8.77489	12.5145	2.87999	4.00428	0.00937956	0.0132351	0	0
k107_35667087 flag=0 multi=33.1138 len=53340	53340	38.4097	0.00569403	0.00731994	0	0	0	0	0	0	3.16136	4.45899	0	0	5.82918	8.2965	18.0734	25.0688	8.45637	11.901	2.8809	3.6906	0.00280931	0.0028457	0	0
k107_3767739 flag=0 multi=30.2508 len=18486	18486	37.0769	0	0	0	0	0	0	0	0	3.22553	4.22858	0.016608	0.0224916	4.7665	5.36612	17.9184	23.7813	8.68698	10.8209	2.44627	3.39545	0.016608	0.0185325	0	0
k107_4053193 flag=0 multi=23.0233 len=27406	27406	17.8276	0	0	0	0	0	0	0	0	0	0	0.00549734	0.00554002	1.66518	2.27969	2.00398	2.94924	8.8242	14.2143	5.28498	7.79468	0.03826	0.0608429	0.00546045	0.00554002
k107_9904343 flag=0 multi=46.8831 len=90357	90357	38.8802	0	0	0	0	0	0	0	0	3.66258	5.72186	0.0133696	0.0160479	5.81998	6.93667	18.0432	22.7389	8.49093	12.9279	2.8335	4.16728	0.0166343	0.0182497	0	0
k107_28129284 flag=1 multi=38.2268 len=6360	6360	6.35127	0	0	0	0	0	0	0	0	0	0	0	0	0	0	0	0	3.0893	3.55106	3.26197	4.40998	0	0	0	0
k107_31807250 flag=0 multi=32.3059 len=6293	6293	35.7079	0	0	0	0	0	0	0	0	4.01335	4.82929	0	0	5.32499	5.90002	15.5365	18.5695	7.73143	12.7738	3.10165	3.4408	0	0	0	0
k107_11056378 flag=0 multi=27.9927 len=8701	8701	35.695	0	0	0	0	0	0	0	0	3.27313	3.69139	0	0	5.28956	5.37518	16.5614	20.4853	7.72675	9.48575	2.84415	3.44458	0	0	0	0
k107_1885142 flag=0 multi=32.5777 len=11785	11785	39.1225	0	0	0	0	0	0	0	0	3.39267	4.1003	0	0	5.62066	8.06449	18.236	23.8754	8.61291	13.652	3.22172	6.48612	0.0385788	0.0615619	0	0
k107_822722 flag=0 multi=31.0000 len=67261	67261	38.5298	0	0	0	0	0	0	0	0	3.46387	5.18877	0	0	6.14258	7.67525	17.5177	24.7666	8.47668	11.6228	2.91792	3.88328	0.0111113	0.0111448	0	0
k107_5634280 flag=0 multi=40.7425 len=19095	19095	37.9981	0	0	0	0	0	0	0	0	3.75124	4.28269	0	0	6.13936	7.71308	16.8118	20.7691	8.40329	13.5067	2.86889	4.29676	0.0234662	0.0576984	0	0
k107_32219210 flag=0 multi=18.2213 len=5029	5029	16.7916	0	0	0	0	0	0	0.0638883	0.11526	0	0	0	0	1.19886	1.19672	2.05331	2.06009	8.49439	12.0981	4.98117	8.02073	0	0	0	0
k107_7994498 flag=0 multi=30.4833 len=21791	21791	38.7536	0	0	0	0	0	0	0	0	3.18684	4.90311	0	0	5.83154	8.84377	18.0291	28.3743	8.67858	13.2819	3.0276	4.36047	0	0	0	0
k107_941761 flag=0 multi=34.0172 len=16822	16822	40.0443	0	0	0	0	0	0	0	0	4.01404	5.07772	0	0	5.72155	9.53689	18.1864	25.4351	8.96392	11.2822	3.15841	4.52837	0	0	0	0
k107_5191580 flag=0 multi=183.1166 len=2611	2611	47.9706	0	0	0	0	0	0	0	0	3.1728	5.30344	0.130793	0.20819	4.96405	6.53619	18.1252	24.3268	8.22044	7.30295	2.26592	2.78412	11.0914	29.9913	0	0
k107_9515269 flag=0 multi=175.6860 len=2890	2890	37.0267	0	0	0	0	0	0	0	0	3.3126	5.20082	0.0873261	0.0797345	4.9575	4.60133	17.9281	22.6615	7.66345	8.22682	3.02048	4.34484	0.057187	0.0549619	0	0
k107_31808335 flag=0 multi=40.0995 len=3643	3643	39.4768	0	0	0	0	0	0	0	0	3.23197	3.8575	0	0	5.94044	5.87108	18.5121	31.2817	9.86262	10.5714	1.92966	1.84093	0	0	0	0
k107_7831424 flag=0 multi=30.7233 len=9791	9791	37.8868	0	0	0	0	0	0	0	0	3.72052	4.74527	0	0	6.00095	6.2696	16.9445	20.2881	8.37886	10.6131	2.84203	4.28922	0	0	0	0
k107_2090565 flag=0 multi=33.0010 len=55933	55933	39.9511	0	0	0	0	0	0	0	0	3.69607	5.18612	0	0	5.97192	6.97714	18.3117	25.335	8.95636	12.3579	3.00699	4.33358	0.00814294	0.0119933	0	0
k107_17314985 flag=0 multi=30.4378 len=12207	12207	38.8106	0.050735	0.133847	0.0253675	0.029932	0	0	0	0	3.66098	5.16469	0	0	5.77304	6.00919	18.5651	22.4727	8.23452	11.0492	2.5008	3.62819	0	0	0	0
