contigName	contigLen	totalAvgDepth	Cen01_MA.bam	Cen01_MA.bam-var	Cen03_MA.bam	Cen03_MA.bam-var	Cen04_MA.bam	Cen04_MA.bam-var	Cen05_MA.bam	Cen05_MA.bam-var	Cen06_MA.bam	Cen06_MA.bam-var	Cen07_MA.bam	Cen07_MA.bam-var	Cen10_MA.bam	Cen10_MA.bam-var	Cen12_MA.bam	Cen12_MA.bam-var	Cen14_MA.bam	Cen14_MA.bam-var	Cen15_MA.bam	Cen15_MA.bam-var	Cen16_MA.bam	Cen16_MA.bam-var	Cen17_MA.bam	Cen17_MA.bam-var
k107_7783331 flag=1 multi=18.0000 len=4452	4452	6.8453	0	0	0	0	0	0	0	0	0	0	0	0	0	0	0	0	0	0	0	0	0	0	6.8453	17.1567
k107_34177777 flag=1 multi=118.0000 len=3949	3949	11.4919	0	0	0	0	0	0	0	0	0	0	0	0	0	0	0	0	0	0	0	0	0	0	11.4919	15.8788
k107_28607468 flag=0 multi=131.9548 len=3982	3982	8.87418	0	0	0	0	0	0	0	0	0	0	0	0	0	0	0	0	0	0	0	0	0	0	8.87418	11.8663
k107_27289873 flag=0 multi=29.6116 len=2705	2705	9.36954	0	0	0	0	0	0	0	0	0	0	0	0	0	0	0	0	0	0	0	0	0	0	9.36954	10.1589
k107_27925785 flag=1 multi=75.0000 len=2685	2685	6.94335	0	0	0	0	0	0	0	0	0	0	0	0	0	0	0	0	0	0	0	0	0	0	6.94335	7.86953
k107_26046092 flag=0 multi=62.7713 len=3906	3906	8.33602	0	0	0	0	0	0	0	0	0	0	0	0	0	0	0	0	0	0	0	0	0	0	8.33602	8.58205
k107_25759515 flag=0 multi=32.7680 len=3922	3922	7.84199	0	0	0	0	0	0	0	0	0	0	0	0	0	0	0	0	0	0	0	0	0	0	7.84199	8.25017
k107_23902077 flag=0 multi=35.8844 len=2608	2608	9.74978	0	0	0	0	0	0	0	0	0	0	0	0	0	0	0	0	0	0	0	0	0	0	9.74978	20.1324
k107_22945152 flag=0 multi=28.0050 len=2891	2891	13.2387	0	0	0	0	0	0	0	0	0	0	0	0	0	0	0	0	0	0	0	0	0	0	13.2387	13.5796
k107_22613929 flag=0 multi=19.3569 len=4116	4116	12.4903	0	0	0	0	0	0	0	0	0	0	0	0	0	0	0	0	0	0	0	0	0	0	12.4903	19.4699
k107_22513113 flag=1 multi=75.0000 len=3131	3131	5.44857	0	0	0	0	0	0	0	0	0	0	0	0	0	0	0	0	0	0	0	0	0	0	5.44857	7.85896
k107_21460579 flag=0 multi=56.9736 len=2953	2953	11.0272	0	0	0	0	0	0	0	0	0	0	0	0	0	0	0	0	0	0	0	0	0	0	11.0272	10.2602
k107_21012359 flag=1 multi=9.0000 len=2679	2679	2.55154	0	0	0	0	0	0	0	0	0	0	0	0	0	0	0	0	0	0	0	0	0	0	2.55154	1.79584
k107_19323471 flag=1 multi=38.6059 len=2941	2941	11.1023	0	0	0	0	0	0	0	0	0	0	0	0	0	0	0	0	0	0	0	0	0	0	11.1023	34.3106
k107_18546221 flag=0 multi=23.6677 len=2695	2695	11.7931	0	0	0	0	0	0	0	0	0	0	0	0	0	0	0	0	0	0	0	0	0	0	11.7931	18.3721
k107_17928513 flag=1 multi=118.2549 len=2606	2606	10.6298	0	0	0	0	0	0	0	0	0	0	0	0	0	0	0	0	0	0	0	0	0	0	10.6298	38.493
k107_17151043 flag=0 multi=18.9944 len=2777	2777	6.64444	0	0	0	0	0	0	0	0	0	0	0	0	0	0	0	0	0	0	0	0	0	0	6.64444	11.1528
k107_12813600 flag=1 multi=174.0000 len=2600	2600	7.07572	0	0	0	0	0	0	0	0	0	0	0	0	0	0	0	0	0	0	0	0	0	0	7.07572	5.83544
k107_12058493 flag=0 multi=16.5525 len=2648	2648	7.9139	0	0	0	0	0	0	0	0	0	0	0	0	0	0	0	0	0	0	0	0	0	0	7.9139	4.37116
k107_9590964 flag=0 multi=95.9943 len=2758	2758	12.4707	0	0	0	0	0	0	0	0	0	0	0	0	0	0	0	0	0	0	0	0	0	0	12.4707	15.3915
k107_17150460 flag=0 multi=156.6143 len=3065	3065	7.58198	0	0	0	0	0	0	0	0	0	0	0	0	0	0	0	0	0	0	0	0	0	0	7.58198	15.907
k107_8076764 flag=0 multi=33.0000 len=2936	2936	11.2817	0	0	0	0	0	0	0	0	0	0	0	0	0	0	0	0	0	0	0	0	0	0	11.2817	12.6093
k107_4337801 flag=1 multi=145.7650 len=2639	2639	6.99572	0	0	0	0	0	0	0	0	0	0	0	0	0	0	0	0	0	0	0	0	0	0	6.99572	5.02916
k107_3665121 flag=0 multi=27.0158 len=2517	2517	12.7725	0	0	0	0	0	0	0	0	0	0	0	0	0	0	0	0	0	0	0	0	0	0	12.7725	12.2955
k107_3342390 flag=0 multi=25.9997 len=3145	3145	19.4573	0	0	0	0	0	0	0	0	0	0	0	0	0	0	0	0	0	0	0	0	0	0	19.4573	21.9076
k107_1275385 flag=0 multi=147.0583 len=3006	3006	12.9075	0	0	0	0	0	0	0	0	0	0	0	0	0	0	0	0	0	0	0	0	0	0	12.9075	22.7217
k107_2944042 flag=1 multi=68.0000 len=3467	3467	6.56114	0	0	0	0	0	0	0	0	0	0	0	0	0	0	0	0	0	0	0	0	0	0	6.56114	7.06624
k107_17883398 flag=0 multi=64.8093 len=24278	24278	16.6305	0	0	0	0	0	0	0	0	0	0	0	0	0	0	0	0	0	0	0	0	0	0	16.6305	23.2204
k107_9507601 flag=0 multi=51.1106 len=5533	5533	14.5043	0	0	0	0	0	0	0	0	0	0	0	0	0	0	0	0	0	0	0	0	0	0	14.5043	24.0697
k107_1438329 flag=0 multi=42.1758 len=4584	4584	19.1399	0	0	0	0	0	0	0	0	0	0	0	0	0	0	0	0	0	0	0	0	0	0	19.1399	30.6912
k107_33845118 flag=0 multi=16.0000 len=6289	6289	17.442	0	0	0	0	0	0	0	0	0	0	0	0	0	0	0	0	0	0	0	0	0	0	17.442	20.4246
k107_6017937 flag=0 multi=31.4057 len=3008	3008	14.9084	0	0	0	0	0	0	0	0	0	0	0	0	0	0	0	0	0	0	0	0	0	0	14.9084	24.4533
k107_2338258 flag=0 multi=68.1602 len=13796	13796	16.6511	0	0	0	0	0	0	0	0	0	0	0	0	0	0	0	0	0	0	0	0	0	0	16.6511	21.7041
k107_4119696 flag=0 multi=14.0246 len=4011	4011	14.4681	0	0	0	0	0	0	0	0	0	0	0	0	0	0	0	0	0	0	0	0	0	0	14.4681	21.3314
k107_4756327 flag=0 multi=50.0000 len=9520	9520	16.0241	0	0	0	0	0	0	0	0	0	0	0	0	0	0	0	0	0	0	0	0	0	0	16.0241	26.7916
k107_748601 flag=0 multi=15.0404 len=2631	2631	19.6363	0	0	0	0	0	0	0	0	0	0	0	0	0	0	0	0	0	0	0	0	0	0	19.6363	15.9279
k107_32639306 flag=0 multi=62.3239 len=6704	6704	14.9011	0	0	0	0	0	0	0	0	0	0	0	0	0	0	0	0	0	0	0	0	0	0	14.9011	16.7169
k107_4795514 flag=0 multi=48.0000 len=5531	5531	17.1587	0	0	0	0	0	0	0	0	0	0	0	0	0	0	0	0	0	0	0	0	0	0	17.1587	23.0031
k107_12311649 flag=0 multi=84.4527 len=10116	10116	15.846	0	0	0	0	0	0	0	0	0	0	0	0	0	0	0	0	0	0	0	0	0	0	15.846	23.2456
k107_888026 flag=0 multi=67.8372 len=7669	7669	17.6707	0	0	0	0	0	0	0	0	0	0	0	0	0	0	0	0	0	0	0	0	0	0	17.6707	20.7355
k107_9211281 flag=0 multi=37.0787 len=3044	3044	16.736	0	0	0	0	0	0	0	0	0	0	0	0	0	0	0	0	0	0	0	0	0	0	16.736	19.7423
k107_1238915 flag=0 multi=98.4962 len=10981	10981	17.391	0	0	0	0	0	0	0	0	0	0	0	0	0	0	0	0	0	0	0	0	0	0	17.391	25.016
k107_1875532 flag=0 multi=46.6980 len=24613	24613	18.2081	0	0	0	0	0	0	0	0	0	0	0	0	0	0	0	0	0	0	0	0	0	0	18.2081	26.9967
k107_23093114 flag=0 multi=174.0000 len=12720	12720	12.6286	0	0	0	0	0	0	0	0	0	0	0	0	0	0	0	0	0	0	0	0	0	0	12.6286	23.4592
k107_6027773 flag=0 multi=171.1227 len=3840	3840	15.723	0	0	0	0	0	0	0	0	0	0	0	0	0	0	0	0	0	0	0	0	0	0	15.723	19.1922
k107_9085531 flag=0 multi=101.2251 len=2586	2586	14.2307	0	0	0	0	0	0	0	0	0	0	0	0	0	0	0	0	0	0	0	0	0	0	14.2307	16.0641
k107_13449783 flag=0 multi=30.5140 len=7762	7762	15.2642	0	0	0	0	0	0	0	0	0	0	0	0	0	0	0	0	0	0	0	0	0	0	15.2642	19.3834
k107_18750884 flag=0 multi=31.0000 len=6744	6744	15.7701	0	0	0	0	0	0	0	0	0	0	0	0	0	0	0	0	0	0	0	0	0	0	15.7701	30.5249
k107_1063837 flag=0 multi=29.6609 len=7459	7459	16.3166	0	0	0	0	0	0	0	0	0	0	0	0	0	0	0	0	0	0	0	0	0	0	16.3166	20.2239
k107_7158749 flag=0 multi=97.8399 len=3049	3049	10.071	0	0	0	0	0	0	0	0	0	0	0	0	0	0	0	0	0	0	0	0	0	0	10.071	18.4504
k107_14589730 flag=0 multi=27.8765 len=3321	3321	18.3392	0	0	0	0	0	0	0	0	0	0	0	0	0	0	0	0	0	0	0	0	0	0	18.3392	16.0025
k107_7280567 flag=0 multi=45.1035 len=5285	5285	17.4451	0	0	0	0	0	0	0	0	0	0	0	0	0	0	0	0	0	0	0	0	0	0	17.4451	26.93
k107_6784186 flag=0 multi=27.4384 len=4044	4044	19.3009	0	0	0	0	0	0	0	0	0	0	0	0	0	0	0	0	0	0	0	0	0	0	19.3009	22.1317
k107_20055386 flag=0 multi=81.6393 len=3825	3825	17.0817	0	0	0	0	0	0	0	0	0	0	0	0	0	0	0	0	0	0	0	0	0	0	17.0817	23.1508
k107_7815427 flag=0 multi=104.0000 len=3973	3973	18.3152	0	0	0	0	0	0	0	0	0	0	0	0	0	0	0	0	0	0	0	0	0	0	18.3152	15.628
k107_2976030 flag=0 multi=122.3902 len=9541	9541	16.5383	0	0	0	0	0	0	0	0	0	0	0	0	0	0	0	0	0	0	0	0	0	0	16.5383	21.3003
k107_9379046 flag=0 multi=98.3751 len=13498	13498	16.4189	0	0	0	0	0	0	0	0	0	0	0	0	0	0	0	0	0	0	0	0	0	0	16.4189	19.9997
k107_19055785 flag=0 multi=30.8505 len=10443	10443	16.345	0	0	0	0	0	0	0	0	0	0	0	0	0	0	0	0	0	0	0	0	0	0	16.345	17.7803
k107_512989 flag=0 multi=28.5243 len=5529	5529	14.9945	0	0	0	0	0	0	0	0	0	0	0	0	0	0	0	0	0	0	0	0	0	0	14.9945	17.1033
k107_10089354 flag=0 multi=94.6689 len=11087	11087	12.5441	0	0	0	0	0	0	0	0	0	0	0	0	0	0	0	0	0	0	0	0	0	0	12.5441	23.9815
k107_5891729 flag=0 multi=55.5111 len=7431	7431	17.2169	0	0	0	0	0	0	0	0	0	0	0	0	0	0	0	0	0	0	0	0	0	0	17.2169	22.8809
k107_7331481 flag=1 multi=38.3884 len=19988	19988	9.87235	0	0	0	0	0	0	0	0	0	0	0	0	0	0	0	0	0	0	0	0	0	0	9.87235	12.9305
k107_23994481 flag=0 multi=42.9800 len=3459	3459	11.3678	0	0	0	0	0	0	0	0	0	0	0	0	0	0	0	0	0	0	0	0	0	0	11.3678	11.9072
k107_9982552 flag=0 multi=24.3941 len=17288	17288	16.2225	0	0	0	0	0	0	0	0	0	0	0	0	0	0	0	0	0	0	0	0	0	0	16.2225	25.6217
k107_626270 flag=0 multi=62.9887 len=46552	46552	17.0933	0	0	0	0	0	0	0	0	0	0	0	0	0	0	0	0	0	0	0	0	0.00972973	0.00969671	17.0835	23.0609
k107_9197886 flag=0 multi=81.7334 len=2988	2988	12.1992	0	0	0	0	0	0	0	0	0	0	0	0	0	0	0	0	0	0	0	0	0	0	12.1992	36.5361
k107_15728062 flag=0 multi=13.0995 len=2700	2700	7.18474	0	0	0	0	0	0	0	0	0	0	0	0	0	0	0	0	0	0	0	0	0	0	7.18474	6.26979
k107_10281580 flag=0 multi=38.9161 len=8557	8557	16.2974	0	0	0	0	0	0	0	0	0	0	0	0	0	0	0	0	0	0	0	0	0.0179285	0.0179602	16.2795	20.2012
k107_7909204 flag=0 multi=27.8641 len=16504	16504	17.8925	0	0	0	0	0	0	0	0	0	0	0	0	0	0	0	0	0	0	0	0	0	0	17.8925	18.7148
k107_8942338 flag=0 multi=368.2603 len=2520	2520	16.1244	0	0	0	0	0	0	0	0	0	0	0	0	0	0	0	0	0	0	0	0	0	0	16.1244	16.2144
k107_12212742 flag=0 multi=136.3159 len=6955	6955	17.905	0	0	0	0	0	0	0	0	0	0	0	0	0	0	0	0	0	0	0	0	0	0	17.905	23.367
k107_10978278 flag=0 multi=58.6603 len=8947	8947	17.0969	0	0	0	0	0	0	0	0	0	0	0	0	0	0	0	0	0	0	0	0	0	0	17.0969	20.0804
k107_30417493 flag=0 multi=152.1752 len=5519	5519	16.1073	0	0	0	0	0	0	0	0	0	0	0	0	0	0	0	0	0	0	0	0	0	0	16.1073	24.7006
k107_28423280 flag=0 multi=45.7570 len=3551	3551	14.7448	0	0	0	0	0	0	0	0	0	0	0	0	0	0	0	0	0	0	0	0	0	0	14.7448	23.5802
k107_762462 flag=0 multi=165.6219 len=3381	3381	15.7463	0	0	0	0	0	0	0	0	0	0	0	0	0	0	0	0	0	0	0	0	0	0	15.7463	14.577
k107_12789225 flag=0 multi=28.1647 len=35082	35082	15.6652	0	0	0	0	0	0	0	0	0	0	0	0	0	0	0	0	0	0	0	0	0	0	15.6652	21.7246
k107_26403204 flag=0 multi=99.0344 len=7501	7501	14.4495	0	0	0	0	0	0	0	0	0	0	0	0	0	0	0	0	0	0	0	0	0	0	14.4495	25.7423
k107_7112924 flag=0 multi=80.3765 len=5862	5862	15.446	0	0	0	0	0	0	0	0	0	0	0	0	0	0	0	0	0	0	0	0	0	0	15.446	17.9158
k107_11811297 flag=0 multi=33.0000 len=3926	3926	15.4663	0	0	0	0	0	0	0	0	0	0	0	0	0	0	0	0	0	0	0	0	0	0	15.4663	15.4439
k107_16261121 flag=0 multi=86.7595 len=3879	3879	18.2667	0	0	0	0	0	0	0	0	0	0	0	0	0.0838692	0.0840381	0	0	0	0	0	0	0	0	18.1828	27.4703
k107_14725591 flag=0 multi=12.6545 len=19941	19941	11.4566	0	0	0	0	0	0	0	0	0	0	0	0	0	0	0	0	0	0	0	0	0	0	11.4566	14.6489
k107_24849560 flag=0 multi=24.0961 len=5031	5031	16.7911	0	0	0	0	0	0	0	0	0	0	0	0	0	0	0	0	0	0	0	0	0	0	16.7911	18.167
k107_13726651 flag=0 multi=22.5417 len=4883	4883	7.43702	0	0	0	0	0	0	0	0	0	0	0	0	0	0	0	0	0	0	0	0	0	0	7.43702	7.16817
k107_10827614 flag=0 multi=127.4347 len=5414	5414	16.7733	0	0	0	0	0	0	0	0	0	0	0	0	0	0	0	0	0	0	0	0	0	0	16.7733	15.8253
k107_13210387 flag=0 multi=209.8727 len=4137	4137	13.29	0	0	0	0	0	0	0	0	0	0	0	0	0	0	0	0	0	0	0	0	0	0	13.29	13.1801
k107_14816734 flag=0 multi=68.8773 len=3505	3505	13.7924	0	0	0	0	0	0	0	0	0	0	0	0	0	0	0	0	0	0	0	0	0	0	13.7924	29.1341
k107_28104731 flag=0 multi=84.7172 len=7515	7515	14.4769	0	0	0	0	0	0	0	0	0	0	0	0	0	0	0	0	0	0	0	0	0	0	14.4769	14.7763
k107_7209718 flag=0 multi=246.4873 len=4109	4109	16.5482	0	0	0	0	0	0	0	0	0	0	0	0	0	0	0	0	0	0	0	0	0	0	16.5482	20.2032
k107_2663269 flag=0 multi=48.5261 len=15099	15099	19.0541	0	0	0	0	0	0	0	0	0	0	0	0	0	0	0	0	0	0	0	0	0.0200041	0.0240513	19.0341	26.7591
k107_20045153 flag=0 multi=87.9359 len=4710	4710	17.6116	0	0	0	0	0	0	0	0	0	0	0	0	0	0	0	0	0	0	0	0	0	0	17.6116	24.123
k107_18279336 flag=0 multi=74.8801 len=2568	2568	15.8385	0	0	0	0	0	0	0	0	0	0	0	0	0	0	0	0	0	0	0	0	0	0	15.8385	19.4699
k107_16077719 flag=0 multi=86.1436 len=3833	3833	15.4715	0	0	0	0	0	0	0	0	0	0	0	0	0	0	0	0	0	0	0	0	0	0	15.4715	24.275
k107_11715323 flag=0 multi=112.2093 len=5492	5492	16.2002	0	0	0	0	0	0	0	0	0	0	0	0	0	0	0	0	0	0	0	0	0	0	16.2002	26.6961
k107_13442684 flag=0 multi=36.5993 len=2615	2615	9.41764	0	0	0	0	0	0	0	0	0	0	0	0	0	0	0	0	0	0	0	0	0	0	9.41764	9.29198
k107_3074547 flag=0 multi=29.0015 len=4237	4237	16.663	0	0	0	0	0	0	0	0	0	0	0	0	0	0	0	0	0	0	0	0	0	0	16.663	20.5958
k107_22087773 flag=0 multi=15.6646 len=3437	3437	15.5384	0	0	0	0	0	0	0	0	0	0	0	0	0	0	0	0	0	0	0	0	0	0	15.5384	22.6052
k107_19868888 flag=0 multi=92.0034 len=8915	8915	22.3804	0	0	0	0	0	0	0	0	0	0	0	0	0	0	0	0	0	0	0	0	0	0	22.3804	28.8151
k107_19532083 flag=0 multi=89.3151 len=3827	3827	16.619	0	0	0	0	0	0	0	0	0	0	0	0	0	0	0	0	0	0	0	0	0	0	16.619	26.6294
k107_5609967 flag=0 multi=164.5552 len=9834	9834	14.9615	0	0	0	0	0	0	0	0	0	0	0	0	0	0	0	0	0	0	0	0	0	0	14.9615	20.7561
k107_4081619 flag=0 multi=46.5165 len=5658	5658	16.7151	0	0	0	0	0	0	0	0	0	0	0	0	0	0	0	0	0	0	0	0	0	0	16.7151	20.799
k107_5999086 flag=0 multi=61.0113 len=11493	11493	16.9771	0	0	0	0	0	0	0	0	0	0	0	0	0	0	0	0	0	0	0	0	0	0	16.9771	23.5094
k107_32609731 flag=0 multi=400.6293 len=2508	2508	15.2044	0	0	0	0	0	0	0	0	0	0	0	0	0	0	0	0	0	0	0	0	0	0	15.2044	12.0753
k107_25410847 flag=0 multi=29.0000 len=4225	4225	16.4377	0	0	0	0	0	0	0	0	0	0	0	0	0	0	0	0	0	0	0	0	0	0	16.4377	22.2057
k107_33560236 flag=0 multi=35.0009 len=13784	13784	15.5915	0	0	0	0	0	0	0	0	0	0	0	0	0	0	0	0	0	0	0	0	0	0	15.5915	21.755
k107_2085854 flag=0 multi=140.3849 len=4308	4308	18.7986	0	0	0	0	0	0	0	0	0	0	0	0	0	0	0	0	0	0	0	0	0	0	18.7986	21.4095
k107_21030 flag=0 multi=115.3400 len=9552	9552	13.6422	0	0	0	0	0	0	0	0	0	0	0	0	0	0	0	0	0	0	0	0	0	0	13.6422	23.5386
k107_20748461 flag=0 multi=66.8062 len=3223	3223	9.89387	0	0	0	0	0	0	0	0	0	0	0	0	0	0	0	0	0	0	0	0	0	0	9.89387	21.9018
k107_30600213 flag=1 multi=12.2380 len=2800	2800	5.81505	0	0	0	0	0	0	0	0	0	0	0	0	0	0	0	0	0	0	0	0	0	0	5.81505	8.6881
k107_16986855 flag=0 multi=16.4589 len=5945	5945	17.5281	0	0	0	0	0	0	0	0	0	0	0	0	0	0	0	0	0	0	0	0	0	0	17.5281	25.2678
k107_3286633 flag=0 multi=62.8661 len=3027	3027	13.6338	0	0	0	0	0	0	0	0	0	0	0	0	0	0	0	0	0	0	0	0	0	0	13.6338	14.6368
k107_13318672 flag=0 multi=61.9248 len=7022	7022	8.42247	0	0	0	0	0	0	0	0	0	0	0	0	0	0	0	0	0	0	0	0	0	0	8.42247	9.52475
k107_9286369 flag=0 multi=34.7969 len=11742	11742	17.4119	0	0	0	0	0	0	0	0	0	0	0	0	0	0	0	0	0	0	0	0	0	0	17.4119	23.7569
k107_20367551 flag=0 multi=28.2611 len=5849	5849	16.989	0	0	0	0	0	0	0	0	0	0	0	0	0	0	0	0	0	0	0	0	0	0	16.989	26.8418
k107_20931794 flag=0 multi=33.2197 len=3999	3999	16.5956	0	0	0	0	0	0	0	0	0	0	0	0	0	0	0	0	0	0	0	0	0	0	16.5956	22.454
k107_17280022 flag=0 multi=46.1902 len=12072	12072	16.7885	0	0	0	0	0	0	0	0	0	0	0	0	0	0	0	0	0	0	0	0	0	0	16.7885	19.7316
k107_21787849 flag=1 multi=11.0000 len=3433	3433	3.43756	0	0	0	0	0	0	0	0	0	0	0	0	0	0	0	0	0	0	0	0	0	0	3.43756	2.9283
k107_4476249 flag=0 multi=184.4100 len=3619	3619	15.7416	0	0	0	0	0	0	0	0	0	0	0	0	0	0	0	0	0	0	0	0	0	0	15.7416	35.6144
k107_22314755 flag=0 multi=176.7349 len=2857	2857	14.7421	0	0	0	0	0	0	0	0	0	0	0	0	0	0	0	0	0	0	0	0	0	0	14.7421	18.6779
k107_24782283 flag=0 multi=68.6682 len=10576	10576	18.2636	0	0	0	0	0	0	0	0	0	0	0	0	0	0	0	0	0	0	0	0	0	0	18.2636	25.3351
k107_267138 flag=0 multi=20.5420 len=13079	13079	16.5632	0	0	0	0	0	0	0	0	0	0	0	0	0	0	0	0	0	0	0	0	0.0115833	0.0116787	16.5516	21.1955
k107_6837332 flag=0 multi=26.5825 len=6462	6462	17.7506	0	0	0	0	0	0	0	0	0	0	0	0	0	0	0	0	0	0	0	0	0.0480519	0.0466328	17.7026	26.906
k107_1196242 flag=0 multi=35.7095 len=5177	5177	20.7824	0	0	0	0	0	0	0	0	0	0	0	0	0	0	0	0	0	0	0	0	0	0	20.7824	23.3285
k107_29015496 flag=0 multi=183.0000 len=3098	3098	13.9835	0	0	0	0	0	0	0	0	0	0	0	0	0	0	0	0	0	0	0	0	0	0	13.9835	18.4354
k107_15967449 flag=0 multi=15.0136 len=5250	5250	12.8761	0	0	0	0	0	0	0	0	0	0	0	0	0	0	0	0	0	0	0	0	0	0	12.8761	36.2883
k107_23036197 flag=0 multi=124.8220 len=4314	4314	18.4212	0	0	0	0	0	0	0	0	0	0	0	0	0	0	0	0	0	0	0	0	0	0	18.4212	34.2003
k107_24412854 flag=0 multi=55.1074 len=6299	6299	17.2475	0	0	0	0	0	0	0	0	0	0	0	0	0	0	0	0	0	0	0	0	0	0	17.2475	26.7088
k107_9683054 flag=0 multi=66.6041 len=3949	3949	16.3548	0	0	0	0	0	0	0	0	0	0	0	0	0	0	0	0	0	0	0	0	0	0	16.3548	29.3801
k107_12614873 flag=0 multi=134.9775 len=7893	7893	16.7253	0	0	0	0	0	0	0	0	0	0	0	0	0	0	0	0	0	0	0	0	0	0	16.7253	20.3033
k107_27062108 flag=0 multi=164.0768 len=4924	4924	16.2241	0	0	0	0	0	0	0	0	0	0	0	0	0	0	0	0	0	0	0	0	0	0	16.2241	13.0008
k107_6823013 flag=0 multi=48.1458 len=4037	4037	17.612	0	0	0	0	0	0	0	0	0	0	0	0	0	0	0	0	0	0	0	0	0.0797858	0.082906	17.5323	21.7856
k107_28175016 flag=0 multi=48.7415 len=10504	10504	16.4641	0	0	0	0	0	0	0	0	0	0	0	0	0	0	0	0	0	0	0	0	0	0	16.4641	22.8204
k107_16426662 flag=0 multi=116.5526 len=8153	8153	18.3708	0	0	0	0	0	0	0	0	0	0	0	0	0	0	0	0	0	0	0	0	0	0	18.3708	23.9278
k107_17330928 flag=0 multi=43.2517 len=3873	3873	17.963	0	0	0	0	0	0	0	0	0	0	0	0	0	0	0	0	0	0	0	0	0	0	17.963	18.4844
k107_17687508 flag=0 multi=14.1313 len=4845	4845	15.2399	0	0	0	0	0	0	0	0	0	0	0	0	0	0	0	0	0	0	0	0	0	0	15.2399	23.5351
k107_33377224 flag=0 multi=91.0000 len=3136	3136	16.2096	0	0	0	0	0	0	0	0	0	0	0	0	0	0	0	0	0	0	0	0	0	0	16.2096	18.2697
k107_35099827 flag=0 multi=44.0960 len=4723	4723	17.5888	0	0	0	0	0	0	0	0	0	0	0	0	0	0	0	0	0	0	0	0	0	0	17.5888	39.3799
k107_11955854 flag=0 multi=93.9705 len=4451	4451	15.455	0	0	0	0	0	0	0	0	0	0	0	0	0	0	0	0	0	0	0	0	0	0	15.455	16.4085
k107_20546734 flag=1 multi=10.0000 len=3467	3467	5.35861	0	0	0	0	0	0	0	0	0	0	0	0	0	0	0	0	0	0	0	0	0	0	5.35861	3.87348
k107_28991679 flag=0 multi=62.8265 len=5336	5336	20.5612	0	0	0	0	0	0	0	0	0	0	0	0	0	0	0	0	0	0	0	0	0	0	20.5612	47.2523
k107_1295140 flag=0 multi=18.2008 len=22366	22366	15.9333	0	0	0	0	0	0	0	0	0	0	0	0	0	0	0	0	0	0	0	0	0.0133702	0.0134978	15.9199	19.7661
k107_14445614 flag=0 multi=44.9523 len=10697	10697	16.535	0	0	0	0	0	0	0	0	0	0	0	0	0	0	0	0	0	0	0	0	0	0	16.535	18.7848
k107_24425027 flag=0 multi=75.0828 len=4336	4336	18.0863	0	0	0	0	0	0	0	0	0	0	0	0	0	0	0	0	0	0	0	0	0	0	18.0863	23.5564
k107_14935364 flag=0 multi=20.0026 len=4720	4720	18.335	0	0	0	0	0	0	0	0	0	0	0	0	0	0	0	0	0	0	0	0	0	0	18.335	21.926
k107_1161833 flag=0 multi=44.4227 len=7339	7339	17.2984	0	0	0	0	0	0	0	0	0	0	0	0	0	0	0	0	0	0	0	0	0	0	17.2984	22.0818
k107_15342010 flag=0 multi=78.8354 len=6413	6413	14.1664	0	0	0	0	0	0	0	0	0	0	0	0	0	0	0	0	0	0	0	0	0	0	14.1664	20.0372
k107_4728773 flag=0 multi=149.7681 len=2651	2651	14.0498	0	0	0	0	0	0	0	0	0	0	0	0	0	0	0	0	0	0	0	0	0	0	14.0498	29.7375
k107_21632435 flag=0 multi=26.9961 len=13467	13467	18.0336	0	0	0	0	0	0	0	0	0	0	0	0	0	0	0	0	0	0	0	0	0	0	18.0336	20.4694
k107_28410487 flag=0 multi=91.0155 len=9862	9862	16.1547	0	0	0	0	0	0	0	0	0	0	0	0	0	0	0	0	0	0	0	0	0	0	16.1547	16.6901
k107_22439601 flag=0 multi=23.4592 len=5647	5647	12.4928	0	0	0	0	0	0	0	0	0	0	0	0	0	0	0	0	0	0	0	0	0	0	12.4928	19.1978
k107_34755808 flag=0 multi=139.5921 len=4380	4380	15.5101	0	0	0	0	0	0	0	0	0	0	0	0	0	0	0	0	0	0	0	0	0	0	15.5101	19.5267
k107_11657106 flag=0 multi=60.2993 len=2686	2686	17.1875	0	0	0	0	0	0	0	0	0	0	0	0	0	0	0	0	0	0	0	0	0	0	17.1875	38.6924
k107_18907720 flag=1 multi=4.0000 len=2994	2994	4.92533	0	0	0	0	0	0	0	0	0	0	0	0	0	0	0	0	0	0	0	0	0	0	4.92533	4.07727
k107_20020454 flag=0 multi=28.0056 len=13589	13589	17.2183	0	0	0	0	0	0	0	0	0	0	0	0	0	0	0	0	0	0	0	0	0	0	17.2183	30.4951
k107_12025643 flag=1 multi=8.0000 len=5569	5569	8.24967	0	0	0	0	0	0	0	0	0	0	0	0	0	0	0	0	0	0	0	0	0	0	8.24967	12.3359
k107_14999274 flag=0 multi=19.6461 len=5530	5530	18.0627	0	0	0	0	0	0	0	0	0	0	0	0	0	0	0	0	0	0	0	0	0	0	18.0627	19.7247
k107_984767 flag=0 multi=63.0000 len=7962	7962	14.2715	0	0	0	0	0	0	0	0	0	0	0	0	0	0	0	0	0	0	0	0	0	0	14.2715	13.4731
k107_7056451 flag=1 multi=11.0000 len=42849	42849	9.35018	0	0	0	0	0	0	0	0	0	0	0	0	0	0	0	0	0	0	0	0	0	0	9.35018	12.6819
k107_10723320 flag=0 multi=120.4197 len=2773	2773	16.3982	0	0	0	0	0	0	0	0	0	0	0	0	0	0	0	0	0	0	0	0	0	0	16.3982	29.0741
k107_10898618 flag=0 multi=61.7390 len=6587	6587	15.0243	0	0	0	0	0	0	0	0	0	0	0	0	0	0	0	0	0	0	0	0	0	0	15.0243	17.1427
k107_34580183 flag=0 multi=18.0974 len=2530	2530	13.338	0	0	0	0	0	0	0	0	0	0	0	0	0	0	0	0	0	0	0	0	0	0	13.338	20.9325
k107_9024766 flag=0 multi=257.4409 len=3432	3432	13.1026	0	0	0	0	0	0	0	0	0	0	0	0	0	0	0	0	0	0	0	0	0	0	13.1026	12.0855
k107_7256413 flag=0 multi=52.1724 len=10267	10267	15.1222	0	0	0	0	0	0	0	0	0	0	0	0	0	0	0	0	0	0	0	0	0	0	15.1222	20.923
k107_3040680 flag=0 multi=35.1038 len=12149	12149	17.1529	0	0	0	0	0	0	0	0	0	0	0	0	0	0	0	0	0	0	0	0	0	0	17.1529	25.1504
k107_11241525 flag=0 multi=24.6671 len=3225	3225	17.0883	0	0	0	0	0	0	0	0	0	0	0	0	0	0	0	0	0	0	0	0	0.0513171	0.0490083	17.0369	36.2564
k107_12078740 flag=0 multi=29.0809 len=6026	6026	17.0404	0	0	0	0	0	0	0	0	0	0	0	0	0	0	0	0	0	0	0	0	0	0	17.0404	23.3118
k107_11235570 flag=0 multi=507.1886 len=2779	2779	12.0799	0	0	0	0	0	0	0	0	0	0	0	0	0	0	0	0	0	0	0	0	0	0	12.0799	33.375
k107_13912739 flag=0 multi=32.6432 len=9044	9044	16.6153	0	0	0	0	0	0	0	0	0	0	0	0	0	0	0	0	0	0	0	0	0	0	16.6153	25.2635
k107_9215577 flag=0 multi=72.8184 len=3858	3858	14.7036	0	0	0	0	0	0	0	0	0	0	0	0	0	0	0	0	0	0	0	0	0	0	14.7036	20.6068
k107_13707722 flag=0 multi=139.0000 len=3998	3998	13.9816	0	0	0	0	0	0	0	0	0	0	0	0	0	0	0	0	0	0	0	0	0	0	13.9816	15.6302
k107_862236 flag=0 multi=147.5555 len=6635	6635	14.162	0	0	0	0	0	0	0	0	0	0	0	0	0	0	0	0	0	0	0	0	0	0	14.162	33.0974
k107_2330168 flag=1 multi=13.5914 len=2782	2782	11.2302	0	0	0	0	0	0	0	0	0	0	0	0	0	0	0	0	0	0	0	0	0	0	11.2302	13.4911
k107_34175636 flag=0 multi=39.3340 len=3263	3263	11.745	0	0	0	0	0	0	0	0	0	0	0	0	0	0	0	0	0	0	0	0	0	0	11.745	15.7788
k107_2111610 flag=0 multi=11.4126 len=3696	3696	7.70153	0	0	0	0	0	0	0	0	0	0	0	0	0	0	0	0	0	0	0	0	0	0	7.70153	11.4437
k107_22254500 flag=0 multi=50.5952 len=3165	3165	14.3877	0	0	0	0	0	0	0	0	0	0	0	0	0	0	0	0	0	0	0	0	0	0	14.3877	22.2386
k107_32555701 flag=0 multi=95.1723 len=4292	4292	14.7451	0	0	0	0	0	0	0	0	0	0	0	0	0	0	0	0	0	0	0	0	0	0	14.7451	25.6687
k107_10168742 flag=0 multi=44.4053 len=13456	13456	23.1637	0	0	0	0	0	0	0	0	0	0	0	0	0	0	0	0	0	0	0	0	0	0	23.1637	33.7457
k107_2938112 flag=0 multi=111.9641 len=5323	5323	17.6096	0	0	0	0	0	0	0	0	0	0	0	0	0	0	0	0	0	0	0	0	0	0	17.6096	31.2958
k107_14457484 flag=0 multi=72.8902 len=4286	4286	15.3386	0	0	0	0	0	0	0	0	0	0	0	0	0	0	0	0	0	0	0	0	0	0	15.3386	36.2811
k107_28231117 flag=0 multi=141.0000 len=9124	9124	16.4214	0	0	0	0	0	0	0	0	0	0	0	0	0	0	0	0	0	0	0	0	0	0	16.4214	20.465
k107_27239501 flag=0 multi=77.9069 len=2921	2921	9.07255	0	0	0	0	0	0	0	0	0	0	0	0	0	0	0	0	0	0	0	0	0	0	9.07255	22.0316
k107_2757500 flag=0 multi=275.1439 len=4373	4373	19.5269	0	0	0	0	0	0	0	0	0	0	0	0	0	0	0	0	0	0	0	0	0	0	19.5269	21.565
k107_6424491 flag=0 multi=46.7411 len=6757	6757	14.3309	0	0	0	0	0	0	0	0	0	0	0	0	0	0	0	0	0	0	0	0	0	0	14.3309	21.7846
k107_923574 flag=0 multi=32.0413 len=30057	30057	15.8958	0	0	0	0	0	0	0	0	0	0	0	0	0	0	0	0	0	0	0	0	0	0	15.8958	26.4465
k107_3308313 flag=0 multi=51.2702 len=19195	19195	16.8477	0	0	0	0	0	0	0	0	0	0	0	0	0	0	0	0	0	0	0	0	0	0	16.8477	21.4413
k107_25797619 flag=0 multi=51.0000 len=4599	4599	17.3921	0	0	0	0	0	0	0	0	0	0	0	0	0	0	0	0	0	0	0	0	0	0	17.3921	24.149
k107_10949167 flag=0 multi=214.3418 len=5947	5947	15.1212	0	0	0	0	0	0	0	0	0	0	0	0	0	0	0	0	0	0	0	0	0	0	15.1212	13.5722
k107_23007845 flag=0 multi=55.6086 len=13624	13624	20.4042	0	0	0	0	0	0	0	0	0	0	0	0	0	0	0	0	0	0	0	0	0	0	20.4042	31.811
k107_19261853 flag=0 multi=35.4981 len=3223	3223	16.4923	0	0	0	0	0	0	0	0	0	0	0	0	0	0	0	0	0	0	0	0	0	0	16.4923	22.3929
k107_31726884 flag=0 multi=19.0111 len=4775	4775	17.1478	0	0	0	0	0	0	0	0	0	0	0	0	0	0	0	0	0	0	0	0	0	0	17.1478	21.7203
k107_6804939 flag=1 multi=22.0000 len=4302	4302	6.40925	0	0	0	0	0	0	0	0	0	0	0	0	0	0	0	0	0	0	0	0	0	0	6.40925	5.15452
k107_23310428 flag=0 multi=75.0064 len=3545	3545	18.844	0	0	0	0	0	0	0	0	0	0	0	0	0	0	0	0	0	0	0	0	0	0	18.844	22.8842
k107_2047518 flag=0 multi=63.0526 len=6359	6359	19.4581	0	0	0	0	0	0	0	0	0	0	0	0	0	0	0	0	0	0	0	0	0	0	19.4581	32.6202
k107_4373723 flag=0 multi=140.1815 len=13825	13825	15.1079	0	0	0	0	0	0	0	0	0	0	0	0	0	0	0	0	0	0	0	0	0	0	15.1079	26.4028
k107_33001730 flag=0 multi=68.6840 len=4632	4632	14.1418	0	0	0	0	0	0	0	0	0	0	0	0	0	0	0	0	0	0	0	0	0	0	14.1418	19.7519
k107_1078718 flag=0 multi=65.9431 len=15089	15089	15.7799	0	0	0	0	0	0	0	0	0	0	0	0	0	0	0	0	0	0	0	0	0	0	15.7799	17.6172
k107_31023464 flag=0 multi=43.1735 len=9352	9352	16.2969	0	0	0	0	0	0	0	0	0	0	0	0	0	0	0	0	0	0	0	0	0.0166851	0.0164079	16.2802	34.044
k107_562783 flag=0 multi=97.1829 len=8664	8664	18.8927	0	0	0	0	0	0	0	0	0	0	0	0	0	0	0	0	0	0	0	0	0	0	18.8927	24.947
k107_9854159 flag=0 multi=31.3508 len=4206	4206	9.52433	0	0	0	0	0	0	0	0	0	0	0	0	0	0	0	0	0	0	0	0	0	0	9.52433	13.1818
k107_27323855 flag=0 multi=63.7430 len=10856	10856	14.538	0	0	0	0	0	0	0	0	0	0	0	0	0	0	0	0	0	0	0	0	0	0	14.538	20.468
k107_4723170 flag=0 multi=227.6146 len=2756	2756	14.6634	0	0	0	0	0	0	0	0	0	0	0	0	0	0	0	0	0	0	0	0	0	0	14.6634	26.5842
k107_1318353 flag=0 multi=47.7711 len=14244	14244	15.8231	0	0	0	0	0	0	0	0	0	0	0	0	0	0	0	0	0	0	0	0	0	0	15.8231	21.6854
k107_2581674 flag=0 multi=39.7293 len=16508	16508	19.7951	0	0	0	0	0	0	0	0	0	0	0	0	0	0	0	0	0	0	0	0	0	0	19.7951	35.1411
k107_1712906 flag=0 multi=57.2784 len=12550	12550	15.24	0	0	0	0	0	0	0	0	0	0	0	0	0	0	0	0	0	0	0	0	0	0	15.24	20.4412
k107_33728395 flag=0 multi=30.0215 len=10780	10780	15.7436	0	0	0	0	0	0	0	0	0	0	0	0	0	0	0	0	0	0	0	0	0	0	15.7436	21.9813
k107_32144638 flag=0 multi=136.2643 len=2703	2703	16.3444	0	0	0	0	0	0	0	0	0	0	0	0	0	0	0	0	0	0	0	0	0	0	16.3444	15.799
k107_3891196 flag=0 multi=75.0643 len=5717	5717	15.1719	0	0	0	0	0	0	0	0	0	0	0	0	0	0	0	0	0	0	0	0	0	0	15.1719	28.5928
k107_16444645 flag=0 multi=25.9541 len=5396	5396	5.904	0	0	0	0	0	0	0	0	0	0	0	0	0	0	0	0	0	0	0	0	0	0	5.904	6.47249
k107_18013174 flag=1 multi=20.8449 len=3072	3072	11.448	0.0530686	0.0515603	0	0	0	0	0	0	0	0	0	0	0	0	0	0	0	0	0	0	0.483393	1.19694	10.9116	17.1046
k107_27936412 flag=0 multi=41.9363 len=14820	14820	17.4945	0	0	0	0	0	0	0	0	0	0	0	0	0	0	0	0	0	0	0	0	0	0	17.4945	24.2241
k107_12015788 flag=1 multi=24.0000 len=3721	3721	6.3501	0	0	0	0	0	0	0	0	0	0	0	0	0	0	0	0	0	0	0	0	0	0	6.3501	5.09467
k107_11224603 flag=0 multi=40.7831 len=10960	10960	14.6804	0	0	0	0	0	0	0	0	0	0	0	0	0	0	0	0	0	0	0	0	0	0	14.6804	18.6442
k107_32523218 flag=0 multi=9.1199 len=2868	2868	10.8118	0	0	0	0	0	0	0	0	0	0	0	0	0	0	0	0	0	0	0	0	0	0	10.8118	14.7148
k107_35577751 flag=0 multi=45.6311 len=3279	3279	12.1354	0	0	0	0	0	0	0	0	0	0	0	0	0	0	0	0	0	0	0	0	0	0	12.1354	21.6345
k107_5946505 flag=0 multi=275.5550 len=2579	2579	18.8564	0	0	0	0	0	0	0	0	0	0	0	0	0	0	0	0	0	0	0	0	0	0	18.8564	21.6835
k107_25189619 flag=1 multi=10.0000 len=2699	2699	7.35211	0	0	0	0	0	0	0	0	0	0	0	0	0	0	0	0	0	0	0	0	0	0	7.35211	14.4144
k107_9051884 flag=0 multi=26.9720 len=6105	6105	11.4339	0	0	0	0	0	0	0	0	0	0	0	0	0	0	0	0	0	0	0	0	0	0	11.4339	23.6228
k107_7193233 flag=0 multi=31.8431 len=11812	11812	16.3125	0	0	0	0	0	0	0	0	0	0	0	0	0	0	0	0	0	0	0	0	0	0	16.3125	19.3029
k107_1685903 flag=0 multi=192.4308 len=5081	5081	12.4875	0	0	0	0	0	0	0	0	0	0	0	0	0	0	0	0	0	0	0	0	0	0	12.4875	17.6458
k107_32603741 flag=0 multi=88.7573 len=4602	4602	15.9888	0	0	0	0	0	0	0	0	0	0	0	0	0	0	0	0	0	0	0	0	0	0	15.9888	15.3718
k107_9019662 flag=0 multi=111.5711 len=7488	7488	15.2743	0	0	0	0	0	0	0	0	0	0	0	0	0	0	0	0	0	0	0	0	0	0	15.2743	17.7532
k107_22695785 flag=0 multi=20.0097 len=10166	10166	17.3188	0	0	0	0	0	0	0	0	0	0	0	0	0	0	0	0	0	0	0	0	0	0	17.3188	27.1761
k107_10768524 flag=0 multi=35.8638 len=7802	7802	16.1867	0	0	0	0	0	0	0	0	0	0	0	0	0	0	0	0	0	0	0	0	0	0	16.1867	22.9402
k107_5460343 flag=0 multi=114.9579 len=9059	9059	18.9893	0	0	0	0	0	0	0	0	0	0	0	0	0	0	0	0	0	0	0	0	0	0	18.9893	20.4064
k107_2112760 flag=0 multi=85.2926 len=15304	15304	17.9251	0	0	0	0	0	0	0	0	0	0	0	0	0	0	0	0	0	0	0	0	0	0	17.9251	25.5506
k107_17927143 flag=0 multi=70.5662 len=4798	4798	17.4982	0	0	0	0	0	0	0	0	0	0	0	0	0	0	0	0	0	0	0	0	0	0	17.4982	35.7545
k107_4532212 flag=0 multi=20.3629 len=10414	10414	12.1278	0	0	0	0	0	0	0	0	0	0	0	0	0	0	0	0	0	0	0	0	0	0	12.1278	27.6399
k107_17294862 flag=0 multi=55.6924 len=23428	23428	16.5217	0	0	0	0	0	0	0	0	0	0	0	0	0	0	0	0	0	0	0	0	0	0	16.5217	20.3655
k107_25470681 flag=0 multi=36.1108 len=9071	9071	15.0933	0	0	0	0	0	0	0	0	0	0	0	0	0	0	0	0	0	0	0	0	0.0340974	0.0524189	15.0592	21.2125
k107_29861203 flag=0 multi=20.9807 len=2644	2644	15.7737	0	0	0	0	0	0	0	0	0	0	0	0	0	0	0	0	0	0	0	0	0	0	15.7737	41.5262
k107_32654986 flag=0 multi=14.0908 len=3597	3597	11.7062	0	0	0	0	0	0	0	0	0	0	0	0	0	0	0	0	0	0	0	0	0	0	11.7062	16.3966
k107_13240148 flag=0 multi=46.0000 len=8019	8019	18.607	0	0	0	0	0	0	0	0	0	0	0	0	0	0	0	0	0	0	0	0	0	0	18.607	18.581
k107_9489373 flag=0 multi=158.1503 len=6907	6907	15.1761	0	0	0	0	0	0	0	0	0	0	0	0	0	0	0	0	0	0	0	0	0	0	15.1761	13.8141
k107_9174053 flag=0 multi=54.6390 len=5595	5595	18.5674	0	0	0	0	0	0	0	0	0	0	0	0	0	0	0	0	0	0	0	0	0	0	18.5674	21.1639
k107_1614727 flag=0 multi=203.7726 len=3221	3221	14.1932	0	0	0	0	0	0	0	0	0	0	0	0	0	0	0	0	0	0	0	0	0	0	14.1932	33.5293
k107_12564476 flag=0 multi=44.7257 len=5491	5491	14.7601	0	0	0	0	0	0	0	0	0	0	0	0	0	0	0	0	0	0	0	0	0	0	14.7601	16.2736
k107_18916349 flag=0 multi=28.9392 len=9057	9057	15.3756	0	0	0	0	0	0	0	0	0	0	0	0	0	0	0	0	0	0	0	0	0	0	15.3756	27.7523
k107_28765231 flag=0 multi=46.1094 len=6121	6121	20.0406	0	0	0	0	0	0	0	0	0	0	0	0	0	0	0	0	0	0	0	0	0	0	20.0406	21.8067
k107_12888048 flag=0 multi=30.1772 len=2821	2821	15.5609	0	0	0	0	0	0	0	0	0	0	0	0	0	0	0	0	0	0	0	0	0	0	15.5609	47.9947
k107_11227853 flag=0 multi=207.7385 len=5320	5320	15.1355	0	0	0	0	0	0	0	0	0	0	0	0	0	0	0	0	0	0	0	0	0	0	15.1355	31.8937
k107_4606222 flag=0 multi=46.5247 len=4967	4967	16.3678	0	0	0	0	0	0	0	0	0	0	0	0	0	0	0	0	0	0	0	0	0	0	16.3678	48.1406
k107_4136695 flag=0 multi=74.0232 len=3901	3901	14.4787	0	0	0	0	0	0	0	0	0	0	0	0	0	0	0	0	0	0	0	0	0	0	14.4787	28.1407
k107_1182802 flag=0 multi=123.8324 len=2750	2750	15.2402	0	0	0	0	0	0	0	0	0	0	0	0	0	0	0	0	0	0	0	0	0	0	15.2402	15.4299
k107_4972540 flag=0 multi=214.1717 len=2932	2932	17.7494	0	0	0	0	0	0	0	0	0	0	0	0	0	0	0	0	0	0	0	0	0	0	17.7494	17.8655
k107_9173558 flag=0 multi=27.3858 len=5309	5309	15.7452	0	0	0	0	0	0	0	0	0	0	0	0	0	0	0	0	0	0	0	0	0	0	15.7452	20.3985
k107_7059541 flag=0 multi=158.7923 len=6562	6562	15.7089	0	0	0	0	0	0	0	0	0	0	0	0	0	0	0	0	0	0	0	0	0	0	15.7089	20.2017
k107_4317956 flag=0 multi=135.1460 len=6731	6731	16.1398	0	0	0	0	0	0	0	0	0	0	0	0	0	0	0	0	0	0	0	0	0	0	16.1398	29.1822
k107_2917916 flag=0 multi=83.4016 len=8601	8601	16.3896	0	0	0	0	0	0	0	0	0	0	0	0	0	0	0	0	0	0	0	0	0	0	16.3896	23.8066
k107_13513805 flag=0 multi=33.3457 len=5314	5314	9.98663	0	0	0	0	0	0	0	0	0	0	0	0	0	0	0	0	0	0	0	0	0	0	9.98663	14.2213
k107_13093132 flag=0 multi=157.4140 len=4361	4361	17.3676	0	0	0	0	0	0	0	0	0	0	0	0	0	0	0	0	0	0	0	0	0	0	17.3676	24.9505
k107_4043792 flag=0 multi=143.7335 len=3983	3983	15.828	0	0	0	0	0	0	0	0	0	0	0	0	0	0	0	0	0	0	0	0	0	0	15.828	22.6053
k107_26759837 flag=0 multi=31.1316 len=3550	3550	10.8014	0	0	0	0	0	0	0	0	0	0	0	0	0	0	0	0	0	0	0	0	0	0	10.8014	16.4133
k107_24783101 flag=0 multi=121.0000 len=6111	6111	20.6624	0	0	0	0	0	0	0	0	0	0	0	0	0	0	0	0	0	0	0	0	0	0	20.6624	26.5579
k107_21459005 flag=0 multi=60.8572 len=3153	3153	17.9684	0	0	0	0	0	0	0	0	0	0	0	0	0	0	0	0	0	0	0	0	0	0	17.9684	20.1631
k107_8979047 flag=0 multi=16.1047 len=3430	3430	14.6519	0	0	0	0	0	0	0	0	0	0	0	0	0	0	0	0	0	0	0	0	0	0	14.6519	26.9425
k107_18896726 flag=0 multi=19.5793 len=7939	7939	19.8925	0	0	0	0	0	0	0	0	0	0	0	0	0	0	0	0	0	0	0	0	0	0	19.8925	32.7523
k107_7432230 flag=1 multi=15.2183 len=6236	6236	5.95972	0	0	0	0	0	0	0	0	0	0	0	0	0	0	0	0	0	0	0	0	0	0	5.95972	7.27836
k107_17062267 flag=0 multi=53.9040 len=5625	5625	7.9504	0	0	0	0	0	0	0	0	0	0	0	0	0	0	0	0	0	0	0	0	0	0	7.9504	8.56455
k107_34066033 flag=0 multi=35.5852 len=4495	4495	14.7808	0	0	0	0	0	0	0	0	0	0	0	0	0	0	0	0	0	0	0	0	0	0	14.7808	30.203
k107_28627738 flag=0 multi=78.0000 len=7004	7004	16.7678	0	0	0	0	0	0	0	0	0	0	0	0	0	0	0	0	0	0	0	0	0	0	16.7678	24.1267
k107_5204958 flag=0 multi=138.8592 len=4225	4225	13.0989	0	0	0	0	0	0	0	0	0	0	0	0	0	0	0	0	0	0	0	0	0	0	13.0989	21.616
k107_7070997 flag=0 multi=35.4793 len=15094	15094	16.2758	0	0	0	0	0	0	0	0	0	0	0	0	0	0	0	0	0	0	0	0	0	0	16.2758	18.2627
k107_3848145 flag=0 multi=24.0901 len=5189	5189	15.4584	0	0	0	0	0	0	0	0	0	0	0	0	0	0	0	0	0	0	0	0	0	0	15.4584	12.9309
k107_13276885 flag=0 multi=30.7595 len=2772	2772	15.5028	0	0	0	0	0	0	0	0	0	0	0	0	0	0	0	0	0	0	0	0	0	0	15.5028	34.3258
k107_18623835 flag=0 multi=54.0299 len=3581	3581	15.2861	0	0	0	0	0	0	0	0	0	0	0	0	0	0	0	0	0	0	0	0	0	0	15.2861	26.8405
k107_28012111 flag=1 multi=4.0000 len=2637	2637	3.67066	0	0	0	0	0	0	0	0	0	0	0	0	0	0	0	0	0	0	0	0	0	0	3.67066	1.53153
k107_4138433 flag=0 multi=40.9011 len=8132	8132	16.1083	0	0	0	0	0	0	0	0	0	0	0	0	0	0	0	0	0	0	0	0	0	0	16.1083	16.0621
k107_8914595 flag=0 multi=22.0000 len=9986	9986	15.8991	0	0	0	0	0	0	0	0	0	0	0	0	0	0	0	0	0	0	0	0	0	0	15.8991	20.2881
k107_102484 flag=0 multi=219.6119 len=2833	2833	19.81	0	0	0	0	0	0	0	0	0	0	0	0	0	0	0	0	0	0	0	0	0	0	19.81	23.5724
k107_3448698 flag=0 multi=14.3910 len=3966	3966	12.1416	0	0	0	0	0	0	0	0	0	0	0	0	0	0	0	0	0	0	0	0	0	0	12.1416	8.64972
k107_8996123 flag=0 multi=42.2475 len=2749	2749	9.95096	0	0	0	0	0	0	0	0	0	0	0	0	0	0	0	0	0	0	0	0	0	0	9.95096	9.72205
k107_8140633 flag=0 multi=55.5958 len=6185	6185	11.8773	0	0	0	0	0	0	0	0	0	0	0	0	0	0	0	0	0	0	0	0	0	0	11.8773	22.0276
k107_5242237 flag=0 multi=39.0000 len=4301	4301	17.0388	0	0	0	0	0	0	0	0	0	0	0	0	0	0	0	0	0	0	0	0	0	0	17.0388	17.3947
k107_21530277 flag=0 multi=268.0840 len=3071	3071	14.2178	0	0	0	0	0	0	0	0	0	0	0	0	0	0	0	0	0	0	0	0	0	0	14.2178	13.7727
k107_14850939 flag=0 multi=200.1926 len=4551	4551	15.0059	0	0	0	0	0	0	0	0	0	0	0	0	0	0	0	0	0	0	0	0	0	0	15.0059	26.6937
k107_18976407 flag=1 multi=16.1371 len=3645	3645	7.95004	0	0	0	0	0	0	0	0	0	0	0	0	0	0	0	0	0	0	0	0	0	0	7.95004	6.32021
k107_2780866 flag=0 multi=142.5966 len=5410	5410	19.0076	0	0	0	0	0	0	0	0	0	0	0	0	0	0	0	0	0	0	0	0	0	0	19.0076	14.4989
k107_1372500 flag=0 multi=16.9986 len=19220	19220	17.243	0	0	0	0	0	0	0	0	0	0	0	0	0	0	0	0	0	0	0	0	0	0	17.243	22.6674
k107_2708410 flag=0 multi=219.2931 len=4710	4710	13.7972	0	0	0	0	0	0	0	0	0	0	0	0	0	0	0	0	0	0	0	0	0	0	13.7972	23.57
k107_16649621 flag=0 multi=71.7562 len=8088	8088	16.7438	0	0	0	0	0	0	0	0	0	0	0	0	0	0	0	0	0	0	0	0	0	0	16.7438	18.5273
k107_13768133 flag=0 multi=28.8193 len=8429	8429	16.1272	0	0	0	0	0	0	0	0	0	0	0	0	0	0	0	0	0	0	0	0	0	0	16.1272	28.9771
k107_5488935 flag=0 multi=25.2046 len=4178	4178	16.7423	0	0	0	0	0	0	0	0	0	0	0	0	0	0	0	0	0	0	0	0	0	0	16.7423	34.4941
k107_2230010 flag=0 multi=23.8435 len=6939	6939	9.85701	0	0	0	0	0	0	0	0	0	0	0	0	0	0	0	0	0	0	0	0	0	0	9.85701	12.3376
