contigName	contigLen	totalAvgDepth	Cen01_MA.bam	Cen01_MA.bam-var	Cen03_MA.bam	Cen03_MA.bam-var	Cen04_MA.bam	Cen04_MA.bam-var	Cen05_MA.bam	Cen05_MA.bam-var	Cen06_MA.bam	Cen06_MA.bam-var	Cen07_MA.bam	Cen07_MA.bam-var	Cen10_MA.bam	Cen10_MA.bam-var	Cen12_MA.bam	Cen12_MA.bam-var	Cen14_MA.bam	Cen14_MA.bam-var	Cen15_MA.bam	Cen15_MA.bam-var	Cen16_MA.bam	Cen16_MA.bam-var	Cen17_MA.bam	Cen17_MA.bam-var
k107_24476241 flag=0 multi=14.0601 len=6034	6034	11.2919	0	0	8.03629	10.776	1.52285	1.86085	1.52512	4.00892	0.103978	0.179092	0.103629	0.112785	0	0	0	0	0	0	0	0	0	0	0	0
k107_9953667 flag=0 multi=132.5233 len=6847	6847	12.4102	0	0	8.42368	9.26804	1.89702	3.22567	1.88495	3.50843	0.0455309	0.0464659	0.159053	0.195037	0	0	0	0	0	0	0	0	0	0	0	0
k107_1676079 flag=0 multi=36.0950 len=11853	11853	10.2826	0.0261449	0.0460697	7.69189	9.68798	1.67795	2.66058	0.781491	1.52319	0.051857	0.0732877	0.0532421	0.0784411	0	0	0	0	0	0	0	0	0	0	0	0
k107_31313493 flag=1 multi=9.0000 len=3095	3095	5.42786	0	0	5.42786	6.53022	0	0	0	0	0	0	0	0	0	0	0	0	0	0	0	0	0	0	0	0
k107_10839348 flag=1 multi=8.0000 len=3161	3161	6.65757	0.0164393	0.016513	6.64008	6.8202	0	0	0.00104932	0.00139762	0	0	0	0	0	0	0	0	0	0	0	0	0	0	0	0
k107_29421190 flag=1 multi=6.0000 len=2983	2983	7.20104	0	0	7.20104	11.2438	0	0	0	0	0	0	0	0	0	0	0	0	0	0	0	0	0	0	0	0
k107_32875492 flag=0 multi=13.5400 len=3485	3485	8.71693	0	0	8.52812	8.80642	0	0	0.188816	0.154429	0	0	0	0	0	0	0	0	0	0	0	0	0	0	0	0
k107_32770884 flag=0 multi=13.0457 len=2577	2577	6.97495	0	0	6.84352	6.97784	0	0	0.131429	0.201368	0	0	0	0	0	0	0	0	0	0	0	0	0	0	0	0
k107_32145242 flag=0 multi=18.4980 len=4256	4256	7.478	0	0	7.17248	13.33	0	0	0.305513	0.46168	0	0	0	0	0	0	0	0	0	0	0	0	0	0	0	0
k107_28941357 flag=1 multi=5.0000 len=2986	2986	6.97541	0	0	6.97541	5.42089	0	0	0	0	0	0	0	0	0	0	0	0	0	0	0	0	0	0	0	0
k107_28830344 flag=0 multi=12.0073 len=8870	8870	7.69946	0.0121382	0.0119922	7.65208	12.6824	0	0	0.0352474	0.0512859	0	0	0	0	0	0	0	0	0	0	0	0	0	0	0	0
k107_28129058 flag=1 multi=6.0000 len=3821	3821	7.48082	0	0	7.48082	9.55055	0	0	0	0	0	0	0	0	0	0	0	0	0	0	0	0	0	0	0	0
k107_23781908 flag=1 multi=19.3851 len=5379	5379	12.0542	0.0594839	0.0957527	11.6397	14.6768	0	0	0.354934	0.448225	0	0	0	0	0	0	0	0	0	0	0	0	0	0	0	0
k107_23417374 flag=1 multi=35.0000 len=3546	3546	11.1211	0	0	8.12824	13.4808	2.02004	2.05389	0.83508	1.14839	0	0	0.137793	0.17259	0	0	0	0	0	0	0	0	0	0	0	0
k107_19131422 flag=0 multi=8.3944 len=6996	6996	8.59561	0	0	8.55049	13.538	0	0	0.045115	0.0646097	0	0	0	0	0	0	0	0	0	0	0	0	0	0	0	0
k107_18770309 flag=0 multi=19.4165 len=3070	3070	8.03396	0	0	7.87139	12.0833	0	0	0.162572	0.201975	0	0	0	0	0	0	0	0	0	0	0	0	0	0	0	0
k107_18408000 flag=1 multi=19.6474 len=6259	6259	7.85412	0	0	7.55246	13.8894	0	0	0.301662	0.359102	0	0	0	0	0	0	0	0	0	0	0	0	0	0	0	0
k107_16189835 flag=0 multi=18.2608 len=2699	2699	8.15853	0	0	7.78139	11.5993	0	0	0.377138	0.428035	0	0	0	0	0	0	0	0	0	0	0	0	0	0	0	0
k107_13998800 flag=0 multi=27.3789 len=6016	6016	11.4043	0.0519776	0.0591835	8.00298	7.8996	1.13668	1.66619	1.61236	2.19351	0.339867	0.691116	0.260413	0.483623	0	0	0	0	0	0	0	0	0	0	0	0
k107_13981624 flag=1 multi=50.0916 len=2586	2586	7.03021	0	0	6.65455	8.01643	0	0	0	0	0.375657	0.333724	0	0	0	0	0	0	0	0	0	0	0	0	0	0
k107_10136491 flag=1 multi=6.0000 len=2979	2979	6.4068	0	0	6.29548	14.0211	0	0	0.111319	0.100123	0	0	0	0	0	0	0	0	0	0	0	0	0	0	0	0
k107_8824590 flag=1 multi=44.1862 len=9682	9682	11.6923	0	0	8.12655	14.6718	2.13582	4.1768	1.22356	1.77999	0.0946695	0.133319	0.111727	0.154162	0	0	0	0	0	0	0	0	0	0	0	0
k107_24057730 flag=0 multi=15.0000 len=2908	2908	13.2579	0	0	9.58557	15.2859	1.0119	0.554131	1.74751	2.30111	0	0	0.912893	5.43946	0	0	0	0	0	0	0	0	0	0	0	0
k107_8752168 flag=0 multi=19.0026 len=8903	8903	7.416	0.0349959	0.0422469	7.27718	8.74462	0	0	0.0522032	0.0526923	0	0	0.0516219	0.139918	0	0	0	0	0	0	0	0	0	0	0	0
k107_8388293 flag=1 multi=9.0000 len=3501	3501	7.17349	0	0	7.17349	9.44495	0	0	0	0	0	0	0	0	0	0	0	0	0	0	0	0	0	0	0	0
k107_7982832 flag=1 multi=13.0000 len=3060	3060	7.89521	0.107324	0.170814	7.78789	7.04265	0	0	0	0	0	0	0	0	0	0	0	0	0	0	0	0	0	0	0	0
k107_5714532 flag=1 multi=29.0000 len=2625	2625	9.49634	0	0	9.3672	13.3742	0	0	0.129143	0.118321	0	0	0	0	0	0	0	0	0	0	0	0	0	0	0	0
k107_4403450 flag=1 multi=14.0878 len=2612	2612	8.87446	0	0	8.48442	8.4812	0	0	0.390043	0.41345	0	0	0	0	0	0	0	0	0	0	0	0	0	0	0	0
k107_3386078 flag=0 multi=28.2420 len=6358	6358	13.1575	0.0498679	0.0539861	10.2809	12.3016	1.39432	1.48151	1.26139	2.42116	0	0	0.17107	0.223384	0	0	0	0	0	0	0	0	0	0	0	0
k107_3173172 flag=1 multi=145.0000 len=3178	3178	10.3355	0	0	9.85814	25.8358	0.0897079	0.147776	0.387691	0.658348	0	0	0	0	0	0	0	0	0	0	0	0	0	0	0	0
k107_2681324 flag=0 multi=7.7326 len=2534	2534	7.42204	0	0	7.10663	12.288	0	0	0.315412	0.308212	0	0	0	0	0	0	0	0	0	0	0	0	0	0	0	0
k107_2630120 flag=0 multi=4.0151 len=3688	3688	5.10957	0	0	5.02067	7.37104	0	0	0.0888955	0.124985	0	0	0	0	0	0	0	0	0	0	0	0	0	0	0	0
k107_29987761 flag=1 multi=97.0000 len=5157	5157	9.87889	0	0	9.44511	14.8722	0	0	0.43378	0.488175	0	0	0	0	0	0	0	0	0	0	0	0	0	0	0	0
k107_2293349 flag=0 multi=17.1765 len=3076	3076	9.24333	0	0	8.93655	13.6081	0	0	0.306777	0.307057	0	0	0	0	0	0	0	0	0	0	0	0	0	0	0	0
k107_1668356 flag=1 multi=12.0000 len=3165	3165	7.81069	0	0	7.70695	10.874	0	0	0.103737	0.105575	0	0	0	0	0	0	0	0	0	0	0	0	0	0	0	0
k107_1199874 flag=0 multi=22.0000 len=2573	2573	12.7107	0	0	9.91986	18.9951	1.57552	1.11294	0.954646	2.16676	0.260678	0.442011	0	0	0	0	0	0	0	0	0	0	0	0	0	0
k107_2579402 flag=0 multi=9.9574 len=24893	24893	10.0304	0	0	9.77345	13.9285	0	0	0.256964	0.290254	0	0	0	0	0	0	0	0	0	0	0	0	0	0	0	0
k107_28919672 flag=0 multi=8.0000 len=5165	5165	7.75694	0	0	7.63274	10.7361	0	0	0.124203	0.165576	0	0	0	0	0	0	0	0	0	0	0	0	0	0	0	0
k107_10806168 flag=1 multi=13.0000 len=15309	15309	7.7785	0	0	7.47731	8.66059	0	0	0.281069	0.349419	0	0	0.0201239	0.039458	0	0	0	0	0	0	0	0	0	0	0	0
k107_109456 flag=1 multi=17.6146 len=23226	23226	9.86843	0	0	9.60583	14.6501	0	0	0.262607	0.346178	0	0	0	0	0	0	0	0	0	0	0	0	0	0	0	0
k107_35884514 flag=0 multi=11.0282 len=5570	5570	7.43318	0	0	7.31872	7.25512	0	0	0.114465	0.159993	0	0	0	0	0	0	0	0	0	0	0	0	0	0	0	0
k107_35730095 flag=1 multi=28.0000 len=6098	6098	9.45135	0	0	8.93116	12.8876	0	0	0.520186	0.755204	0	0	0	0	0	0	0	0	0	0	0	0	0	0	0	0
k107_3457541 flag=1 multi=14.0000 len=15109	15109	8.9507	0.0305936	0.0364031	8.65577	10.5242	0	0	0.243939	0.356367	0	0	0.0203958	0.0253896	0	0	0	0	0	0	0	0	0	0	0	0
k107_13845470 flag=0 multi=14.0337 len=5238	5238	9.45644	0	0	9.24271	18.2604	0	0	0.213736	0.275728	0	0	0	0	0	0	0	0	0	0	0	0	0	0	0	0
k107_1253494 flag=0 multi=8.0804 len=3492	3492	9.74765	0	0	9.74765	16.1249	0	0	0	0	0	0	0	0	0	0	0	0	0	0	0	0	0	0	0	0
k107_28098166 flag=1 multi=10.0000 len=3194	3194	11.01	0	0	10.5322	19.8298	0	0	0.47787	0.708245	0	0	0	0	0	0	0	0	0	0	0	0	0	0	0	0
k107_33315225 flag=0 multi=20.0395 len=16285	16285	10.8739	0	0	10.7043	16.3111	0	0	0.169618	0.247367	0	0	0	0	0	0	0	0	0	0	0	0	0	0	0	0
k107_32599637 flag=1 multi=51.0000 len=16277	16277	9.12951	0	0	8.81922	13.2981	0	0	0.310297	0.411583	0	0	0	0	0	0	0	0	0	0	0	0	0	0	0	0
k107_13437454 flag=0 multi=22.3179 len=8637	8637	8.87738	0.0181164	0.0177957	8.56965	11.8734	0	0	0.289622	0.372158	0	0	0	0	0	0	0	0	0	0	0	0	0	0	0	0
k107_26936499 flag=1 multi=86.4333 len=19068	19068	8.99494	0	0	8.81077	13.1714	0	0	0.184163	0.251963	0	0	0	0	0	0	0	0	0	0	0	0	0	0	0	0
k107_31320534 flag=0 multi=12.0030 len=4462	4462	9.14543	0	0	9.14543	14.9064	0	0	0	0	0	0	0	0	0	0	0	0	0	0	0	0	0	0	0	0
k107_4826250 flag=0 multi=51.6767 len=30960	30960	9.58014	0	0	9.25706	14.4889	0	0	0.32308	0.457643	0	0	0	0	0	0	0	0	0	0	0	0	0	0	0	0
k107_2206470 flag=1 multi=6.0000 len=3184	3184	7.50902	0	0	7.01804	7.57462	0	0	0	0	0	0	0.490978	1.08163	0	0	0	0	0	0	0	0	0	0	0	0
k107_8450305 flag=0 multi=44.9956 len=33450	33450	10.0532	0	0	9.83534	16.5654	0	0	0.217871	0.30084	0	0	0	0	0	0	0	0	0	0	0	0	0	0	0	0
k107_32116171 flag=0 multi=8.0544 len=10299	10299	7.85206	0	0	7.49055	9.58284	0	0	0.361508	0.41219	0	0	0	0	0	0	0	0	0	0	0	0	0	0	0	0
k107_26384854 flag=0 multi=9.0806 len=4301	4301	10.5161	0	0	10.2916	15.973	0	0	0.224556	0.504412	0	0	0	0	0	0	0	0	0	0	0	0	0	0	0	0
k107_12293579 flag=1 multi=21.0000 len=5833	5833	6.95118	0	0	6.95118	11.327	0	0	0	0	0	0	0	0	0	0	0	0	0	0	0	0	0	0	0	0
k107_4762130 flag=0 multi=60.0035 len=17569	17569	9.45816	0	0	9.16152	12.3716	0	0	0.296635	0.363431	0	0	0	0	0	0	0	0	0	0	0	0	0	0	0	0
k107_11902371 flag=0 multi=30.3510 len=7805	7805	10.664	0	0	10.5237	11.8984	0	0	0.140344	0.163435	0	0	0	0	0	0	0	0	0	0	0	0	0	0	0	0
k107_16694551 flag=1 multi=85.3335 len=8055	8055	9.26738	0	0	8.90055	14.6071	0	0	0.366826	0.519521	0	0	0	0	0	0	0	0	0	0	0	0	0	0	0	0
k107_5320157 flag=1 multi=87.0000 len=2921	2921	10.5231	0	0	10.2692	8.3817	0.0561283	0.054353	0.197785	0.177064	0	0	0	0	0	0	0	0	0	0	0	0	0	0	0	0
k107_33827130 flag=1 multi=22.0000 len=5497	5497	11.0414	0	0	10.809	15.2477	0	0	0.232339	0.545011	0	0	0	0	0	0	0	0	0	0	0	0	0	0	0	0
k107_30750151 flag=0 multi=69.6253 len=3790	3790	8.13159	0	0	8.11067	14.3976	0	0	0.0209289	0.0204937	0	0	0	0	0	0	0	0	0	0	0	0	0	0	0	0
k107_31137770 flag=0 multi=8.5392 len=6848	6848	10.1288	0	0	9.89887	13.0473	0	0	0.229911	0.364511	0	0	0	0	0	0	0	0	0	0	0	0	0	0	0	0
k107_19013005 flag=0 multi=27.0215 len=6354	6354	9.74752	0	0	9.69779	12.8188	0	0	0.0497356	0.0474197	0	0	0	0	0	0	0	0	0	0	0	0	0	0	0	0
k107_12807626 flag=0 multi=19.0000 len=11345	11345	9.88137	0	0	9.70769	14.7071	0	0	0.173685	0.217077	0	0	0	0	0	0	0	0	0	0	0	0	0	0	0	0
k107_32794964 flag=0 multi=18.2537 len=2894	2894	10.9282	0	0	8.83526	20.0789	1.63773	2.56875	0.339506	0.544114	0	0	0.115741	0.205625	0	0	0	0	0	0	0	0	0	0	0	0
k107_12068815 flag=0 multi=22.8063 len=11635	11635	12.0224	0	0	8.8732	14.738	1.78532	2.94499	1.02638	1.74633	0.15671	0.319326	0.180799	0.454886	0	0	0	0	0	0	0	0	0	0	0	0
k107_25074181 flag=0 multi=16.8810 len=29832	29832	9.96312	0.00511344	0.00509026	9.70874	11.7185	0	0	0.249272	0.394371	0	0	0	0	0	0	0	0	0	0	0	0	0	0	0	0
k107_12564334 flag=0 multi=7.1237 len=3575	3575	8.5249	0	0	8.34097	16.6335	0	0	0.183929	0.211047	0	0	0	0	0	0	0	0	0	0	0	0	0	0	0	0
k107_609544 flag=0 multi=11.4114 len=5411	5411	10.3048	0	0	10.1276	12.1158	0	0	0.177138	0.194065	0	0	0	0	0	0	0	0	0	0	0	0	0	0	0	0
k107_25805728 flag=0 multi=8.9932 len=8049	8049	8.73061	0	0	8.53621	9.15629	0	0	0.194398	0.29689	0	0	0	0	0	0	0	0	0	0	0	0	0	0	0	0
k107_14633926 flag=0 multi=17.5604 len=9391	9391	11.3414	0	0	11.0776	15.7276	0	0	0.263835	0.330295	0	0	0	0	0	0	0	0	0	0	0	0	0	0	0	0
k107_23065980 flag=1 multi=12.0000 len=3867	3867	6.76606	0	0	6.47069	8.17988	0	0	0.295372	0.343782	0	0	0	0	0	0	0	0	0	0	0	0	0	0	0	0
k107_22908115 flag=1 multi=30.0000 len=7677	7677	8.49451	0	0	8.25125	10.4977	0	0	0.243254	0.344298	0	0	0	0	0	0	0	0	0	0	0	0	0	0	0	0
k107_31160338 flag=0 multi=39.6481 len=5796	5796	10.6959	0	0	10.3941	17.9497	0	0	0.301784	0.414508	0	0	0	0	0	0	0	0	0	0	0	0	0	0	0	0
k107_9912969 flag=0 multi=11.0906 len=2557	2557	10.0971	0	0	9.89845	26.9312	0	0	0.19867	0.237793	0	0	0	0	0	0	0	0	0	0	0	0	0	0	0	0
k107_1895596 flag=0 multi=11.0336 len=8028	8028	10.1289	0	0	9.76715	13.7736	0	0	0.361765	0.476765	0	0	0	0	0	0	0	0	0	0	0	0	0	0	0	0
k107_28665871 flag=0 multi=8.6622 len=13827	13827	8.91675	0	0	8.89442	10.4717	0	0	0.022329	0.0244878	0	0	0	0	0	0	0	0	0	0	0	0	0	0	0	0
k107_29014664 flag=1 multi=31.0000 len=9456	9456	9.6217	0	0	9.22711	14.0739	0	0	0.361591	0.872803	0	0	0.032991	0.031914	0	0	0	0	0	0	0	0	0	0	0	0
k107_8903856 flag=0 multi=19.0161 len=5756	5756	8.8337	0	0	8.6399	8.86414	0	0	0.193803	0.334171	0	0	0	0	0	0	0	0	0	0	0	0	0	0	0	0
k107_11926457 flag=1 multi=108.0000 len=15060	15060	9.67848	0	0	9.33155	11.3179	0	0	0.34693	0.61355	0	0	0	0	0	0	0	0	0	0	0	0	0	0	0	0
k107_17182035 flag=0 multi=28.2185 len=5662	5662	10.6131	0	0	10.5567	12.0384	0	0	0.0563433	0.0729584	0	0	0	0	0	0	0	0	0	0	0	0	0	0	0	0
k107_8711969 flag=1 multi=70.0000 len=11289	11289	9.30627	0	0	9.05925	13.2603	0	0	0.247019	0.349553	0	0	0	0	0	0	0	0	0	0	0	0	0	0	0	0
k107_11398796 flag=1 multi=36.0000 len=2923	2923	12.0118	0	0	8.51965	11.8012	2.0187	4.5247	1.09424	1.2172	0.169019	0.1476	0.210225	0.335904	0	0	0	0	0	0	0	0	0	0	0	0
k107_18681262 flag=0 multi=9.0991 len=4636	4636	8.95293	0	0	8.88348	15.1916	0	0	0.0694509	0.0648409	0	0	0	0	0	0	0	0	0	0	0	0	0	0	0	0
k107_14870946 flag=1 multi=9.0000 len=12529	12529	10.0163	0	0	9.99223	15.2211	0	0	0.0240451	0.0481387	0	0	0	0	0	0	0	0	0	0	0	0	0	0	0	0
k107_1525855 flag=0 multi=23.0127 len=18851	18851	9.90474	0	0	9.68581	13.9721	0	0	0.218934	0.282798	0	0	0	0	0	0	0	0	0	0	0	0	0	0	0	0
k107_17507601 flag=1 multi=16.0000 len=27609	27609	10.1127	0.0109862	0.0142333	9.90094	13.6452	0	0	0.200791	0.249411	0	0	0	0	0	0	0	0	0	0	0	0	0	0	0	0
k107_9089915 flag=1 multi=23.7656 len=29831	29831	9.48501	0	0	9.2761	14.1619	0	0	0.208913	0.299266	0	0	0	0	0	0	0	0	0	0	0	0	0	0	0	0
k107_1904655 flag=0 multi=52.9226 len=3944	3944	9.64854	0	0	9.07359	9.70613	0	0	0.574959	1.40866	0	0	0	0	0	0	0	0	0	0	0	0	0	0	0	0
k107_23916398 flag=1 multi=7.0000 len=3253	3253	7.20874	0	0	7.15927	9.23089	0	0	0.0494748	0.0470369	0	0	0	0	0	0	0	0	0	0	0	0	0	0	0	0
k107_15502012 flag=1 multi=30.0000 len=12174	12174	10.2724	0	0	10.0446	14.6998	0	0	0.227847	0.26333	0	0	0	0	0	0	0	0	0	0	0	0	0	0	0	0
k107_24170574 flag=1 multi=13.0000 len=6083	6083	8.75056	0	0	8.63345	11.8465	0	0	0.117108	0.144694	0	0	0	0	0	0	0	0	0	0	0	0	0	0	0	0
k107_22455949 flag=1 multi=29.0000 len=8868	8868	7.17149	0	0	7.17149	9.4142	0	0	0	0	0	0	0	0	0	0	0	0	0	0	0	0	0	0	0	0
k107_7492724 flag=0 multi=77.7402 len=4749	4749	8.45266	0	0	8.25388	14.8954	0	0	0.198786	0.271491	0	0	0	0	0	0	0	0	0	0	0	0	0	0	0	0
k107_1748813 flag=1 multi=169.3502 len=9528	9528	10.0073	0	0	9.77997	15.4179	0	0	0.227292	0.310197	0	0	0	0	0	0	0	0	0	0	0	0	0	0	0	0
k107_2339174 flag=1 multi=8.0000 len=5053	5053	9.34687	0	0	9.17554	8.19135	0	0	0.171332	0.198982	0	0	0	0	0	0	0	0	0	0	0	0	0	0	0	0
k107_18802137 flag=0 multi=46.0184 len=20513	20513	10.763	0	0	10.532	14.2796	0	0	0.230914	0.330717	0	0	0	0	0	0	0	0	0	0	0	0	0	0	0	0
k107_14063159 flag=1 multi=57.0000 len=14693	14693	9.24731	0	0	9.03857	14.6227	0	0	0.208742	0.317961	0	0	0	0	0	0	0	0	0	0	0	0	0	0	0	0
k107_17949008 flag=1 multi=25.5028 len=6177	6177	9.96613	0	0	9.59489	16.9077	0	0	0.371234	0.549806	0	0	0	0	0	0	0	0	0	0	0	0	0	0	0	0
k107_1455044 flag=0 multi=20.7616 len=5635	5635	11.8899	0	0	11.8899	120.168	0	0	0	0	0	0	0	0	0	0	0	0	0	0	0	0	0	0	0	0
k107_2050587 flag=0 multi=15.5004 len=8551	8551	9.39302	0	0	9.19942	11.9101	0	0	0.193599	0.264971	0	0	0	0	0	0	0	0	0	0	0	0	0	0	0	0
k107_11875653 flag=0 multi=14.0262 len=57367	57367	9.8236	0	0	9.55987	14.1812	0	0	0.263734	0.378407	0	0	0	0	0	0	0	0	0	0	0	0	0	0	0	0
k107_4496729 flag=0 multi=24.0675 len=23812	23812	9.69413	0	0	9.49638	10.8864	0	0	0.197746	0.367917	0	0	0	0	0	0	0	0	0	0	0	0	0	0	0	0
k107_15950508 flag=1 multi=12.0000 len=4788	4788	9.35889	0	0	9.02274	9.89911	0	0	0.336157	0.683559	0	0	0	0	0	0	0	0	0	0	0	0	0	0	0	0
k107_24076921 flag=1 multi=8.0000 len=2533	2533	9.22949	0	0	8.69251	8.73507	0	0	0.536979	0.969621	0	0	0	0	0	0	0	0	0	0	0	0	0	0	0	0
k107_17179264 flag=1 multi=9.0048 len=8279	8279	8.77297	0	0	8.62166	11.5923	0	0	0.15131	0.133291	0	0	0	0	0	0	0	0	0	0	0	0	0	0	0	0
k107_21492398 flag=0 multi=16.0026 len=12297	12297	7.7544	0	0	7.64218	13.2437	0.0122551	0.0124254	0.0999583	0.121753	0	0	0	0	0	0	0	0	0	0	0	0	0	0	0	0
k107_18315481 flag=1 multi=9.0000 len=14559	14559	10.462	0	0	10.3988	16.0407	0.042295	0.0697542	0.0209722	0.020735	0	0	0	0	0	0	0	0	0	0	0	0	0	0	0	0
k107_5879598 flag=1 multi=11.0000 len=7722	7722	8.37951	0	0	8.17682	11.7296	0	0	0.202695	0.364282	0	0	0	0	0	0	0	0	0	0	0	0	0	0	0	0
k107_30078281 flag=0 multi=43.0203 len=10007	10007	10.1513	0	0	9.88717	10.8322	0	0	0.264091	0.411607	0	0	0	0	0	0	0	0	0	0	0	0	0	0	0	0
k107_547474 flag=0 multi=10.9948 len=15988	15988	9.34151	0	0	9.22632	14.7093	0	0	0.115198	0.166726	0	0	0	0	0	0	0	0	0	0	0	0	0	0	0	0
k107_1674162 flag=1 multi=10.9048 len=51777	51777	10.3397	0	0	10.1407	14.7264	0	0	0.187353	0.247197	0	0	0.0117144	0.0201565	0	0	0	0	0	0	0	0	0	0	0	0
k107_22166431 flag=1 multi=25.0000 len=4020	4020	9.41797	0	0	8.98386	9.67864	0	0	0.434104	0.301996	0	0	0	0	0	0	0	0	0	0	0	0	0	0	0	0
k107_7531614 flag=1 multi=7.0000 len=3995	3995	8.84403	0	0	8.76334	13.2303	0	0	0.0806932	0.121693	0	0	0	0	0	0	0	0	0	0	0	0	0	0	0	0
k107_3773110 flag=0 multi=26.0574 len=7907	7907	11.1262	0	0	10.8292	19.1081	0	0	0.277712	0.561036	0	0	0	0	0	0	0	0	0	0	0.0193294	0.0194657	0	0	0	0
k107_16988468 flag=1 multi=10.6493 len=5941	5941	7.78791	0	0	7.62724	13.2515	0	0	0.160667	0.408054	0	0	0	0	0	0	0	0	0	0	0	0	0	0	0	0
k107_34873659 flag=1 multi=10.0000 len=18036	18036	10.3113	0	0	9.94609	15.8398	0	0	0.331172	0.499763	0	0	0.0340589	0.090876	0	0	0	0	0	0	0	0	0	0	0	0
k107_15876009 flag=1 multi=7.0000 len=4264	4264	9.65649	0	0	9.58026	19.4643	0	0	0.0762241	0.105268	0	0	0	0	0	0	0	0	0	0	0	0	0	0	0	0
k107_27010966 flag=1 multi=10.0000 len=18025	18025	8.35333	0	0	8.06432	11.4638	0	0	0.289003	0.583525	0	0	0	0	0	0	0	0	0	0	0	0	0	0	0	0
k107_5102125 flag=0 multi=15.0288 len=14077	14077	9.52443	0	0	9.24987	10.4231	0	0	0.274555	0.445365	0	0	0	0	0	0	0	0	0	0	0	0	0	0	0	0
k107_8317772 flag=1 multi=9.0000 len=11509	11509	10.0743	0	0	9.85884	11.3315	0	0	0.21549	0.247446	0	0	0	0	0	0	0	0	0	0	0	0	0	0	0	0
k107_7416444 flag=0 multi=44.0000 len=7454	7454	10.5684	0	0	10.5271	11.9643	0	0	0.0412472	0.063102	0	0	0	0	0	0	0	0	0	0	0	0	0	0	0	0
k107_5281281 flag=1 multi=27.7760 len=6021	6021	9.62109	0	0	9.24462	20.9406	0	0	0.289736	0.429632	0	0	0.0867284	0.149813	0	0	0	0	0	0	0	0	0	0	0	0
k107_9930566 flag=1 multi=21.0000 len=7086	7086	8.98467	0	0	8.74676	9.25532	0	0	0.237913	0.293542	0	0	0	0	0	0	0	0	0	0	0	0	0	0	0	0
k107_20369582 flag=1 multi=5.0000 len=5174	5174	6.03797	0	0	6.03797	6.47758	0	0	0	0	0	0	0	0	0	0	0	0	0	0	0	0	0	0	0	0
k107_10742091 flag=0 multi=7.0000 len=8620	8620	8.30548	0	0	8.26918	9.00977	0	0	0.0363068	0.046533	0	0	0	0	0	0	0	0	0	0	0	0	0	0	0	0
k107_22189674 flag=1 multi=23.1276 len=9167	9167	8.70491	0	0	8.56041	13.6943	0	0	0.144501	0.195273	0	0	0	0	0	0	0	0	0	0	0	0	0	0	0	0
k107_3069962 flag=0 multi=8.0000 len=7851	7851	8.21288	0	0	8.12664	12.7616	0	0	0.0862366	0.137963	0	0	0	0	0	0	0	0	0	0	0	0	0	0	0	0
k107_8802021 flag=1 multi=13.0000 len=6553	6553	9.1403	0	0	8.90002	13.7417	0	0	0.240282	0.279555	0	0	0	0	0	0	0	0	0	0	0	0	0	0	0	0
k107_8533155 flag=1 multi=9.0000 len=6791	6791	8.79781	0	0	8.61196	13.4382	0	0	0.185853	0.335572	0	0	0	0	0	0	0	0	0	0	0	0	0	0	0	0
k107_20290111 flag=1 multi=13.3497 len=29335	29335	10.5682	0	0	10.3194	16.2655	0	0	0.248751	0.34608	0	0	0	0	0	0	0	0	0	0	0	0	0	0	0	0
k107_13092949 flag=1 multi=12.0000 len=8081	8081	9.88559	0.018897	0.019039	9.6988	16.6507	0	0	0.167888	0.239681	0	0	0	0	0	0	0	0	0	0	0	0	0	0	0	0
k107_34063726 flag=0 multi=112.0153 len=10023	10023	10.5455	0	0	10.4223	15.0617	0	0	0.123238	0.166677	0	0	0	0	0	0	0	0	0	0	0	0	0	0	0	0
k107_28951904 flag=1 multi=22.0000 len=5857	5857	9.62862	0	0	9.24482	14.8898	0	0	0.383798	0.474198	0	0	0	0	0	0	0	0	0	0	0	0	0	0	0	0
k107_5829972 flag=0 multi=23.5598 len=8135	8135	9.02004	0	0	8.86033	18.1854	0	0	0.159709	0.16395	0	0	0	0	0	0	0	0	0	0	0	0	0	0	0	0
k107_34607501 flag=0 multi=19.0196 len=8592	8592	10.3286	0.0268999	0.0368046	10.0071	12.8984	0	0	0.294572	0.350849	0	0	0	0	0	0	0	0	0	0	0	0	0	0	0	0
k107_31699434 flag=0 multi=32.3253 len=35368	35368	10.0445	0	0	9.85302	14.8964	0	0	0.182827	0.270098	0	0	0.00861233	0.00978525	0	0	0	0	0	0	0	0	0	0	0	0
k107_9011535 flag=0 multi=114.9388 len=4810	4810	10.4627	0	0	10.3292	20.8995	0	0	0.13354	0.234978	0	0	0	0	0	0	0	0	0	0	0	0	0	0	0	0
k107_9043893 flag=1 multi=17.5937 len=25358	25358	9.76497	0	0	9.52462	12.6329	0	0	0.240342	0.353516	0	0	0	0	0	0	0	0	0	0	0	0	0	0	0	0
k107_5308130 flag=1 multi=9.0000 len=8301	8301	9.14614	0	0	8.9845	15.0843	0	0	0.161645	0.183957	0	0	0	0	0	0	0	0	0	0	0	0	0	0	0	0
k107_22134191 flag=1 multi=25.0000 len=19211	19211	10.0636	0	0	9.78455	17.4679	0	0	0.279073	0.395165	0	0	0	0	0	0	0	0	0	0	0	0	0	0	0	0
k107_1148778 flag=1 multi=16.7466 len=4263	4263	10.2641	0	0	9.96112	13.2385	0	0	0.302954	0.34889	0	0	0	0	0	0	0	0	0	0	0	0	0	0	0	0
k107_1337347 flag=1 multi=9.0000 len=3547	3547	9.82897	0	0	9.66841	10.5094	0	0	0.160555	0.38266	0	0	0	0	0	0	0	0	0	0	0	0	0	0	0	0
k107_10717938 flag=1 multi=28.8953 len=6573	6573	7.02775	0	0	6.88678	9.60525	0	0	0.140966	0.173904	0	0	0	0	0	0	0	0	0	0	0	0	0	0	0	0
k107_17047731 flag=1 multi=11.0000 len=21752	21752	9.35375	0	0	9.15683	13.9946	0	0	0.182844	0.228787	0	0	0.0140793	0.025064	0	0	0	0	0	0	0	0	0	0	0	0
k107_2271695 flag=0 multi=18.1559 len=4879	4879	10.6712	0	0	10.1451	16.6926	0	0	0.526109	0.658431	0	0	0	0	0	0	0	0	0	0	0	0	0	0	0	0
k107_23728617 flag=1 multi=10.0000 len=3034	3034	9.31186	0	0	9.03807	10.3438	0	0	0.273792	0.345051	0	0	0	0	0	0	0	0	0	0	0	0	0	0	0	0
k107_30922410 flag=1 multi=17.0000 len=14719	14719	9.9416	0	0	9.75314	10.0501	0	0	0.188458	0.239046	0	0	0	0	0	0	0	0	0	0	0	0	0	0	0	0
k107_28107403 flag=0 multi=143.8766 len=3754	3754	11.1104	0	0	10.7063	21.5443	0	0	0.404114	0.562166	0	0	0	0	0	0	0	0	0	0	0	0	0	0	0	0
k107_34627409 flag=1 multi=6.0000 len=8044	8044	7.09649	0	0	7.09649	8.70561	0	0	0	0	0	0	0	0	0	0	0	0	0	0	0	0	0	0	0	0
k107_13888867 flag=0 multi=47.0110 len=18152	18152	8.6293	0.00845938	0.0083905	8.38443	12.6789	0	0	0.219496	0.306909	0	0	0.0169188	0.0297449	0	0	0	0	0	0	0	0	0	0	0	0
k107_18731043 flag=1 multi=8.0000 len=13908	13908	9.60613	0	0	9.45105	12.054	0	0	0.155079	0.160214	0	0	0	0	0	0	0	0	0	0	0	0	0	0	0	0
k107_7027703 flag=1 multi=54.0000 len=13902	13902	9.18691	0	0	8.98735	16.0362	0	0	0.199559	0.252618	0	0	0	0	0	0	0	0	0	0	0	0	0	0	0	0
k107_564584 flag=1 multi=100.0000 len=6146	6146	8.40862	0	0	8.20859	11.9378	0	0	0.200034	0.216151	0	0	0	0	0	0	0	0	0	0	0	0	0	0	0	0
k107_1557488 flag=0 multi=10.0352 len=4195	4195	10.0812	0	0	9.92628	16.9117	0	0	0.154893	0.300684	0	0	0	0	0	0	0	0	0	0	0	0	0	0	0	0
k107_16282066 flag=1 multi=11.0000 len=3565	3565	6.58321	0	0	6.58321	6.3612	0	0	0	0	0	0	0	0	0	0	0	0	0	0	0	0	0	0	0	0
k107_1923797 flag=0 multi=46.0458 len=2924	2924	8.47368	0	0	8.22426	16.1835	0	0	0.249428	0.315483	0	0	0	0	0	0	0	0	0	0	0	0	0	0	0	0
k107_21599781 flag=0 multi=8.0283 len=18674	18674	8.99173	0	0	8.86877	16.1996	0	0	0.122959	0.147945	0	0	0	0	0	0	0	0	0	0	0	0	0	0	0	0
k107_34041915 flag=1 multi=5.0000 len=4161	4161	6.81005	0	0	6.81005	6.99048	0	0	0	0	0	0	0	0	0	0	0	0	0	0	0	0	0	0	0	0
k107_22600078 flag=1 multi=24.0000 len=20622	20622	10.238	0	0	10.0452	14.0123	0	0	0.192766	0.279876	0	0	0	0	0	0	0	0	0	0	0	0	0	0	0	0
k107_5339573 flag=0 multi=13.8466 len=25048	25048	10.1714	0	0	10.0091	13.3325	0	0	0.162289	0.234796	0	0	0	0	0	0	0	0	0	0	0	0	0	0	0	0
k107_8529747 flag=0 multi=24.0046 len=6571	6571	10.2852	0	0	9.94975	12.7104	0	0	0.33546	0.429374	0	0	0	0	0	0	0	0	0	0	0	0	0	0	0	0
k107_31831411 flag=0 multi=15.0203 len=5612	5612	8.42053	0	0	8.24991	10.3034	0	0	0.170621	0.260932	0	0	0	0	0	0	0	0	0	0	0	0	0	0	0	0
k107_3542063 flag=1 multi=25.0000 len=22721	22721	9.07596	0	0	8.92792	12.4122	0	0	0.148044	0.163434	0	0	0	0	0	0	0	0	0	0	0	0	0	0	0	0
k107_9759851 flag=1 multi=35.4936 len=8776	8776	8.27826	0	0	8.07187	11.1847	0	0	0.206396	0.348036	0	0	0	0	0	0	0	0	0	0	0	0	0	0	0	0
k107_12652722 flag=0 multi=23.9555 len=3454	3454	8.46732	0	0	8.46732	10.1225	0	0	0	0	0	0	0	0	0	0	0	0	0	0	0	0	0	0	0	0
k107_20794910 flag=1 multi=10.0095 len=4970	4970	7.19152	0	0	7.06341	7.73096	0	0	0.128106	0.163669	0	0	0	0	0	0	0	0	0	0	0	0	0	0	0	0
k107_15617164 flag=1 multi=11.3214 len=38365	38365	10.1776	0	0	9.9638	14.2629	0	0	0.213777	0.333336	0	0	0	0	0	0	0	0	0	0	0	0	0	0	0	0
k107_1044792 flag=1 multi=8.0000 len=4523	4523	8.92987	0	0	8.62758	8.1088	0	0	0.302298	0.338642	0	0	0	0	0	0	0	0	0	0	0	0	0	0	0	0
k107_34898546 flag=0 multi=13.0265 len=5393	5393	11.3703	0	0	10.1257	11.7962	1.06678	5.34636	0.119034	0.164412	0	0	0.0587311	0.0697972	0	0	0	0	0	0	0	0	0	0	0	0
k107_12330767 flag=1 multi=25.0000 len=4978	4978	6.81523	0	0	6.6219	8.1658	0	0	0.193328	0.273911	0	0	0	0	0	0	0	0	0	0	0	0	0	0	0	0
k107_12855387 flag=0 multi=27.2064 len=3974	3974	10.3347	0	0	10.1705	14.4277	0	0	0.164216	0.194671	0	0	0	0	0	0	0	0	0	0	0	0	0	0	0	0
k107_25263688 flag=0 multi=10.0165 len=4041	4041	9.5785	0	0	9.25675	16.8116	0	0	0.321744	0.360004	0	0	0	0	0	0	0	0	0	0	0	0	0	0	0	0
k107_21434507 flag=0 multi=37.5114 len=29132	29132	9.84759	0.0052376	0.00521198	9.60219	13.2555	0	0	0.240167	0.327245	0	0	0	0	0	0	0	0	0	0	0	0	0	0	0	0
k107_10876177 flag=1 multi=15.0000 len=9680	9680	10.6209	0	0	10.6209	15.4209	0	0	0	0	0	0	0	0	0	0	0	0	0	0	0	0	0	0	0	0
k107_16398210 flag=0 multi=13.3652 len=6823	6823	11.0785	0	0	10.7545	18.2268	0	0	0.32403	0.362988	0	0	0	0	0	0	0	0	0	0	0	0	0	0	0	0
k107_17009209 flag=1 multi=13.0000 len=5548	5548	8.15021	0	0	7.8353	8.99463	0	0	0.314907	0.583655	0	0	0	0	0	0	0	0	0	0	0	0	0	0	0	0
k107_32100491 flag=1 multi=14.3828 len=10679	10679	8.04096	0	0	7.84398	10.6839	0	0	0.170762	0.247054	0	0	0.0262118	0.042104	0	0	0	0	0	0	0	0	0	0	0	0
k107_28962691 flag=1 multi=8.0000 len=15734	15734	10.0656	0	0	9.75266	13.7761	0	0	0.312986	0.454782	0	0	0	0	0	0	0	0	0	0	0	0	0	0	0	0
k107_23847482 flag=0 multi=37.8012 len=3356	3356	8.38867	0	0	8.38867	17.4327	0	0	0	0	0	0	0	0	0	0	0	0	0	0	0	0	0	0	0	0
k107_711357 flag=0 multi=63.0000 len=7630	7630	10.8571	0.0412118	0.0512613	6.82615	16.7297	2.02634	2.85739	1.35153	2.37665	0.224072	0.252296	0.387828	0.593918	0	0	0	0	0	0	0	0	0	0	0	0
k107_8799477 flag=1 multi=23.6690 len=19445	19445	9.65173	0	0	9.51053	15.4028	0	0	0.1412	0.181615	0	0	0	0	0	0	0	0	0	0	0	0	0	0	0	0
k107_28796547 flag=0 multi=10.0000 len=3348	3348	9.65594	0	0	9.55712	9.45234	0	0	0.0988181	0.0893445	0	0	0	0	0	0	0	0	0	0	0	0	0	0	0	0
k107_1507719 flag=1 multi=14.8539 len=40707	40707	9.79181	0	0	9.51182	13.8875	0	0	0.27999	0.387917	0	0	0	0	0	0	0	0	0	0	0	0	0	0	0	0
k107_32400420 flag=1 multi=7.0000 len=4382	4382	8.09951	0	0	8.09951	12.9778	0	0	0	0	0	0	0	0	0	0	0	0	0	0	0	0	0	0	0	0
k107_16052146 flag=0 multi=81.5155 len=3845	3845	9.22015	0	0	9.03669	6.63046	0	0	0.18346	0.269468	0	0	0	0	0	0	0	0	0	0	0	0	0	0	0	0
k107_12964344 flag=0 multi=38.3511 len=3257	3257	9.59966	0	0	9.49882	19.6175	0	0	0.100846	0.158813	0	0	0	0	0	0	0	0	0	0	0	0	0	0	0	0
k107_14898471 flag=1 multi=7.0000 len=6984	6984	8.74738	0	0	8.5669	9.70627	0	0	0.180485	0.240046	0	0	0	0	0	0	0	0	0	0	0	0	0	0	0	0
k107_25176462 flag=0 multi=30.7377 len=23199	23199	9.36328	0	0	9.2064	13.4194	0	0	0.156876	0.23267	0	0	0	0	0	0	0	0	0	0	0	0	0	0	0	0
k107_24282404 flag=0 multi=84.3981 len=4267	4267	9.79016	0	0	9.63253	18.8523	0	0	0.157629	0.221279	0	0	0	0	0	0	0	0	0	0	0	0	0	0	0	0
k107_1411308 flag=1 multi=10.0000 len=20096	20096	9.90078	0	0	9.72199	12.0726	0	0	0.178792	0.233117	0	0	0	0	0	0	0	0	0	0	0	0	0	0	0	0
k107_10310914 flag=1 multi=20.7153 len=15226	15226	9.1123	0	0	8.88227	11.5338	0.00991691	0.0100199	0.220115	0.299674	0	0	0	0	0	0	0	0	0	0	0	0	0	0	0	0
k107_35486258 flag=1 multi=35.0000 len=3595	3595	9.64743	0	0	9.28333	10.5349	0	0	0.364106	0.907277	0	0	0	0	0	0	0	0	0	0	0	0	0	0	0	0
k107_12564595 flag=1 multi=16.0000 len=4733	4733	6.7619	0.0385917	0.070241	6.72331	14.0743	0	0	0	0	0	0	0	0	0	0	0	0	0	0	0	0	0	0	0	0
k107_23476571 flag=0 multi=23.9998 len=15910	15910	8.83605	0	0	8.52813	16.3096	0	0	0.307919	0.385433	0	0	0	0	0	0	0	0	0	0	0	0	0	0	0	0
k107_24805717 flag=0 multi=41.6083 len=2997	2997	11.1343	0	0	8.55436	14.0446	1.40594	2.99046	0.92987	1.53449	0.0801484	0.0746879	0.164007	0.216355	0	0	0	0	0	0	0	0	0	0	0	0
k107_34627492 flag=1 multi=17.7555 len=13188	13188	11.7405	0	0	9.03484	12.6892	1.3524	2.17042	1.09739	1.81653	0.0923483	0.109644	0.163511	0.262175	0	0	0	0	0	0	0	0	0	0	0	0
k107_18405699 flag=0 multi=17.3431 len=11886	11886	10.6746	0.0129489	0.0128659	7.98679	16.5619	1.80171	3.06468	0.732476	2.00638	0.0510186	0.0679107	0.0896927	0.11865	0	0	0	0	0	0	0	0	0	0	0	0
k107_7139493 flag=1 multi=9.0705 len=21975	21975	9.18336	0	0	8.95829	12.3375	0	0	0.211277	0.363288	0	0	0.013796	0.0142903	0	0	0	0	0	0	0	0	0	0	0	0
k107_3698236 flag=0 multi=22.2559 len=17607	17607	10.1917	0	0	10.0176	14.1477	0	0	0.174112	0.185373	0	0	0	0	0	0	0	0	0	0	0	0	0	0	0	0
k107_14911466 flag=1 multi=64.0000 len=16216	16216	8.81519	0	0	8.60676	16.2195	0	0	0.208433	0.344939	0	0	0	0	0	0	0	0	0	0	0	0	0	0	0	0
k107_8169561 flag=1 multi=5.0000 len=5038	5038	6.01605	0	0	6.01605	6.87239	0	0	0	0	0	0	0	0	0	0	0	0	0	0	0	0	0	0	0	0
k107_30972751 flag=0 multi=13.3469 len=34029	34029	9.86883	0	0	9.6681	13.3149	0	0	0.200729	0.266107	0	0	0	0	0	0	0	0	0	0	0	0	0	0	0	0
k107_20332338 flag=0 multi=9.0236 len=8385	8385	9.03514	0	0	8.86799	13.2632	0	0	0.167141	0.234561	0	0	0	0	0	0	0	0	0	0	0	0	0	0	0	0
k107_15381389 flag=1 multi=106.0000 len=6801	6801	9.97892	0	0	9.65472	19.4254	0	0	0.324204	0.407832	0	0	0	0	0	0	0	0	0	0	0	0	0	0	0	0
k107_23666419 flag=1 multi=53.1331 len=23135	23135	9.34415	0	0	8.982	12.2789	0	0	0.362151	0.545026	0	0	0	0	0	0	0	0	0	0	0	0	0	0	0	0
k107_15498481 flag=1 multi=88.0000 len=9877	9877	9.16324	0	0	8.97535	10.334	0	0	0.187885	0.277133	0	0	0	0	0	0	0	0	0	0	0	0	0	0	0	0
k107_887478 flag=0 multi=15.0379 len=13179	13179	9.97872	0	0	9.69845	13.9889	0	0	0.280267	0.430505	0	0	0	0	0	0	0	0	0	0	0	0	0	0	0	0
k107_27204584 flag=1 multi=7.0000 len=3344	3344	9.02038	0	0	9.02038	9.49681	0	0	0	0	0	0	0	0	0	0	0	0	0	0	0	0	0	0	0	0
k107_34373055 flag=1 multi=8.0000 len=7676	7676	9.88866	0	0	9.64375	12.7996	0	0	0.244915	0.308795	0	0	0	0	0	0	0	0	0	0	0	0	0	0	0	0
k107_34787722 flag=1 multi=10.0000 len=7141	7141	9.20997	0	0	9.01915	12.871	0	0	0.146659	0.20677	0	0	0.0441585	0.072636	0	0	0	0	0	0	0	0	0	0	0	0
k107_16489308 flag=0 multi=33.8471 len=6221	6221	10.6036	0	0	10.4511	10.8268	0	0	0.15256	0.293569	0	0	0	0	0	0	0	0	0	0	0	0	0	0	0	0
k107_26396712 flag=1 multi=19.0000 len=5789	5789	9.81884	0	0	9.43813	16.9005	0	0	0.380718	0.734087	0	0	0	0	0	0	0	0	0	0	0	0	0	0	0	0
k107_28648819 flag=1 multi=12.0000 len=3436	3436	9.35737	0	0	8.87556	8.28947	0	0	0.481812	0.388907	0	0	0	0	0	0	0	0	0	0	0	0	0	0	0	0
k107_25463528 flag=0 multi=24.0112 len=17556	17556	10.5026	0	0	10.2067	16.7487	0	0	0.295873	0.490071	0	0	0	0	0	0	0	0	0	0	0	0	0	0	0	0
k107_1754853 flag=0 multi=12.3128 len=16572	16572	10.1507	0	0	9.87363	16.1563	0	0	0.277074	0.429511	0	0	0	0	0	0	0	0	0	0	0	0	0	0	0	0
k107_5409338 flag=1 multi=9.0000 len=12041	12041	9.32328	0	0	9.04191	12.9232	0	0	0.28137	0.40007	0	0	0	0	0	0	0	0	0	0	0	0	0	0	0	0
k107_23772470 flag=1 multi=9.0000 len=16667	16667	8.54152	0	0	8.33914	11.8031	0	0	0.183929	0.267156	0	0	0.018454	0.0341464	0	0	0	0	0	0	0	0	0	0	0	0
k107_34920004 flag=1 multi=13.0000 len=5437	5437	10.5367	0	0	10.3032	15.7396	0	0	0.233496	0.32057	0	0	0	0	0	0	0	0	0	0	0	0	0	0	0	0
k107_1593626 flag=1 multi=16.0000 len=27226	27226	9.57335	0	0	9.31656	12.1003	0	0	0.256797	0.384674	0	0	0	0	0	0	0	0	0	0	0	0	0	0	0	0
k107_6499797 flag=0 multi=53.5679 len=15232	15232	10.6611	0	0	10.3998	13.2158	0	0	0.261286	0.428247	0	0	0	0	0	0	0	0	0	0	0	0	0	0	0	0
k107_11486099 flag=0 multi=39.5157 len=25688	25688	10.1682	0	0	9.91318	13.8056	0	0	0.255022	0.363603	0	0	0	0	0	0	0	0	0	0	0	0	0	0	0	0
k107_32546911 flag=1 multi=13.0000 len=5174	5174	9.90374	0	0	9.78058	14.7495	0	0	0.123153	0.173096	0	0	0	0	0	0	0	0	0	0	0	0	0	0	0	0
k107_4288652 flag=0 multi=19.1455 len=4368	4368	10.7464	0	0	10.4498	18.1633	0	0	0.296606	0.443556	0	0	0	0	0	0	0	0	0	0	0	0	0	0	0	0
k107_19852983 flag=0 multi=21.7246 len=11361	11361	11.3789	0	0	8.59445	19.1925	1.47048	2.32355	1.08554	2.18811	0.0536215	0.0539961	0.17479	0.249637	0	0	0	0	0	0	0	0	0	0	0	0
k107_17185266 flag=1 multi=7.0000 len=8513	8513	7.583	0	0	7.51005	13.8078	0	0	0.0729509	0.0930058	0	0	0	0	0	0	0	0	0	0	0	0	0	0	0	0
k107_20517017 flag=1 multi=56.1629 len=5546	5546	10.7633	0	0	10.5908	13.6268	0	0	0.172578	0.476315	0	0	0	0	0	0	0	0	0	0	0	0	0	0	0	0
k107_7424736 flag=1 multi=19.0000 len=14419	14419	9.18899	0	0	9.04066	13.3371	0	0	0.148332	0.246086	0	0	0	0	0	0	0	0	0	0	0	0	0	0	0	0
k107_12700486 flag=0 multi=66.0000 len=2526	2526	9.71942	0	0	9.51574	6.88605	0	0	0.203687	0.265729	0	0	0	0	0	0	0	0	0	0	0	0	0	0	0	0
k107_10202941 flag=1 multi=8.0000 len=15047	15047	9.37138	0	0	9.18752	12.4477	0	0	0.183859	0.382343	0	0	0	0	0	0	0	0	0	0	0	0	0	0	0	0
k107_33755665 flag=1 multi=6.0000 len=6939	6939	7.59229	0	0	7.59229	8.71689	0	0	0	0	0	0	0	0	0	0	0	0	0	0	0	0	0	0	0	0
k107_26194923 flag=1 multi=11.0000 len=12036	12036	10.4583	0	0	10.1115	11.6545	0	0	0.321203	0.472218	0	0	0.025652	0.0486065	0	0	0	0	0	0	0	0	0	0	0	0
k107_19123201 flag=1 multi=33.0000 len=63444	63444	9.60313	0	0	9.30286	14.3589	0	0	0.290726	0.460754	0	0	0.0095499	0.00946264	0	0	0	0	0	0	0	0	0	0	0	0
k107_5684567 flag=0 multi=139.9670 len=13548	13548	9.51752	0	0	9.33671	13.4591	0	0	0.180809	0.20143	0	0	0	0	0	0	0	0	0	0	0	0	0	0	0	0
k107_17000089 flag=0 multi=18.0019 len=21560	21560	8.51764	0	0	8.30544	12.0294	0	0	0.212202	0.285579	0	0	0	0	0	0	0	0	0	0	0	0	0	0	0	0
k107_33606644 flag=0 multi=28.9245 len=4742	4742	10.6878	0	0	8.2777	10.1393	1.4268	1.5927	0.703604	1.04083	0.178829	0.3989	0.100901	0.129035	0	0	0	0	0	0	0	0	0	0	0	0
k107_12951135 flag=0 multi=25.0000 len=34202	34202	9.79056	0.00890855	0.0140322	9.55097	14.9858	0	0	0.22177	0.329439	0	0	0.00890855	0.012793	0	0	0	0	0	0	0	0	0	0	0	0
k107_16702530 flag=0 multi=33.0772 len=4434	4434	9.51283	0	0	9.36713	16.4134	0	0	0.145692	0.364004	0	0	0	0	0	0	0	0	0	0	0	0	0	0	0	0
k107_4797050 flag=0 multi=133.3347 len=10555	10555	9.68214	0	0	9.38886	13.4537	0	0	0.246562	0.284693	0	0	0	0	0	0	0	0	0	0	0	0	0	0	0.046718	0.120479
k107_31638169 flag=1 multi=15.5897 len=10261	10261	8.9277	0	0	8.70097	12.715	0	0	0.22673	0.380413	0	0	0	0	0	0	0	0	0	0	0	0	0	0	0	0
k107_18611366 flag=1 multi=24.0000 len=3530	3530	9.51487	0	0	9.42875	16.3287	0	0	0.0861214	0.0867849	0	0	0	0	0	0	0	0	0	0	0	0	0	0	0	0
k107_4449467 flag=1 multi=10.1904 len=10619	10619	9.57778	0	0	9.12853	11.742	0	0	0.419986	0.622248	0	0	0.0292721	0.0493559	0	0	0	0	0	0	0	0	0	0	0	0
k107_27632143 flag=0 multi=11.0658 len=10098	10098	10.5143	0	0	10.2531	11.8952	0	0	0.2304	0.310991	0	0	0.0308289	0.0355983	0	0	0	0	0	0	0	0	0	0	0	0
k107_27740590 flag=0 multi=44.0000 len=5537	5537	7.57058	0	0	7.54212	14.2486	0	0	0.0284623	0.028021	0	0	0	0	0	0	0	0	0	0	0	0	0	0	0	0
k107_7156859 flag=1 multi=14.6751 len=14890	14890	10.188	0.0102824	0.0102445	9.90931	13.8778	0	0	0.268371	0.34819	0	0	0	0	0	0	0	0	0	0	0	0	0	0	0	0
k107_25755874 flag=1 multi=31.0000 len=75014	75014	9.37963	0.00202109	0.0020139	9.11955	12.9487	0	0	0.258058	0.344864	0	0	0	0	0	0	0	0	0	0	0	0	0	0	0	0
k107_28557868 flag=0 multi=12.0515 len=10827	10827	9.30413	0	0	9.06071	13.2194	0	0	0.24342	0.311788	0	0	0	0	0	0	0	0	0	0	0	0	0	0	0	0
k107_31323645 flag=0 multi=15.7354 len=11758	11758	10.0248	0	0	9.78823	14.5737	0	0	0.236557	0.310215	0	0	0	0	0	0	0	0	0	0	0	0	0	0	0	0
k107_19447946 flag=0 multi=12.0587 len=5698	5698	10.7183	0	0	10.5237	13.7624	0	0	0.194589	0.319823	0	0	0	0	0	0	0	0	0	0	0	0	0	0	0	0
k107_20778093 flag=1 multi=8.0000 len=13006	13006	9.0969	0	0	8.83604	11.465	0	0	0.260863	0.561226	0	0	0	0	0	0	0	0	0	0	0	0	0	0	0	0
k107_15083907 flag=1 multi=9.0000 len=7996	7996	9.44645	0	0	9.17234	12.1845	0	0	0.27411	0.43481	0	0	0	0	0	0	0	0	0	0	0	0	0	0	0	0
k107_22234951 flag=0 multi=40.9831 len=16512	16512	9.90895	0	0	9.73374	16.6017	0	0	0.1752	0.250529	0	0	0	0	0	0	0	0	0	0	0	0	0	0	0	0
k107_20163961 flag=0 multi=31.7491 len=15346	15346	9.7171	0	0	9.39657	11.4671	0	0	0.300452	0.527356	0	0	0.0200744	0.0281767	0	0	0	0	0	0	0	0	0	0	0	0
k107_2380434 flag=0 multi=22.9945 len=10082	10082	9.72873	0	0	9.62106	15.6654	0	0	0.107669	0.137707	0	0	0	0	0	0	0	0	0	0	0	0	0	0	0	0
k107_22260591 flag=0 multi=55.1125 len=7971	7971	10.6105	0	0	10.2966	15.4012	0	0	0.284392	0.443244	0.0294693	0.0470753	0	0	0	0	0	0	0	0	0	0	0	0	0	0
k107_17256340 flag=1 multi=21.4647 len=23763	23763	10.2158	0	0	9.95934	12.1126	0	0	0.256468	0.350778	0	0	0	0	0	0	0	0	0	0	0	0	0	0	0	0
k107_9181756 flag=0 multi=25.0161 len=26586	26586	9.81274	0	0	9.56034	15.1688	0	0	0.240907	0.290384	0	0	0.0114899	0.0171325	0	0	0	0	0	0	0	0	0	0	0	0
k107_32469504 flag=1 multi=6.0000 len=5678	5678	5.99405	0	0	5.99405	5.53507	0	0	0	0	0	0	0	0	0	0	0	0	0	0	0	0	0	0	0	0
k107_25826587 flag=1 multi=16.9987 len=4865	4865	8.28161	0	0	8.0835	9.17359	0	0	0.198115	0.577378	0	0	0	0	0	0	0	0	0	0	0	0	0	0	0	0
k107_35600972 flag=1 multi=16.5958 len=4357	4357	9.88237	0	0	9.69692	18.7458	0	0	0.18545	0.212736	0	0	0	0	0	0	0	0	0	0	0	0	0	0	0	0
k107_26355226 flag=0 multi=60.9587 len=15975	15975	9.05111	0	0	8.99636	13.2942	0	0	0.0547438	0.0637652	0	0	0	0	0	0	0	0	0	0	0	0	0	0	0	0
k107_19664915 flag=1 multi=25.0000 len=4401	4401	8.14223	0	0	8.12442	10.7018	0	0	0.0178092	0.0174963	0	0	0	0	0	0	0	0	0	0	0	0	0	0	0	0
k107_12610664 flag=1 multi=51.0000 len=11456	11456	9.07477	0	0	8.90425	9.99163	0	0	0.170522	0.221887	0	0	0	0	0	0	0	0	0	0	0	0	0	0	0	0
k107_21728105 flag=1 multi=73.0000 len=15527	15527	9.50023	0	0	9.26365	12.3514	0	0	0.236585	0.286075	0	0	0	0	0	0	0	0	0	0	0	0	0	0	0	0
k107_19920126 flag=1 multi=13.0000 len=4549	4549	9.63598	0	0	9.38898	17.9687	0	0	0.246998	0.458738	0	0	0	0	0	0	0	0	0	0	0	0	0	0	0	0
k107_12585231 flag=0 multi=23.7550 len=5900	5900	8.47749	0	0	8.20793	12.983	0	0	0.269561	0.444644	0	0	0	0	0	0	0	0	0	0	0	0	0	0	0	0
k107_24148966 flag=1 multi=10.0000 len=3302	3302	10.48	0	0	10.3803	18.5695	0	0	0.0996667	0.125907	0	0	0	0	0	0	0	0	0	0	0	0	0	0	0	0
k107_10811653 flag=1 multi=18.0000 len=2884	2884	8.26956	0	0	8.26956	12.2979	0	0	0	0	0	0	0	0	0	0	0	0	0	0	0	0	0	0	0	0
k107_22914214 flag=0 multi=226.0000 len=2866	2866	9.67161	0	0	9.55382	10.703	0	0	0.117785	0.160917	0	0	0	0	0	0	0	0	0	0	0	0	0	0	0	0
k107_975339 flag=1 multi=9.0000 len=8051	8051	10.3589	0	0	10.1009	17.6959	0	0	0.257969	0.331786	0	0	0	0	0	0	0	0	0	0	0	0	0	0	0	0
k107_10240426 flag=1 multi=12.0000 len=43197	43197	10.3759	0	0	10.3689	17.257	0.0069472	0.00699422	0	0	0	0	0	0	0	0	0	0	0	0	0	0	0	0	0	0
k107_22853510 flag=1 multi=8.0000 len=3849	3849	8.52974	0	0	8.52974	12.8007	0	0	0	0	0	0	0	0	0	0	0	0	0	0	0	0	0	0	0	0
k107_11942624 flag=0 multi=20.0206 len=47839	47839	9.78057	0	0	9.54905	12.7227	0	0	0.231525	0.348665	0	0	0	0	0	0	0	0	0	0	0	0	0	0	0	0
k107_22466183 flag=0 multi=45.6304 len=27529	27529	11.2766	0	0	9.27888	16.2623	1.63584	2.63541	0.296213	0.884021	0.0437066	0.0608382	0.0220002	0.0333698	0	0	0	0	0	0	0	0	0	0	0	0
k107_14964605 flag=0 multi=253.9837 len=4286	4286	10.4533	0	0	10.0703	19.3863	0	0	0.383032	0.582722	0	0	0	0	0	0	0	0	0	0	0	0	0	0	0	0
k107_27325364 flag=1 multi=15.0000 len=3191	3191	9.65317	0	0	9.44479	11.0412	0	0	0.208377	0.264443	0	0	0	0	0	0	0	0	0	0	0	0	0	0	0	0
k107_10351557 flag=0 multi=39.8267 len=13532	13532	10.3375	0	0	10.0305	14.0745	0	0	0.307029	0.354588	0	0	0	0	0	0	0	0	0	0	0	0	0	0	0	0
k107_5016592 flag=1 multi=17.3320 len=52862	52862	10.0438	0	0	9.84602	15.4456	0	0	0.197812	0.269832	0	0	0	0	0	0	0	0	0	0	0	0	0	0	0	0
k107_26908085 flag=1 multi=7.0000 len=7239	7239	8.07337	0	0	8.07337	15.3088	0	0	0	0	0	0	0	0	0	0	0	0	0	0	0	0	0	0	0	0
k107_2890722 flag=0 multi=8.4602 len=7067	7067	7.67509	0	0	7.56615	13.7648	0	0	0.108943	0.126363	0	0	0	0	0	0	0	0	0	0	0	0	0	0	0	0
k107_27392414 flag=0 multi=44.9835 len=6428	6428	10.2821	0	0	7.42899	10.755	1.92948	2.96631	0.727881	1.23764	0.0491348	0.0609199	0.146588	0.286036	0	0	0	0	0	0	0	0	0	0	0	0
k107_17450176 flag=1 multi=10.0000 len=30941	30941	10.1201	0	0	9.84461	14.8229	0	0	0.275499	0.518477	0	0	0	0	0	0	0	0	0	0	0	0	0	0	0	0
k107_2647187 flag=1 multi=14.8309 len=16597	16597	10.9064	0	0	10.722	13.5091	0	0	0.184412	0.24261	0	0	0	0	0	0	0	0	0	0	0	0	0	0	0	0
k107_3829197 flag=0 multi=83.4471 len=13674	13674	10.9365	0	0	7.38835	8.77601	1.48018	3.04954	1.65031	2.66	0.206327	0.370433	0.211337	0.290492	0	0	0	0	0	0	0	0	0	0	0	0
k107_2028678 flag=0 multi=54.0000 len=7419	7419	10.4276	0	0	10.0888	13.4341	0	0	0.338766	0.512056	0	0	0	0	0	0	0	0	0	0	0	0	0	0	0	0
k107_23541153 flag=0 multi=10.0756 len=13579	13579	10.2516	0	0	9.8886	14.4834	0	0	0.363034	0.443767	0	0	0	0	0	0	0	0	0	0	0	0	0	0	0	0
k107_17291611 flag=1 multi=12.0000 len=17744	17744	10.9293	0	0	10.7574	17.7736	0	0	0.171827	0.283517	0	0	0	0	0	0	0	0	0	0	0	0	0	0	0	0
k107_5904966 flag=1 multi=24.9180 len=2533	2533	8.80771	0	0	8.6069	5.4373	0	0	0.200807	0.289232	0	0	0	0	0	0	0	0	0	0	0	0	0	0	0	0
k107_21411540 flag=0 multi=12.0096 len=7002	7002	9.49358	0	0	9.16164	10.3318	0	0	0.33194	0.585577	0	0	0	0	0	0	0	0	0	0	0	0	0	0	0	0
k107_1632281 flag=0 multi=9.0062 len=4618	4618	9.41566	0	0	9.16172	9.94243	0	0	0.253939	0.266074	0	0	0	0	0	0	0	0	0	0	0	0	0	0	0	0
k107_4897671 flag=1 multi=36.5093 len=11864	11864	9.01228	0	0	8.77867	12.3418	0	0	0.23361	0.338432	0	0	0	0	0	0	0	0	0	0	0	0	0	0	0	0
k107_17123129 flag=1 multi=9.0000 len=3616	3616	9.18226	0	0	9.18226	13.2725	0	0	0	0	0	0	0	0	0	0	0	0	0	0	0	0	0	0	0	0
k107_19091436 flag=0 multi=41.0053 len=31604	31604	10.1606	0	0	9.91518	13.017	0	0	0.245384	0.458826	0	0	0	0	0	0	0	0	0	0	0	0	0	0	0	0
k107_18663344 flag=1 multi=9.0000 len=6654	6654	8.05069	0	0	7.63681	7.29959	0	0	0.413885	0.708213	0	0	0	0	0	0	0	0	0	0	0	0	0	0	0	0
k107_24371303 flag=0 multi=19.0142 len=21556	21556	9.54978	0	0	9.27774	11.9158	0	0	0.257834	0.3135	0	0	0.0142091	0.0196548	0	0	0	0	0	0	0	0	0	0	0	0
k107_14076318 flag=0 multi=54.0836 len=7814	7814	9.07202	0	0	8.71179	10.6296	0	0	0.360224	0.638569	0	0	0	0	0	0	0	0	0	0	0	0	0	0	0	0
k107_3030140 flag=1 multi=7.0000 len=5364	5364	8.00751	0	0	8.00751	8.39258	0	0	0	0	0	0	0	0	0	0	0	0	0	0	0	0	0	0	0	0
k107_35336231 flag=1 multi=5.0000 len=3277	3277	6.30891	0	0	6.30891	5.88903	0	0	0	0	0	0	0	0	0	0	0	0	0	0	0	0	0	0	0	0
k107_23042825 flag=1 multi=25.0000 len=12674	12674	8.63967	0.02441	0.0331961	8.36041	10.2621	0	0	0.25485	0.325767	0	0	0	0	0	0	0	0	0	0	0	0	0	0	0	0
k107_24912971 flag=1 multi=28.0000 len=10469	10469	9.3356	0	0	9.17862	15.5541	0	0	0.156978	0.17635	0	0	0	0	0	0	0	0	0	0	0	0	0	0	0	0
k107_6889659 flag=1 multi=24.3109 len=19739	19739	9.32613	0.00776869	0.00770937	9.10953	14.0535	0	0	0.208829	0.29117	0	0	0	0	0	0	0	0	0	0	0	0	0	0	0	0
k107_25066964 flag=0 multi=12.3795 len=9145	9145	9.84824	0	0	9.74647	14.5554	0	0	0.101775	0.133814	0	0	0	0	0	0	0	0	0	0	0	0	0	0	0	0
k107_4264195 flag=0 multi=14.9957 len=10740	10740	9.81309	0	0	9.69764	14.0083	0	0	0.115444	0.136844	0	0	0	0	0	0	0	0	0	0	0	0	0	0	0	0
k107_16399966 flag=0 multi=20.6011 len=5063	5063	10.6755	0	0	10.2338	11.7955	0	0	0.441714	0.536432	0	0	0	0	0	0	0	0	0	0	0	0	0	0	0	0
k107_35337332 flag=1 multi=8.0000 len=8416	8416	10.4201	0	0	10.1601	12.2375	0	0	0.260044	0.300898	0	0	0	0	0	0	0	0	0	0	0	0	0	0	0	0
k107_21101033 flag=0 multi=19.0934 len=34095	34095	10.9456	0	0	10.7228	17.1145	0	0	0.222768	0.409941	0	0	0	0	0	0	0	0	0	0	0	0	0	0	0	0
k107_20337002 flag=1 multi=30.0000 len=13422	13422	10.0464	0	0	9.74787	13.5304	0	0	0.298552	0.455758	0	0	0	0	0	0	0	0	0	0	0	0	0	0	0	0
k107_24682059 flag=1 multi=10.0864 len=6138	6138	9.61977	0	0	9.51679	12.982	0	0	0.102981	0.121576	0	0	0	0	0	0	0	0	0	0	0	0	0	0	0	0
k107_7641191 flag=1 multi=23.0000 len=16705	16705	9.94617	0	0	9.68878	13.7573	0	0	0.257392	0.331169	0	0	0	0	0	0	0	0	0	0	0	0	0	0	0	0
k107_22858861 flag=1 multi=8.0000 len=5108	5108	9.42031	0	0	9.23179	10.3134	0	0	0.188514	0.317827	0	0	0	0	0	0	0	0	0	0	0	0	0	0	0	0
k107_16980542 flag=1 multi=24.9432 len=3628	3628	9.20295	0	0	9.06915	14.3657	0	0	0.0895971	0.103028	0	0	0.0441972	0.0433512	0	0	0	0	0	0	0	0	0	0	0	0
k107_15989571 flag=1 multi=35.0114 len=5102	5102	10.1365	0	0	9.95083	14.4541	0	0	0.185625	0.205639	0	0	0	0	0	0	0	0	0	0	0	0	0	0	0	0
k107_27688838 flag=0 multi=14.6601 len=18078	18078	10.2831	0	0	10.0711	13.5225	0	0	0.211971	0.299212	0	0	0	0	0	0	0	0	0	0	0	0	0	0	0	0
k107_24042273 flag=1 multi=11.0000 len=21041	21041	9.57693	0	0	9.37726	14.3511	0	0	0.199672	0.309753	0	0	0	0	0	0	0	0	0	0	0	0	0	0	0	0
k107_651762 flag=0 multi=14.3934 len=10126	10126	10.6096	0	0	10.2717	13.5145	0	0	0.337948	0.511278	0	0	0	0	0	0	0	0	0	0	0	0	0	0	0	0
k107_32552537 flag=0 multi=11.1306 len=3277	3277	11.32	0	0	11.117	17.4555	0	0	0.203025	0.184046	0	0	0	0	0	0	0	0	0	0	0	0	0	0	0	0
k107_27943973 flag=0 multi=10.0763 len=13220	13220	9.56503	0	0	9.40161	15.1798	0	0	0.163415	0.182555	0	0	0	0	0	0	0	0	0	0	0	0	0	0	0	0
k107_22644037 flag=1 multi=27.0000 len=5763	5763	8.63139	0	0	8.21791	6.44172	0	0	0.413477	0.751193	0	0	0	0	0	0	0	0	0	0	0	0	0	0	0	0
k107_17346578 flag=0 multi=18.7808 len=7629	7629	10.4219	0	0	10.013	17.5602	0	0	0.408899	1.07773	0	0	0	0	0	0	0	0	0	0	0	0	0	0	0	0
k107_6274493 flag=1 multi=8.0000 len=2798	2798	9.99039	0	0	9.60777	8.61031	0	0	0.382612	0.736005	0	0	0	0	0	0	0	0	0	0	0	0	0	0	0	0
k107_18765106 flag=1 multi=15.0000 len=4828	4828	9.65444	0.19863	0.461556	9.19068	18.4744	0	0	0.16593	0.193386	0	0	0.0992046	0.110421	0	0	0	0	0	0	0	0	0	0	0	0
k107_29052535 flag=1 multi=19.0000 len=4421	4421	9.15489	0	0	9.15489	12.992	0	0	0	0	0	0	0	0	0	0	0	0	0	0	0	0	0	0	0	0
k107_35481020 flag=1 multi=11.0000 len=51079	51079	9.80926	0.00297379	0.00297029	9.60772	14.8347	0	0	0.198574	0.293625	0	0	0	0	0	0	0	0	0	0	0	0	0	0	0	0
k107_32209374 flag=0 multi=37.6190 len=14812	14812	10.0057	0.0207443	0.0354042	9.86037	11.9322	0	0	0.124535	0.174784	0	0	0	0	0	0	0	0	0	0	0	0	0	0	0	0
k107_28060771 flag=0 multi=30.9265 len=23244	23244	9.12606	0	0	8.91308	14.2546	0	0	0.212972	0.266866	0	0	0	0	0	0	0	0	0	0	0	0	0	0	0	0
k107_18432620 flag=0 multi=17.1177 len=8085	8085	9.46178	0	0	9.22729	17.4114	0	0	0.234485	0.245319	0	0	0	0	0	0	0	0	0	0	0	0	0	0	0	0
k107_31791040 flag=1 multi=12.0000 len=8143	8143	9.01097	0	0	8.78102	11.7053	0	0	0.229945	0.312919	0	0	0	0	0	0	0	0	0	0	0	0	0	0	0	0
k107_32512181 flag=1 multi=48.0000 len=11116	11116	8.39671	0	0	8.28537	10.146	0	0	0.111337	0.17524	0	0	0	0	0	0	0	0	0	0	0	0	0	0	0	0
k107_172356 flag=0 multi=57.5241 len=13038	13038	9.88858	0	0	9.54766	10.644	0	0	0.340923	0.463679	0	0	0	0	0	0	0	0	0	0	0	0	0	0	0	0
k107_33678613 flag=1 multi=10.0000 len=19081	19081	9.45673	0	0	9.18388	14.2848	0	0	0.272858	0.510995	0	0	0	0	0	0	0	0	0	0	0	0	0	0	0	0
k107_19921426 flag=1 multi=10.0000 len=25636	25636	9.33568	0.00596037	0.00592042	9.10362	11.5437	0	0	0.226099	0.314432	0	0	0	0	0	0	0	0	0	0	0	0	0	0	0	0
k107_20104539 flag=1 multi=8.0000 len=2806	2806	8.51877	0	0	8.51877	9.1949	0	0	0	0	0	0	0	0	0	0	0	0	0	0	0	0	0	0	0	0
k107_12997850 flag=1 multi=32.0373 len=14006	14006	10.593	0.0220374	0.0341067	8.43411	12.5434	1.73723	2.35612	0.378138	1.1166	0.0107998	0.0108987	0.0107268	0.0108987	0	0	0	0	0	0	0	0	0	0	0	0
k107_33323491 flag=1 multi=17.0000 len=12674	12674	7.64234	0	0	7.60605	8.67162	0	0	0.0362916	0.0444926	0	0	0	0	0	0	0	0	0	0	0	0	0	0	0	0
k107_21067048 flag=1 multi=10.0000 len=11528	11528	10.0006	0	0	9.71325	13.1143	0	0	0.287369	0.33859	0	0	0	0	0	0	0	0	0	0	0	0	0	0	0	0
k107_30718520 flag=0 multi=12.0828 len=7402	7402	9.42479	0	0	9.21268	9.76577	0	0	0.212113	0.268351	0	0	0	0	0	0	0	0	0	0	0	0	0	0	0	0
k107_35504419 flag=1 multi=15.0000 len=15167	15167	10.2017	0.0100235	0.0100567	9.93804	13.0703	0	0	0.253616	0.322932	0	0	0	0	0	0	0	0	0	0	0	0	0	0	0	0
k107_34517442 flag=1 multi=7.0000 len=4658	4658	8.67723	0	0	8.60698	8.88095	0	0	0.0702479	0.0825229	0	0	0	0	0	0	0	0	0	0	0	0	0	0	0	0
k107_10213518 flag=0 multi=35.2998 len=5451	5451	10.5411	0	0	6.91862	10.2974	1.57176	2.49408	1.79064	2.68231	0.260051	0.41614	0	0	0	0	0	0	0	0	0	0	0	0	0	0
k107_5324693 flag=1 multi=7.0000 len=3352	3352	8.5741	0	0	8.47508	11.3821	0	0	0.0990164	0.145646	0	0	0	0	0	0	0	0	0	0	0	0	0	0	0	0
k107_20704101 flag=1 multi=9.0000 len=17621	17621	9.35475	0	0	9.19822	13.774	0	0	0.156533	0.259577	0	0	0	0	0	0	0	0	0	0	0	0	0	0	0	0
k107_34796048 flag=1 multi=9.0000 len=26073	26073	9.56928	0	0	9.34096	11.7796	0	0	0.2166	0.318645	0	0	0.0117186	0.0181639	0	0	0	0	0	0	0	0	0	0	0	0
k107_27328493 flag=1 multi=10.0000 len=8087	8087	8.90867	0	0	8.58317	9.21678	0	0	0.325498	0.453647	0	0	0	0	0	0	0	0	0	0	0	0	0	0	0	0
k107_6929332 flag=1 multi=29.6432 len=7052	7052	9.55674	0	0	9.2243	15.1686	0	0	0.332444	0.361886	0	0	0	0	0	0	0	0	0	0	0	0	0	0	0	0
k107_25512287 flag=1 multi=18.0000 len=21342	21342	9.64434	0	0	9.33679	12.2828	0	0	0.307557	0.461073	0	0	0	0	0	0	0	0	0	0	0	0	0	0	0	0
k107_10013970 flag=1 multi=106.4809 len=19978	19978	9.44785	0	0	9.15903	12.2076	0	0	0.288829	0.343371	0	0	0	0	0	0	0	0	0	0	0	0	0	0	0	0
k107_28773732 flag=0 multi=26.6557 len=12799	12799	9.10947	0	0	8.91958	15.4182	0	0	0.189886	0.416009	0	0	0	0	0	0	0	0	0	0	0	0	0	0	0	0
k107_31158510 flag=1 multi=8.0000 len=4728	4728	9.23159	0	0	9.18956	18.989	0	0	0.0420244	0.0406813	0	0	0	0	0	0	0	0	0	0	0	0	0	0	0	0
k107_5017741 flag=1 multi=22.0000 len=12829	12829	9.36282	0	0	9.1947	12.8242	0	0	0.168117	0.192507	0	0	0	0	0	0	0	0	0	0	0	0	0	0	0	0
k107_31500963 flag=1 multi=11.0000 len=13234	13234	10.4736	0	0	10.2524	13.1158	0	0	0.221157	0.370497	0	0	0	0	0	0	0	0	0	0	0	0	0	0	0	0
k107_21383938 flag=1 multi=22.0000 len=7712	7712	8.33293	0	0	8.21066	11.6709	0	0	0.122267	0.195826	0	0	0	0	0	0	0	0	0	0	0	0	0	0	0	0
k107_33654822 flag=0 multi=8.0758 len=2876	2876	5.72688	0	0	5.66939	4.90318	0	0	0.0574981	0.0552494	0	0	0	0	0	0	0	0	0	0	0	0	0	0	0	0
k107_8716334 flag=1 multi=62.0813 len=19287	19287	8.75691	0	0	8.55043	13.3075	0	0	0.206479	0.269576	0	0	0	0	0	0	0	0	0	0	0	0	0	0	0	0
k107_21299239 flag=0 multi=14.5002 len=2780	2780	10.1574	0	0	9.91364	7.75859	0	0	0.243745	0.58651	0	0	0	0	0	0	0	0	0	0	0	0	0	0	0	0
k107_33829692 flag=1 multi=16.0000 len=8992	8992	10.2185	0.016916	0.0170769	10.0117	18.2395	0	0	0.189873	0.196276	0	0	0	0	0	0	0	0	0	0	0	0	0	0	0	0
k107_9127426 flag=1 multi=16.0000 len=18124	18124	9.39911	0	0	9.12053	13.7109	0	0	0.278588	0.370421	0	0	0	0	0	0	0	0	0	0	0	0	0	0	0	0
k107_33086158 flag=0 multi=14.0183 len=7815	7815	9.65833	0	0	9.56236	14.5602	0	0	0.095967	0.127775	0	0	0	0	0	0	0	0	0	0	0	0	0	0	0	0
k107_20187958 flag=0 multi=13.0798 len=6172	6172	9.69966	0	0	9.54583	11.5418	0	0	0.153833	0.235837	0	0	0	0	0	0	0	0	0	0	0	0	0	0	0	0
k107_15684692 flag=0 multi=41.0081 len=4787	4787	10.4923	0	0	10.3242	22.0934	0	0	0.168116	0.162776	0	0	0	0	0	0	0	0	0	0	0	0	0	0	0	0
k107_27817481 flag=1 multi=6.0000 len=3785	3785	6.80764	0	0	6.76514	15.821	0	0	0.0424921	0.0414838	0	0	0	0	0	0	0	0	0	0	0	0	0	0	0	0
k107_31771971 flag=1 multi=10.0000 len=5755	5755	7.73593	0	0	7.62589	8.74739	0	0	0.110031	0.26617	0	0	0	0	0	0	0	0	0	0	0	0	0	0	0	0
k107_429851 flag=1 multi=7.0000 len=6292	6292	7.12471	0	0	7.12471	10.0428	0	0	0	0	0	0	0	0	0	0	0	0	0	0	0	0	0	0	0	0
k107_29785982 flag=1 multi=7.0000 len=4415	4415	8.54729	0	0	8.25432	12.7041	0	0	0.292973	0.351465	0	0	0	0	0	0	0	0	0	0	0	0	0	0	0	0
k107_14299042 flag=0 multi=18.0115 len=6796	6796	9.37204	0	0	9.19695	14.0155	0	0	0.175085	0.216093	0	0	0	0	0	0	0	0	0	0	0	0	0	0	0	0
k107_14115448 flag=0 multi=34.3312 len=13838	13838	12.5617	0.0221631	0.02787	8.75724	11.7986	1.90824	3.25786	1.63121	3.44543	0.0884309	0.103434	0.154403	0.19077	0	0	0	0	0	0	0	0	0	0	0	0
k107_31338783 flag=0 multi=12.0369 len=6740	6740	10.4348	0	0	10.1547	15.0183	0	0	0.280056	0.344875	0	0	0	0	0	0	0	0	0	0	0	0	0	0	0	0
k107_9668134 flag=0 multi=33.9204 len=11822	11822	11.3031	0.0259549	0.0300553	7.39115	12.1488	1.65903	2.34046	1.64479	2.72663	0.207118	0.412619	0.375087	0.508614	0	0	0	0	0	0	0	0	0	0	0	0
k107_18033050 flag=1 multi=8.0000 len=4455	4455	8.43896	0	0	8.07585	8.1006	0	0	0.363111	0.733787	0	0	0	0	0	0	0	0	0	0	0	0	0	0	0	0
k107_32444048 flag=1 multi=56.0000 len=41500	41500	9.96034	0	0	9.66268	13.2103	0	0	0.29033	0.474209	0	0	0.00733045	0.00728134	0	0	0	0	0	0	0	0	0	0	0	0
k107_6191428 flag=1 multi=9.0000 len=6212	6212	10.8252	0	0	10.6484	18.6299	0	0	0	0	0.176819	0.245717	0	0	0	0	0	0	0	0	0	0	0	0	0	0
k107_34711360 flag=0 multi=11.2970 len=9494	9494	9.71889	0.0163185	0.0161604	9.53253	14.8795	0	0	0.170039	0.211214	0	0	0	0	0	0	0	0	0	0	0	0	0	0	0	0
k107_16224422 flag=1 multi=18.0000 len=15620	15620	8.77523	0	0	8.5109	13.6419	0	0	0.26433	0.312041	0	0	0	0	0	0	0	0	0	0	0	0	0	0	0	0
k107_30243350 flag=1 multi=20.0000 len=5714	5714	9.35477	0	0	9.13396	8.99236	0	0	0.220806	0.400718	0	0	0	0	0	0	0	0	0	0	0	0	0	0	0	0
k107_11247895 flag=1 multi=9.0000 len=5405	5405	8.62826	0	0	8.45228	10.1439	0	0	0.175975	0.235798	0	0	0	0	0	0	0	0	0	0	0	0	0	0	0	0
k107_15585293 flag=1 multi=35.2801 len=11642	11642	7.7097	0	0	7.67037	9.96719	0	0	0.0393298	0.0434624	0	0	0	0	0	0	0	0	0	0	0	0	0	0	0	0
k107_22145432 flag=1 multi=51.0000 len=59642	59642	9.48082	0	0	9.26306	13.8944	0	0	0.217762	0.305054	0	0	0	0	0	0	0	0	0	0	0	0	0	0	0	0
k107_29023555 flag=1 multi=18.3926 len=6905	6905	9.84234	0	0	9.52325	11.8426	0	0	0.319097	0.351604	0	0	0	0	0	0	0	0	0	0	0	0	0	0	0	0
k107_5983191 flag=0 multi=32.0256 len=13074	13074	9.84192	0	0	9.51339	11.199	0	0	0.328531	0.564975	0	0	0	0	0	0	0	0	0	0	0	0	0	0	0	0
k107_8455613 flag=1 multi=26.0189 len=5015	5015	7.65903	0	0	7.49416	8.73525	0.0050923	0.00590791	0.159771	0.183793	0	0	0	0.000424326	0	0	0	0	0	0	0	0	0	0	0	0
k107_18201518 flag=1 multi=175.0577 len=4545	4545	9.27221	0	0	9.1301	6.75092	0	0	0.142116	0.236214	0	0	0	0	0	0	0	0	0	0	0	0	0	0	0	0
k107_3242170 flag=0 multi=17.1960 len=6684	6684	9.78345	0	0	9.54763	12.8429	0	0	0.235819	0.238961	0	0	0	0	0	0	0	0	0	0	0	0	0	0	0	0
k107_26314884 flag=1 multi=18.1976 len=6715	6715	10.6401	0	0	10.4758	18.1857	0	0	0.164354	0.209116	0	0	0	0	0	0	0	0	0	0	0	0	0	0	0	0
k107_7260993 flag=0 multi=348.8134 len=4095	4095	10.5265	0	0	10.3686	10.3481	0	0	0.157922	0.197727	0	0	0	0	0	0	0	0	0	0	0	0	0	0	0	0
k107_18082654 flag=1 multi=19.0000 len=6840	6840	8.43974	0	0	8.20909	9.74561	0	0	0.230652	0.31899	0	0	0	0	0	0	0	0	0	0	0	0	0	0	0	0
k107_25529709 flag=1 multi=41.0000 len=13558	13558	8.9917	0	0	8.86821	11.4068	0	0	0.123491	0.187002	0	0	0	0	0	0	0	0	0	0	0	0	0	0	0	0
k107_8585153 flag=0 multi=55.0589 len=4183	4183	9.22803	0	0	8.9665	10.9896	0	0	0.261531	0.252402	0	0	0	0	0	0	0	0	0	0	0	0	0	0	0	0
k107_10968886 flag=0 multi=16.1223 len=4351	4351	10.2433	0	0	9.95382	18.3352	0	0	0.289454	0.535369	0	0	0	0	0	0	0	0	0	0	0	0	0	0	0	0
k107_22153528 flag=1 multi=19.0030 len=23934	23934	10.1767	0	0	9.89692	14.8431	0	0	0.279748	0.422617	0	0	0	0	0	0	0	0	0	0	0	0	0	0	0	0
k107_23522506 flag=0 multi=21.1488 len=6002	6002	9.41772	0	0	9.25895	14.7703	0	0	0.158772	0.21969	0	0	0	0	0	0	0	0	0	0	0	0	0	0	0	0
k107_16869923 flag=0 multi=34.0109 len=15349	15349	12.066	0.0199375	0.0291022	8.87047	12.4783	1.55719	2.22546	1.26178	2.93952	0.128398	0.193088	0.208148	0.303543	0.0200704	0.0196676	0	0	0	0	0	0	0	0	0	0
k107_33196223 flag=0 multi=22.0016 len=6325	6325	9.96181	0	0	9.69716	13.6386	0	0	0.264652	0.267545	0	0	0	0	0	0	0	0	0	0	0	0	0	0	0	0
k107_18440665 flag=1 multi=8.0000 len=5715	5715	8.1066	0	0	7.77683	13.1782	0	0	0.329762	0.520721	0	0	0	0	0	0	0	0	0	0	0	0	0	0	0	0
k107_21590197 flag=1 multi=11.0000 len=3305	3305	7.74259	0	0	7.64202	5.97952	0	0	0.100566	0.139112	0	0	0	0	0	0	0	0	0	0	0	0	0	0	0	0
k107_11205724 flag=0 multi=8.1176 len=8081	8081	8.29682	0	0	8.27793	16.6044	0	0	0.018897	0.0189112	0	0	0	0	0	0	0	0	0	0	0	0	0	0	0	0
k107_33951166 flag=1 multi=10.9795 len=26418	26418	9.69605	0.0115638	0.0160193	9.52278	14.8053	0	0	0.161702	0.223023	0	0	0	0	0	0	0	0	0	0	0	0	0	0	0	0
k107_25569803 flag=1 multi=31.0000 len=35236	35236	9.94089	0	0	9.70825	13.8124	0	0	0.232639	0.309499	0	0	0	0	0	0	0	0	0	0	0	0	0	0	0	0
k107_7074144 flag=1 multi=10.0000 len=10056	10056	9.0042	0	0	8.7725	11.2144	0	0	0.2317	0.532327	0	0	0	0	0	0	0	0	0	0	0	0	0	0	0	0
k107_15057232 flag=0 multi=78.0000 len=3486	3486	8.82286	0	0	8.7299	9.58644	0	0	0.0929648	0.134894	0	0	0	0	0	0	0	0	0	0	0	0	0	0	0	0
k107_28367176 flag=0 multi=45.9962 len=13242	13242	9.15935	0	0	8.81839	12.2909	0	0	0.340958	0.55728	0	0	0	0	0	0	0	0	0	0	0	0	0	0	0	0
k107_18886757 flag=0 multi=13.1856 len=18952	18952	9.99249	0	0	9.81539	15.9609	0	0	0.177105	0.194891	0	0	0	0	0	0	0	0	0	0	0	0	0	0	0	0
k107_13266883 flag=1 multi=24.0000 len=4460	4460	9.18495	0	0	8.97042	17.268	0	0	0.214526	0.229639	0	0	0	0	0	0	0	0	0	0	0	0	0	0	0	0
k107_7816467 flag=1 multi=68.3937 len=9667	9667	8.42776	0	0	8.17213	11.1615	0	0	0.255633	0.269184	0	0	0	0	0	0	0	0	0	0	0	0	0	0	0	0
k107_18547941 flag=0 multi=48.9814 len=17235	17235	8.69001	0	0	8.46867	10.0191	0	0	0.221343	0.284685	0	0	0	0	0	0	0	0	0	0	0	0	0	0	0	0
k107_22996248 flag=1 multi=13.0000 len=6194	6194	8.91701	0	0	8.76324	13.4929	0	0	0.153768	0.287703	0	0	0	0	0	0	0	0	0	0	0	0	0	0	0	0
k107_32357886 flag=1 multi=84.0000 len=10637	10637	9.27305	0	0	9.0417	13.5717	0	0	0.202709	0.375226	0.0286405	0.0455949	0	0	0	0	0	0	0	0	0	0	0	0	0	0
k107_11329417 flag=1 multi=17.0000 len=2827	2827	6.39525	0	0	6.39525	9.29551	0	0	0	0	0	0	0	0	0	0	0	0	0	0	0	0	0	0	0	0
k107_19596325 flag=0 multi=32.0560 len=24370	24370	10.3842	0	0	10.2716	13.8728	0	0	0.112598	0.169202	0	0	0	0	0	0	0	0	0	0	0	0	0	0	0	0
k107_11557135 flag=1 multi=18.0000 len=2601	2601	9.408	0	0	9.34319	13.0494	0	0	0.0648108	0.0613962	0	0	0	0	0	0	0	0	0	0	0	0	0	0	0	0
k107_25941319 flag=0 multi=7.0860 len=6935	6935	6.08789	0	0	6.04236	9.57905	0	0	0.0455299	0.0510036	0	0	0	0	0	0	0	0	0	0	0	0	0	0	0	0
k107_3166967 flag=1 multi=8.0000 len=2789	2789	7.13671	0	0	7.01528	5.91339	0	0	0.121431	0.170283	0	0	0	0	0	0	0	0	0	0	0	0	0	0	0	0
k107_28345381 flag=1 multi=5.0000 len=2584	2584	6.08764	0	0	5.95706	7.68109	0	0	0.130587	0.245524	0	0	0	0	0	0	0	0	0	0	0	0	0	0	0	0
k107_3963958 flag=0 multi=20.0142 len=2634	2634	10.8225	0	0	10.5643	17.7202	0	0	0.258148	0.192	0	0	0	0	0	0	0	0	0	0	0	0	0	0	0	0
k107_4635883 flag=1 multi=25.0000 len=26344	26344	9.93983	0	0	9.6852	13.5047	0	0	0.254627	0.344954	0	0	0	0	0	0	0	0	0	0	0	0	0	0	0	0
k107_13823850 flag=1 multi=13.0000 len=12355	12355	10.1687	0	0	9.84386	11.4606	0	0	0.324815	0.458264	0	0	0	0	0	0	0	0	0	0	0	0	0	0	0	0
k107_27568741 flag=1 multi=15.0856 len=6963	6963	6.45459	0	0	6.22879	12.2143	0	0	0.225792	0.647076	0	0	0	0	0	0	0	0	0	0	0	0	0	0	0	0
k107_2813561 flag=0 multi=11.2718 len=6097	6097	9.58671	0	0	9.53581	12.6143	0	0	0.050906	0.0552749	0	0	0	0	0	0	0	0	0	0	0	0	0	0	0	0
k107_6892625 flag=1 multi=11.0000 len=18255	18255	9.65471	0	0	9.41274	17.0817	0	0	0.241965	0.379107	0	0	0	0	0	0	0	0	0	0	0	0	0	0	0	0
k107_8352760 flag=0 multi=19.0833 len=11965	11965	10.64	0	0	7.99177	10.5032	1.48461	1.7952	0.94624	2.26218	0.0253794	0.0289988	0.191975	0.279756	0	0	0	0	0	0	0	0	0	0	0	0
k107_24100459 flag=1 multi=8.0000 len=4970	4970	10.0064	0	0	9.8976	10.0297	0	0	0.108826	0.171139	0	0	0	0	0	0	0	0	0	0	0	0	0	0	0	0
k107_24151496 flag=1 multi=8.0000 len=10868	10868	9.31213	0	0	9.11319	11.8548	0	0	0.19894	0.222161	0	0	0	0	0	0	0	0	0	0	0	0	0	0	0	0
k107_43842 flag=1 multi=12.0000 len=84796	84796	9.66703	0	0	9.47814	14.6228	0	0	0.188889	0.301435	0	0	0	0	0	0	0	0	0	0	0	0	0	0	0	0
k107_23973438 flag=1 multi=8.0000 len=5882	5882	10.0453	0	0	9.9371	11.4889	0	0	0.108244	0.17147	0	0	0	0	0	0	0	0	0	0	0	0	0	0	0	0
k107_11052860 flag=1 multi=16.8204 len=39587	39587	10.2003	0	0	9.94451	14.6349	0	0	0.255746	0.347667	0	0	0	0	0	0	0	0	0	0	0	0	0	0	0	0
k107_6956522 flag=0 multi=8.1610 len=4008	4008	7.77874	0	0	7.61711	7.35237	0	0	0.16163	0.240089	0	0	0	0	0	0	0	0	0	0	0	0	0	0	0	0
k107_30678965 flag=1 multi=10.0000 len=2586	2586	6.77058	0	0	6.71585	6.3556	0	0	0.0547285	0.0561362	0	0	0	0	0	0	0	0	0	0	0	0	0	0	0	0
k107_1061603 flag=1 multi=11.0000 len=10463	10463	9.81163	0	0	9.58902	14.8421	0	0	0.222616	0.280049	0	0	0	0	0	0	0	0	0	0	0	0	0	0	0	0
k107_21246356 flag=0 multi=20.4312 len=5457	5457	9.55461	0	0	9.49602	10.2462	0	0	0.0585839	0.0563202	0	0	0	0	0	0	0	0	0	0	0	0	0	0	0	0
k107_13664774 flag=1 multi=51.6283 len=10438	10438	9.04015	0	0	8.94041	11.2325	0	0	0.0997435	0.139051	0	0	0	0	0	0	0	0	0	0	0	0	0	0	0	0
k107_15596342 flag=0 multi=47.4606 len=10597	10597	9.65595	0	0	9.51044	16.3401	0	0	0.145508	0.189666	0	0	0	0	0	0	0	0	0	0	0	0	0	0	0	0
k107_14122859 flag=0 multi=6.0649 len=7630	7630	5.89438	0	0	5.89438	7.1308	0	0	0	0	0	0	0	0	0	0	0	0	0	0	0	0	0	0	0	0
k107_12955248 flag=1 multi=28.0000 len=15659	15659	9.22999	0	0	8.97499	13.7873	0	0	0.254998	0.294389	0	0	0	0	0	0	0	0	0	0	0	0	0	0	0	0
k107_28754270 flag=0 multi=11.0030 len=10870	10870	10.1862	0.0142884	0.0140849	9.82343	13.826	0	0	0.348505	0.45825	0	0	0	0	0	0	0	0	0	0	0	0	0	0	0	0
k107_27752398 flag=0 multi=25.1759 len=3166	3166	7.67912	0	0	7.67912	14.0877	0	0	0	0	0	0	0	0	0	0	0	0	0	0	0	0	0	0	0	0
k107_1728967 flag=0 multi=75.4762 len=3902	3902	11.0428	0	0	10.46	18.4767	0	0	0.582778	0.907893	0	0	0	0	0	0	0	0	0	0	0	0	0	0	0	0
k107_871273 flag=1 multi=14.2483 len=16495	16495	11.2429	0	0	10.8364	17.0527	0.0278515	0.0672886	0.369604	0.538202	0.009078	0.00924302	0	0	0	0	0	0	0	0	0	0	0	0	0	0
k107_31277013 flag=0 multi=22.6202 len=23798	23798	10.3121	0.0127681	0.015576	10.0559	13.4479	0	0	0.230635	0.286749	0	0	0.0128107	0.0126847	0	0	0	0	0	0	0	0	0	0	0	0
k107_13871748 flag=1 multi=30.0261 len=26137	26137	8.71806	0	0	8.44753	12.8925	0	0	0.258835	0.400913	0	0	0.0116896	0.0168128	0	0	0	0	0	0	0	0	0	0	0	0
k107_34203691 flag=0 multi=14.4437 len=2778	2778	10.6644	0	0	10.6644	28.8169	0	0	0	0	0	0	0	0	0	0	0	0	0	0	0	0	0	0	0	0
k107_5399563 flag=1 multi=42.0000 len=9459	9459	9.61188	0	0	9.44796	16.9519	0	0	0.163918	0.214192	0	0	0	0	0	0	0	0	0	0	0	0	0	0	0	0
k107_15580092 flag=1 multi=12.0000 len=9820	9820	8.84766	0	0	8.53099	10.445	0	0	0.316663	0.453037	0	0	0	0	0	0	0	0	0	0	0	0	0	0	0	0
k107_25164497 flag=0 multi=40.3154 len=13323	13323	9.06244	0	0	8.79971	12.2653	0	0	0.218647	0.266453	0	0	0.0440826	0.0622439	0	0	0	0	0	0	0	0	0	0	0	0
k107_26461823 flag=0 multi=19.9961 len=11044	11044	10.9086	0	0	10.5719	14.0774	0	0	0.336716	0.454431	0	0	0	0	0	0	0	0	0	0	0	0	0	0	0	0
k107_27646430 flag=0 multi=13.1364 len=3231	3231	9.57221	0.103107	0.158763	9.26289	10.2966	0	0	0.206214	0.25323	0	0	0	0	0	0	0	0	0	0	0	0	0	0	0	0
k107_5167395 flag=1 multi=12.0000 len=12549	12549	10.8025	0	0	10.4223	15.8036	0	0	0.380175	0.600663	0	0	0	0	0	0	0	0	0	0	0	0	0	0	0	0
k107_18692331 flag=1 multi=67.0000 len=15027	15027	9.54771	0	0	9.29284	14.364	0	0	0.254873	0.421661	0	0	0	0	0	0	0	0	0	0	0	0	0	0	0	0
k107_336803 flag=1 multi=38.0000 len=6189	6189	10.0749	0	0	9.66536	13.8584	0	0	0.409546	0.503659	0	0	0	0	0	0	0	0	0	0	0	0	0	0	0	0
k107_29379570 flag=1 multi=16.0000 len=9201	9201	10.1684	0	0	9.91583	14.0498	0	0	0.252613	0.426742	0	0	0	0	0	0	0	0	0	0	0	0	0	0	0	0
k107_35692860 flag=1 multi=11.0000 len=7273	7273	9.03256	0.0216612	0.0211978	8.81667	9.74965	0	0	0.194233	0.266858	0	0	0	0	0	0	0	0	0	0	0	0	0	0	0	0
k107_7481590 flag=1 multi=34.9719 len=7753	7753	9.9847	0	0	9.74205	15.6476	0	0	0.242652	0.306204	0	0	0	0	0	0	0	0	0	0	0	0	0	0	0	0
