contigName	contigLen	totalAvgDepth	Cen01_MA.bam	Cen01_MA.bam-var	Cen03_MA.bam	Cen03_MA.bam-var	Cen04_MA.bam	Cen04_MA.bam-var	Cen05_MA.bam	Cen05_MA.bam-var	Cen06_MA.bam	Cen06_MA.bam-var	Cen07_MA.bam	Cen07_MA.bam-var	Cen10_MA.bam	Cen10_MA.bam-var	Cen12_MA.bam	Cen12_MA.bam-var	Cen14_MA.bam	Cen14_MA.bam-var	Cen15_MA.bam	Cen15_MA.bam-var	Cen16_MA.bam	Cen16_MA.bam-var	Cen17_MA.bam	Cen17_MA.bam-var
k107_4686654 flag=0 multi=129.6059 len=15744	15744	145.607	0	0	0	0	0	0	0	0	0	0	0	0	0	0	0	0	0	0	119.902	186.402	25.7056	26.0145	0	0
k107_1114473 flag=0 multi=119.9948 len=19198	19198	155.858	0	0	0	0	0	0	0	0	0	0	0	0	0	0	0	0	0	0	129.025	185.425	26.8336	34.8797	0	0
k107_11752748 flag=0 multi=115.2762 len=62131	62131	149.967	0	0	0	0	0	0	0	0	0	0	0	0	0	0	0	0	0	0	123.375	186.566	26.5872	37.1873	0.00483592	0.00486653
k107_18282794 flag=0 multi=116.2168 len=11579	11579	151.56	0	0	0	0	0	0	0	0	0	0	0	0	0	0	0	0	0	0	125.147	289.344	26.4124	34.7524	0	0
k107_8401345 flag=0 multi=162.3105 len=7949	7949	147.121	0	0	0	0	0	0	0	0	0	0	0	0	0	0	0	0	0	0	120.136	146.468	26.9269	38.9835	0.0581928	0.0557373
k107_13329574 flag=0 multi=122.0323 len=128828	128828	155.83	0	0	0.00234972	0.00234206	0	0	0	0	0.00234972	0.00338291	0	0	0	0	0	0	0	0	129.698	237.926	26.1148	37.6237	0.012799	0.014381
k107_18620137 flag=0 multi=107.0959 len=58005	58005	146.586	0	0	0	0	0	0	0.0052337	0.00763481	0	0	0	0	0	0	0	0	0	0	120.929	218.078	25.6414	32.3961	0.0104327	0.0348025
k107_31701222 flag=0 multi=124.9551 len=60858	60858	145.908	0.00498712	0.00542715	0	0	0.00498712	0.00496325	0	0	0	0	0	0	0	0	0	0	0	0	119.863	227.17	26.0251	33.4097	0.0099247	0.0124255
k107_2570568 flag=0 multi=115.0993 len=23571	23571	145.484	0	0	0.0129786	0.0128238	0	0	0	0	0	0	0	0	0	0	0	0	0	0	119.052	177.602	26.3995	36.3581	0.019382	0.0259601
k107_626867 flag=0 multi=102.9302 len=47524	47524	143.722	0.00639532	0.00635254	0	0	0	0	0	0	0	0	0	0	0	0	0	0	0	0	117.372	213	26.3371	36.6765	0.00633179	0.00635275
k107_14037488 flag=0 multi=126.0000 len=36698	36698	141.249	0	0	0.00829761	0.0105879	0	0	0	0	0	0	0	0	0	0	0	0	0	0	115.916	231.66	25.3157	41.3821	0.00824266	0.00822336
k107_19403131 flag=0 multi=116.4141 len=35160	35160	147.301	0	0	0	0	0	0	0	0	0	0	0	0	0	0	0	0	0	0	120.875	212.628	26.409	39.8133	0.017184	0.0170321
k107_1902728 flag=0 multi=120.0980 len=175119	175119	147.488	0.00345504	0.00387231	0	0	0	0	0	0	0	0	0	0	0.00172752	0.00219275	0	0	0	0	120.934	195.828	26.5369	35.8902	0.011984	0.0122193
k107_13620666 flag=0 multi=216.9102 len=3783	3783	146.537	0	0	0	0	0	0	0	0	0	0	0	0	0	0	0	0	0	0	122.935	112.509	23.6024	12.5836	0	0
k107_5123375 flag=0 multi=114.9612 len=44855	44855	148.036	0	0	0	0	0	0	0	0	0	0	0	0	0	0	0	0	0	0	122.099	208.57	25.9337	35.9449	0.00336678	0.0033814
k107_30395341 flag=0 multi=118.0200 len=17404	17404	149.96	0	0	0	0	0	0	0	0	0	0	0	0	0	0	0	0	0	0	124.39	154.028	25.5701	38.1867	0	0
k107_1129852 flag=0 multi=103.9952 len=15998	15998	145.512	0	0	0	0	0.0192406	0.0188705	0	0	0	0	0	0	0	0	0	0	0	0	119.894	291.085	25.5995	32.4533	0	0
k107_2481667 flag=0 multi=104.4747 len=9093	9093	145.601	0	0	0	0	0	0	0	0	0	0	0	0	0	0	0	0	0	0	119.447	270.686	26.1367	39.3939	0.0171767	0.0168825
k107_18953032 flag=0 multi=117.5493 len=6888	6888	146.275	0	0	0	0	0	0	0	0	0	0	0	0	0	0	0	0	0	0	121.709	255.058	24.5428	38.2347	0.0227756	0.0223991
k107_1494775 flag=0 multi=113.0141 len=70034	70034	146.219	0.00431653	0.00692771	0	0	0	0	0	0	0	0	0	0	0	0	0	0	0	0	121.224	185.666	24.9811	36.9441	0.00861871	0.00858182
k107_4481965 flag=0 multi=113.3204 len=25875	25875	147.386	0	0	0	0	0	0	0	0	0	0	0	0	0	0	0	0	0	0	121.06	166.982	26.3256	38.5512	0	0
k107_1436253 flag=0 multi=105.1784 len=9909	9909	142.834	0	0	0	0	0	0	0	0	0	0	0	0	0	0	0	0	0	0	117.1	202.111	25.7339	29.2554	0	0
k107_4872219 flag=0 multi=132.6844 len=66073	66073	149.143	0.00459169	0.00518494	0	0	0	0	0	0	0	0	0	0	0	0	0	0	0.00459169	0.00703556	122.692	232.72	26.4348	37.0869	0.00681151	0.00948852
k107_16685669 flag=0 multi=111.4573 len=41229	41229	152.402	0	0	0	0	0	0	0	0	0	0	0	0	0	0	0	0	0	0	125.205	293.905	27.1961	40.139	0	0
k107_11423246 flag=0 multi=120.5045 len=71177	71177	149.68	0.00426102	0.00673151	0.00426102	0.00790095	0	0	0	0	0	0	0	0	0	0	0	0	0	0	123.402	225.59	26.2694	34.9923	0	0
k107_4105952 flag=0 multi=124.9803 len=24328	24328	149.026	0	0	0	0	0	0	0	0	0	0	0	0	0	0	0	0	0	0	122.358	213.019	26.6681	28.7093	0	0
k107_1439646 flag=0 multi=113.9584 len=38799	38799	148.788	0	0	0.00784477	0.00954942	0	0	0	0	0	0	0	0	0	0	0	0	0	0	123.289	216.525	25.4756	33.7656	0.0154817	0.0160663
k107_23816076 flag=0 multi=127.4675 len=66746	66746	149.27	0	0	0	0	0	0	0	0	0	0	0	0	0	0	0	0	0	0	123.422	240.374	25.8269	33.6532	0.020348	0.0230523
k107_13374599 flag=0 multi=109.9515 len=30894	30894	146.576	0	0	0	0	0	0	0	0	0	0	0	0	0	0	0	0	0	0	120.899	176.115	25.6722	36.4757	0.00493593	0.00491259
k107_2423073 flag=0 multi=125.8980 len=67457	67457	143.411	0.00899412	0.0228165	0	0	0	0	0	0	0.00899412	0.0141675	0	0	0	0	0	0	0	0	117.981	222.61	25.3962	37.7945	0.0155759	0.0191823
k107_3057952 flag=0 multi=107.4534 len=8420	8420	152.691	0	0	0	0	0	0	0	0	0	0	0	0	0	0	0	0	0	0	125.577	190.097	27.1137	31.6958	0	0
k107_18220400 flag=0 multi=115.1017 len=18329	18329	147.244	0	0	0	0	0	0	0	0	0	0	0	0	0	0	0	0	0	0	120.498	234.898	26.7466	32.989	0	0
k107_9317952 flag=0 multi=111.4226 len=9087	9087	148.838	0.0687536	0.160143	0	0	0	0	0	0	0	0	0	0	0	0	0	0	0	0	120.538	223.856	28.2307	36.9531	0	0
k107_7548524 flag=0 multi=99.7223 len=7857	7857	147.548	0	0	0.0199868	0.0195888	0	0	0	0	0	0	0	0	0	0	0	0	0	0	120.911	229.723	26.5975	42.5193	0.0198544	0.0195898
k107_29270097 flag=0 multi=120.4140 len=131199	131199	151.189	0.00461431	0.00520956	0	0	0	0	0	0	0	0	0	0	0	0	0	0	0	0	124.494	238.822	26.6832	40.3094	0.00797574	0.0090793
k107_8557381 flag=0 multi=127.9871 len=59811	59811	154.559	0	0	0	0	0	0	0	0	0	0	0	0	0	0	0	0	0	0	127.725	245.226	26.8188	34.0217	0.0151238	0.0150051
k107_4693996 flag=0 multi=119.8970 len=20944	20944	150.229	0	0	0	0	0	0	0	0	0	0	0	0	0	0	0	0	0	0	122.546	188.905	27.6837	46.4014	0	0
k107_3811949 flag=0 multi=113.9385 len=16328	16328	147.016	0	0	0	0	0	0	0	0	0	0	0	0	0	0	0	0	0	0	120.327	246.46	26.6896	38.9529	0	0
k107_24172144 flag=0 multi=116.9724 len=47032	47032	143.867	0	0	0	0	0	0	0	0	0.00646266	0.0064194	0	0	0	0	0	0	0	0	118.327	211.506	25.5211	37.5256	0.0128397	0.0127588
k107_33846286 flag=0 multi=161.9342 len=14517	14517	151.162	0	0	0	0	0	0	0	0	0	0	0	0	0	0	0	0	0	0	123.968	281.962	27.1832	37.7705	0.0106226	0.0105076
k107_18214673 flag=0 multi=122.6919 len=34374	34374	146.934	0	0	0	0	0	0	0	0	0	0	0	0	0	0	0	0	0	0	120.925	219.166	26.0089	37.218	0	0
k107_16254534 flag=0 multi=109.1361 len=96438	96438	144.871	0	0	0	0	0	0	0	0	0	0	0	0	0	0	0	0	0	0	118.827	185.851	26.0423	32.7307	0.00156029	0.00156776
k107_14383557 flag=0 multi=126.9628 len=19425	19425	146.833	0.0157925	0.0240155	0.00162108	0.00182747	0	0	0.000522931	0.000678921	0.0015165	0.0028207	0	0	0.0110338	0.156602	0.00313758	0.00992151	0	0	120.331	304.057	26.4643	42.1965	0.00324217	0.00631701
k107_17451256 flag=0 multi=112.5321 len=84244	84244	145.096	0	0	0	0	0	0	0	0	0	0	0	0	0	0	0	0	0	0	119.957	215.131	25.1311	35.6262	0.00712397	0.00936029
k107_28204166 flag=0 multi=100.8230 len=4090	4090	140.213	0	0	0	0	0	0	0	0	0	0	0	0	0	0	0	0	0	0	115.159	184.041	25.0544	29.9812	0	0
k107_3791643 flag=0 multi=117.8662 len=158733	158733	148.243	0.00952465	0.0160343	0.00190619	0.00190159	0	0	0	0	0.00381239	0.0134161	0	0	0	0	0	0	0.00189357	0.0025198	121.911	220.302	26.3074	36.8556	0.00683578	0.00728996
k107_24179173 flag=0 multi=121.0034 len=19377	19377	155.157	0	0	0	0	0	0	0	0	0	0	0	0	0	0	0	0	0	0	127.582	243.677	27.5673	34.383	0.00775885	0.00785259
k107_4906256 flag=0 multi=114.2728 len=27926	27926	145.069	0	0	0	0	0	0	0	0	0	0	0	0	0	0	0	0	0	0	119.055	198.546	26.0134	34.1838	0	0
k107_2119571 flag=0 multi=128.3383 len=48539	48539	145.322	0.00626075	0.00820674	0	0	0	0	0	0	0.00304745	0.0031226	0	0	0	0	0	0	0	0	119.795	203.682	25.5172	38.6585	0	0
k107_24343149 flag=0 multi=136.8724 len=49619	49619	146.022	0	0	0	0	0	0	0	0	0	0	0	0	0	0	0	0	0	0	119.764	190.526	26.2526	33.9758	0.00604254	0.00839641
k107_10045567 flag=0 multi=118.9171 len=69883	69883	148.945	0.00434027	0.00654571	0	0	0	0	0	0	0	0	0	0	0	0	0	0	0	0	122.028	237.688	26.9057	39.149	0.00649603	0.00785934
k107_35550310 flag=0 multi=139.1146 len=55412	55412	154.042	0	0	0	0	0	0	0	0	0	0	0	0	0	0	0	0	0	0	127.811	229.959	26.2226	35.1239	0.0081292	0.0101463
k107_25599944 flag=0 multi=113.8698 len=46707	46707	150.283	0	0	0	0	0	0	0	0	0	0	0	0	0	0	0	0	0	0	123.684	236.582	26.5992	34.9119	0	0
k107_15110602 flag=0 multi=113.0021 len=30485	30485	152.556	0	0	0	0	0	0	0	0	0	0	0	0	0	0	0	0	0	0	125.763	198.346	26.7787	36.528	0.0147765	0.0160375
