contigName	contigLen	totalAvgDepth	Cen01_MA.bam	Cen01_MA.bam-var	Cen03_MA.bam	Cen03_MA.bam-var	Cen04_MA.bam	Cen04_MA.bam-var	Cen05_MA.bam	Cen05_MA.bam-var	Cen06_MA.bam	Cen06_MA.bam-var	Cen07_MA.bam	Cen07_MA.bam-var	Cen10_MA.bam	Cen10_MA.bam-var	Cen12_MA.bam	Cen12_MA.bam-var	Cen14_MA.bam	Cen14_MA.bam-var	Cen15_MA.bam	Cen15_MA.bam-var	Cen16_MA.bam	Cen16_MA.bam-var	Cen17_MA.bam	Cen17_MA.bam-var
k107_2291209 flag=0 multi=12.0295 len=11530	11530	11.9663	0	0	0	0	0	0	0	0	0	0	0	0	0.026897	0.0313493	0	0	0	0	11.9394	17.1609	0	0	0	0
k107_12122900 flag=1 multi=15.0000 len=2778	2778	4.25929	0.161147	0.233034	0	0	0	0	0.36349	0.632126	0.680129	1.14638	0.0609855	0.0572911	1.39378	1.64059	1.35824	1.56688	0	0	0	0	0.241519	0.503661	0	0
k107_9161519 flag=0 multi=50.1740 len=85795	85795	59.6447	0	0	0	0	0	0	0	0	0	0	0	0	1.13223	1.51744	1.46386	2.05063	0.00353245	0.00433775	57.0451	85.854	0	0	0	0
k107_15643299 flag=0 multi=53.0147 len=23571	23571	59.6886	0	0	0	0	0	0	0	0	0	0	0	0	1.12691	1.45768	1.48348	2.27301	0	0	57.0709	88.8105	0.00739181	0.00806374	0	0
k107_18965326 flag=0 multi=49.0100 len=28198	28198	60.0757	0	0	0	0	0	0	0	0	0	0	0	0	1.1673	1.81457	1.65959	2.45797	0	0	57.2489	87.0351	0	0	0	0
k107_10772661 flag=0 multi=46.8357 len=53264	53264	59.4864	0	0	0	0	0	0	0	0	0	0	0	0	0.98059	1.32322	1.45325	1.97688	0.0170877	0.0199556	57.0354	89.2744	0	0	0	0
k107_21058986 flag=0 multi=54.9988 len=82422	82422	59.9927	0	0	0	0	0	0	0	0	0	0	0	0	1.12583	1.48224	1.48148	2.20396	0.00367755	0.00560767	57.3817	88.8112	0	0	0	0
k107_30613790 flag=0 multi=72.9788 len=2651	2651	15.7092	0	0	0	0	0	0	0	0	0	0	0	0	14.3346	15.9104	1.00766	1.91156	0.254576	0.212387	0.112388	0.166837	0	0	0	0
k107_28316535 flag=0 multi=49.0016 len=31695	31695	59.0706	0	0	0	0	0	0	0	0	0	0	0	0	1.1041	1.59275	1.5951	2.23089	0	0	56.3714	101.231	0	0	0	0
k107_27080045 flag=0 multi=45.1654 len=36098	36098	57.4312	0	0	0	0	0	0	0	0	0	0	0	0	1.21162	1.92896	1.65041	2.88631	0	0	54.5651	77.7658	0.00413454	0.00419827	0	0
k107_14786361 flag=0 multi=55.5442 len=65220	65220	58.6969	0	0	0	0	0	0	0	0	0	0	0	0	1.01403	1.34072	1.4119	2.08419	0.00465202	0.00528398	56.264	78.4215	0.00231061	0.00231824	0	0
k107_30084930 flag=0 multi=49.9922 len=44697	44697	60.2951	0.00680257	0.0107229	0	0	0	0	0	0	0	0	0	0	1.10542	1.24858	1.28715	1.76253	0.0135601	0.015266	57.8822	103.833	0	0	0	0
k107_9131541 flag=0 multi=64.2335 len=24229	24229	57.8928	0	0	0	0	0	0	0	0	0	0	0	0	1.07151	1.47752	1.58988	2.52336	0	0	55.2314	89.0608	0	0	0	0
k107_33668415 flag=0 multi=49.9643 len=3046	3046	62.5507	0	0	0	0	0	0	0	0	0	0	0	0	1.20627	1.69348	1.00182	1.07289	0	0	60.3426	146.45	0	0	0	0
k107_25102252 flag=0 multi=47.9944 len=27851	27851	58.8731	0	0	0	0	0	0	0	0	0	0	0	0	0.980762	1.22677	1.43029	2.08642	0.0109623	0.0192654	56.4377	86.1254	0.0134669	0.0177407	0	0
k107_111299 flag=0 multi=53.0085 len=155124	155124	59.8906	0.00195063	0.00359837	0	0	0	0	0	0	0	0	0	0	1.22238	1.45211	1.58738	2.17766	0.00195063	0.00318691	57.0711	90.7375	0.00576791	0.0112096	0	0
k107_1938752 flag=0 multi=55.5017 len=143090	143090	59.5909	0	0	0	0	0	0	0	0	0	0	0	0	1.13056	1.47932	1.5524	2.14885	0.00846009	0.0101372	56.8871	79.5267	0.012445	0.0315759	0	0
k107_34846859 flag=0 multi=54.4663 len=113566	113566	58.4575	0	0	0	0	0	0	0	0	0	0	0	0	1.1843	1.61094	1.42022	1.88427	0	0	55.8477	79.491	0.00526204	0.00528263	0	0
k107_2846409 flag=0 multi=48.1208 len=39839	39839	57.8523	0	0	0	0	0	0	0	0	0	0	0	0	1.07573	1.31462	1.31629	1.73318	0.00763841	0.00758049	55.4527	86.9149	0	0	0	0
k107_16411116 flag=0 multi=49.9133 len=64326	64326	59.2002	0	0	0	0	0	0	0	0	0	0	0	0	1.06502	1.41007	1.48132	2.15822	0.00229601	0.00234783	56.6492	85.1548	0.00234287	0.00235146	0	0
k107_24009410 flag=0 multi=47.6911 len=216501	216501	59.9231	0.00279372	0.0051953	0	0	0	0	0	0	0	0	0	0	1.18365	1.46216	1.53954	2.20039	0.0125301	0.0151527	57.1812	96.5798	0.00341815	0.00589325	0	0
k107_10611368 flag=0 multi=176.3174 len=3308	3308	15.2868	0	0	0	0	0	0	0	0	0.214904	0.495303	0	0	1.12076	1.35961	0	0	1.15935	0.980631	8.98802	10.1261	3.80373	3.75834	0	0
k107_17000698 flag=0 multi=53.0000 len=23933	23933	58.4307	0	0	0	0	0	0	0	0	0	0	0	0	1.02256	1.23173	1.71279	2.15846	0.0127798	0.0226107	55.6826	73.5007	0	0	0	0
k107_16502509 flag=0 multi=46.4267 len=15624	15624	60.3328	0	0	0	0	0	0	0	0	0	0	0	0	1.20983	1.5587	1.56572	2.22518	0	0	57.4462	74.9188	0.111082	0.729344	0	0
k107_8478714 flag=0 multi=44.2629 len=7875	7875	58.1298	0	0	0	0	0	0	0	0	0	0	0	0	1.01822	1.07257	1.80576	2.16928	0	0	55.3058	103.782	0	0	0	0
k107_35156892 flag=0 multi=47.0051 len=93272	93272	59.447	0	0	0	0	0	0	0	0	0	0	0	0	1.0664	1.36509	1.50967	2.07193	0.0162418	0.0304619	56.8516	78.571	0.00316231	0.00585374	0	0
k107_1439563 flag=0 multi=50.1278 len=216316	216316	59.2791	0.000699029	0.000698089	0	0	0	0	0	0	0	0	0	0	1.12264	1.4023	1.51424	2.0854	0.0104438	0.013341	56.6251	91.9627	0.00595795	0.056363	0	0
k107_21368133 flag=0 multi=55.2342 len=61025	61025	59.202	0	0	0	0	0	0	0	0	0	0	0	0	1.05122	1.34777	1.29136	1.85446	0.00994681	0.00987547	56.8373	90.4167	0.0121371	0.0371489	0	0
k107_26495063 flag=0 multi=47.0827 len=6300	6300	58.0523	0	0	0	0	0	0	0	0	0	0	0	0	1.25725	1.34485	1.13154	1.55224	0	0	55.6636	125.891	0	0	0	0
k107_9618173 flag=0 multi=46.1434 len=41624	41624	58.3206	0.00730846	0.0116619	0	0	0	0	0	0	0	0	0	0	1.00044	1.05809	1.68375	2.54923	0	0	55.6148	91.2971	0.0142781	0.0211384	0	0
k107_5115774 flag=0 multi=77.8916 len=12398	12398	54.9635	0	0	0	0	0	0	0	0	0	0	0	0	1.31109	1.98936	1.37235	2.11354	0	0	52.28	66.2535	0	0	0	0
k107_34080454 flag=0 multi=54.0515 len=15338	15338	57.4054	0	0	0	0	0	0	0	0	0	0	0	0	0.982376	1.11305	1.30194	2.30066	0	0	55.1016	124.546	0.0195531	0.0384449	0	0
k107_19973244 flag=0 multi=46.9384 len=51139	51139	58.5333	0	0	0	0	0	0	0	0	0.00291127	0.00296199	0	0	1.0898	1.36572	1.55145	2.14687	0.00889116	0.00884162	55.8685	70.6549	0.0116647	0.0272	0	0
k107_20067560 flag=0 multi=48.8766 len=158884	158884	59.3983	0	0	0	0	0	0	0	0	0	0	0	0	1.0828	1.40059	1.61228	2.38882	0	0	56.7032	86.9957	0	0	0	0
k107_12304790 flag=0 multi=54.0255 len=40359	40359	58.2013	0	0	0	0	0	0	0	0	0	0	0	0	1.20174	1.565	1.69563	2.10291	0.00376963	0.00375635	55.2902	79.1104	0.00996081	0.023613	0	0
k107_25849865 flag=0 multi=70.9986 len=22194	22194	58.803	0	0	0	0	0	0	0	0	0	0	0	0	0.9852	1.15132	1.54038	1.9715	0	0	56.2636	95.1582	0.013795	0.0146053	0	0
k107_5998970 flag=0 multi=51.0067 len=21960	21960	60.3913	0	0	0	0	0	0	0.013944	0.0262156	0	0	0	0	1.11857	1.45079	1.48947	1.80672	0	0	57.7693	107.524	0	0	0	0
k107_16553546 flag=0 multi=35.6944 len=4050	4050	57.7801	0	0	0	0	0	0	0	0	0	0	0	0	1.11473	1.63483	1.91702	1.94945	0.0805763	0.0741037	54.6678	56.4291	0	0	0	0
k107_33667713 flag=0 multi=47.0414 len=25275	25275	59.2472	0	0	0	0	0	0	0	0	0	0	0	0	0.872662	1.04245	1.52012	2.07323	0	0	56.8544	75.4415	0	0	0	0
k107_34284554 flag=0 multi=49.6273 len=145440	145440	58.5811	0.00208078	0.00250083	0	0	0	0	0	0	0	0	0	0	1.1208	1.35763	1.46501	2.165	0.0103901	0.0163624	55.9757	84.8511	0.00713803	0.0204079	0	0
k107_18192552 flag=0 multi=65.2948 len=17894	17894	60.7617	0	0	0	0	0	0	0	0	0	0	0	0	1.15416	1.49721	1.61846	2.38729	0	0	57.9723	90.0185	0.016769	0.0307495	0	0
k107_14627105 flag=0 multi=59.6598 len=69022	69022	58.0293	0	0	0	0	0	0	0	0	0	0	0	0	1.10339	1.34824	1.42468	2.15708	0.0131839	0.0170491	55.4859	76.9061	0.00216822	0.00219118	0	0
k107_14208567 flag=0 multi=46.5815 len=34794	34794	57.9002	0	0	0	0	0.00426186	0.0043549	0.00861069	0.00868892	0.0128436	0.0129704	0	0	1.29352	2.02424	1.39537	2.00974	0	0	55.1856	89.3965	0	0	0	0
k107_9917102 flag=0 multi=57.9470 len=13363	13363	59.0287	0	0	0	0	0	0	0	0	0	0	0	0	1.36521	1.57626	1.65385	2.3902	0	0	56.0026	76.4718	0.00704387	0.0535115	0	0
k107_25247153 flag=0 multi=44.9570 len=4289	4289	64.0103	0.0566842	0.0889943	0	0	0.0739905	0.0700262	0	0	0	0	0	0	0.680462	0.620953	1.08603	1.7052	0	0	62.1131	114.571	0	0	0	0
k107_18474361 flag=0 multi=47.0939 len=10410	10410	56.8995	0	0	0	0	0	0	0	0	0	0	0	0	0.975366	1.23138	1.54284	1.62354	0	0	54.3813	73.5856	0	0	0	0
k107_34355733 flag=0 multi=48.9862 len=65710	65710	59.1438	0	0	0	0	0	0	0	0	0	0	0	0	1.19112	1.57249	1.56198	2.21576	0.00461717	0.00460076	56.3861	80.4012	0	0	0	0
k107_26845653 flag=0 multi=48.6682 len=7045	7045	57.5351	0	0	0	0	0	0	0	0	0	0	0	0	1.38381	1.55799	1.65757	2.86805	0	0	54.4937	67.8659	0	0	0	0
k107_19269696 flag=0 multi=42.9979 len=27861	27861	56.9981	0	0	0	0	0	0	0	0	0	0	0	0	1.06194	1.43306	1.35995	1.77943	0	0	54.5763	71.5673	0	0	0	0
k107_20875081 flag=0 multi=45.0071 len=51284	51284	59.2669	0	0	0	0	0	0	0	0	0	0	0	0	1.08962	1.49792	1.49947	2.12674	0	0	56.5003	76.584	0.177514	0.574977	0	0
k107_18800890 flag=0 multi=45.0000 len=3377	3377	56.8296	0	0	0	0	0	0	0	0	0	0	0	0	1.32585	1.01449	1.47122	2.41386	0	0	54.0273	74.4115	0.00520325	0.00582135	0	0
k107_29221137 flag=0 multi=47.2517 len=58590	58590	59.5619	0	0	0	0	0	0	0	0	0	0	0	0	1.0929	1.38754	1.50311	2.07163	0.0124726	0.0188711	56.9534	80.4366	0	0	0	0
k107_33390878 flag=0 multi=50.0472 len=29720	29720	60.3217	0	0	0	0	0	0	0	0	0	0	0	0	1.21796	1.5107	1.53114	1.76219	0.0102658	0.0131488	57.5623	79.6376	0	0	0	0
k107_28294439 flag=0 multi=75.1578 len=33801	33801	56.931	0	0	0	0	0	0	0	0	0	0	0	0	0.991582	1.06455	1.57587	2.55725	0.0045076	0.0044841	54.359	72.9222	0	0	0	0
k107_7002729 flag=0 multi=45.4423 len=68341	68341	59.341	0.00442393	0.00616052	0	0	0	0	0	0	0	0	0	0	1.11323	1.3716	1.59935	2.14828	0.0132865	0.0174823	56.6034	87.187	0.00736342	0.0172523	0	0
k107_10172657 flag=0 multi=40.8885 len=2887	2887	59.1288	0	0	0	0	0	0	0	0	0	0	0	0	1.21625	1.7015	1.16209	2.72101	0	0	56.7505	59.9503	0	0	0	0
k107_25112234 flag=0 multi=53.9983 len=30993	30993	58.9559	0	0	0	0	0	0	0	0	0	0	0	0	1.16458	1.43514	1.44655	2.07864	0	0	56.34	70.2711	0.00478968	0.00486806	0	0
k107_29195498 flag=0 multi=47.1663 len=21736	21736	59.5847	0	0	0	0	0	0	0	0	0	0	0	0	0.970468	1.36664	1.44625	2.25579	0.0140898	0.0221969	57.1539	87.9309	0	0	0	0
k107_25077447 flag=0 multi=44.8977 len=42007	42007	58.7156	0	0	0	0	0	0	0	0	0	0	0	0	1.12718	1.41398	1.48989	2.03542	0	0	56.0985	74.242	0	0	0	0
k107_33300864 flag=0 multi=58.1653 len=78697	78697	59.1557	0	0	0	0	0	0	0	0	0	0	0	0	1.16339	1.41262	1.48398	2.12668	0.00385229	0.00730375	56.495	87.6157	0.00945213	0.01968	0	0
k107_25295464 flag=0 multi=48.5431 len=158899	158899	59.0485	0	0	0	0	0	0	0	0	0	0	0	0	1.17789	1.37931	1.46894	2.09567	0.0104479	0.0172169	56.3819	82.3856	0.00939488	0.0195813	0	0
k107_18498849 flag=0 multi=56.9877 len=64871	64871	61.8272	0	0	0	0	0	0	0	0	0	0	0	0	1.25599	1.70975	1.60912	2.25233	0.00467717	0.00624212	58.9574	84.989	0	0	0	0
k107_35649477 flag=0 multi=53.1144 len=4948	4948	57.1089	0	0	0	0	0	0	0	0	0	0	0	0	0.686827	0.742354	1.08502	1.53441	0	0	55.0495	75.7543	0.287559	0.98927	0	0
k107_31437084 flag=0 multi=49.0023 len=79196	79196	59.0262	0	0	0	0	0	0	0	0	0	0	0	0	1.16049	1.61984	1.43333	1.89838	0	0	56.4154	91.8721	0.0169848	0.025399	0	0
k107_32429310 flag=0 multi=66.0217 len=50497	50497	58.8894	0.00601654	0.00808906	0	0	0	0	0	0	0	0	0	0	1.00904	1.31614	1.45052	1.87228	0.00601654	0.0059767	56.3964	80.4473	0.0214165	0.0389965	0	0
k107_32814619 flag=0 multi=70.4207 len=15063	15063	56.2498	0	0	0	0	0	0	0	0	0	0	0	0	1.07276	1.19566	1.70903	2.68718	0.0204593	0.0200499	53.3473	74.9414	0.100332	0.15621	0	0
k107_24986515 flag=0 multi=44.9938 len=32581	32581	58.7535	0	0	0	0	0	0	0	0	0	0	0	0	1.00957	1.26288	1.38043	2.03965	0.0187119	0.0218295	56.3356	75.6056	0.00913907	0.0115631	0	0
k107_34334517 flag=0 multi=45.9804 len=24428	24428	57.2639	0	0	0	0	0	0	0	0	0	0	0	0	0.934884	1.40934	1.60126	2.30562	0	0	54.7277	90.4658	0	0	0	0
k107_20808631 flag=0 multi=57.1074 len=21268	21268	59.2733	0	0	0	0	0	0	0	0	0	0	0	0	1.2899	1.76825	1.40752	1.81212	0	0	56.5689	75.3456	0.00705905	0.00715053	0	0
k107_17109331 flag=0 multi=54.0529 len=233147	233147	59.5179	0.002594	0.00329548	0	0	0	0	0	0	0	0	0	0	1.14121	1.47007	1.518	2.14077	0.005188	0.00674366	56.8452	82.3226	0.00570766	0.00949461	0	0
k107_17156402 flag=0 multi=53.0024 len=147048	147048	58.3442	0	0	0	0	0	0	0	0	0	0	0	0	1.14398	1.36291	1.42542	1.97477	0.00410914	0.00588415	55.7707	84.0771	1.3629e-05	2.04428e-05	0	0
k107_9386493 flag=0 multi=69.0059 len=10809	10809	58.7792	0	0	0.00847054	0.0087717	0	0	0	0	0	0	0.0203674	0.0267872	1.05197	1.30264	1.8362	2.65115	0.0358808	0.0539972	55.7108	80.5192	0.115542	0.395612	0	0
k107_19787408 flag=0 multi=43.9941 len=28754	28754	58.7257	0	0	0	0	0	0	0	0	0	0	0	0	1.23886	1.65768	1.62196	2.25991	0	0	55.8649	76.4746	0	0	0	0
k107_27893227 flag=0 multi=46.8857 len=47875	47875	58.1451	0	0	0	0	0	0	0	0	0	0	0	0	0.981208	1.19842	1.58039	2.48154	0	0	55.5835	69.7173	0	0	0	0
k107_16575654 flag=0 multi=53.3305 len=69967	69967	58.8477	0	0	0.00427761	0.00432762	0.00215316	0.00215899	0.006359	0.00968957	0	0	0	0	1.07157	1.37255	1.32262	1.93296	0.00867006	0.0116935	56.432	92.2036	0	0	0	0
k107_1879507 flag=0 multi=82.9035 len=7664	7664	60.1102	0	0	0	0	0	0	0	0	0	0	0	0	1.19166	2.14117	1.99878	2.02309	0	0	56.7783	66.1812	0.141402	0.256396	0	0
k107_14190431 flag=0 multi=45.2037 len=29076	29076	58.484	0	0	0	0	0	0	0	0	0	0	0	0	1.11938	1.65873	1.57333	2.40603	0.0103913	0.0137328	55.7805	83.0696	0.000451797	0.000590134	0	0
k107_21668135 flag=0 multi=19.2214 len=3563	3563	11.3793	0	0	0	0	0	0	0	0	0	0	0	0	0	0	0	0	0	0	11.3793	12.8159	0	0	0	0
k107_357525 flag=0 multi=49.0000 len=60229	60229	59.6861	0	0	0	0	0	0	0	0	0	0	0	0	1.21059	1.52691	1.56092	1.96534	0.00503946	0.00598414	56.9096	80.6999	0	0	0	0
k107_29049293 flag=0 multi=43.6797 len=34383	34383	56.9805	0	0	0	0	0	0	0	0	0	0	0	0	1.12608	1.25825	1.79208	2.43574	0	0	54.0624	70.0885	0	0	0	0
k107_24653282 flag=0 multi=81.8046 len=22393	22393	57.9373	0	0	0	0	0	0	0	0	0	0	0	0	1.23955	1.49918	1.51111	2.23992	0	0	55.1851	78.455	0.00149382	0.00180985	0	0
k107_26253905 flag=0 multi=65.0753 len=6868	6868	57.7055	0	0	0	0	0	0	0	0	0	0	0	0	1.0629	1.05366	1.65489	1.91043	0	0	54.9877	82.1486	0	0	0	0
k107_2208158 flag=0 multi=46.3263 len=8569	8569	62.8801	0.0177815	0.0179357	0	0	0	0	0	0	0	0	0	0	1.23902	1.28375	1.42772	2.48932	0	0	60.1956	90.8815	0	0	0	0
k107_34851662 flag=0 multi=60.7890 len=129790	129790	58.6224	0	0	0.00233226	0.00299029	0	0	0	0	0	0	0	0	1.13942	1.45496	1.62888	2.40631	0.00466452	0.00499107	55.8437	79.9827	0.00340572	0.00741883	0	0
k107_35474029 flag=0 multi=49.0047 len=93732	93732	59.5974	0	0	0	0	0	0	0	0	0	0	0	0	1.20455	1.59609	1.58326	2.27127	0.0129188	0.0229477	56.7937	90.2915	0.00292197	0.00425434	0	0
k107_27526816 flag=0 multi=51.4524 len=221023	221023	60.2577	0.00205236	0.00253573	0	0	0.00136371	0.00215469	0	0	0	0	0	0	1.19917	1.59915	1.49388	1.99689	0.00683669	0.00838848	57.5537	84.1378	0.00067053	0.000683258	0	0
k107_32482140 flag=0 multi=46.0024 len=93475	93475	59.2513	0.00324128	0.0053026	0	0	0	0	0	0	0	0	0	0	1.18133	1.62295	1.60045	2.29312	0	0	56.4662	85.8923	0	0	0	0
