contigName	contigLen	totalAvgDepth	Cen01_MA.bam	Cen01_MA.bam-var	Cen03_MA.bam	Cen03_MA.bam-var	Cen04_MA.bam	Cen04_MA.bam-var	Cen05_MA.bam	Cen05_MA.bam-var	Cen06_MA.bam	Cen06_MA.bam-var	Cen07_MA.bam	Cen07_MA.bam-var	Cen10_MA.bam	Cen10_MA.bam-var	Cen12_MA.bam	Cen12_MA.bam-var	Cen14_MA.bam	Cen14_MA.bam-var	Cen15_MA.bam	Cen15_MA.bam-var	Cen16_MA.bam	Cen16_MA.bam-var	Cen17_MA.bam	Cen17_MA.bam-var
k107_19498281 flag=0 multi=69.5954 len=2554	2554	11.0333	0	0	0	0	0	0	0	0	0.133659	0.207685	0	0	10.1004	17.4845	0.599911	0.628553	0.199378	0.207855	0	0	0	0	0	0
k107_32228190 flag=1 multi=6.5122 len=4113	4113	4.61296	0	0	0	0	0	0	0	0	0	0	0	0	3.47888	4.23139	0.356599	0.440526	0	0	0.777486	0.569344	0	0	0	0
k107_2444501 flag=0 multi=23.0080 len=3836	3836	11.6783	0	0	0	0	0	0	0.0854556	0.155181	0.109791	0.12607	0	0	9.09875	14.3291	1.20006	1.50472	0	0	1.18421	1.12538	0	0	0	0
k107_32857509 flag=0 multi=13.0277 len=11387	11387	11.4398	0	0	0	0	0	0	0.0815516	0.10989	0.0543978	0.0567579	0.177086	0.331504	8.55354	9.84116	1.55435	1.72607	0	0	1.01885	1.24505	0	0	0	0
k107_30777701 flag=0 multi=11.0203 len=11447	11447	13.5454	0	0	0	0	0	0	0.0541947	0.0641811	0.055092	0.21458	0.1083	0.138624	10.0604	9.20676	1.5319	3.33041	0	0	1.73558	2.35086	0	0	0	0
k107_8158510 flag=0 multi=24.1978 len=3641	3641	13.2075	0	0	0	0	0	0	0	0	0.0440252	0.0431909	0.172207	0.180947	9.71878	11.2151	1.59239	2.12196	0	0	1.68014	1.46905	0	0	0	0
k107_35167029 flag=0 multi=21.0014 len=2928	2928	14.6984	0	0	0	0	0	0	0.115004	0.122378	0.117289	0.103573	0	0	11.4056	9.55148	1.44593	2.59934	0	0	1.61462	1.96632	0	0	0	0
k107_29883577 flag=0 multi=12.0121 len=4073	4073	12.3092	0	0	0	0	0	0	0.159905	0.203517	0	0	0.120127	0.146038	9.23363	25.9079	1.7791	2.07996	0	0	1.01644	1.3479	0	0	0	0
k107_17410288 flag=0 multi=13.6073 len=2697	2697	13.4848	0	0	0	0	0	0	0	0	0	0	0	0	9.49896	16.0685	2.23591	1.51938	0	0	1.7499	1.90541	0	0	0	0
k107_2219167 flag=0 multi=41.7480 len=4686	4686	13.805	0	0	0	0	0	0	0.067062	0.0737246	0.136861	0.197305	0.0688869	0.099742	10.7073	14.6873	1.4943	1.63766	0	0	1.33052	1.6619	0	0	0	0
k107_8888389 flag=0 multi=12.0045 len=17010	17010	12.1479	0	0	0	0	0	0	0.0214867	0.0257418	0.0902562	0.1319	0.108092	0.153406	8.73605	9.67148	1.53597	2.73444	0.00879818	0.00895491	1.64723	2.16176	0	0	0	0
k107_31835234 flag=0 multi=14.8677 len=6819	6819	12.5776	0	0	0	0	0.0231702	0.0226367	0.123216	0.355406	0.0926807	0.135974	0.088998	0.128908	8.95704	16.0409	1.97576	2.85397	0	0	1.31671	1.49013	0	0	0	0
k107_26503158 flag=0 multi=21.0779 len=20442	20442	14.0168	0	0	0	0	0	0	0.0299901	0.0304827	0.269662	0.596275	0.149901	0.236498	10.4762	14.698	1.48371	2.34544	0	0	1.60735	2.1089	0	0	0	0
k107_14032757 flag=0 multi=47.1907 len=20099	20099	13.1345	0	0	0	0	0	0	0.0152548	0.0192751	0.0838006	0.0908287	0.152144	0.195959	9.68475	11.313	1.57832	2.48805	0	0	1.6202	2.14401	0	0	0	0
k107_7421823 flag=0 multi=162.7379 len=4720	4720	12.2474	0	0	0	0	0	0	0.190584	0.224444	0.067904	0.0953925	0.0683567	0.113053	9.62517	16.0993	0.889995	1.01587	0	0	1.40539	1.98653	0	0	0	0
k107_8469896 flag=0 multi=35.4722 len=2843	2843	12.1267	0	0	0	0	0.0578512	0.0559102	0	0	0	0	0.18536	0.259923	8.71547	9.48803	1.99567	2.2126	0.118851	0.146501	1.05352	1.15441	0	0	0	0
k107_3776907 flag=0 multi=15.6480 len=48009	48009	13.7478	0	0	0	0	0	0	0.0253003	0.0274941	0.117006	0.175471	0.0537867	0.0740808	10.389	14.3389	1.58931	2.13295	0.0126606	0.0163264	1.56074	2.10375	0	0	0	0
k107_3857870 flag=0 multi=27.3168 len=8050	8050	12.7744	0	0	0	0	0	0	0	0	0	0	0.0778265	0.0907343	9.76368	12.2942	1.20947	1.4714	0	0	1.72341	2.8033	0	0	0	0
k107_19861868 flag=0 multi=10.2503 len=10103	10103	11.8894	0	0	0	0	0	0	0.0616264	0.0786435	0.0922355	0.154106	0.0308132	0.032722	8.78155	12.4281	1.46975	1.75398	0	0	1.45342	1.55034	0	0	0	0
k107_24816284 flag=1 multi=5.0000 len=2898	2898	6.65794	0	0	0	0	0	0	0	0	0	0	0	0	5.82357	3.99619	0.834361	1.43765	0	0	0	0	0	0	0	0
k107_12502551 flag=0 multi=20.9456 len=11597	11597	14.1299	0	0	0	0	0	0	0.0267375	0.0467464	0.0400177	0.0553228	0.13351	0.177958	10.1754	12.7788	1.74422	2.49326	0	0	2.01	3.11512	0	0	0	0
k107_10510521 flag=0 multi=12.0008 len=37696	37696	13.3482	0	0	0	0	0	0	0.0645826	0.0774309	0.14874	0.238427	0.108868	0.135645	9.96088	12.994	1.62951	2.28512	0.00786222	0.0130388	1.42772	2.43859	0	0	0	0
k107_24482022 flag=0 multi=14.4867 len=44514	44514	12.9725	0	0	0.00332489	0.00340449	0	0	0.0545327	0.0731656	0.0648466	0.0880957	0.112436	0.148806	9.67873	12.4177	1.77088	2.60456	0.00683072	0.0105915	1.28094	1.97928	0	0	0	0
k107_33447051 flag=0 multi=21.0000 len=6911	6911	12.8675	0	0	0	0	0	0	0.137086	0.141921	0.0682403	0.0808042	0	0	10.3403	22.5747	1.11666	1.69124	0	0	1.20517	1.27924	0	0	0	0
k107_2817595 flag=0 multi=38.8442 len=7294	7294	13.3557	0	0	0	0	0	0	0.0215961	0.0211374	0.215675	0.219408	0.215961	0.425959	9.42935	16.1004	1.97182	3.14097	0	0	1.50129	1.80029	0	0	0	0
k107_11414126 flag=0 multi=16.6222 len=94761	94761	13.6788	0	0	0	0	0	0	0.0605871	0.0750712	0.121153	0.226895	0.12452	0.202345	10.2412	14.6808	1.61191	2.29666	0.00638372	0.00928318	1.51307	2.14377	0	0	0	0
k107_8286413 flag=0 multi=13.2184 len=25306	25306	13.3159	0.0119181	0.0143326	0	0	0	0	0.0120781	0.0153755	0.132819	0.203576	0.0903855	0.133484	10.0735	15.4286	1.55455	2.14235	0	0	1.44069	2.15637	0	0	0	0
k107_24244453 flag=0 multi=13.0357 len=14495	14495	12.4753	0	0	0	0	0	0	0	0	0.0638343	0.0796299	0.148665	0.249258	9.56112	9.7344	1.33101	2.01908	0	0	1.37068	1.36493	0	0	0	0
k107_1465068 flag=0 multi=18.0064 len=5691	5691	13.9957	0	0	0	0	0	0	0.0430507	0.0627342	0	0	0.055669	0.0937424	10.0972	24.3994	1.8471	3.83803	0	0	1.95268	3.17083	0	0	0	0
k107_19881177 flag=0 multi=17.0024 len=7522	7522	13.7846	0	0	0	0	0	0	0.0836565	0.116285	0.0836565	0.119341	0	0	10.9116	9.35888	0.968006	1.58129	0	0	1.73767	2.31397	0	0	0	0
k107_23416165 flag=0 multi=77.9511 len=19430	19430	12.3858	0	0	0	0	0	0	0.0469992	0.0585041	0.12019	0.14671	0.0788896	0.108163	9.29276	13.4888	1.4759	2.17999	0	0	1.37103	1.58987	0	0	0	0
k107_24633241 flag=0 multi=11.9830 len=8575	8575	13.5341	0	0	0	0	0	0	0	0	0.181917	0.253905	0.182521	0.22926	9.90995	12.6615	1.78182	2.10597	0.0365043	0.0405048	1.44144	2.04713	0	0	0	0
k107_11844645 flag=0 multi=32.0588 len=11181	11181	12.9747	0	0	0	0	0	0	0.055336	0.0741372	0.138616	0.17343	0.138432	0.185752	9.89098	10.4374	1.42826	1.81126	0	0	1.3231	1.46913	0	0	0	0
k107_186350 flag=0 multi=69.0000 len=14721	14721	13.4452	0	0	0	0	0	0	0.0627644	0.0733159	0.0837784	0.106987	0.156738	0.182036	9.74617	9.3507	1.8649	3.44287	0	0	1.53083	2.95887	0	0	0	0
k107_16478199 flag=0 multi=33.0000 len=15319	15319	14.3865	0	0	0	0	0	0	0.020044	0.0197009	0.0601984	0.185243	0.060265	0.0742909	10.7588	13.1865	1.58614	2.6079	0.0201105	0.019703	1.88093	3.58914	0	0	0	0
k107_711193 flag=0 multi=11.9918 len=34450	34450	13.6314	0	0	0	0	0	0	0.0529753	0.0760823	0.106038	0.152479	0.105951	0.128644	10.46	13.6665	1.31106	1.56329	0	0	1.59535	2.34012	0	0	0	0
k107_23460509 flag=0 multi=16.0432 len=50332	50332	13.5362	0	0	0	0	0	0	0.0573056	0.0774335	0.11735	0.191237	0.114951	0.169742	9.81747	14.4663	1.68283	2.03308	0.00603638	0.0118893	1.74028	2.35376	0	0	0	0
k107_32878364 flag=0 multi=16.1040 len=18968	18968	13.8599	0	0	0	0	0	0	0	0	0.08036	0.194477	0.1132	0.148343	10.5591	14.0985	1.51805	1.75262	0	0	1.58909	2.42013	0	0	0	0
k107_18881405 flag=0 multi=28.5801 len=28917	28917	13.1256	0	0	0	0	0	0	0.0210379	0.0289688	0.105155	0.169644	0.0949153	0.127495	9.80213	10.3654	1.57089	2.20236	0	0	1.5315	1.94807	0	0	0	0
k107_32242351 flag=0 multi=33.7158 len=12861	12861	13.8958	0	0	0	0	0	0	0	0	0.120073	0.137941	0.156462	0.166509	10.2818	13.4326	1.46779	2.09868	0	0	1.86966	2.01772	0	0	0	0
k107_24249390 flag=0 multi=25.0020 len=8104	8104	14.3015	0	0	0	0	0	0	0.077416	0.0927011	0.077416	0.107317	0.115868	0.156723	10.266	13.9282	2.12292	2.98103	0	0	1.64189	1.93196	0	0	0	0
k107_23293699 flag=0 multi=44.0105 len=16339	16339	14.604	0	0	0	0	0	0	0.0374758	0.0561977	0.0561826	0.0747444	0.150402	0.219518	11.2657	14.8826	1.47216	1.84476	0.0187691	0.0258434	1.60329	1.81785	0	0	0	0
k107_34345490 flag=0 multi=16.1498 len=9802	9802	14.8824	0	0	0	0	0	0	0.0635789	0.102272	0.127053	0.162767	0.0295789	0.0447088	11.1335	9.45188	1.66547	2.56389	0.0317895	0.0349903	1.83147	3.04976	0	0	0	0
k107_1080517 flag=0 multi=14.1221 len=4291	4291	15.0918	0	0	0	0	0	0	0	0	0.227125	0.230244	0.0757082	0.0990814	10.897	17.5473	1.79118	2.56602	0	0	2.10078	2.66446	0	0	0	0
k107_2545407 flag=0 multi=22.7130 len=63352	63352	13.825	0	0	0	0	0	0	0.0621253	0.104227	0.0957653	0.131181	0.113117	0.159654	10.3075	12.3539	1.64844	2.36587	0	0	1.5981	2.04939	0	0	0	0
k107_31151738 flag=0 multi=23.5839 len=47552	47552	13.7624	0	0	0	0	0	0	0.0510476	0.0583638	0.104889	0.138162	0.101926	0.141128	10.2179	13.0645	1.76104	2.48224	0	0	1.52567	2.1409	0	0	0	0
k107_11031235 flag=0 multi=86.0771 len=15018	15018	12.3376	0	0	0	0	0	0	0	0	0.122588	0.168576	0.0615656	0.128042	9.12422	11.1378	1.57699	2.12513	0.0100571	0.0101564	1.44217	1.31669	0	0	0	0
k107_5154489 flag=0 multi=20.0458 len=13941	13941	13.0355	0	0	0	0	0	0	0.0885695	0.0908468	0.24276	0.520465	0.110492	0.14756	9.58765	10.7362	1.6032	2.43712	0	0	1.40282	2.31906	0	0	0	0
k107_34355572 flag=0 multi=16.6726 len=33489	33489	13.252	0	0	0	0	0	0	0.00909995	0.00902589	0.132462	0.243087	0.0907886	0.167525	10.0524	15.7152	1.56293	1.70139	0.00888902	0.0120675	1.39543	2.01882	0	0	0	0
k107_25540818 flag=0 multi=17.6439 len=50332	50332	12.5394	0	0	0	0	0	0	0.0241055	0.048293	0.102399	0.163689	0.156446	0.237475	9.36262	12.2875	1.505	1.9104	0	0	1.38883	1.63812	0	0	0	0
k107_24858280 flag=0 multi=17.0585 len=14616	14616	14.2625	0	0	0	0	0	0	0.0421266	0.0527085	0.168786	0.271369	0.0843929	0.100045	10.8406	16.4662	1.81598	2.63931	0	0	1.31061	2.3054	0	0	0	0
k107_11344100 flag=0 multi=16.0524 len=25014	25014	13.3767	0	0	0	0	0	0	0.0854646	0.110204	0.109866	0.156929	0.0973616	0.120005	10.259	15.106	1.60493	2.34044	0.0122208	0.0153123	1.20787	1.51205	0	0	0	0
k107_1749259 flag=0 multi=22.3186 len=28732	28732	13.5626	0	0	0	0	0	0	0.0531129	0.0758991	0.06363	0.108739	0.137918	0.163397	10.2495	12.3574	1.55681	1.97287	0	0	1.50172	2.07625	0	0	0	0
k107_24067174 flag=0 multi=19.0112 len=4920	4920	14.2893	0	0	0	0	0	0	0.292767	0.818555	0.390645	1.28711	0.0653963	0.0910206	10.1964	8.91811	2.10546	2.49239	0	0	1.23863	1.22859	0	0	0	0
k107_25507381 flag=0 multi=21.0293 len=7612	7612	12.9343	0	0	0	0	0	0	0	0	0.0826265	0.116863	0.206566	0.240813	9.12955	15.1109	1.86785	2.17149	0	0	1.64774	2.00884	0	0	0	0
k107_29265453 flag=0 multi=18.0069 len=16309	16309	12.8418	0	0	0	0	0	0	0.0282376	0.0364911	0.112888	0.141369	0.188543	0.275442	9.27113	10.0891	1.55363	2.13432	0	0	1.68739	2.64848	0	0	0	0
k107_1870975 flag=0 multi=14.0099 len=16649	16649	15.0075	0	0	0	0	0	0	0.0553007	0.0712007	0.0923717	0.0943738	0.129198	0.18226	10.9596	15.306	1.89466	2.62811	0	0	1.87637	2.63222	0	0	0	0
k107_27590767 flag=0 multi=14.0091 len=23042	23042	13.7035	0	0	0	0	0	0	0.0662269	0.0832671	0.125726	0.133887	0.0663149	0.105351	10.2483	14.4336	1.61394	2.63219	0.0132806	0.013105	1.56966	2.08002	0	0	0	0
k107_26662957 flag=0 multi=16.0000 len=3694	3694	12.4354	0	0	0	0	0	0	0	0	0.13355	0.145821	0.089033	0.146605	9.51002	5.31473	1.51209	1.59442	0	0	1.19074	2.03824	0	0	0	0
k107_19975605 flag=0 multi=55.3931 len=20766	20766	14.6352	0	0	0	0	0	0	0.0589816	0.0748979	0.147479	0.268419	0.101251	0.148641	10.9588	14.3316	1.72361	2.40122	0.0147576	0.0145373	1.63028	2.10483	0	0	0	0
k107_2174343 flag=0 multi=12.3469 len=6333	6333	11.9796	0	0	0	0	0	0	0.0500746	0.0860469	0.100149	0.124302	0.113911	0.149053	9.5412	8.79716	0.99685	1.61346	0	0	1.17742	1.64427	0	0	0	0
k107_18491085 flag=0 multi=17.3234 len=7854	7854	14.3538	0	0	0	0	0	0	0.0399894	0.0513693	0.19902	0.596528	0.0799788	0.0900178	10.6376	10.0633	1.86149	2.77594	0	0	1.53575	2.56647	0	0	0	0
k107_13316626 flag=0 multi=16.4378 len=27165	27165	12.8416	0	0	0	0	0	0	0.0337267	0.0424163	0.157131	0.257588	0.101068	0.133688	9.92067	13.7909	1.32498	1.77458	0.0167144	0.0208319	1.28735	1.8799	0	0	0	0
k107_9685398 flag=0 multi=27.9269 len=31712	31712	13.6606	0	0	0	0	0	0	0.0383954	0.0462652	0.124801	0.179034	0.0960841	0.149077	10.2755	12.4902	1.58972	2.19801	0	0	1.5362	1.64637	0	0	0	0
k107_1824437 flag=0 multi=26.9016 len=62482	62482	14.0338	0	0	0	0	0	0	0.0725314	0.118045	0.111547	0.146817	0.0970408	0.122547	10.6687	14.2214	1.62908	2.29996	0.00485687	0.00932124	1.45006	2.00686	0	0	0	0
k107_10653874 flag=0 multi=14.0192 len=16576	16576	11.0952	0	0	0	0	0	0	0.0185572	0.0182082	0.184835	0.243192	0.0742288	0.105826	8.20241	9.20375	1.47444	2.08729	0	0	1.14078	1.30849	0	0	0	0
k107_5425888 flag=0 multi=39.1910 len=11736	11736	13.8764	0	0	0	0	0	0	0.0392688	0.0448708	0.0525625	0.0582662	0.05265	0.0720794	10.1007	11.8451	1.82202	2.07779	0	0	1.80925	2.37406	0	0	0	0
k107_33199517 flag=0 multi=47.8960 len=9294	9294	12.3609	0	0	0	0	0	0	0.0671708	0.106935	0.133007	0.22081	0.100534	0.154894	9.32607	9.1703	1.60276	1.77598	0	0	1.13134	1.57131	0	0	0	0
k107_7097560 flag=0 multi=37.0000 len=38982	38982	13.7321	0	0	0	0	0	0	0.0779473	0.106604	0.101163	0.160145	0.1053	0.127656	10.3834	11.8551	1.51817	2.15006	0	0	1.54604	2.37679	0	0	0	0
k107_9011805 flag=0 multi=27.0362 len=47821	47821	13.0804	0	0	0	0	0.0030935	0.00317194	0.0508218	0.0704849	0.139439	0.184459	0.0698037	0.0955761	9.74414	13.7885	1.66329	2.12314	0.00635535	0.00862961	1.40344	1.76463	0	0	0	0
k107_26952738 flag=1 multi=5.0000 len=3086	3086	6.66272	0	0	0	0	0	0	0	0	0	0	0	0	5.74749	4.55556	0.91523	2.099	0	0	0	0	0	0	0	0
k107_18263830 flag=0 multi=15.0164 len=11865	11865	14.4607	0	0	0	0	0	0	0.0390902	0.0464664	0.126265	0.151577	0.104212	0.110502	10.9749	11.6141	1.85281	2.87073	0	0	1.3634	1.73667	0	0	0	0
k107_22835006 flag=0 multi=32.9297 len=20032	20032	13.299	0	0	0	0	0	0	0.0455651	0.0625619	0.243994	0.508765	0.0918398	0.114632	9.95641	15.0576	1.49108	1.83291	0	0	1.47015	2.12165	0	0	0	0
k107_4488779 flag=0 multi=17.9318 len=28549	28549	13.5421	0	0	0	0	0	0	0.064113	0.085827	0.117322	0.183773	0.074769	0.0965136	10.3196	11.6458	1.57695	1.92236	0	0	1.38935	2.12852	0	0	0	0
k107_34194569 flag=0 multi=20.0101 len=11803	11803	13.7738	0	0	0	0	0	0	0.0260847	0.0375832	0.0786888	0.0746726	0.183549	0.236451	10.4634	11.5258	1.48005	2.18229	0.0262586	0.0328817	1.51587	2.15631	0	0	0	0
k107_28851571 flag=0 multi=12.4165 len=36300	36300	13.1978	0	0	0	0	0	0	0.0835602	0.136376	0.100533	0.124477	0.0838658	0.114936	9.78068	13.7915	1.63804	2.2734	0	0	1.51117	2.62654	0	0	0	0
k107_20624344 flag=0 multi=21.2448 len=2636	2636	14.2734	0	0	0	0	0	0	0	0	0.129392	0.112698	0.16024	0.134914	11.1302	16.089	1.0467	1.25599	0	0	1.80677	2.01075	0	0	0	0
k107_22357212 flag=0 multi=28.9685 len=29623	29623	14.5137	0	0	0	0	0	0	0.0514989	0.0586066	0.107977	0.164209	0.164626	0.306068	10.821	13.3194	1.70049	2.2841	0.0102657	0.013195	1.65786	2.56376	0	0	0	0
k107_2971199 flag=0 multi=45.1252 len=9484	9484	13.4858	0	0	0	0	0	0	0.0328904	0.0524969	0.196362	0.309757	0.131562	0.163293	10.1236	8.61944	1.49172	1.48472	0	0	1.50969	1.96316	0	0	0	0
k107_1305805 flag=0 multi=12.0071 len=13110	13110	13.1522	0	0	0	0	0	0	0	0	0.18832	0.303596	0.070659	0.134139	9.72666	15.512	1.46174	2.13457	0	0	1.70487	2.11913	0	0	0	0
k107_21403825 flag=0 multi=18.0126 len=4566	4566	13.3551	0	0	0	0	0	0	0.283302	0.376205	0.140713	0.332232	0	0	9.72561	14.9383	1.73171	2.63491	0	0	1.47373	1.99906	0	0	0	0
k107_1518691 flag=0 multi=17.4916 len=25561	25561	13.6023	0	0	0	0	0	0	0.0478245	0.0519583	0.0597015	0.0738513	0.101508	0.128132	10.4331	12.1955	1.66123	2.4343	0	0	1.2989	1.7549	0	0	0	0
k107_12306844 flag=0 multi=16.9502 len=29229	29229	13.3703	0	0	0	0	0	0	0.0730459	0.134198	0.114772	0.187941	0.0781968	0.115998	10.0479	13.8321	1.5844	2.21903	0	0	1.47198	2.18577	0	0	0	0
k107_17914328 flag=0 multi=41.3938 len=11230	11230	13.5361	0	0	0	0	0	0	0.0275439	0.0416995	0.0276354	0.0319985	0.096541	0.108236	10.4749	13.3456	1.68594	3.076	0	0	1.22346	1.6131	0	0	0	0
k107_14602496 flag=0 multi=195.5331 len=3294	3294	13.0862	0	0	0	0	0	0	0.100936	0.154303	0	0	0.100936	0.149625	10.4479	17.4498	1.36096	1.9711	0	0	1.07553	1.08125	0	0	0	0
k107_18722416 flag=0 multi=26.1141 len=40072	40072	14.0315	0	0	0	0	0	0	0.0451094	0.0558462	0.159165	0.324004	0.193312	0.311313	10.3108	14.5403	1.77038	2.62868	0.00759366	0.0122659	1.54518	2.08299	0	0	0	0
k107_19126389 flag=0 multi=28.3327 len=11359	11359	13.4454	0	0	0	0	0	0	0.054626	0.0516504	0.0545356	0.093777	0.0269513	0.0357936	10.3267	15.2552	1.62666	2.42682	0.027313	0.0348856	1.32866	1.89992	0	0	0	0
k107_13853153 flag=0 multi=30.0000 len=9341	9341	13.6485	0	0	0	0	0	0	0	0	0.0999004	0.112774	0.333665	0.537621	10.3446	14.6947	1.18298	1.52436	0	0	1.68735	2.69835	0	0	0	0
k107_2601002 flag=0 multi=14.0425 len=11363	11363	14.0209	0	0	0	0	0	0	0.0273031	0.0328784	0.081819	0.123129	0.136425	0.169989	10.4837	11.9052	1.56387	1.89235	0.0272127	0.0312513	1.70057	2.22879	0	0	0	0
k107_19569795 flag=0 multi=27.0866 len=22897	22897	14.4736	0	0	0	0	0	0	0.100066	0.215412	0.187033	0.200893	0.106749	0.172529	10.7032	15.2485	1.74773	2.42376	0	0	1.62886	2.39323	0	0	0	0
k107_18137859 flag=0 multi=49.2333 len=22802	22802	13.9578	0	0	0	0	0	0	0.0268444	0.0413276	0.0736444	0.0929784	0.107333	0.115292	10.2919	12.3156	1.91778	3.37041	0	0	1.54031	1.95754	0	0	0	0
k107_5387056 flag=0 multi=32.8090 len=10793	10793	13.997	0	0	0	0	0	0	0.0287866	0.0279591	0	0	0.0575732	0.0908549	10.7067	14.413	1.51053	2.1863	0	0	1.69345	2.61626	0	0	0	0
k107_18040767 flag=0 multi=18.0010 len=5852	5852	12.9277	0	0	0	0	0	0	0	0	0.163243	0.28547	0.163243	0.31393	9.86324	17.0232	1.30324	1.59358	0	0	1.43477	1.71804	0	0	0	0
k107_20385712 flag=0 multi=16.3852 len=8756	8756	13.1466	0	0	0	0	0	0	0	0	0.0356044	0.0607172	0.197303	0.287825	9.42039	7.67988	1.8538	2.2981	0	0	1.63946	2.239	0	0	0	0
k107_9765699 flag=0 multi=57.4040 len=26395	26395	13.8554	0	0	0	0	0	0	0.034722	0.0465614	0.0924769	0.153673	0.190817	0.246848	10.277	13.3837	1.69026	2.26019	0	0	1.57015	2.15363	0	0	0	0
k107_21091861 flag=0 multi=15.0037 len=19724	19724	13.2727	0	0	0	0	0	0	0.0155494	0.0266378	0.13217	0.217318	0.147719	0.194466	9.941	10.8782	1.29183	1.84235	0	0	1.74441	2.17483	0	0	0	0
k107_7235053 flag=0 multi=15.9117 len=27205	27205	13.0254	0	0	0	0	0	0	0.0224139	0.0290106	0.112106	0.144015	0.0673159	0.0834031	9.79244	11.619	1.63458	2.23502	0	0	1.39657	2.23813	0	0	0	0
k107_21382835 flag=0 multi=13.0528 len=18607	18607	14.5559	0	0	0	0	0	0	0.0659383	0.0897317	0.148375	0.267129	0.164873	0.2294	10.3905	13.6603	1.75247	2.85958	0	0	2.03376	3.22131	0	0	0	0
k107_3838650 flag=0 multi=17.0149 len=9165	9165	12.6718	0	0	0	0	0	0	0.0340742	0.0462319	0.16992	0.385574	0.10211	0.126086	9.03712	14.6633	1.8127	2.64513	0	0	1.51585	2.46161	0	0	0	0
k107_18174348 flag=0 multi=54.0000 len=31190	31190	13.5213	0	0	0	0	0	0	0.0390119	0.0459393	0.117068	0.173033	0.146594	0.225954	10.2907	11.9395	1.53694	2.24731	0	0	1.39099	1.65675	0	0	0	0
k107_21345851 flag=0 multi=16.0039 len=14016	14016	12.9436	0	0	0	0	0	0	0.0440426	0.0588897	0.0440426	0.0620954	0.109961	0.146984	9.62972	10.1747	1.72634	2.15812	0	0	1.38953	1.4172	0	0	0	0
k107_15291279 flag=0 multi=20.0013 len=37753	37753	13.1181	0	0	0	0	0	0	0.0402927	0.053845	0.160797	0.230289	0.144856	0.237455	9.73787	13.9106	1.42552	2.23088	0	0	1.6088	2.39095	0	0	0	0
k107_10084319 flag=0 multi=58.0000 len=22811	22811	14.368	0	0	0.0133724	0.0151942	0	0	0.0737039	0.119238	0.0936959	0.127046	0.0830334	0.0988329	10.5721	14.6538	1.94056	2.83429	0.0133724	0.0162609	1.57817	2.23502	0	0	0	0
k107_18504620 flag=0 multi=36.0000 len=16791	16791	12.6899	0	0	0	0	0	0	0.127661	0.15761	0.0548244	0.0850385	0.166414	0.287054	9.80314	11.6302	1.41828	1.8035	0	0	1.11953	1.66332	0	0	0	0
k107_14554779 flag=0 multi=14.4515 len=18072	18072	14.3763	0	0	0	0	0	0	0.0339336	0.0507356	0.0849184	0.124566	0.118796	0.175281	11.0041	11.9095	1.62082	3.15063	0	0	1.51373	2.52585	0	0	0	0
k107_3039756 flag=0 multi=30.0324 len=74246	74246	13.1157	0.00408417	0.00537168	0	0	0	0	0.0672942	0.199844	0.101726	0.159742	0.126406	0.176625	9.81831	13.7331	1.68891	2.35942	0	0	1.30895	1.80677	0	0	0	0
k107_3177103 flag=0 multi=156.5327 len=10869	10869	12.4894	0	0	0	0	0	0	0	0	0.114318	0.147628	0.142708	0.179462	9.65856	10.5026	1.33614	1.43977	0	0	1.23763	1.74511	0	0	0	0
k107_16909817 flag=0 multi=18.0145 len=26787	26787	14.1007	0	0	0	0	0	0	0.0114027	0.0225938	0.0907306	0.133572	0.113876	0.138252	10.7738	15.3687	1.68594	2.25242	0	0	1.42488	1.79902	0	0	0	0
k107_4146489 flag=0 multi=22.2932 len=3842	3842	12.6458	0	0	0	0	0	0	0	0	0.245198	0.286851	0	0	9.73559	11.0925	1.68927	2.98315	0	0	0.975706	0.935743	0	0	0	0
k107_12542354 flag=0 multi=13.0955 len=4328	4328	11.4175	0	0	0	0	0	0	0.074764	0.0693966	0.299553	0.361143	0.149776	0.239858	7.57774	6.78606	1.69324	3.36069	0	0	1.62245	2.17572	0	0	0	0
k107_21001460 flag=1 multi=23.1980 len=12396	12396	12.7089	0	0	0	0	0.00479577	0.00989848	0.0248057	0.0243384	0.0496941	0.0839393	0.124855	0.17115	9.34893	14.0046	1.51935	2.01868	0	0	1.63643	2.35611	0	0	0	0
k107_14015600 flag=0 multi=26.4607 len=28807	28807	13.5138	0	0	0	0	0	0	0.052903	0.0672198	0.158674	0.314074	0.10535	0.135379	10.1836	13.5969	1.66315	2.34355	0.0211191	0.0761957	1.32899	2.0106	0	0	0	0
k107_12759500 flag=0 multi=18.6532 len=13492	13492	14.4849	0	0	0	0	0	0	0.0228203	0.031622	0.183017	0.223911	0.0912055	0.124761	10.8959	19.2374	1.7254	2.43902	0	0	1.56657	1.89032	0	0	0	0
k107_22226972 flag=0 multi=12.0024 len=17896	17896	12.3557	0	0	0	0	0	0	0.0343299	0.0444134	0.102705	0.126959	0.0513243	0.0837606	8.80039	11.2619	1.74719	2.67066	0.0171649	0.0300605	1.60265	3.04544	0	0	0	0
k107_26874151 flag=0 multi=12.2221 len=2822	2822	13.85	0	0	0	0	0	0	0.118651	0.105524	0.237302	0.282339	0.838889	1.53654	9.21667	8.64706	1.88413	3.25661	0	0	1.55437	2.12367	0	0	0	0
k107_30707964 flag=0 multi=34.1012 len=7047	7047	13.7855	0	0	0	0	0	0	0.134025	0.182443	0.0895478	0.118609	0.133877	0.152479	10.5444	14.8877	1.19792	1.52943	0	0	1.68569	1.79702	0	0	0	0
k107_18314716 flag=0 multi=57.0000 len=16996	16996	13.0255	0	0	0	0	0	0	0.0180903	0.0193262	0.0901522	0.167163	0.126393	0.164303	10.0069	14.0053	1.18504	1.56887	0	0	1.5989	1.94866	0	0	0	0
k107_5438992 flag=0 multi=21.0192 len=3132	3132	13.4551	0	0	0	0	0	0	0.10636	0.130001	0.106714	0.151206	0	0	10.3406	11.5009	1.29788	1.70789	0	0	1.60353	1.36703	0	0	0	0
k107_5466357 flag=0 multi=86.1948 len=5759	5759	11.9729	0	0	0	0	0	0	0.0553418	0.0574123	0.0274876	0.0269077	0.0553418	0.0735491	8.93476	14.4765	1.72641	2.56244	0	0	1.17354	2.23664	0	0	0	0
k107_26808088 flag=0 multi=11.0216 len=8343	8343	13.4631	0	0	0	0	0	0	0.0375575	0.0361465	0.0749907	0.112755	0.112673	0.245513	10.2645	13.7357	1.26949	1.22575	0	0	1.70389	1.65041	0	0	0	0
k107_25663750 flag=0 multi=15.1198 len=25346	25346	13.0999	0	0	0	0	0	0	0.0599744	0.0788056	0.0963504	0.161496	0.0951126	0.122716	10.0128	13.3493	1.38452	2.0667	0	0	1.45113	2.13229	0	0	0	0
k107_19686511 flag=0 multi=21.1278 len=48278	48278	13.1675	0	0	0	0	0	0	0.0376855	0.0508822	0.106803	0.131501	0.128752	0.1804	9.81943	11.6912	1.53591	2.41416	0	0	1.53896	2.10528	0	0	0	0
k107_15832025 flag=0 multi=18.5577 len=7720	7720	13.689	0	0	0	0	0	0	0.040577	0.0684462	0.162308	0.211026	0.121866	0.136354	10.4428	10.995	1.38905	2.08292	0	0	1.53235	1.82814	0	0	0	0
k107_27782589 flag=0 multi=26.0004 len=25686	25686	12.978	0	0	0	0	0	0	0.0652773	0.0844987	0.10676	0.123834	0.035613	0.0474912	9.75666	14.5073	1.66349	2.72065	0	0	1.35018	1.82656	0	0	0	0
k107_24268399 flag=0 multi=19.0926 len=27291	27291	13.4157	0	0	0	0	0	0	0.0111527	0.0154365	0.0894438	0.100882	0.0796991	0.0963354	10.3523	13.1952	1.36622	2.31377	0.0111156	0.0142489	1.50576	2.04639	0	0	0	0
k107_35186317 flag=0 multi=21.6820 len=5006	5006	14.7889	0	0	0	0	0	0	0.112245	0.123903	0.0642007	0.112831	0.127551	0.163818	11.6361	20.2333	1.19898	1.6977	0	0	1.64987	1.5146	0	0	0	0
k107_29101687 flag=0 multi=14.8942 len=9048	9048	14.782	0	0	0	0	0	0	0.13812	0.321924	0.13812	0.159296	0.13812	0.304519	10.4545	13.7859	1.95758	2.32036	0	0	1.95552	3.19249	0	0	0	0
k107_22841775 flag=0 multi=11.0452 len=14151	14151	13.7728	0	0	0	0	0	0	0.0436133	0.0625025	0.0870821	0.123956	0.191422	0.300456	9.84187	15.0439	1.768	3.03157	0	0	1.84078	2.60122	0	0	0	0
k107_2196509 flag=0 multi=20.5796 len=17672	17672	13.3866	0.0170409	0.0321716	0	0	0	0	0.0347726	0.0430112	0.0869315	0.0988459	0.138918	0.242818	9.90524	13.9366	1.66149	1.9308	0	0	1.5422	2.38019	0	0	0	0
k107_26583513 flag=0 multi=42.3088 len=63718	63718	13.7736	0	0	0	0	0	0	0.0807052	0.108961	0.130787	0.15728	0.10942	0.144744	10.277	15.3266	1.72751	2.61964	0.0094298	0.0125801	1.43874	2.10711	0	0	0	0
k107_3528881 flag=0 multi=23.9812 len=7892	7892	12.9318	0	0	0	0	0	0	0.0789196	0.100144	0.0591568	0.0561345	0.158893	0.219533	10.085	14.8427	1.02082	1.28678	0	0	1.52899	2.28806	0	0	0	0
k107_3790312 flag=0 multi=15.9018 len=12738	12738	12.4614	0	0	0	0	0	0	0.0242843	0.027065	0.0723705	0.104853	0.0608717	0.0917971	9.46647	10.8316	1.69564	1.76225	0	0	1.14177	1.6291	0	0	0	0
k107_16834324 flag=0 multi=51.4861 len=8211	8211	14.1995	0	0	0	0	0	0	0.0381843	0.0665779	0.114047	0.126481	0.113542	0.159341	10.7464	11.6368	1.79606	2.70458	0	0	1.39133	1.53495	0	0	0	0
k107_29283978 flag=0 multi=15.5911 len=23472	23472	13.6142	0	0	0	0	0	0	0.0651705	0.0835542	0.143116	0.212847	0.175658	0.335319	10.0164	15.841	1.72262	3.96131	0	0	1.49133	1.52217	0	0	0	0
k107_16206328 flag=0 multi=25.2171 len=7181	7181	13.8987	0	0	0	0	0	0	0.0437564	0.071057	0.218927	0.217289	0.0878035	0.130984	10.5819	12.3148	1.62	1.61809	0	0	1.34627	1.75836	0	0	0	0
k107_33880584 flag=0 multi=17.9892 len=14819	14819	13.7163	0	0	0	0	0	0	0.0622718	0.0683091	0.0416064	0.0577695	0.166357	0.186783	10.3679	14.5832	1.51608	2.53117	0	0	1.56203	2.16458	0	0	0	0
k107_17365407 flag=0 multi=12.3949 len=19896	19896	13.2886	0	0	0	0	0	0	0.0154129	0.0229375	0.0615495	0.0974455	0.0923752	0.166198	10.0705	13.6934	1.69613	2.51438	0	0	1.35256	2.0293	0	0	0	0
k107_18306906 flag=0 multi=28.6317 len=54563	54563	13.6121	0	0	0	0	0	0	0.038923	0.050127	0.138847	0.174699	0.0943956	0.129031	10.1496	12.7129	1.67236	2.19601	0.0166786	0.0255541	1.5013	1.94036	0	0	0	0
k107_8025244 flag=0 multi=15.9919 len=31093	31093	13.1822	0	0	0	0	0	0	0.0342633	0.057324	0.10253	0.127669	0.0686239	0.133885	9.92124	16.1394	1.50008	2.31442	0.00977558	0.00970964	1.54571	2.04768	0	0	0	0
k107_31335108 flag=0 multi=25.0000 len=7129	7129	13.9861	0	0	0	0	0	0	0.0221181	0.0216316	0.132122	0.261026	0.178995	0.210371	10.8231	15.0711	1.33485	1.62252	0	0	1.49495	1.75549	0	0	0	0
k107_33225252 flag=0 multi=15.0007 len=13829	13829	12.9923	0	0	0	0	0	0	0.0669772	0.0803845	0.0667554	0.14917	0.0669772	0.118697	10.0461	17.8993	1.53589	2.34898	0.0446514	0.0635191	1.16493	1.5079	0	0	0	0
k107_16627579 flag=0 multi=17.4433 len=4138	4138	13.4043	0	0	0	0	0	0	0	0	0.0787278	0.114269	0.150156	0.138781	10.109	26.0051	1.85219	2.02004	0	0	1.21429	2.14574	0	0	0	0
k107_8524454 flag=0 multi=21.0046 len=6213	6213	13.8982	0	0	0	0	0	0	0.0510912	0.0759083	0.153104	0.148078	0.288614	0.422133	10.5163	14.228	1.52563	2.17569	0.0510912	0.0735328	1.3123	1.97685	0	0	0	0
k107_30160690 flag=0 multi=14.0220 len=13764	13764	12.9087	0	0	0	0	0	0	0.0672263	0.0847611	0.0672263	0.112983	0.0897341	0.112151	9.7692	11.8941	1.49502	2.05953	0	0	1.42029	2.10194	0	0	0	0
k107_24980327 flag=0 multi=25.9590 len=34227	34227	13.4606	0	0	0	0	0	0	0.0889904	0.112266	0.0889609	0.148526	0.148386	0.208466	10.1056	14.3274	1.56407	2.43368	0	0	1.46455	2.0046	0	0	0	0
k107_31611701 flag=0 multi=15.5452 len=21691	21691	13.518	0	0	0	0	0	0	0.0141194	0.0150484	0.0984618	0.131897	0.0563374	0.068159	10.355	12.5572	1.50863	2.00118	0.0141194	0.0218787	1.47127	2.10892	0	0	0	0
k107_33096945 flag=1 multi=17.0092 len=12880	12880	13.0758	0	0	0	0	0.00278264	0.00309128	0.0240102	0.0350441	0.137144	0.174195	0.071951	0.102798	9.48394	14.0994	1.55891	2.32257	0	0	1.79703	1.92346	0	0	0	0
k107_18081803 flag=0 multi=13.1811 len=5282	5282	13.5793	0	0	0	0	0	0	0.0606426	0.067836	0.121285	0.189343	0.24257	0.421965	10.0532	20.859	1.75482	2.32911	0	0	1.34679	2.6717	0	0	0	0
k107_15821585 flag=0 multi=12.6973 len=13363	13363	13.1279	0	0	0	0	0	0	0.0462445	0.067385	0.115611	0.169469	0.184902	0.271884	10.0659	11.8316	1.0954	1.43675	0.0231223	0.0225911	1.59666	2.26546	0	0	0	0
k107_27090924 flag=0 multi=13.0000 len=31974	31974	13.1798	0	0	0	0	0	0	0.0572114	0.0692816	0.109466	0.134679	0.100088	0.139098	9.87285	15.4909	1.82748	3.13575	0	0	1.21271	1.64286	0	0	0	0
k107_32943142 flag=0 multi=15.0323 len=13994	13994	14.0356	0	0	0	0	0	0	0.0440403	0.0548811	0.131902	0.194905	0.0659509	0.0881026	11.2179	16.138	1.33268	1.84678	0	0	1.24313	1.5309	0	0	0	0
k107_10823603 flag=0 multi=37.7919 len=25441	25441	13.1821	0	0	0	0	0	0	0.0478539	0.0751917	0.1438	0.207515	0.0838936	0.147281	10.0821	11.8724	1.51112	1.82078	0	0	1.31338	1.41596	0	0	0	0
k107_17638934 flag=0 multi=34.0615 len=15496	15496	13.4214	0	0	0	0	0	0	0.0695669	0.0987244	0.0631828	0.0904723	0.103199	0.131815	9.7965	12.0055	1.61129	2.08759	0	0	1.77761	2.22741	0	0	0	0
k107_28398812 flag=0 multi=23.6024 len=27538	27538	13.6289	0	0	0	0	0	0	0.0443163	0.0604421	0.110405	0.151677	0.0443531	0.0669772	10.5104	12.7874	1.59543	2.3466	0	0	1.32406	1.60085	0	0	0	0
k107_326315 flag=0 multi=14.0322 len=26326	26326	14.2482	0	0	0	0	0	0	0.0521057	0.102536	0.146672	0.251271	0.10425	0.143451	10.5958	13.9853	1.58807	1.87975	0	0	1.7613	2.67052	0	0	0	0
k107_31661290 flag=0 multi=34.1078 len=19936	19936	13.8266	0	0	0	0	0	0	0.0843944	0.135604	0.0460426	0.0668167	0.107518	0.152892	10.3775	12.7243	1.61567	2.52141	0	0	1.59555	2.2164	0	0	0	0
k107_3654846 flag=0 multi=15.9946 len=26689	26689	13.266	0	0	0	0	0	0	0.0571115	0.0748144	0.125857	0.150542	0.0343351	0.0438465	9.85508	11.0469	1.71694	2.33706	0	0	1.47671	1.75547	0	0	0	0
k107_22070383 flag=0 multi=14.3347 len=14116	14116	12.9688	0	0	0.0218619	0.0316663	0	0	0.0652961	0.0779298	0.131099	0.169286	0.185319	0.297391	9.78102	16.3953	1.45208	1.83467	0	0	1.33213	1.73942	0	0	0	0
k107_20388757 flag=0 multi=19.2292 len=9022	9022	12.7991	0	0	0	0	0	0	0.0692661	0.0904	0.103784	0.125669	0.103899	0.305479	9.48888	11.5019	1.66869	2.18033	0	0	1.36456	1.56968	0	0	0	0
k107_15027868 flag=0 multi=13.0017 len=40264	40264	13.139	0	0	0	0	0	0	0.0829288	0.143067	0.097943	0.134562	0.173615	0.244159	9.97943	12.4708	1.57405	2.37934	0.00755718	0.00950482	1.22351	1.80649	0	0	0	0
k107_9895670 flag=0 multi=25.0140 len=17885	17885	12.2221	0	0	0	0	0	0	0.0343514	0.0482904	0.0513564	0.0510517	0.051527	0.0802928	9.18649	13.1204	1.59887	2.27577	0	0	1.29949	1.65584	0	0	0	0
k107_8708417 flag=0 multi=14.0000 len=12893	12893	12.4541	0	0	0	0	0	0	0.0599635	0.074485	0.112858	0.194048	0.159241	0.311907	9.31006	11.4531	1.4446	2.16038	0	0	1.36733	1.33272	0	0	0	0
k107_8773063 flag=0 multi=17.2531 len=26736	26736	13.9591	0	0	0	0	0	0	0.0571234	0.0724874	0.125596	0.159693	0.159832	0.275049	10.4566	13.9055	1.79666	2.38562	0	0	1.36332	1.79082	0	0	0	0
k107_18248667 flag=0 multi=13.0577 len=2930	2930	13.4254	0	0	0	0	0	0	0	0	0	0	0	0	10.3451	27.2511	1.89802	3.65164	0	0	1.18227	1.13212	0	0	0	0
k107_8087489 flag=0 multi=14.1427 len=2966	2966	13.9215	0	0	0	0	0	0	0	0	0.0533033	0.050478	0.113363	0.194432	11.1682	17.2306	1.3018	1.43194	0	0	1.28491	1.38572	0	0	0	0
k107_30903235 flag=0 multi=14.2036 len=4055	4055	14.0695	0	0	0	0	0	0	0.079936	0.10493	0.24114	0.513132	0.160938	0.163852	10.4783	11.7277	1.64615	3.53566	0	0	1.4631	3.16892	0	0	0	0
k107_2466037 flag=0 multi=12.1054 len=15368	15368	12.477	0	0	0	0	0	0	0.0998274	0.14035	0.136599	0.148999	0.0400903	0.0412764	8.88152	14.0173	1.63003	2.82976	0.0200451	0.0196431	1.66886	2.25571	0	0	0	0
k107_30898785 flag=0 multi=18.0348 len=6368	6368	13.1545	0	0	0	0	0	0	0.0995714	0.25783	0.123475	0.149558	0.0994065	0.104501	9.63963	10.8251	1.73014	2.98697	0	0	1.46225	1.87807	0	0	0	0
k107_9477286 flag=0 multi=15.0177 len=15547	15547	14.1993	0	0	0	0	0	0	0.0697278	0.0778426	0.198098	0.312092	0.0890128	0.119504	10.4365	10.4182	1.52844	2.32897	0	0	1.87753	2.39276	0	0	0	0
k107_29828831 flag=0 multi=14.0000 len=8273	8273	13.071	0	0	0	0	0	0	0.0186928	0.0185891	0.0185673	0.01859	0.0757747	0.106676	10.2463	15.2405	1.65249	1.72345	0	0	1.05921	1.43895	0	0	0	0
k107_8250564 flag=0 multi=16.0612 len=3406	3406	11.6946	0	0	0	0	0	0	0	0	0	0	0	0	8.83763	9.63757	1.49742	1.22075	0	0	1.35954	1.69886	0	0	0	0
k107_27343453 flag=0 multi=47.6479 len=4487	4487	10.7685	0	0	0	0	0	0	0.0721625	0.0980469	0	0	0.0721625	0.0669758	8.03465	15.8223	1.44014	1.75667	0	0	1.14934	1.33817	0	0	0	0
k107_4714359 flag=0 multi=15.3699 len=7799	7799	13.0639	0	0	0	0	0	0	0.0402828	0.0584056	0	0	0.138455	0.263062	10.5334	14.5723	1.44431	2.10043	0	0	0.90743	1.03357	0	0	0	0
k107_30745111 flag=0 multi=14.0057 len=16226	16226	13.5605	0	0	0	0	0	0	0.0755463	0.0895786	0.12321	0.142215	0.0852801	0.0902564	10.413	17.4089	1.4389	1.77485	0.0375534	0.0474326	1.38703	1.91878	0	0	0	0
k107_14211856 flag=0 multi=10.0153 len=2848	2848	12.4639	0	0	0	0	0	0	0	0	0.35546	0.261532	0	0	9.42537	9.92759	1.09701	1.80218	0	0	1.58602	1.19213	0	0	0	0
k107_22996558 flag=0 multi=16.5418 len=19746	19746	13.0399	0	0	0	0	0	0	0.0465439	0.0474335	0.0776075	0.0999119	0.108517	0.178364	9.80272	12.9808	1.51342	1.89405	0.0155318	0.015294	1.47552	1.95427	0	0	0	0
k107_27359794 flag=0 multi=16.3411 len=2898	2898	12.0401	0	0	0	0	0	0	0.116333	0.151391	0.231895	0.261843	0	0	9.34977	10.4623	1.41217	2.06017	0	0	0.929892	0.719879	0	0	0	0
k107_5437722 flag=0 multi=15.0016 len=9095	9095	13.0805	0	0	0	0	0	0	0.0343455	0.0406839	0.132151	0.18817	0.100193	0.141072	9.8467	14.7817	1.51405	1.72144	0	0	1.45309	1.24799	0	0	0	0
k107_33644904 flag=0 multi=21.2122 len=15790	15790	13.6019	0	0	0	0	0	0	0.0582386	0.078191	0.0973657	0.109315	0.265108	0.572074	9.99154	11.6307	1.64489	2.42921	0	0	1.54481	2.28307	0	0	0	0
k107_22933222 flag=0 multi=17.2690 len=4207	4207	13.125	0	0	0	0	0	0	0	0	0.154674	0.191235	0.0773368	0.094428	10.1593	11.6822	1.24891	1.77664	0.0765685	0.094428	1.40819	1.6301	0	0	0	0
k107_16522363 flag=0 multi=14.0004 len=35367	35367	13.7809	0	0	0	0	0	0	0.0213888	0.0230671	0.116013	0.135082	0.116184	0.161958	10.2573	15.144	1.57488	2.3678	0	0	1.69511	2.15621	0	0	0	0
k107_28040493 flag=0 multi=43.0842 len=11252	11252	14.1925	0	0	0	0	0	0	0.0551598	0.0784336	0.0925114	0.112507	0.165114	0.217377	10.5528	12.0994	1.84749	3.18029	0	0	1.47945	2.60067	0	0	0	0
k107_15455223 flag=0 multi=13.4066 len=7588	7588	14.3018	0	0	0	0	0	0	0.0413121	0.0504421	0.0828987	0.163595	0.252539	0.328134	10.3827	20.0843	1.80538	3.09831	0	0	1.73703	2.27679	0	0	0	0
k107_3818140 flag=0 multi=36.9850 len=11901	11901	13.5375	0	0	0	0	0	0	0	0	0.0406069	0.0390428	0.0700922	0.0932305	10.0298	16.9381	1.70937	2.04275	0.0779378	0.146167	1.60962	2.40992	0	0	0	0
k107_12620378 flag=0 multi=23.0080 len=5506	5506	13.9222	0	0	0	0	0	0	0.0828209	0.0871285	0.173713	0.228388	0.116065	0.238286	10.4681	9.70021	1.80649	2.51421	0	0	1.27498	1.33514	0	0	0	0
k107_16844496 flag=0 multi=15.1318 len=6017	6017	9.57218	0	0	0	0	0	0	0.0502187	0.0687171	0.132108	0.124478	0.105512	0.188702	6.97708	8.00418	1.13368	1.63522	0	0	1.17358	1.1766	0	0	0	0
k107_22640342 flag=0 multi=18.0113 len=14933	14933	13.1297	0	0	0	0	0	0	0.030825	0.0300057	0.058916	0.071718	0.0412822	0.0497	9.71396	10.2842	1.63044	2.73615	0	0	1.6543	2.60382	0	0	0	0
k107_25548172 flag=0 multi=17.2481 len=7910	7910	11.9942	0	0	0	0	0	0	0.0395636	0.0407555	0.0793901	0.103336	0.0592797	0.0636243	8.90063	9.10993	1.26906	1.44475	0	0	1.60673	2.15762	0	0	0.0395636	0.0599501
k107_22392127 flag=0 multi=18.3079 len=4735	4735	14.6048	0	0	0	0	0	0	0.0627115	0.0587922	0.135349	0.14388	0.136251	0.236846	10.8274	10.0465	1.70156	2.3576	0	0	1.74148	2.86609	0	0	0	0
k107_34101656 flag=0 multi=19.0410 len=16301	16301	13.9541	0	0	0	0	0	0	0.0566285	0.0793049	0.0565035	0.0695657	0.188574	0.344555	10.3576	11.4138	1.63666	2.3153	0	0	1.65817	2.72749	0	0	0	0
k107_29972799 flag=0 multi=21.6375 len=11644	11644	12.8038	0	0	0	0	0	0	0.0266267	0.0414365	0.133133	0.16937	0.185858	0.201393	9.20473	13.0859	1.77923	2.10125	0	0	1.47425	2.09237	0	0	0	0
k107_7806737 flag=0 multi=21.7333 len=78476	78476	13.229	0	0	0	0	0	0	0.0520761	0.0777169	0.108015	0.176553	0.119631	0.172368	9.92449	12.4593	1.50315	2.10609	0.00766239	0.00830728	1.51393	2.12801	0	0	0	0
k107_21217987 flag=0 multi=13.0071 len=8024	8024	14.14	0	0	0	0	0	0	0	0	0.233359	0.348238	0.117327	0.12509	11.0717	16.2512	1.34343	1.81126	0	0	1.37413	1.2225	0	0	0	0
k107_11235912 flag=0 multi=13.0046 len=6607	6607	13.6535	0	0	0	0	0	0	0	0	0.167645	0.270255	0.095797	0.112331	10.7872	24.0318	1.49976	3.07458	0	0	1.10309	1.68543	0	0	0	0
k107_2933549 flag=0 multi=22.5316 len=13321	13321	13.4473	0	0	0	0	0	0	0.0794992	0.0924577	0.1156	0.176114	0.114755	0.154711	9.97565	15.4773	1.41724	2.13915	0.0231969	0.0238943	1.72133	2.15405	0	0	0	0
k107_7992316 flag=0 multi=17.6482 len=3396	3396	14.649	0	0	0	0	0	0	0	0	0.0976083	0.0945713	0	0	11.1752	13.3204	2.05721	2.5782	0.0976083	0.128842	1.2214	1.58831	0	0	0	0
k107_23589301 flag=0 multi=18.4413 len=6044	6044	11.6005	0	0	0	0	0	0	0	0	0.157785	0.19841	0.157785	0.23081	8.52177	8.44802	1.25409	1.39019	0	0	1.50906	1.41474	0	0	0	0
k107_29700880 flag=0 multi=11.0474 len=5102	5102	12.265	0	0	0	0	0	0	0	0	0	0	0	0	9.17625	10.8781	1.88771	2.97498	0	0	1.20104	1.89088	0	0	0	0
k107_13431823 flag=0 multi=21.4505 len=37322	37322	13.8563	0.0162075	0.0494273	0	0	0	0	0.0692058	0.102887	0.105889	0.224475	0.130362	0.183223	10.3266	13.1991	1.65689	2.43549	0.00815775	0.0113831	1.54306	2.29121	0	0	0	0
k107_5613746 flag=0 multi=22.0214 len=31090	31090	13.289	0	0	0	0	0	0	0.0587891	0.0742109	0.156684	0.217839	0.0702871	0.100535	9.91964	13.9784	1.46216	2.22776	0	0	1.62144	1.90545	0	0	0	0
k107_20412099 flag=0 multi=17.0006 len=10579	10579	13.2043	0	0	0	0	0	0	0	0	0.0765788	0.0711329	0.0921475	0.194042	9.99854	10.1075	1.8954	2.0561	0	0	1.14168	1.38567	0	0	0	0
k107_1311818 flag=0 multi=41.0007 len=10978	10978	13.1539	0	0	0	0	0	0	0.0847696	0.0979025	0.112776	0.161817	0.0565755	0.0947663	10.095	14.5213	1.57372	2.13351	0	0	1.23108	1.58089	0	0	0	0
k107_19746204 flag=0 multi=19.9665 len=74456	74456	13.5676	0	0	0	0	0	0	0.0244221	0.0327445	0.109812	0.180853	0.162567	0.256626	10.258	13.9606	1.5522	2.01096	0	0	1.46057	1.98317	0	0	0	0
k107_17486013 flag=0 multi=13.3341 len=2576	2576	12.9376	0	0	0	0	0	0	0	0	0	0	0	0	9.91865	12.3303	1.51451	1.4483	0	0	1.5044	2.57212	0	0	0	0
k107_18397949 flag=0 multi=18.3984 len=13246	13246	12.8684	0	0	0	0	0	0	0.0465853	0.0535999	0.111017	0.15747	0.0699938	0.0955388	9.60422	15.1457	1.71168	1.89729	0	0	1.32494	1.63792	0	0	0	0
k107_30986970 flag=0 multi=16.5046 len=2925	2925	14.2108	0	0	0	0	0	0	0	0	0.0434617	0.0624585	0.230271	0.282577	10.2993	8.07867	1.15021	1.3604	0	0	2.48761	2.78779	0	0	0	0
k107_12802676 flag=0 multi=12.1068 len=11914	11914	12.7996	0	0	0	0	0	0	0.0650189	0.0862833	0.134172	0.228228	0.181795	0.3479	9.33767	14.9188	1.45737	1.71938	0	0	1.62358	2.1258	0	0	0	0
k107_12760759 flag=0 multi=46.0552 len=23008	23008	12.3696	0	0	0	0	0	0	0.0399013	0.0914031	0.0463754	0.0604356	0.0664142	0.0860173	9.47516	11.9715	1.29763	1.83734	0	0	1.44411	1.8807	0	0	0	0
k107_9610296 flag=0 multi=91.8796 len=4235	4235	13.7318	0	0	0	0	0	0	0.153318	0.190548	0.245106	0.349864	0.0767862	0.0759942	9.0923	11.1889	2.00585	5.57827	0	0	2.1584	5.48802	0	0	0	0
k107_25248615 flag=0 multi=25.5314 len=2640	2640	13.4453	0	0	0	0	0	0	0.12917	0.147621	0.236955	0.3375	0.12917	0.211808	10.6151	13.2421	0.904192	0.825214	0	0	1.43071	1.54578	0	0	0	0
k107_32561554 flag=0 multi=11.2553 len=8408	8408	11.7053	0	0	0	0	0	0	0.0745127	0.111907	0.0372564	0.0622679	0.0372564	0.0625226	8.98162	11.0179	1.06674	1.52276	0.0372564	0.0523917	1.47064	2.2871	0	0	0	0
k107_32450043 flag=0 multi=45.3111 len=28670	28670	13.0027	0	0	0	0	0.0051819	0.00529636	0.0529822	0.0725292	0.0743443	0.120161	0.148865	0.190884	9.52996	12.1845	1.79311	2.19227	0	0	1.39827	2.02531	0	0	0	0
k107_12325856 flag=0 multi=70.0000 len=2957	2957	12.8576	0	0	0	0	0	0	0	0	0.341243	0.606947	0	0	9.51186	9.90113	1.53785	1.84589	0	0	1.46667	3.73989	0	0	0	0
k107_14754358 flag=0 multi=13.0056 len=3675	3675	14.866	0	0	0	0	0	0	0	0	0.358138	0.641553	0	0	11.0522	7.64374	1.80581	2.30929	0	0	1.64987	2.60852	0	0	0	0
k107_25794147 flag=0 multi=15.2463 len=12562	12562	12.8717	0	0	0	0	0	0	0.0163948	0.0244423	0.0984502	0.103032	0.113295	0.195215	9.54348	11.894	1.82716	2.46247	0	0	1.27292	1.99902	0	0	0	0
k107_14940790 flag=0 multi=34.0000 len=7989	7989	13.2483	0	0	0	0	0	0	0.0785742	0.0932215	0.0781839	0.100768	0.117861	0.138346	10.2109	10.4522	1.11682	1.53613	0	0	1.64603	2.2701	0	0	0	0
k107_22183725 flag=0 multi=17.9862 len=4095	4095	13.5523	0	0	0	0	0	0	0.159241	0.546376	0	0	0	0	9.56314	16.5898	1.77617	1.7286	0	0	2.05378	3.51186	0	0	0	0
k107_14013500 flag=0 multi=12.1664 len=19883	19883	14.6218	0	0	0	0	0	0	0	0	0.0753792	0.104712	0.121189	0.184364	11.1333	12.279	1.67591	2.18283	0	0	1.61601	2.39875	0	0	0	0
k107_14702464 flag=0 multi=40.0047 len=27079	27079	13.8041	0	0	0	0	0	0	0.06767	0.0884546	0.112559	0.235686	0.129477	0.177501	10.413	12.2924	1.695	2.05515	0.0112783	0.01115	1.37517	2.03228	0	0	0	0
k107_31635632 flag=0 multi=36.9534 len=39684	39684	12.9903	0	0	0	0	0.00373267	0.00381993	0.0689655	0.108802	0.0689655	0.0857953	0.164669	0.255623	9.76489	11.4317	1.59476	2.2185	0	0	1.32429	2.08142	0	0	0	0
k107_28525238 flag=0 multi=29.3864 len=40768	40768	13.633	0.0149261	0.0182578	0	0	0	0	0.0372164	0.0672264	0.0969703	0.132685	0.156403	0.195695	10.186	13.2283	1.7315	2.78576	0.00746306	0.00740965	1.40249	2.37257	0	0	0	0
k107_13851709 flag=0 multi=14.3227 len=7511	7511	14.5429	0	0	0	0	0	0	0.0837842	0.0784393	0.125676	0.168174	0.0418921	0.058459	11.6439	19.607	1.19032	1.18439	0	0	1.45735	1.20188	0	0	0	0
k107_34554849 flag=0 multi=21.0378 len=15074	15074	13.6696	0	0	0	0	0	0	0.0228134	0.0401767	0.112307	0.143563	0.0817763	0.132658	10.0414	12.9489	1.32101	1.71667	0	0	2.09037	3.37723	0	0	0	0
k107_14225224 flag=0 multi=48.0829 len=18327	18327	13.6586	0	0	0	0	0	0	0.0502635	0.0617289	0.11706	0.14657	0.117282	0.140611	10.2549	10.352	1.64832	2.05531	0.0163662	0.0164709	1.45437	1.74533	0	0	0	0
k107_24510997 flag=0 multi=13.0099 len=7192	7192	13.9405	0	0	0	0	0	0	0	0	0.306821	0.489723	0.0438316	0.0607879	10.4035	12.7984	1.66401	1.26257	0	0	1.52235	1.77866	0	0	0	0
k107_18363760 flag=0 multi=27.0527 len=3789	3789	13.2839	0	0	0	0	0	0	0	0	0.0866074	0.0906088	0.0866074	0.113557	10.3972	12.3897	1.76312	3.25353	0	0	0.950387	1.19199	0	0	0	0
k107_27195999 flag=0 multi=46.9962 len=15576	15576	14.0289	0	0	0	0	0	0	0.0789577	0.0907634	0.059251	0.0729682	0.157784	0.253988	10.6467	10.3092	1.40291	1.65875	0	0	1.68332	2.25706	0	0	0	0
k107_8255397 flag=0 multi=51.8535 len=16942	16942	12.7165	0	0	0	0	0	0	0.0270433	0.0279876	0.108714	0.14223	0.0540264	0.0733576	9.7747	12.075	1.45925	1.81664	0.0180889	0.0240741	1.27464	1.85929	0	0	0	0
k107_24238851 flag=0 multi=13.1276 len=10365	10365	13.6113	0	0	0	0	0	0	0.0900328	0.111353	0.0393521	0.0463349	0.150055	0.210831	9.99732	13.7379	1.71857	3.46824	0	0	1.61602	2.1187	0	0	0	0
k107_11232978 flag=0 multi=13.0386 len=18054	18054	13.6526	0	0	0	0	0	0	0.0425304	0.0614631	0.0849482	0.124035	0.11886	0.151768	9.98676	13.711	1.78628	2.79764	0	0	1.63322	2.23244	0	0	0	0
k107_9700374 flag=0 multi=22.0013 len=17236	17236	13.3622	0	0	0	0	0	0	0	0	0.0343687	0.0375633	0.0987953	0.224878	10.2681	12.443	1.4791	2.12186	0	0	1.48181	2.00351	0	0	0	0
k107_13333265 flag=0 multi=33.9967 len=12274	12274	13.6539	0	0	0	0	0	0	0.0497828	0.0575953	0.10984	0.11157	0.0756766	0.18331	10.0211	16.4441	1.71099	2.47737	0	0	1.68652	2.0777	0	0	0	0
k107_26843284 flag=0 multi=15.0000 len=9604	9604	12.2326	0	0	0	0	0	0	0.0648248	0.0802868	0.0649323	0.0811458	0.162223	0.238147	8.73973	8.34939	1.44324	1.63949	0	0	1.75769	2.00786	0	0	0	0
k107_4162448 flag=0 multi=12.4473 len=5148	5148	12.5968	0	0	0	0	0	0	0.00123813	0.00123675	0	0	0.124639	0.14752	9.34688	14.6429	1.50681	2.71307	0	0	1.61721	1.99072	0	0	0	0
k107_18541835 flag=0 multi=20.0047 len=11096	11096	13.706	0	0	0	0	0	0	0.0279785	0.0290585	0.192329	0.232288	0.111451	0.138311	10.2248	13.5924	1.76524	2.48938	0	0	1.38419	2.11494	0	0	0	0
k107_15030125 flag=0 multi=17.0936 len=9063	9063	13.257	0	0	0	0	0	0	0.0344709	0.0517801	0.172355	0.212952	0.239813	0.271378	9.76886	14.111	1.65735	2.6041	0	0	1.3842	1.57571	0	0	0	0
k107_35116243 flag=0 multi=16.0235 len=9392	9392	14.3129	0	0	0	0	0	0	0	0	0.132563	0.20328	0.0664466	0.212989	10.3836	11.1652	2.09164	3.24339	0	0	1.63861	1.73167	0	0	0	0
k107_21881000 flag=0 multi=21.0334 len=21872	21872	14.1579	0	0	0	0	0	0	0.0280019	0.0383537	0.118637	0.204528	0.181641	0.278146	10.418	15.3129	1.67561	2.15947	0.0140009	0.0144522	1.72193	2.1386	0	0	0	0
k107_17277009 flag=0 multi=13.0153 len=5452	5452	14.154	0	0	0	0	0	0	0	0	0.0586408	0.0552182	0	0	11.0361	13.4528	1.74117	2.89697	0	0	1.31806	1.61055	0	0	0	0
k107_35711098 flag=0 multi=23.8911 len=96885	96885	13.5255	0	0	0	0	0	0	0.0546162	0.0785367	0.122454	0.17766	0.156114	0.208579	10.001	14.4265	1.7045	2.55707	0.00625369	0.00899154	1.48056	2.16384	0	0	0	0
k107_33471459 flag=0 multi=40.5385 len=10451	10451	13.8726	0	0	0	0	0	0	0.0297566	0.0424725	0.0592177	0.101896	0.0886787	0.104169	9.98088	14.1404	1.92748	2.47521	0	0	1.78658	2.82531	0	0	0	0
k107_34075831 flag=0 multi=35.0876 len=3750	3750	12.9597	0	0	0	0	0	0	0	0	0.261601	0.307498	0.261891	0.284283	10.0232	12.3197	1.04553	1.85729	0	0	1.36746	1.86621	0	0	0	0
k107_23497531 flag=0 multi=12.6521 len=6287	6287	13.9833	0	0	0	0	0	0	0.0504595	0.0609508	0.151378	0.34976	0.100919	0.151586	10.3063	9.18869	1.69073	2.93232	0	0	1.68354	1.84969	0	0	0	0
k107_14622944 flag=0 multi=18.1890 len=3240	3240	11.8291	0	0	0	0	0	0	0.236215	0.180473	0.201838	0.199696	0	0	8.10619	6.40763	1.64636	2.24875	0.102791	0.141283	1.53574	1.9707	0	0	0	0
k107_4210742 flag=0 multi=13.4797 len=8051	8051	12.7693	0	0	0	0	0	0	0.116789	0.143532	0.155633	0.202328	0.0776874	0.119639	9.3514	12.5798	1.5282	2.22242	0	0	1.53955	1.81953	0	0	0	0
k107_9327453 flag=0 multi=16.0002 len=39520	39520	13.0262	0	0	0	0	0	0	0.0693049	0.0935119	0.0999286	0.123045	0.0921771	0.1426	9.8864	12.6389	1.35451	2.12623	0	0	1.52387	1.97928	0	0	0	0
k107_16582923 flag=0 multi=19.9117 len=16861	16861	13.2631	0.0182378	0.0302296	0	0	0	0	0.0364756	0.0414402	0.163959	0.311232	0.0819494	0.0882559	9.46066	11.6337	1.74449	2.0214	0	0	1.75735	2.66191	0	0	0	0
k107_31374266 flag=0 multi=28.0627 len=3488	3488	14.0665	0	0	0	0	0	0	0	0	0	0	0.110483	0.0990444	11.6359	7.73332	0.85091	0.727549	0	0	1.46924	1.91288	0	0	0	0
k107_22083706 flag=0 multi=12.2084 len=6048	6048	13.0077	0	0	0	0	0	0	0.0525583	0.0557353	0.105117	0.129243	0.332057	0.360444	9.85747	17.2746	1.42482	2.16549	0	0	1.23564	1.65783	0	0	0	0
k107_14948750 flag=0 multi=21.0000 len=7067	7067	12.1907	0	0	0	0	0	0	0	0	0.0889874	0.0987719	0.0889874	0.191894	9.2643	14.7465	1.26534	1.88055	0	0	1.48307	1.78106	0	0	0	0
k107_13473764 flag=0 multi=12.5365 len=7572	7572	14.3062	0	0	0	0	0	0	0	0	0.196286	0.273511	0.162586	0.276232	10.7741	19.7276	1.71472	3.20697	0	0	1.45846	2.08038	0	0	0	0
k107_27971659 flag=0 multi=19.0000 len=6899	6899	13.5994	0	0	0	0	0	0	0.0912536	0.08318	0	0	0.045172	0.0728047	10.7623	9.29405	1.51584	1.7522	0	0	1.18478	0.951091	0	0	0	0
k107_1617087 flag=0 multi=11.1995 len=5567	5567	12.8526	0	0	0	0	0	0	0.11453	0.143371	0.17208	0.194543	0.0573599	0.0681401	9.85223	12.3926	1.46591	2.0396	0	0	1.1905	0.953281	0	0	0	0
k107_33579985 flag=0 multi=14.0004 len=13890	13890	13.4073	0	0	0	0	0	0	0.044451	0.057051	0.132838	0.247494	0.111127	0.136166	10.4824	14.7316	1.32028	1.58297	0	0	1.31623	1.72914	0	0	0	0
k107_7636308 flag=0 multi=12.0280 len=7818	7818	13.7211	0	0	0	0	0	0	0	0	0.120277	0.252663	0.120543	0.208486	10.7861	14.5862	1.28832	1.84672	0	0	1.40593	1.78026	0	0	0	0
k107_6516411 flag=0 multi=67.5832 len=12616	12616	12.6764	0	0	0	0	0	0	0.0245249	0.0377336	0.013643	0.013455	0.110119	0.199573	9.3142	14.3377	1.89094	2.07736	0	0	1.32297	1.73481	0	0	0	0
k107_30104237 flag=0 multi=14.0672 len=9659	9659	13.6967	0	0	0	0	0	0	0	0	0.128781	0.292001	0.24666	0.462608	10.505	11.0541	1.66357	2.5207	0	0	1.15272	1.21143	0	0	0	0
k107_18553567 flag=0 multi=26.0266 len=11382	11382	13.453	0	0	0	0	0	0	0.0272563	0.0265109	0.0943141	0.0983286	0.0825812	0.100396	10.0235	12.3714	1.57175	3.77466	0.0406137	0.040121	1.613	2.30626	0	0	0	0
k107_32063440 flag=0 multi=13.0000 len=14594	14594	14.8448	0	0	0	0	0	0	0.105654	0.170345	0.147705	0.163115	0.0633221	0.066524	11.145	18.5761	1.93521	2.5516	0	0	1.44794	1.98373	0	0	0	0
k107_18276711 flag=0 multi=40.8974 len=4951	4951	12.5769	0	0	0	0	0	0	0.0649602	0.0977562	0.0647451	0.0848428	0.0649602	0.0822609	9.10303	9.09975	1.66616	1.50657	0.0649602	0.0835513	1.54807	1.86706	0	0	0	0
k107_31038729 flag=0 multi=17.9935 len=17688	17688	12.9301	0	0	0	0	0	0	0.0173703	0.0196038	0.0770735	0.093455	0.138905	0.191314	9.15518	11.4622	1.96934	2.74747	0	0	1.57224	2.60232	0	0	0	0
k107_3334421 flag=0 multi=36.0000 len=10323	10323	13.5698	0	0	0	0	0	0	0	0	0.0742441	0.0748614	0.0904101	0.118775	10.1674	18.5246	1.6195	2.17375	0	0	1.6182	2.34794	0	0	0	0
k107_12862702 flag=0 multi=51.5482 len=12578	12578	12.8723	0	0	0	0	0	0	0.0491202	0.178762	0.123004	0.224545	0.166504	0.313403	9.75472	14.8687	1.50701	1.93364	0	0	1.27191	1.24027	0	0	0	0
k107_6181761 flag=0 multi=31.1469 len=51034	51034	13.9305	0	0	0	0	0	0	0.0564141	0.0734655	0.100922	0.136612	0.124793	0.202424	10.6228	15.4043	1.57205	2.27497	0.011886	0.0144922	1.44163	1.74984	0	0	0	0
k107_34634984 flag=0 multi=12.0134 len=7118	7118	12.3016	0	0	0	0	0	0	0.132776	0.168683	0.220657	0.331841	0.0878815	0.128771	9.01012	14.5765	1.55443	1.6373	0	0	1.29577	1.39546	0	0	0	0
k107_1009125 flag=0 multi=117.8126 len=6349	6349	13.961	0	0	0	0	0	0	0.0990574	0.144828	0.0998842	0.123327	0.129155	0.180967	9.78998	8.73561	2.12767	2.90736	0	0	1.71523	2.29433	0	0	0	0
k107_558529 flag=0 multi=22.0000 len=3139	3139	14.9944	0	0	0	0	0	0	0	0	0.212901	0.24803	0.212901	0.55832	11.2464	20.4774	0.988368	0.742831	0	0	2.3338	3.70603	0	0	0	0
k107_4735969 flag=0 multi=13.3239 len=8430	8430	13.3701	0	0	0	0	0	0	0.074311	0.0990635	0.185778	0.390962	0.0371555	0.0554661	10.2835	15.0717	1.60212	1.98144	0	0	1.18725	1.7903	0	0	0	0
k107_18767149 flag=0 multi=14.2493 len=2815	2815	10.3394	0	0	0	0	0	0	0	0	0.120175	0.105774	0.120175	0.108163	8.11222	4.16868	1.02587	1.32496	0	0	0.961003	2.28155	0	0	0	0
k107_25874205 flag=0 multi=14.2024 len=7889	7889	15.2125	0	0	0	0	0	0	0.0794781	0.109146	0.0793462	0.0790875	0.0794781	0.0946435	11.6383	13.6071	2.07579	3.51329	0	0	1.26005	2.31163	0	0	0	0
k107_4636330 flag=0 multi=35.6639 len=3600	3600	13.557	0	0	0	0	0	0	0.0915706	0.125068	0.182232	0.211527	0.362038	0.448143	9.57702	13.092	1.55428	1.9866	0	0	1.78987	4.29268	0	0	0	0
k107_24222291 flag=0 multi=22.0176 len=2716	2716	12.9213	0	0	0	0	0	0	0.125104	0.215588	0.500414	0.641309	0.249793	0.332739	9.86205	10.3933	1.58036	2.57844	0	0	0.603563	1.00843	0	0	0	0
k107_3534668 flag=1 multi=18.0000 len=4004	4004	14.8603	0	0	0	0	0	0	0.0815775	0.107365	0.163155	0.220871	0	0	11.7812	14.6847	1.46623	3.00619	0	0	1.36818	1.36224	0	0	0	0
k107_7049115 flag=0 multi=15.0301 len=4618	4618	15.5941	0	0	0	0	0	0	0.0699722	0.0771404	0.209917	0.264154	0.279425	0.732312	11.3038	14.9112	1.7456	1.96112	0	0	1.9854	1.89468	0	0	0	0
k107_6175535 flag=0 multi=27.7861 len=40331	40331	14.0229	0.00754453	0.0107359	0	0	0	0	0.0892603	0.153064	0.0828649	0.100611	0.120463	0.161456	10.4215	13.7042	1.63816	2.25494	0	0	1.66307	2.66652	0	0	0	0
k107_9115434 flag=0 multi=13.3854 len=13251	13251	14.2932	0	0	0	0	0	0	0.0699668	0.0922545	0.0932118	0.205097	0.161248	0.204765	10.2992	12.5559	1.82416	3.30567	0.0233223	0.0295815	1.82215	2.71962	0	0	0	0
k107_28375409 flag=0 multi=19.0009 len=32227	32227	13.926	0	0	0	0	0	0	0.0661551	0.0749995	0.179702	0.243631	0.128802	0.167591	10.2334	12.0776	1.59511	2.32221	0	0	1.72285	2.34122	0	0	0	0
k107_19888485 flag=0 multi=35.8671 len=18223	18223	13.0865	0	0	0	0	0	0	0	0	0.0628313	0.0888816	0.10111	0.125504	10.2385	14.6785	1.31192	1.70732	0	0	1.37208	1.94588	0	0	0	0
k107_17416072 flag=0 multi=17.4405 len=4833	4833	14.6862	0	0	0	0	0	0	0.066652	0.0913733	0.066652	0.107266	0.133304	0.180897	10.8671	10.3379	2.05782	2.0192	0	0	1.49459	2.23506	0	0	0	0
