contigName	contigLen	totalAvgDepth	Cen01_MA.bam	Cen01_MA.bam-var	Cen03_MA.bam	Cen03_MA.bam-var	Cen04_MA.bam	Cen04_MA.bam-var	Cen05_MA.bam	Cen05_MA.bam-var	Cen06_MA.bam	Cen06_MA.bam-var	Cen07_MA.bam	Cen07_MA.bam-var	Cen10_MA.bam	Cen10_MA.bam-var	Cen12_MA.bam	Cen12_MA.bam-var	Cen14_MA.bam	Cen14_MA.bam-var	Cen15_MA.bam	Cen15_MA.bam-var	Cen16_MA.bam	Cen16_MA.bam-var	Cen17_MA.bam	Cen17_MA.bam-var
k107_30961065 flag=0 multi=59.3766 len=17021	17021	34.0979	0.0722531	0.0944441	0.0361266	0.0867763	0.5288	0.873274	0.10826	0.216734	0.0361266	0.0526431	0.0361266	0.0606579	1.62635	1.88196	0	0	31.6268	42.9485	0.0270351	0.0286337	0	0	0	0
k107_26681335 flag=0 multi=36.3687 len=6337	6337	43.3135	0	0	0	0	0	0	0	0	0	0	0	0	0.345982	0.419604	0.100083	0.123888	40.8063	89.1797	2.06114	1.90307	0	0	0	0
k107_27509533 flag=0 multi=44.1137 len=4330	4330	46.0822	0	0	0	0	0	0	0	0	0.0749752	0.122013	0	0	0.893247	1.03052	0.260675	0.413782	42.7912	43.5025	2.06207	1.57792	0	0	0	0
k107_5399012 flag=0 multi=196.2251 len=2897	2897	36.2085	0	0	0	0	0	0	0	0	0	0	0	0	0	0	0	0	36.2085	44.1189	0	0	0	0	0	0
k107_1304601 flag=0 multi=37.2819 len=7270	7270	42.3819	0.043341	0.0604187	0	0	0	0	0	0	0	0	0	0	0	0	0	0	42.3385	58.6788	0	0	0	0	0	0
k107_11428724 flag=0 multi=41.0603 len=11026	11026	43.1158	0	0	0	0	0	0	0	0	0	0	0	0	0	0	0	0	43.1158	44.9512	0	0	0	0	0	0
k107_8775634 flag=0 multi=34.2469 len=7511	7511	40.8224	0.0497989	0.11919	0	0	0.00124844	0.00124705	0.221529	2.27045	0	0	0.00693577	0.00702541	0	0	0	0	40.5429	72.9694	0	0	0	0	0	0
k107_31851064 flag=0 multi=34.3721 len=10503	10503	41.7105	0	0	0	0	0	0	0	0	0.148025	0.216732	0	0	0.515048	0.509413	0.603274	0.885758	38.6428	38.9106	1.80139	2.9627	0	0	0	0
k107_18671296 flag=0 multi=40.1172 len=44808	44808	40.7469	0	0	0	0	0.00330293	0.00338349	0	0	0	0	0	0	0	0	0	0	40.7436	63.2898	0	0	0	0	0	0
k107_2132506 flag=0 multi=46.0000 len=73904	73904	38.3223	0	0	0	0	0.00410315	0.00408715	0.00199723	0.00204693	0	0	0	0	0	0	0	0	38.3162	51.0443	0	0	0	0	0	0
k107_14528119 flag=0 multi=40.1572 len=21147	21147	38.9748	0	0	0	0	0	0	0	0	0	0	0	0	0.0144879	0.0189823	0	0	38.9316	54.662	0	0	0.02864	0.0318913	0	0
k107_11450133 flag=0 multi=36.1686 len=4645	4645	43.3194	0	0	0	0	0	0	0	0	0	0	0	0	0	0	0	0	43.2855	50.6761	0	0	0.0338476	0.0335665	0	0
k107_11264385 flag=0 multi=28.0327 len=15812	15812	31.1496	0	0	0.0289491	0.0337734	0.0194713	0.0350739	0.194133	0.228358	0.144681	0.206604	0	0	0.640877	0.804805	0.0194713	0.0190881	29.9952	49.2296	0.087363	0.0989168	0.0194713	0.0245059	0	0
k107_21325784 flag=0 multi=35.5605 len=5281	5281	41.9114	0	0	0	0	0	0	0	0	0	0	0	0	0	0	0	0	41.9114	70.8073	0	0	0	0	0	0
k107_10331489 flag=0 multi=32.3059 len=20673	20673	40.0288	0	0	0	0	0	0	0	0	0	0	0	0	0	0	0.0146286	0.0146003	40.0142	61.0184	0	0	0	0	0	0
k107_22494434 flag=0 multi=30.1812 len=3589	3589	34.6407	0	0	0.183754	0.180463	0	0	0	0	0	0	0	0	0	0	0	0	34.457	66.4659	0	0	0	0	0	0
k107_25444293 flag=0 multi=31.2307 len=17968	17968	41.3062	0	0	0	0	0	0	0	0	0	0	0	0	0	0	0	0	41.3062	50.7161	0	0	0	0	0	0
k107_9422160 flag=0 multi=49.6834 len=8582	8582	40.6714	0	0	0	0	0	0	0	0	0	0	0	0	0	0	0.0181159	0.0179091	40.6533	66.3821	0	0	0	0	0	0
k107_5959926 flag=0 multi=34.9982 len=54010	54010	40.6979	0	0	0	0	0	0	0.005623	0.00652152	0	0	0	0	0	0	0.00560438	0.00607488	40.6866	62.2403	0	0	0	0	0	0
k107_16806427 flag=0 multi=63.9981 len=27095	27095	40.3634	0	0	0	0	0	0	0	0	0	0	0	0	0	0	0	0	40.3634	57.6283	0	0	0	0	0	0
k107_17004766 flag=0 multi=35.9735 len=5205	5205	40.5028	0	0	0	0	0.061391	0.087998	0	0	0	0	0	0	0	0	0	0	40.4414	80.4373	0	0	0	0	0	0
k107_20834091 flag=0 multi=33.0032 len=31681	31681	40.959	0	0	0	0	0	0	0	0	0	0	0	0	0	0	0	0	40.959	56.1508	0	0	0	0	0	0
k107_4957568 flag=0 multi=33.1306 len=19689	19689	39.8191	0	0	0	0	0	0	0	0	0	0	0	0	0	0	0	0	39.8191	57.4534	0	0	0	0	0	0
k107_3914999 flag=0 multi=33.9984 len=30567	30567	39.1213	0	0	0	0	0	0	0	0	0	0	0	0	0	0	0	0	39.1213	50.2737	0	0	0	0	0	0
k107_11963574 flag=0 multi=34.1812 len=3153	3153	40.6289	0	0	0	0	0	0	0	0	0	0	0	0	0	0	0	0	40.6289	43.2517	0	0	0	0	0	0
k107_29430145 flag=0 multi=37.7545 len=17040	17040	38.6661	0	0	0	0	0	0	0	0	0	0	0	0	0	0	0.0179233	0.0177237	38.6482	45.3262	0	0	0	0	0	0
k107_22736158 flag=0 multi=39.7304 len=19684	19684	38.9002	0	0	0	0	0	0	0	0	0	0	0	0	0	0	0	0	38.9002	58.8293	0	0	0	0	0	0
k107_5751702 flag=0 multi=36.6457 len=36394	36394	41.6123	0.0083675	0.0147196	0	0	0	0	0	0	0	0	0	0	0	0	0.0166519	0.0192294	41.5872	51.1663	0	0	0	0	0	0
k107_25449353 flag=0 multi=37.1838 len=8256	8256	39.5074	0	0	0	0	0	0	0	0	0	0	0	0	0	0	0	0	39.5074	61.5283	0	0	0	0	0	0
k107_22247971 flag=0 multi=33.1476 len=17869	17869	39.8279	0	0	0	0	0	0	0	0	0	0	0	0	0	0	0	0	39.8279	65.6604	0	0	0	0	0	0
k107_19583028 flag=0 multi=58.9970 len=74093	74093	39.0512	0	0	0	0	0	0	0	0	0.00199211	0.00203922	0	0	0	0	0	0	39.0492	58.6045	0	0	0	0	0	0
k107_23910394 flag=0 multi=34.9915 len=21692	21692	40.3161	0	0	0	0	0	0	0	0	0	0	0	0	0	0	0	0	40.3161	57.1185	0	0	0	0	0	0
k107_25094418 flag=0 multi=33.0467 len=26958	26958	39.1314	0	0	0	0	0	0	0	0	0	0	0	0	0	0	0	0	39.1314	59.8792	0	0	0	0	0	0
k107_29573965 flag=0 multi=33.1421 len=5090	5090	37.1019	0	0	0	0	0.0614035	0.090435	0	0	0	0	0	0	0	0	0	0	37.0405	46.0961	0	0	0	0	0	0
k107_34890964 flag=0 multi=53.0349 len=8479	8479	36.7538	0	0	0	0	0	0	0.0369329	0.0448722	0	0	0	0	0	0	0	0	36.7169	38.8547	0	0	0	0	0	0
k107_16154951 flag=0 multi=33.1629 len=32320	32320	40.6385	0	0	0	0	0	0	0.00943219	0.0159051	0	0	0	0	0	0	0	0	40.6291	65.1275	0	0	0	0	0	0
k107_14248979 flag=0 multi=32.1956 len=4391	4391	40.4874	0	0	0	0	0	0	0	0	0	0	0	0	1.17902	1.35913	0.699682	0.864477	37.2328	54.7214	1.37589	1.9819	0	0	0	0
k107_35022667 flag=0 multi=64.0238 len=10969	10969	43.8766	0	0	0	0	0	0	0	0	0	0	0	0	0.577482	1.59554	0.154308	0.167633	40.7645	54.8018	2.38033	3.27704	0	0	0	0
k107_31828814 flag=0 multi=33.0156 len=9987	9987	37.9562	0	0	0	0	0	0	0	0	0	0	0	0	0	0	0	0	37.9562	52.1825	0	0	0	0	0	0
k107_33974905 flag=0 multi=45.2167 len=5622	5622	41.2547	0.0281955	0.0275832	0.0565789	0.0772487	0.0567669	0.109582	0.113158	0.307498	0	0	0.0565789	0.0535589	0.112594	0.125326	0	0	40.8308	70.9983	0	0	0	0	0	0
k107_20822667 flag=0 multi=40.0137 len=11369	11369	39.627	0	0	0	0	0	0	0	0	0	0	0	0	0	0	0	0	39.627	54.0664	0	0	0	0	0	0
k107_34938676 flag=0 multi=46.0720 len=59576	59576	39.9143	0	0	0	0	0	0	0	0	0	0	0	0	0	0	0	0	39.9143	56.7871	0	0	0	0	0	0
k107_34503751 flag=0 multi=64.4664 len=3068	3068	40.4826	0	0	0	0	0	0	0	0	0	0	0	0	0	0	0	0	40.4291	76.1105	0	0	0.0535069	0.0516285	0	0
k107_32648698 flag=0 multi=41.0000 len=47619	47619	39.5733	0	0	0	0	0	0	0	0	0	0	0	0	0	0	0	0	39.5733	59.2523	0	0	0	0	0	0
k107_35602443 flag=0 multi=37.4339 len=6586	6586	39.4543	0.0477403	0.0645396	0	0	0	0	0.119828	0.140127	0.0120942	0.0124177	0.0961171	0.114251	0.0480586	0.0457626	0	0	39.1305	57.161	0	0	0	0	0	0
k107_16176041 flag=0 multi=40.9718 len=7947	7947	43.4158	0	0	0	0	0	0	0	0	0	0	0	0	0	0	0	0	43.4158	49.2899	0	0	0	0	0	0
k107_7096858 flag=0 multi=52.0029 len=44883	44883	39.7418	0	0	0	0	0	0	0	0	0	0	0	0	0	0	0.00336466	0.00337884	39.7384	61.4221	0	0	0	0	0	0
k107_17727861 flag=0 multi=34.1632 len=8222	8222	41.267	0	0	0	0	0	0	0	0	0	0	0	0	0	0	0	0	41.267	59.7857	0	0	0	0	0	0
k107_25485743 flag=0 multi=32.0022 len=25386	25386	40.0878	0	0	0	0	0	0	0	0	0	0	0	0	0	0	0.00601977	0.00598121	40.0818	61.8657	0	0	0	0	0	0
k107_35693714 flag=0 multi=35.0069 len=29214	29214	42.3303	0	0	0	0	0	0	0	0	0.0208564	0.0320687	0	0	0.730389	0.924324	0.331731	0.464972	39.378	59.7457	1.85888	2.88803	0.0104455	0.0129738	0	0
k107_12786977 flag=0 multi=36.5965 len=8956	8956	39.7993	0.0352438	0.0406855	0	0	0	0	0.12838	0.259527	0	0	0	0	0	0	0.0169864	0.0171468	39.6187	34.3909	0	0	0	0	0	0
k107_23558899 flag=0 multi=33.2756 len=3206	3206	42.7466	0	0	0	0	0	0	0	0	0	0	0	0	0	0	0	0	42.7466	77.6389	0	0	0	0	0	0
k107_21005324 flag=0 multi=34.0119 len=12508	12508	40.7631	0	0	0	0	0	0	0	0	0	0	0	0	0	0	0	0	40.7631	52.5152	0	0	0	0	0	0
k107_19901071 flag=0 multi=50.6830 len=6259	6259	39.9206	0	0	0	0	0	0	0	0	0	0	0	0	0	0	0	0	39.9206	55.054	0	0	0	0	0	0
k107_23831107 flag=0 multi=38.0919 len=117642	117642	40.0088	0	0	0	0	0	0	0.0025652	0.00297243	0	0	0	0	0	0	0.00384353	0.00503558	40.0024	57.6544	0	0	0	0	0	0
k107_34051328 flag=0 multi=42.4470 len=2738	2738	45.7319	0	0	0	0	0	0	0	0	0.0525452	0.0580191	0	0	0.432266	0.620537	1.47701	1.68311	41.7348	76.9574	2.0353	1.20782	0	0	0	0
k107_31006325 flag=0 multi=129.7291 len=6020	6020	41.1864	0.116299	0.166721	0.078524	0.139787	0.129416	0.284996	0.533578	1.78791	0.00612102	0.00625736	0.0515915	0.0790683	0	0	0	0	40.2709	80.2757	0	0	0	0	0	0
k107_28516025 flag=0 multi=40.6898 len=7656	7656	31.4044	0	0	0	0	0.00367147	0.00365849	0.00285559	0.00284782	0.0410661	0.042374	0	0	0.797253	1.17655	0	0	30.4777	46.5417	0.0818602	0.0925539	0	0	0	0
k107_32864109 flag=0 multi=34.0000 len=11146	11146	42.471	0	0	0	0	0	0	0	0	0	0	0	0	0	0	0.0139248	0.0137352	42.4571	61.0272	0	0	0	0	0	0
k107_14783899 flag=0 multi=31.0321 len=13478	13478	38.4493	0	0	0	0	0	0	0	0	0	0	0	0	0	0	0	0	38.4493	57.9808	0	0	0	0	0	0
k107_34147043 flag=0 multi=33.2934 len=5141	5141	39.9062	0	0	0	0	0	0	0	0	0	0	0	0	0	0	0	0	39.9062	40.512	0	0	0	0	0	0
k107_32170277 flag=0 multi=40.0193 len=22589	22589	38.5776	0	0	0	0	0	0	0	0	0	0	0	0	0	0	0	0	38.5776	56.7007	0	0	0	0	0	0
k107_30763132 flag=0 multi=31.2176 len=8118	8118	39.4757	0	0	0	0	0	0	0	0	0	0	0	0	0	0	0.0190635	0.0189449	39.4566	44.0668	0	0	0	0	0	0
k107_33552894 flag=0 multi=29.1177 len=7277	7277	38.2036	0	0	0	0	0	0	0	0	0	0	0	0	0	0	0	0	38.2036	64.8991	0	0	0	0	0	0
k107_29464644 flag=0 multi=33.6032 len=5493	5493	40.0865	0	0	0	0	0.128106	0.458909	0	0	0	0	0	0	0	0	0	0	39.9214	58.0655	0	0	0.0369871	0.0719769	0	0
k107_25148941 flag=0 multi=29.9883 len=12899	12899	37.903	0	0	0	0	0	0	0	0	0	0	0	0	0	0	0	0	37.903	63.035	0	0	0	0	0	0
k107_14788261 flag=0 multi=47.9985 len=3450	3450	37.5041	0.0476493	0.0456831	0	0	0	0	0.0943456	0.0981993	0	0	0	0	0.0949809	0.086763	0	0	37.2672	36.59	0	0	0	0	0	0
k107_22958045 flag=0 multi=41.2111 len=48781	48781	38.1889	0	0	0	0	0	0	0	0	0	0	0	0	0	0	0	0	38.1889	66.7447	0	0	0	0	0	0
k107_21129101 flag=0 multi=32.1932 len=28594	28594	41.47	0	0	0	0	0	0	0	0	0	0	0	0	0	0	0	0	41.47	66.2014	0	0	0	0	0	0
k107_32194771 flag=0 multi=38.0161 len=58443	58443	38.0856	0	0	0	0	0	0	0	0	0	0	0	0	0	0	0.00259713	0.00258848	38.083	56.0391	0	0	0	0	0	0
k107_25286622 flag=0 multi=50.0438 len=78351	78351	40.0208	0.00385655	0.0062248	0	0	0.0115056	0.0154082	0.00386936	0.00576296	0.00188343	0.00193045	0	0	0	0	0	0	39.9958	57.1906	0.00385655	0.00384998	0	0	0	0
k107_7338380 flag=0 multi=32.9962 len=105157	105157	39.3314	0	0	0	0	0.00288017	0.00532802	0.00142101	0.00143601	0	0	0	0	0	0	0.00285156	0.00437566	39.3243	61.7439	0	0	0	0	0	0
k107_15316069 flag=0 multi=31.2501 len=17026	17026	39.4319	0	0	0	0	0	0	0	0	0	0	0	0	0	0	0	0	39.4319	66.1352	0	0	0	0	0	0
k107_282521 flag=0 multi=31.9713 len=2652	2652	42.3311	0	0	0	0	0	0	0	0	0	0	0	0	0.385106	0.394506	0.192766	0.236567	39.8234	42.4545	1.92979	3.14676	0	0	0	0
k107_963209 flag=0 multi=43.9972 len=35829	35829	38.9219	0	0	0	0	0	0	0	0	0	0	0	0	0	0	0.016973	0.0204747	38.9049	55.2645	0	0	0	0	0	0
k107_6543617 flag=0 multi=30.0647 len=2719	2719	38.2586	0	0	0	0	0	0	0	0	0	0	0	0	0	0	0	0	38.2586	73.5054	0	0	0	0	0	0
k107_34647328 flag=0 multi=38.8477 len=3712	3712	40.4525	0	0	0	0	0	0	0	0	0	0	0	0	0	0	0	0	40.4525	45.7249	0	0	0	0	0	0
k107_29553843 flag=0 multi=33.1813 len=4899	4899	33.9532	0	0	0	0	0.359582	0.360055	0.0321949	0.0317794	0.196215	0.407604	0.065695	0.0840091	1.69828	2.48826	0	0	31.4701	38.3888	0	0	0.131173	0.138524	0	0
k107_23954605 flag=0 multi=47.0029 len=34751	34751	38.1275	0	0	0	0	0.00429621	0.0043639	0	0	0	0	0.00426718	0.00436407	0	0	0	0	38.119	58.7219	0	0	0	0	0	0
k107_25573826 flag=0 multi=63.6021 len=45543	45543	39.5512	0	0	0	0	0.00331558	0.003327	0	0	0	0	0	0	0	0	0	0	39.5479	56.4736	0	0	0	0	0	0
k107_9156738 flag=0 multi=72.8854 len=3624	3624	36.0557	0	0	0	0	0	0	0	0	0	0	0	0	0	0	0	0	36.0557	103.21	0	0	0	0	0	0
k107_28904117 flag=0 multi=32.2800 len=4135	4135	37.2241	0.0386121	0.0378536	0	0	0	0	0	0	0	0	0	0	0	0	0	0	37.1855	51.9338	0	0	0	0	0	0
k107_6908472 flag=0 multi=35.6856 len=7143	7143	39.0763	0	0	0	0	0	0	0	0	0	0	0	0	0	0	0	0	39.0763	56.5242	0	0	0	0	0	0
k107_17106803 flag=0 multi=57.3218 len=2932	2932	39.6175	0.111787	0.210466	0.226996	0.17678	0.228517	0.339776	0.823574	0.717025	0.654373	0.914474	0.00190114	0.00227707	1.28745	2.5661	0.214068	0.191899	35.7856	74.8572	0.28327	0.473112	0	0	0	0
k107_18136143 flag=0 multi=32.9987 len=9391	9391	34.425	0.0328969	0.0429062	0	0	0.2876	0.442527	0.0656838	0.0948328	0.033117	0.0569942	0.0996809	0.140813	1.9462	2.64371	0.066454	0.0893341	31.8934	40.12	0	0	0	0	0	0
k107_13630667 flag=0 multi=34.0045 len=51378	51378	39.3492	0	0	0	0	0	0	0	0	0	0	0	0	0	0	0.00295638	0.00295155	39.3462	61.257	0	0	0	0	0	0
k107_11940079 flag=0 multi=89.0018 len=76704	76704	39.7563	0.00192403	0.00197091	0	0	0.0057721	0.00986364	0	0	0	0	0	0	0.00192403	0.001972	0.00789246	0.00915161	39.7388	52.7962	0	0	0	0	0	0
k107_11219240 flag=0 multi=30.0008 len=21303	21303	39.0605	0	0	0	0	0	0	0	0	0	0	0	0	0	0	0.00719013	0.00713603	39.0533	73.5632	0	0	0	0	0	0
k107_14376138 flag=0 multi=46.0000 len=22006	22006	40.3634	0	0	0	0	0	0	0	0	0	0	0	0	0	0	0	0	40.3521	59.658	0	0	0.0112422	0.0240628	0	0
k107_26650250 flag=0 multi=48.9960 len=69057	69057	40.1877	0	0	0	0	0	0	0	0	0	0	0	0	0	0	0	0	40.1877	63.1355	0	0	0	0	0	0
k107_35282885 flag=0 multi=32.0767 len=15939	15939	38.2789	0	0	0	0	0	0	0	0	0	0	0	0	0	0	0	0	38.2789	57.6043	0	0	0	0	0	0
k107_17725031 flag=0 multi=65.0384 len=34430	34430	39.1854	0	0	0	0	0.00884904	0.0142258	0	0	0	0	0	0	0	0	0	0	39.1765	51.4353	0	0	0	0	0	0
k107_16800149 flag=0 multi=32.0943 len=3937	3937	41.6743	0	0	0	0	0	0	0	0	0	0	0	0	0.430812	0.302774	0.90784	1.12926	38.411	52.4503	1.92462	1.71405	0	0	0	0
k107_25446147 flag=0 multi=39.4773 len=3281	3281	41.3434	0	0	0	0	0	0	0	0	0	0	0	0	0	0	0	0	41.3434	95.4627	0	0	0	0	0	0
k107_14637676 flag=0 multi=33.1338 len=20027	20027	39.0356	0	0	0	0	0	0	0	0	0	0	0	0	0	0	0.00755387	0.00759717	39.028	52.4112	0	0	0	0	0	0
k107_11370586 flag=0 multi=56.0043 len=7158	7158	41.7518	0	0	0	0	0	0	0	0	0	0	0	0	0	0	0	0	41.7518	60.3827	0	0	0	0	0	0
k107_16797465 flag=0 multi=29.2363 len=3619	3619	38.7525	0	0	0	0	0	0	0	0	0	0	0	0	0	0	0	0	38.7525	76.8891	0	0	0	0	0	0
k107_16438526 flag=0 multi=36.3296 len=2528	2528	43.4838	0	0	0	0	0.676101	0.95629	0	0	0	0	0	0	0	0	0	0	42.8077	48.331	0	0	0	0	0	0
k107_12715459 flag=0 multi=69.9563 len=26998	26998	40.1691	0.0554016	0.170645	0.0055439	0.00562426	0.0112376	0.0215978	0.0168565	0.0204968	0	0	0.00558136	0.00562412	0.0722206	0.14881	0.00565628	0.00562345	39.9966	65.5032	0	0	0	0	0	0
k107_32302487 flag=0 multi=84.4912 len=20625	20625	39.6876	0	0	0	0	0	0	0	0	0	0	0	0	0	0	0	0	39.6876	52.987	0	0	0	0	0	0
k107_6341541 flag=0 multi=36.1303 len=3169	3169	39.5598	0.15661	0.133084	0	0	0.157656	0.15053	0.575514	1.12517	0	0	0	0	0	0	0	0	38.67	41.3103	0	0	0	0	0	0
k107_19193148 flag=0 multi=33.0480 len=7632	7632	39.9042	0	0	0	0	0	0	0	0	0	0	0	0	0	0	0	0	39.9042	48.407	0	0	0	0	0	0
k107_24436181 flag=0 multi=39.0099 len=9629	9629	41.0605	0	0	0	0	0	0	0	0	0	0	0	0	0	0	0.0161896	0.0159276	41.0443	54.0334	0	0	0	0	0	0
k107_6495811 flag=0 multi=41.9497 len=7677	7677	39.0599	0	0	0	0	0.020339	0.0200511	0.0408136	0.062333	0	0	0	0	0	0	0	0	38.9988	54.4095	0	0	0	0	0	0
k107_1010108 flag=0 multi=36.0178 len=29765	29765	43.7885	0	0	0	0	0	0	0	0	0.0391338	0.0531437	0	0	0.679734	0.945606	0.286529	0.428179	40.7421	57.0318	2.04103	2.77031	0	0	0	0
k107_11162660 flag=0 multi=48.0024 len=49722	49722	38.0449	0	0	0	0	0	0	0.00906516	0.00949399	0	0	0	0	0	0	0.0121611	0.01809	38.0236	61.12	0	0	0	0	0	0
k107_29401589 flag=0 multi=31.0286 len=11915	11915	38.1375	0	0	0	0	0	0	0	0	0	0	0	0	0	0	0	0	38.1375	49.9975	0	0	0	0	0	0
k107_23210568 flag=0 multi=36.0168 len=32642	32642	38.6491	0	0	0	0	0.00457638	0.0046415	0	0	0	0	0	0	0	0	0	0	38.6445	53.9219	0	0	0	0	0	0
k107_34150290 flag=0 multi=30.5116 len=11651	11651	38.6614	0	0	0	0	0	0	0	0	0	0	0	0	0	0	0	0	38.6348	56.9589	0	0	0.0266103	0.0364762	0	0
k107_21814580 flag=0 multi=48.0105 len=18716	18716	39.979	0	0	0	0	0	0	0	0	0	0	0	0	0	0	0	0	39.979	66.9571	0	0	0	0	0	0
k107_9473303 flag=0 multi=41.7995 len=62311	62311	39.5799	0	0	0	0	0.00474125	0.00970405	0.00485413	0.00739548	0	0	0.00237062	0.00242597	0	0	0.00487026	0.00485148	39.5631	62.7533	0	0	0	0	0	0
k107_31901381 flag=0 multi=59.0500 len=79278	79278	40.7807	0	0	0	0	0	0	0	0	0	0	0	0	0	0	0	0	40.7807	57.6556	0	0	0	0	0	0
k107_19376557 flag=0 multi=28.0563 len=7561	7561	36.831	0	0	0	0	0	0	0	0	0	0	0	0	0	0	0	0	36.831	71.7067	0	0	0	0	0	0
k107_13940443 flag=0 multi=33.0015 len=27624	27624	40.1964	0	0	0	0	0	0	0	0	0	0	0	0	0	0	0	0	40.1853	67.9271	0.0110168	0.0109315	0	0	0	0
k107_15929416 flag=0 multi=42.5465 len=126801	126801	39.4182	0	0	0	0	0.00116997	0.0011909	0.00238737	0.00263049	0	0	0	0	0	0	0.00475103	0.00615423	39.4075	54.033	0	0	0.00238737	0.00356521	0	0
k107_19823380 flag=0 multi=30.0222 len=9388	9388	39.9696	0	0	0	0	0	0	0	0	0	0	0	0	0	0	0	0	39.9696	53.9697	0	0	0	0	0	0
k107_22593137 flag=0 multi=129.2564 len=2806	2806	44.3738	0	0	0.120208	0.146855	0	0	0	0	0	0	0	0	0.883387	0.90769	0.120607	0.106105	41.8982	84.9492	1.35144	1.49716	0	0	0	0
k107_7770497 flag=0 multi=31.0058 len=106035	106035	40.0229	0	0	0	0	0	0	0	0	0	0	0	0	0	0	0	0	40.0229	60.0501	0	0	0	0	0	0
k107_24551792 flag=0 multi=44.1276 len=49714	49714	40.5866	0	0	0	0	0	0	0	0	0	0	0	0	0	0	0	0	40.5866	56.4035	0	0	0	0	0	0
k107_159450 flag=0 multi=53.0797 len=17018	17018	38.9931	0	0	0	0	0	0	0	0	0	0	0	0	0	0	0	0	38.9931	46.848	0	0	0	0	0	0
k107_4740516 flag=0 multi=35.4065 len=30351	30351	41.5261	0	0	0	0	0	0	0	0	0	0	0	0	0	0	0	0	41.5261	55.8267	0	0	0	0	0	0
k107_6991958 flag=0 multi=36.1987 len=5895	5895	43.5625	0	0	0	0	0	0	0	0	0	0	0	0	0	0	0	0	43.5625	52.6787	0	0	0	0	0	0
k107_9206405 flag=0 multi=57.7335 len=10777	10777	40.5377	0.0282578	0.0528291	0	0	0.0561337	0.0831745	0.0421002	0.0413783	0	0	0.01642	0.0168895	0.0844869	0.193016	0	0	40.2541	61.9185	0.0140334	0.0142094	0.0421002	0.0413785	0	0
k107_35133475 flag=0 multi=36.0358 len=80867	80867	40.597	0	0	0	0	0.00183703	0.00186801	0	0	0	0	0	0	0	0	0	0	40.5914	55.742	0	0	0.00374853	0.00634082	0	0
k107_14317883 flag=0 multi=39.6921 len=8619	8619	44.5699	0	0	0	0	0	0	0	0	0	0	0	0	0.580498	0.734334	0.0544668	0.0515007	42.1178	56.9424	1.81712	2.22242	0	0	0	0
k107_6906802 flag=0 multi=40.9278 len=101387	101387	39.1277	0	0	0	0	0.00145422	0.00149028	0.00298758	0.00338666	0	0	0	0	0.00145422	0.00148971	0.0104269	0.0137949	39.1114	60.1983	0	0	0	0	0	0
k107_180649 flag=0 multi=33.6953 len=50767	50767	39.2293	0	0	0	0	0	0	0	0	0	0	0	0	0	0	0	0	39.2293	59.7204	0	0	0	0	0	0
k107_5756704 flag=0 multi=52.9142 len=13923	13923	37.9611	0	0	0	0	0	0	0	0	0	0	0	0	0	0	0.0110858	0.0109636	37.95	57.9821	0	0	0	0	0	0
k107_32104540 flag=0 multi=30.0115 len=83006	83006	40.1908	0	0	0	0	0.00177742	0.00181974	0	0	0	0	0	0	0	0	0.00719433	0.00839199	40.1782	57.4955	0	0	0.00365158	0.00532012	0	0
k107_20450854 flag=0 multi=33.9171 len=12179	12179	41.7785	0	0	0	0	0	0	0	0	0	0	0	0	0.621537	0.633973	0.139766	0.200184	39.1034	45.8357	1.91378	2.56534	0	0	0	0
k107_23371399 flag=0 multi=31.0097 len=53504	53504	39.757	0	0	0	0	0	0	0	0	0	0	0	0	0.00278185	0.00283114	0.00281944	0.00283046	39.7514	54.8355	0	0	0	0	0	0
k107_22117071 flag=0 multi=30.0000 len=38461	38461	39.6025	0	0	0	0	0	0	0	0	0	0	0	0	0	0	0	0	39.6025	65.5106	0	0	0	0	0	0
k107_11746259 flag=0 multi=39.0811 len=3178	3178	41.1123	0.105007	0.0940111	0	0	0.105007	0.168444	0	0	0	0	0	0	0	0	0	0	40.9023	43.0081	0	0	0	0	0	0
k107_21346269 flag=0 multi=30.0000 len=7744	7744	38.9506	0	0	0	0	0	0	0	0	0	0	0	0	0	0	0	0	38.9506	49.0699	0	0	0	0	0	0
k107_28902981 flag=0 multi=42.0078 len=101336	101336	38.6919	0	0	0	0	0	0	0	0	0	0	0	0	0	0	0.00146485	0.00149087	38.6905	55.1268	0	0	0	0	0	0
k107_18679618 flag=0 multi=32.2713 len=17862	17862	40.1862	0	0	0	0	0.0457859	0.0765502	0.446185	2.94049	0	0	0	0	0.071697	0.200867	0.0256834	0.0350464	39.5969	72.1284	0	0	0	0	0	0
k107_13393256 flag=0 multi=79.3979 len=5058	5058	39.4449	0	0	0.0618167	0.121306	0	0	0	0	0	0	0	0	0	0	0	0	39.3825	44.9798	0	0	0.000630782	0.00147019	0	0
k107_14368703 flag=0 multi=51.0031 len=78107	78107	38.8801	0	0	0	0	0.00380438	0.00385476	0.0038815	0.00494478	0	0	0	0	0	0	0.0019279	0.00193661	38.8647	55.3164	0	0	0.00578369	0.00599334	0	0
k107_38783 flag=0 multi=40.0057 len=56757	56757	40.2332	0	0	0	0	0	0	0	0	0	0	0	0	0	0	0	0	40.2332	63.1587	0	0	0	0	0	0
k107_21562984 flag=0 multi=38.2216 len=4150	4150	41.2835	0	0	0	0	0	0	0	0	0	0	0	0	0.519751	0.540277	0.200104	0.205121	38.8212	66.3929	1.74246	1.64062	0	0	0	0
k107_19749846 flag=0 multi=36.3198 len=8533	8533	38.8662	0	0	0	0	0	0	0	0	0	0	0	0	0	0	0	0	38.8662	42.0375	0	0	0	0	0	0
k107_5838937 flag=0 multi=42.0256 len=96083	96083	40.1137	0.00314259	0.00499933	0	0	0	0	0	0	0	0	0	0	0.00627473	0.00887106	0.00155563	0.00157323	40.1027	58.9681	0	0	0	0	0	0
k107_11679114 flag=0 multi=34.2846 len=8276	8276	40.3947	0	0	0	0	0	0	0	0	0	0	0	0	0.0945573	0.124111	0	0	40.3001	82.7992	0	0	0	0	0	0
k107_26620937 flag=0 multi=53.3193 len=36913	36913	41.5163	0	0	0	0	0	0	0.00824889	0.00889099	0.0040425	0.0041058	0	0	0	0	0.00824889	0.0107418	41.4958	60.8885	0	0	0	0	0	0
k107_3592901 flag=0 multi=152.0329 len=3149	3149	34.2283	0.105374	0.139983	0	0	0	0	0.975764	0.891696	0.629434	0.737862	0.105023	0.0945795	1.8732	3.46955	0.106077	0.182699	30.2761	31.1638	0.157359	0.168986	0	0	0	0
k107_32573139 flag=0 multi=36.0479 len=6473	6473	44.3627	0	0	0	0	0	0	0.0489386	0.0465406	0	0	0	0	0	0	0	0	44.3137	47.2165	0	0	0	0	0	0
k107_9787774 flag=0 multi=55.8950 len=35055	35055	39.4486	0	0	0	0	0	0	0.00866112	0.00860402	0	0	0	0	0	0	0	0	39.4399	44.9936	0	0	0	0	0	0
k107_5603031 flag=0 multi=39.7679 len=3760	3760	42.6868	0	0	0	0	0	0	0	0	0	0	0	0	0.174378	0.178339	0	0	40.7082	54.3712	1.80422	2.00695	0	0	0	0
k107_19857112 flag=0 multi=50.0286 len=8939	8939	37.5673	0	0	0.55899	0.71684	0	0	0	0	0	0	0	0	0	0	0	0	37.0083	41.4745	0	0	0	0	0	0
k107_2581765 flag=0 multi=36.4640 len=34041	34041	38.5521	0	0	0	0	0	0	0	0	0	0	0	0	0	0	0	0	38.5521	50.9019	0	0	0	0	0	0
k107_31268536 flag=0 multi=42.1259 len=13478	13478	39.9718	0	0	0	0	0	0	0	0	0	0	0	0	0	0	0.022541	0.0324151	39.9493	49.1149	0	0	0	0	0	0
k107_5426703 flag=0 multi=33.0063 len=28071	28071	39.9952	0	0	0	0	0	0	0	0	0	0	0	0	0	0	0	0	39.9952	58.9673	0	0	0	0	0	0
k107_18899683 flag=0 multi=32.5766 len=2861	2861	38.3091	0	0	0	0	0.117624	0.121326	0	0	0	0	0	0	0	0	0	0	38.1915	39.5697	0	0	0	0	0	0
k107_6830063 flag=0 multi=58.0661 len=34208	34208	39.7503	0	0	0	0	0.00436501	0.00443222	0	0	0	0	0.00433552	0.00443214	0	0	0	0	39.7416	57.1013	0	0	0	0	0	0
k107_5993397 flag=0 multi=58.8456 len=2937	2937	39.1438	0	0	0	0	0	0	0	0	0	0	0	0	0	0	0	0	39.1438	66.6921	0	0	0	0	0	0
k107_31698978 flag=0 multi=31.0164 len=12148	12148	39.3255	0	0	0	0	0	0	0	0	0	0	0	0	0	0	0	0	39.3255	60.2783	0	0	0	0	0	0
k107_2024433 flag=0 multi=32.1688 len=2809	2809	40.7822	0	0	0	0	0	0	0	0	0	0	0	0	0	0	0	0	40.7822	73.5215	0	0	0	0	0	0
k107_17696213 flag=0 multi=104.1083 len=18986	18986	38.5607	0	0	0	0	0	0	0	0	0	0	0	0	0	0	0.00808178	0.00801557	38.5527	51.5983	0	0	0	0	0	0
k107_3824757 flag=0 multi=28.4891 len=9987	9987	36.5686	0	0	0	0	0	0	0	0	0	0	0	0	0	0	0	0	36.5686	45.7939	0	0	0	0	0	0
k107_19927962 flag=0 multi=32.0040 len=82023	82023	39.772	0	0	0	0	0.0054943	0.00717807	0	0	0	0	0	0	0	0	0	0	39.7665	58.7067	0	0	0	0	0	0
