contigName	contigLen	totalAvgDepth	Cen01_MA.bam	Cen01_MA.bam-var	Cen03_MA.bam	Cen03_MA.bam-var	Cen04_MA.bam	Cen04_MA.bam-var	Cen05_MA.bam	Cen05_MA.bam-var	Cen06_MA.bam	Cen06_MA.bam-var	Cen07_MA.bam	Cen07_MA.bam-var	Cen10_MA.bam	Cen10_MA.bam-var	Cen12_MA.bam	Cen12_MA.bam-var	Cen14_MA.bam	Cen14_MA.bam-var	Cen15_MA.bam	Cen15_MA.bam-var	Cen16_MA.bam	Cen16_MA.bam-var	Cen17_MA.bam	Cen17_MA.bam-var
k107_32989883 flag=0 multi=66.1875 len=3942	3942	81.8055	0	0	0	0	0	0	0	0	0	0	0	0	55.9058	45.7228	1.44918	2.49177	18.6981	20.3566	5.75247	6.88257	0	0	0	0
k107_27939225 flag=0 multi=108.7154 len=92612	92612	118.546	0	0	0.00327158	0.00325833	0	0	0	0	0.0506012	0.0708727	0	0	75.6884	130.1	1.80496	2.96606	31.021	48.0716	9.978	13.8218	0	0	0	0
k107_19221740 flag=0 multi=265.8015 len=3945	3945	77.9772	0	0	0	0	0	0	0	0	0	0	0	0	48.891	82.8258	0.941806	0.854512	19.7971	29.1214	8.34724	12.1635	0	0	0	0
k107_6402588 flag=0 multi=73.0007 len=44772	44772	90.3843	0	0	0	0	0	0	0.00672363	0.00814599	0.0407466	0.0590665	0	0	56.5304	86.7764	1.1333	1.48343	24.2734	34.1251	8.39296	11.8411	0.00676861	0.0076092	0	0
k107_6638308 flag=0 multi=88.9924 len=28226	28226	108.463	0	0	0	0	0	0	0	0	0.0431528	0.048322	0	0	69.031	86.8747	1.23593	1.67601	28.4143	45.2997	9.73854	12.1413	0	0	0	0
k107_26596736 flag=0 multi=70.9992 len=59715	59715	84.314	0	0	0	0	0	0	0	0	0.0202649	0.0345946	0	0	54.6374	73.4661	1.24286	1.76141	21.1654	33.8653	7.24803	9.81283	0	0	0	0
k107_16514249 flag=0 multi=65.0777 len=16894	16894	80.6977	0	0	0	0	0	0	0	0	0.0546046	0.0773016	0	0	60.0718	97.0392	1.35005	1.9812	17.5946	19.8258	1.62657	2.21558	0	0	0	0
k107_11233293 flag=0 multi=76.9645 len=336978	336978	94.8869	0	0	0	0	0	0	0.000897005	0.000895811	0.0443602	0.0570827	0	0	60.5307	84.8038	1.34337	1.97161	24.5384	35.4605	8.4283	11.8695	0.000897005	0.000895406	0	0
k107_6630284 flag=0 multi=84.4104 len=25880	25880	104.833	0	0	0	0	0	0	0	0	0.070803	0.10908	0	0	65.2928	87.2052	1.51982	1.93593	28.8283	45.7025	9.12116	13.1346	0	0	0	0
k107_19709154 flag=0 multi=87.9668 len=24260	24260	109.576	0	0	0	0	0	0	0	0	0.0882377	0.158449	0	0	69.3293	92.5524	1.72519	1.92791	28.8543	42.4328	9.57876	12.2703	0	0	0	0
k107_32835208 flag=0 multi=85.0000 len=46872	46872	103.063	0	0	0	0	0	0	0.00648486	0.00858303	0.0324243	0.0472082	0	0	64.8209	84.2036	1.4361	1.95871	27.5521	39.4744	9.21462	12.9953	0	0	0	0
k107_19268968 flag=0 multi=82.6176 len=45376	45376	102.2	0	0	0	0	0	0	0	0	0.0335005	0.0439014	0	0	63.7224	91.9539	1.30556	1.64957	27.8436	43.0939	9.29503	12.7802	0	0	0	0
k107_12463127 flag=0 multi=78.9937 len=84801	84801	97.6233	0.00357401	0.00445824	0	0	0	0	0	0	0.0428171	0.0718007	0	0	61.2177	96.1439	1.30888	1.67639	25.9436	38.9642	9.10668	13.4808	0	0	0	0
k107_12735502 flag=0 multi=79.9206 len=5614	5614	98.3206	0	0	0	0	0	0	0	0	0	0	0	0	62.2502	74.2065	1.25207	2.86695	23.7871	31.5007	11.0312	14.0548	0	0	0	0
k107_32842533 flag=0 multi=62.9916 len=18655	18655	77.5856	0	0	0	0	0	0	0	0	0.0329101	0.0433798	0	0	57.5661	83.292	1.4104	2.30399	16.908	19.6649	1.66817	2.14877	0	0	0	0
k107_17059664 flag=0 multi=71.5884 len=148108	148108	87.3041	0	0	0	0	0	0	0.00204322	0.00302383	0.0499844	0.0657404	0	0	56.5315	83.1392	1.34343	2.10715	21.6553	31.7685	7.72191	11.3513	0	0	0	0
k107_26884576 flag=0 multi=67.9982 len=36088	36088	83.2879	0	0	0.00843905	0.0121597	0	0	0	0	0.0420556	0.0573069	0	0	54.5098	64.4188	1.21925	1.79262	20.2375	29.3209	7.27086	10.1228	0	0	0	0
k107_31720235 flag=0 multi=74.9978 len=147869	147869	90.6476	0.00102326	0.00102176	0.00204653	0.00316492	0	0	0.00204653	0.00231179	0.0662682	0.091604	0	0	57.4299	75.3804	1.34473	1.88912	23.5506	34.9996	8.24894	11.6992	0.00204653	0.00203826	0	0
k107_10120645 flag=0 multi=67.0763 len=56119	56119	83.3087	0.0108211	0.0179433	0.00541054	0.00681473	0	0	0	0	0.0216422	0.0332632	0	0	54.1859	77.0612	1.27983	1.6958	20.6056	25.8753	7.19406	9.51549	0.00539262	0.00810495	0	0
k107_30927462 flag=0 multi=91.7244 len=24057	24057	106.578	0	0	0	0	0	0	0.012671	0.0125513	0.0381393	0.0459556	0	0	67.2204	102.046	1.33252	1.92582	28.1255	40.9139	9.84875	12.1677	0	0	0	0
k107_14906099 flag=0 multi=64.0493 len=39142	39142	79.8826	0	0	0	0	0	0	0	0	0.0542739	0.0695714	0	0	59.12	74.7707	1.35528	2.07667	17.9549	22.508	1.3982	2.07918	0	0	0	0
k107_16851305 flag=0 multi=72.0951 len=59369	59369	89.3114	0	0	0.00511284	0.00718949	0	0	0	0	0.0280867	0.0405559	0	0	57.1977	73.0092	1.16552	1.76497	23.2085	37.1753	7.69626	9.6562	0.0102087	0.0101318	0	0
k107_19233879 flag=0 multi=70.0474 len=38287	38287	86.9777	0.015901	0.0168041	0.00795051	0.0155208	0	0	0.00795051	0.0121518	0.0397262	0.0756663	0	0	55.0783	78.6811	1.18863	1.55187	22.7776	32.9252	7.86158	11.5096	0	0	0	0
k107_11823894 flag=0 multi=66.9968 len=69980	69980	83.0066	0	0	0	0	0	0	0	0	0.0476334	0.0607274	0	0	54.2477	71.6038	1.35706	1.86331	19.9158	27.4728	7.43843	9.7987	0	0	0	0
k107_7291625 flag=0 multi=63.9997 len=450121	450121	79.6016	0.000671381	0.000991017	0	0	0	0	0	0	0.0378975	0.0528377	0.000671381	0.000741725	51.5912	74.6314	1.2565	1.79191	19.6752	28.6319	7.03817	9.88815	0.000671381	0.000746175	0.000671381	0.00103097
k107_17963487 flag=0 multi=67.9749 len=8551	8551	84.032	0	0	0	0	0	0	0	0	0	0	0	0	52.8874	86.7352	1.00352	1.04747	23.5209	33.3783	6.6202	8.83952	0	0	0	0
k107_9754752 flag=0 multi=72.2685 len=222589	222589	86.4085	0.00135411	0.00267774	0	0	0	0	0.00271721	0.00869545	0.0461565	0.0693896	0	0	55.8187	75.9631	1.30027	2.00151	21.7971	30.9544	7.4394	10.8073	0.00271721	0.00270489	0	0
