contigName	contigLen	totalAvgDepth	Cen01_MA.bam	Cen01_MA.bam-var	Cen03_MA.bam	Cen03_MA.bam-var	Cen04_MA.bam	Cen04_MA.bam-var	Cen05_MA.bam	Cen05_MA.bam-var	Cen06_MA.bam	Cen06_MA.bam-var	Cen07_MA.bam	Cen07_MA.bam-var	Cen10_MA.bam	Cen10_MA.bam-var	Cen12_MA.bam	Cen12_MA.bam-var	Cen14_MA.bam	Cen14_MA.bam-var	Cen15_MA.bam	Cen15_MA.bam-var	Cen16_MA.bam	Cen16_MA.bam-var	Cen17_MA.bam	Cen17_MA.bam-var
k107_23697988 flag=1 multi=5.0000 len=3162	3162	6.37063	0	0	0	0	0	0	0	0	0	0	0	0	0.281469	0.283067	0.208042	0.320556	0.210839	0.312847	5.56503	5.75353	0.105245	0.112664	0	0
k107_5304438 flag=0 multi=99.9729 len=4392	4392	126.785	0	0	0	0	0	0	0	0	0	0	0	0	0	0	0.0728606	0.0884613	119.409	209.068	7.30269	9.90538	0	0	0	0
k107_4161006 flag=0 multi=100.5623 len=3244	3244	128.837	0	0	0	0	0	0	0	0	0	0	0	0	0	0	0	0	122.741	155.833	6.09619	8.1274	0	0	0	0
k107_31247470 flag=0 multi=96.9937 len=19024	19024	112.95	0	0	0	0	0	0	0	0	0.0161308	0.0203596	0	0	0	0	0.112595	0.130481	106.847	142.788	5.97452	8.32333	0	0	0	0
k107_4160102 flag=0 multi=92.0881 len=21130	21130	113.563	0	0	0	0	0	0	0	0	0.0289514	0.0351814	0	0	0.0289994	0.0367166	0.159209	0.177155	107.352	143.921	5.99467	6.96017	0	0	0	0
k107_33805920 flag=0 multi=88.0284 len=24121	24121	111.15	0	0	0	0	0	0	0	0	0.0379949	0.0413881	0	0	0	0	0.0632268	0.0775741	104.742	161.724	6.30732	8.19651	0	0	0	0
k107_4683029 flag=0 multi=88.6720 len=9216	9216	108.989	0	0	0	0	0	0	0	0	0	0	0	0	0	0	0.0168275	0.0166572	103.087	157.359	5.88557	7.89395	0	0	0	0
k107_28985302 flag=0 multi=80.8635 len=45717	45717	103.39	0	0	0	0	0	0	0	0	0.00658373	0.00822686	0	0	0	0	0.0398547	0.051681	97.9696	168.824	5.37389	7.07824	0	0	0	0
k107_30532427 flag=0 multi=90.1018 len=33605	33605	115.301	0	0	0	0	0	0	0	0	0.036213	0.04611	0	0	0	0	0.126895	0.211492	108.493	165.78	6.6367	7.9594	0.00906825	0.00899148	0	0
k107_14196369 flag=0 multi=85.9989 len=54057	54057	110.439	0	0	0	0	0	0	0	0	0.011199	0.013116	0	0	0	0	0.0769417	0.109767	104.257	178.43	6.08782	7.25279	0.00561808	0.0106156	0	0
k107_5205019 flag=0 multi=92.5294 len=111588	111588	112.628	0	0	0	0	0	0	0	0	0.00270474	0.00302425	0	0	0.00271373	0.00270419	0.0473824	0.0712734	106.146	175.295	6.42907	8.68348	0	0	0	0
k107_11510902 flag=0 multi=92.9659 len=3475	3475	119.601	0	0	0	0	0	0	0	0	0	0	0	0	0	0	0	0	112.22	201.126	7.38103	10.8477	0	0	0	0
k107_20345055 flag=0 multi=80.1855 len=7399	7399	108.739	0	0	0	0	0	0	0	0	0	0	0	0	0	0	0.123151	0.108105	102.298	194.328	6.31816	6.05208	0	0	0	0
k107_3146225 flag=0 multi=85.8567 len=116827	116827	111.37	0	0	0	0	0	0	0	0	0.0194293	0.0255166	0	0	0	0	0.075074	0.094846	104.679	161.125	6.59395	9.82755	0.00259172	0.00285731	0	0
k107_1984610 flag=0 multi=81.1477 len=4434	4434	105.74	0	0	0	0	0	0	0	0	0	0	0	0	0	0	0	0	100.28	117.719	5.45983	6.25616	0	0	0	0
k107_31282499 flag=0 multi=86.1184 len=6838	6838	101.863	0	0	0	0	0	0	0	0	0	0	0	0	0	0	0.0697674	0.0732993	96.7778	91.703	5.01576	8.63348	0	0	0	0
k107_15189195 flag=0 multi=90.3910 len=61681	61681	114.934	0	0	0	0	0	0	0	0	0.00492025	0.00639687	0	0	0	0	0.0565177	0.0768977	108.452	154.822	6.42096	9.49711	0	0	0	0
k107_18704542 flag=0 multi=87.8177 len=10270	10270	109.157	0	0	0	0	0	0	0	0	0	0	0	0	0	0	0.0302969	0.0384097	102.753	228.629	6.374	7.88657	0	0	0	0
k107_11603477 flag=0 multi=98.1338 len=18150	18150	117.153	0	0	0	0	0	0	0	0	0.050762	0.0732799	0	0	0	0	0.0675706	0.11201	110.391	169.828	6.64327	8.48217	0	0	0	0
k107_4683391 flag=0 multi=79.0334 len=12758	12758	110.44	0	0	0	0	0	0	0	0	0	0	0	0	0	0	0.0726557	0.0855862	104.571	152.578	5.7964	7.43487	0	0	0	0
k107_9938397 flag=0 multi=93.5317 len=35074	35074	103.858	0	0	0	0	0	0	0	0	0.00865639	0.00860771	0	0	0	0	0.056396	0.068327	98.098	136.683	5.69498	7.85588	0	0	0	0
k107_9675050 flag=0 multi=97.0471 len=18107	18107	107.755	0	0	0	0	0	0	0	0	0.0169615	0.0292621	0	0	0	0	0.0420668	0.0406006	102.217	195.2	5.47908	9.66593	0	0	0	0
k107_6736382 flag=0 multi=91.9942 len=14728	14728	110.181	0	0	0	0	0	0	0	0	0.0209344	0.0387986	0	0	0	0	0.146402	0.279811	103.99	139.202	6.02329	9.29351	0	0	0	0
k107_20036771 flag=0 multi=80.9541 len=19638	19638	109.804	0	0	0	0	0	0	0	0	0.0156185	0.0235472	0	0	0.0156185	0.0262365	0.0543029	0.0599456	103.763	142.596	5.95589	6.43811	0	0	0	0
k107_13396104 flag=0 multi=79.2483 len=15406	15406	111.077	0	0	0	0	0	0	0	0	0	0	0	0	0	0	0.0796478	0.0951683	104.917	144.131	6.07952	7.24964	0	0	0	0
k107_33363373 flag=0 multi=83.9398 len=9279	9279	107.685	0	0	0	0	0	0	0	0	0	0	0	0	0	0	0.0672831	0.0799151	101.465	205.697	6.15339	8.52429	0	0	0	0
k107_35698168 flag=0 multi=94.1205 len=10750	10750	116.513	0	0	0	0	0	0	0	0	0	0	0	0	0	0	0.0318721	0.0596252	110.363	200.417	6.1182	9.03344	0	0	0	0
k107_23453422 flag=0 multi=84.0827 len=11890	11890	108.942	0	0	0	0	0	0	0	0	0.0260614	0.0328029	0	0	0	0	0.0650673	0.0716287	103.064	111.35	5.78633	6.45961	0	0	0	0
k107_26591973 flag=0 multi=93.9587 len=36781	36781	118.323	0	0	0	0	0	0	0.00825132	0.0082074	0.00827874	0.00820411	0	0	0	0	0.0845966	0.107307	111.693	165.488	6.51188	9.32637	0.0165301	0.0204958	0	0
k107_14783632 flag=0 multi=83.9889 len=46681	46681	110.157	0	0	0	0	0	0	0	0	0.00651157	0.00741196	0	0	0	0	0.0812437	0.103516	103.672	171.282	6.39026	8.79945	0.00649001	0.00645889	0	0
k107_11215342 flag=0 multi=87.9907 len=73483	73483	112.278	0	0	0	0	0	0	0.00412675	0.00559771	0.01443	0.0186085	0	0	0	0	0.103073	0.142716	105.804	181.848	6.35271	8.58059	0	0	0	0
k107_26363482 flag=0 multi=85.0021 len=106806	106806	109.802	0	0	0	0	0	0	0.00567115	0.00703732	0.0170041	0.0256218	0	0	0	0	0.0792271	0.132536	103.702	177.785	5.99584	8.21475	0.00282618	0.00319825	0	0
k107_11610114 flag=0 multi=80.0442 len=28172	28172	104.388	0.010836	0.0130879	0	0	0	0	0	0	0.010836	0.019477	0	0	0	0	0.0379261	0.0478506	98.6684	157.448	5.65974	8.06419	0	0	0	0
k107_14577310 flag=0 multi=82.9435 len=3256	3256	106.278	0	0	0	0	0	0	0	0	0	0	0	0	0	0	0.101896	0.0918105	100.829	96.4883	5.34665	4.51927	0	0	0	0
k107_30503981 flag=0 multi=79.9664 len=22722	22722	105.72	0	0	0	0	0	0	0	0	0.0269402	0.0395091	0	0	0	0	0.0538805	0.064291	99.8964	153.604	5.74269	8.76537	0	0	0	0
k107_16283108 flag=0 multi=80.9680 len=65298	65298	110.276	0	0	0	0	0	0	0	0	0.0185858	0.0225824	0	0	0	0	0.0719429	0.0935247	103.873	160.694	6.31276	8.76336	0	0	0	0
k107_11130847 flag=0 multi=85.2921 len=76250	76250	106.49	0	0	0	0	0	0	0.0158925	0.0242296	0.00795281	0.0143569	0	0	0	0	0.0635303	0.0744724	100.418	152.775	5.98078	8.00821	0.00397641	0.00397272	0	0
k107_11205447 flag=0 multi=88.9016 len=52510	52510	108.225	0	0	0	0	0	0	0.0115691	0.0165966	0.0173537	0.0296494	0	0	0	0	0.103988	0.146693	101.874	166.007	6.21847	8.67108	0	0	0	0
k107_16863733 flag=0 multi=85.4598 len=37478	37478	108.815	0	0	0	0	0	0	0	0	0.0406176	0.051317	0	0	0	0	0.0526146	0.0604594	103.033	174.612	5.68891	7.36422	0	0	0	0
k107_31061826 flag=0 multi=96.7238 len=17194	17194	113.67	0	0	0	0	0	0	0	0	0	0	0	0	0	0	0.0178783	0.0175516	107.799	155.989	5.85319	6.50175	0	0	0	0
k107_9261249 flag=0 multi=99.4066 len=73097	73097	113.763	0	0	0	0	0	0	0.00828354	0.0144953	0.0248643	0.0306653	0	0	0	0	0.0869016	0.136652	107.112	178.92	6.52773	8.79238	0.00414864	0.00414061	0	0
k107_21696944 flag=0 multi=73.7909 len=4286	4286	103.855	0	0	0	0	0	0	0	0	0	0	0	0	0	0	0.000753012	0.000752634	98.2523	183.979	5.60216	7.18927	0	0	0	0
k107_17462100 flag=0 multi=101.9835 len=43546	43546	109.823	0	0	0	0	0	0	0	0	0.0104754	0.0111102	0	0	0	0	0.0697207	0.0904047	103.476	156.928	6.26623	7.77683	0	0	0	0
k107_26980518 flag=0 multi=89.0016 len=73910	73910	105.94	0	0	0	0	0	0	0.00410281	0.00661909	0.0164113	0.0194369	0	0	0.00410281	0.00487667	0.0717177	0.0862551	100.16	149.201	5.68361	6.9363	0	0	0	0
k107_33079533 flag=1 multi=9.0000 len=7937	7937	8.57708	0	0	0	0	0	0	0	0	0	0	0	0	0	0	0.35573	0.420536	0.197642	0.240931	5.51722	8.7698	2.50648	3.44763	0	0
k107_5633331 flag=0 multi=85.4564 len=21881	21881	107.587	0	0	0	0	0	0	0	0	0	0	0	0	0	0	0.0279438	0.0287928	101.592	190.278	5.96742	5.83486	0	0	0	0
k107_19202976 flag=1 multi=15.0000 len=6285	6285	8.62276	0	0	0	0	0	0	0	0	0	0	0	0	0	0	0.725389	0.836344	0.352833	0.302419	5.45964	6.11645	2.08491	2.29848	0	0
k107_35579034 flag=0 multi=81.9793 len=22857	22857	104.669	0	0	0	0	0	0	0.0133895	0.0154303	0.026779	0.0313772	0	0	0	0	0.0669475	0.0827956	98.5159	364.066	6.04624	10.1311	0	0	0	0
k107_19714951 flag=0 multi=90.0660 len=5230	5230	116.078	0	0	0	0	0	0	0	0	0	0	0	0	0	0	0.106737	0.0955199	108.409	148.353	7.56189	10.1943	0	0	0	0
k107_11048780 flag=0 multi=76.1970 len=4092	4092	102.701	0	0	0	0	0	0	0	0	0.0796834	0.117691	0	0	0	0	0	0	97.5143	115.794	5.10686	8.26084	0	0	0	0
k107_5151422 flag=0 multi=85.0070 len=39714	39714	107.191	0	0	0	0	0	0	0	0	0.00766264	0.0129835	0	0	0	0	0.126281	0.191454	100.72	164.073	6.33749	7.93822	0	0	0	0
k107_28048787 flag=0 multi=107.0656 len=6312	6312	105.345	0	0	0	0	0	0	0	0	0.100499	0.222236	0	0	0	0	0	0	99.8631	109.071	5.3812	7.87115	0	0	0	0
k107_28046959 flag=0 multi=79.3962 len=15527	15527	109.816	0	0	0	0	0	0	0	0	0.0396059	0.0496711	0	0	0.0198358	0.0261436	0.0198358	0.0207601	103.963	144.76	5.77327	6.64194	0	0	0	0
k107_26577665 flag=0 multi=95.9578 len=11116	11116	112.022	0	0	0	0	0	0	0	0	0.0486406	0.0745781	0	0	0	0	0.0279268	0.0289991	105.512	162.535	6.43407	8.52137	0	0	0	0
k107_10833620 flag=0 multi=85.0199 len=14203	14203	105.557	0	0	0	0	0	0	0	0	0.0869002	0.231734	0	0	0	0	0.0682685	0.0787004	99.5233	156.478	5.87843	8.49675	0	0	0	0
k107_15427366 flag=0 multi=85.8765 len=6374	6374	106.526	0	0	0	0	0	0	0	0	0	0	0	0	0	0	0.099473	0.11891	100.352	142.541	6.07428	6.68314	0	0	0	0
k107_24616326 flag=0 multi=82.0096 len=25858	25858	107.104	0	0	0	0	0	0	0	0	0.0231257	0.0334049	0	0	0	0	0.0826812	0.145918	101.232	137.433	5.76655	7.23938	0	0	0	0
k107_20241010 flag=0 multi=94.0154 len=5245	5245	103.481	0	0	0	0	0	0	0	0	0	0	0	0	0	0	0.0610965	0.0796321	97.7239	175.477	5.69634	5.28394	0	0	0	0
k107_28040138 flag=0 multi=85.7206 len=9683	9683	106.967	0	0	0	0	0	0	0	0	0.0321927	0.0409684	0	0	0	0	0.128664	0.12884	101.534	157.651	5.27161	8.33962	0	0	0	0
k107_18071961 flag=0 multi=140.8824 len=13478	13478	108.044	0	0	0	0	0	0	0.0229205	0.0407745	0.0458409	0.133905	0	0	0	0	0.103066	0.121947	102.493	152.21	5.35679	8.33228	0.0229205	0.0230031	0	0
k107_19699258 flag=0 multi=93.2726 len=3607	3607	110.065	0	0	0	0	0	0	0	0	0	0	0	0	0	0	0.0913767	0.0830589	104.684	110.107	5.19879	3.49203	0.0910741	0.083059	0	0
k107_32944309 flag=0 multi=76.9866 len=17640	17640	103.641	0	0	0	0	0	0	0	0	0.0347214	0.0647759	0	0	0	0	0.0521975	0.0781364	97.6825	119.936	5.87184	8.29564	0	0	0	0
k107_14071883 flag=0 multi=88.8647 len=32408	32408	107.701	0	0	0	0	0	0	0	0	0.0093752	0.00931941	0	0	0	0	0.0517037	0.0783428	101.722	177.275	5.9174	6.36294	0	0	0	0
k107_20342872 flag=0 multi=83.0471 len=11052	11052	107.574	0	0	0	0	0	0	0	0	0.028093	0.0319616	0	0	0	0	0.0701395	0.0731257	101.384	149.87	6.09135	8.97607	0	0	0	0
k107_25882674 flag=0 multi=88.4383 len=23249	23249	109.074	0	0	0	0	0	0	0	0	0.0131608	0.0209198	0	0	0	0	0.0921253	0.147898	102.912	146.786	6.04406	8.7259	0.0131608	0.0243206	0	0
k107_28042297 flag=0 multi=87.1451 len=5744	5744	109.721	0	0	0	0	0	0	0	0	0	0	0	0	0	0	0.0554943	0.0605133	104.325	115.446	5.34032	9.83862	0	0	0	0
k107_35845418 flag=0 multi=83.9808 len=27619	27619	110.478	0	0	0	0	0	0	0	0	0.0221108	0.0345815	0	0	0	0	0.0772047	0.0917266	104.386	168.326	5.99228	9.15125	0	0	0	0
k107_18870475 flag=0 multi=75.0671 len=20881	20881	102.14	0.0146752	0.0215545	0	0	0	0	0	0	0.0146752	0.0195133	0	0	0	0	0.0938821	0.140559	96.3146	133.114	5.70232	7.82547	0	0	0	0
k107_34849024 flag=0 multi=96.0091 len=47920	47920	105.622	0	0	0	0	0	0	0	0	0	0	0	0	0	0	0.0696585	0.0959864	99.8913	150.087	5.66084	8.4176	0	0	0	0
k107_27402022 flag=0 multi=81.9815 len=18891	18891	106.063	0	0	0	0	0	0	0	0	0	0	0	0	0	0	0.194739	0.276547	99.5674	120.168	6.30082	8.55828	0	0	0	0
k107_12392001 flag=0 multi=73.9763 len=22388	22388	99.3533	0	0	0	0	0	0	0	0	0.0136285	0.0134842	0	0	0	0	0.0704519	0.138007	94.2009	190.224	5.06837	8.493	0	0	0	0
k107_29301806 flag=0 multi=98.2663 len=20641	20641	103.537	0	0	0	0	0	0	0	0	0.0889424	0.114149	0	0	0	0	0.118246	0.208252	97.7967	130.596	5.53302	7.49078	0	0	0	0
k107_9565575 flag=0 multi=76.0432 len=22565	22565	101.658	0	0	0	0	0	0	0	0	0.0269056	0.0322335	0	0	0	0	0.0406953	0.0390362	95.6843	125.877	5.90621	8.36878	0	0	0	0
k107_4957753 flag=1 multi=5.0000 len=5760	5760	6.50293	0	0	0	0	0	0	0	0	0	0	0	0	0.386955	0.452121	0.11048	0.118239	0.229022	0.287001	5.63265	5.63688	0.143826	0.242523	0	0
k107_14818984 flag=0 multi=79.0014 len=92209	92209	107.432	0	0	0	0	0	0	0.00328593	0.00355035	0.013122	0.015801	0	0	0	0	0.0590271	0.0767229	101.29	152.341	6.06635	8.75982	0	0	0	0
k107_31118357 flag=0 multi=79.0374 len=16170	16170	109.212	0	0	0	0	0	0	0.038064	0.0579201	0	0	0	0	0	0	0.037938	0.0579094	103.091	115.114	6.0455	7.80922	0	0	0	0
k107_433674 flag=0 multi=86.9876 len=47651	47651	114.148	0	0	0	0	0	0	0	0	0.0255127	0.0364214	0	0	0	0	0.0732011	0.120345	107.574	177.795	6.46846	9.47394	0.00637817	0.00768146	0	0
k107_120649 flag=0 multi=78.7043 len=57323	57323	103.733	0	0	0	0	0	0	0.00529629	0.00618055	0.00529629	0.00527062	0	0	0	0	0.0552428	0.0764895	97.9624	162.577	5.70464	8.68061	0	0	0	0
k107_3418553 flag=0 multi=84.9419 len=13644	13644	104.538	0	0	0	0	0	0	0	0	0.0451956	0.0885174	0	0	0	0	0.203268	0.430202	98.6557	165.917	5.63431	7.88874	0	0	0	0
k107_12672676 flag=0 multi=95.9828 len=47509	47509	113.227	0	0	0	0	0	0	0	0	0.0127947	0.0181078	0	0	0	0	0.0861525	0.134896	106.666	173.737	6.46235	8.89651	0	0	0	0
k107_11905141 flag=0 multi=89.0689 len=14005	14005	112.55	0	0	0	0	0	0	0	0	0.065825	0.0880294	0	0	0.044005	0.0479807	0.131942	0.179141	106.609	180.796	5.69985	8.55444	0	0	0	0
k107_23422776 flag=0 multi=88.0418 len=166247	166247	112.652	0	0	0	0	0	0	0	0	0.00909337	0.013786	0	0	0	0	0.0736087	0.100114	106.187	161.45	6.37864	9.53689	0.00363976	0.00406389	0	0
k107_23358002 flag=0 multi=82.9110 len=5817	5817	110.426	0	0	0	0	0	0	0	0	0	0	0	0	0.0545784	0.0517685	0.0547597	0.0688123	104.001	149.604	6.31478	6.60296	0	0	0	0
k107_24228331 flag=0 multi=81.3459 len=8330	8330	102.738	0	0	0	0	0	0	0.0376183	0.0466685	0	0	0	0	0.0374938	0.0446785	0.11273	0.328351	96.4652	164.044	6.08483	11.4269	0	0	0	0
k107_7432284 flag=0 multi=101.9663 len=23134	23134	102.52	0	0	0	0	0	0	0	0	0.0132271	0.0209387	0	0	0	0	0.0528644	0.113838	97.2206	148.415	5.23362	8.01871	0	0	0	0
k107_990901 flag=0 multi=80.9711 len=86054	86054	105.809	0	0	0	0	0	0	0.00352178	0.00355317	0.0176089	0.0243767	0	0	0	0	0.0496432	0.0575145	100.211	144.411	5.5235	7.97504	0.00352178	0.00349871	0	0
k107_21379323 flag=0 multi=83.9730 len=29456	29456	104.525	0	0	0	0	0	0	0	0	0.0207176	0.0556037	0	0	0	0	0.0310421	0.0375258	98.4495	166.335	6.02418	7.41864	0	0	0	0
k107_11304565 flag=0 multi=83.0024 len=101310	101310	109.154	0	0	0	0	0	0	0	0	0.0104447	0.0158413	0	0	0.00298986	0.00297508	0.0822014	0.114357	103.051	163.069	6.00399	8.2003	0.00298986	0.00297292	0	0
k107_4532665 flag=0 multi=81.1921 len=8534	8534	104.982	0	0	0	0	0	0	0	0	0	0	0	0	0	0	0.0460398	0.0577507	99.2317	117.067	5.70457	8.66608	0	0	0	0
k107_14141495 flag=0 multi=66.5983 len=16475	16475	109.799	0	0	0	0	0	0	0	0	0	0	0	0	0	0	0.0560193	0.0746492	103.44	134.279	6.30273	7.03832	0	0	0	0
k107_16067621 flag=0 multi=87.2511 len=3667	3667	111.778	0	0	0	0	0	0	0	0	0	0	0	0	0	0	0.0882615	0.13047	105.651	160.278	6.03893	7.49069	0	0	0	0
k107_11396207 flag=0 multi=112.1868 len=38022	38022	106.486	0	0	0	0	0	0	0	0	0.00872216	0.0120275	0	0	0	0	0.0932131	0.111105	100.489	151.284	5.89525	7.53514	0	0	0	0
k107_16453163 flag=1 multi=12.0000 len=4945	4945	8.5798	0	0	0	0	0	0	0	0	0	0	0	0	0	0	0.407711	0.425949	0.259746	0.290343	5.49063	7.83046	2.42171	4.54135	0	0
k107_19739066 flag=0 multi=86.0125 len=76839	76839	112.147	0	0	0	0	0	0	0	0	0.0118374	0.0145473	0	0	0.00786548	0.00973577	0.0688817	0.0899656	106.059	165.114	5.99498	8.7776	0.0039458	0.00393682	0	0
k107_11624547 flag=0 multi=80.9679 len=26709	26709	105.157	0	0	0.0112091	0.0112675	0	0	0	0	0	0	0	0	0	0	0.114061	0.16974	99.455	133.732	5.57636	8.80788	0	0	0	0
k107_21078388 flag=0 multi=83.9783 len=12192	12192	109.851	0	0	0	0	0	0	0	0	0	0	0	0	0	0	0.0634146	0.089749	103.261	247.868	6.5259	9.25884	0	0	0	0
k107_3966837 flag=0 multi=83.0216 len=36066	36066	109.533	0	0	0	0	0	0	0	0	0.0253327	0.0294048	0	0	0	0	0.0505816	0.0743364	103.51	193.827	5.93776	7.90352	0.00844425	0.0108887	0	0
k107_17612407 flag=0 multi=81.9803 len=26801	26801	103.924	0	0	0	0	0	0	0	0	0.0227933	0.0296183	0	0	0.0113967	0.0112598	0.0910223	0.122932	97.7353	142.987	6.06351	7.57049	0	0	0	0
k107_31661198 flag=0 multi=87.9954 len=139488	139488	110.616	0	0	0	0	0	0	0	0	0.0227609	0.0297095	0	0	0	0	0.0692886	0.0997719	104.315	167.914	6.20963	9.10229	0	0	0	0
k107_12391442 flag=0 multi=75.8804 len=3359	3359	99.9555	0	0	0	0	0	0	0	0	0	0	0	0	0	0	0.0490677	0.0469711	93.9745	202.727	5.93196	4.13471	0	0	0	0
k107_21346788 flag=0 multi=77.2219 len=26041	26041	103.086	0	0	0	0	0	0	0	0	0.0117332	0.0116024	0	0	0	0	0.0469327	0.0772857	97.7854	162.916	5.24204	6.70097	0	0	0	0
k107_11592221 flag=0 multi=86.0000 len=46882	46882	103.964	0	0	0	0	0	0	0	0	0.0259339	0.0346799	0	0	0.00648347	0.00862832	0.080936	0.12847	98.5635	155.869	5.28682	7.84062	0	0	0	0
k107_10931414 flag=0 multi=97.6207 len=3144	3144	122.262	0	0	0	0	0	0	0	0	0	0	0	0	0	0	0.106263	0.109084	115.867	122.534	6.28853	5.98285	0	0	0	0
k107_11148020 flag=0 multi=87.0747 len=49267	49267	112.51	0	0	0	0	0	0	0	0	0.018503	0.0250808	0	0	0	0	0.14782	0.290869	106.013	159.42	6.33097	8.61353	0	0	0	0
k107_32752214 flag=0 multi=80.6737 len=41858	41858	104.535	0	0	0	0	0	0	0	0	0.0363365	0.0453296	0	0	0	0	0.0835018	0.105325	99.138	164.599	5.27731	7.51301	0	0	0	0
k107_29130350 flag=0 multi=79.0190 len=17099	17099	108.631	0	0	0	0	0	0	0	0	0.0359588	0.0427575	0	0	0	0	0.125439	0.14874	102.56	153.632	5.91034	7.64883	0	0	0	0
k107_16884786 flag=0 multi=86.8170 len=42750	42750	110.523	0	0	0	0	0	0	0	0	0.0142056	0.014037	0	0	0	0	0.09951	0.123824	104.63	149.749	5.78001	7.94777	0	0	0	0
k107_11248713 flag=0 multi=8.1835 len=4854	4854	9.14345	0	0	0	0	0	0	0	0	0	0	0	0	0	0	0.0940246	0.0852042	0.265378	0.429676	6.04723	6.71582	2.73682	3.53708	0	0
k107_5553510 flag=0 multi=81.9941 len=39233	39233	108.358	0	0	0	0	0	0	0.00775731	0.00774914	0.0309008	0.0347531	0	0	0	0	0.0813491	0.101963	101.92	162.501	6.31833	9.3315	0	0	0	0
k107_34832911 flag=0 multi=85.9984 len=60395	60395	113.733	0	0	0	0	0	0	0	0	0.01506	0.0202841	0	0	0	0	0.082805	0.106138	107.299	198.195	6.3361	7.97299	0	0	0	0
k107_8387070 flag=0 multi=77.2262 len=14347	14347	105.112	0	0	0	0	0	0	0	0	0.0645069	0.0778624	0	0	0	0	0.0644357	0.0938075	99.2601	169.408	5.72261	7.59453	0	0	0	0
k107_4443886 flag=0 multi=57.0489 len=3053	3053	7.60523	0	0	0	0	0	0	0	0	0	0	0	0	0	0	0.109778	0.0977636	0.21883	0.171416	5.5627	7.12869	1.71392	2.32374	0	0
k107_16031952 flag=0 multi=89.9986 len=8667	8667	113.18	0	0	0	0	0	0	0	0	0	0	0	0	0	0	0.0720861	0.0995045	106.759	161.903	6.34848	7.88228	0	0	0	0
k107_25731079 flag=0 multi=86.0021 len=2902	2902	105.921	0	0	0	0	0	0	0	0	0	0	0	0	0	0	0.0907692	0.0964135	98.4404	189.809	7.39	6.72875	0	0	0	0
k107_32792673 flag=0 multi=82.9684 len=10563	10563	105.173	0	0	0	0	0	0	0	0	0	0	0	0	0	0	0.0757236	0.136742	99.499	121.514	5.59877	6.49482	0	0	0	0
k107_11017920 flag=0 multi=85.0336 len=37606	37606	108.657	0	0	0	0	0	0	0	0	0.0161913	0.0204849	0	0	0	0	0.0768014	0.116581	102.324	159.49	6.24024	8.64614	0	0	0	0
k107_17269098 flag=0 multi=91.7490 len=5302	5302	109.397	0	0	0	0	0	0	0	0	0	0	0	0	0	0	0.1208	0.191842	102.306	129.202	6.9704	6.09201	0	0	0	0
k107_12944714 flag=0 multi=85.8175 len=37895	37895	107.744	0	0	0	0	0	0	0	0	0.0160668	0.0274552	0	0	0	0	0.100205	0.13225	101.649	158.532	5.97843	7.04002	0	0	0	0
k107_4223880 flag=0 multi=84.0064 len=166413	166413	103.617	0	0	0	0	0	0	0	0	0.0217806	0.0318398	0	0	0.00545418	0.00615657	0.0644689	0.0884529	97.7853	157.701	5.73962	8.35279	0	0	0	0
k107_11127836 flag=0 multi=8.0752 len=4337	4337	9.20793	0	0	0	0	0	0	0	0	0	0	0	0	0.0748451	0.0732362	0.35539	0.41061	0	0	6.29641	8.20677	2.48129	4.14232	0	0
k107_14177892 flag=0 multi=85.0079 len=5446	5446	111.198	0	0	0	0	0	0	0	0	0	0	0	0	0	0	0.0647356	0.0679425	105.226	151.435	5.90649	4.90291	0	0	0	0
k107_23449847 flag=0 multi=78.6327 len=3265	3265	100.786	0	0	0	0	0	0	0.101924	0.123291	0	0	0	0	0	0	0.180223	0.23646	94.2676	80.4985	6.23625	13.5666	0	0	0	0
k107_19713555 flag=0 multi=83.0081 len=55879	55879	107.829	0.0054339	0.00702476	0	0	0	0	0.0054339	0.00934467	0	0	0	0	0	0	0.0841715	0.117436	101.66	171.467	6.07372	9.04953	0	0	0	0
k107_23402535 flag=0 multi=111.3577 len=12122	12122	111.43	0	0	0	0	0	0	0	0	0.0510152	0.0637337	0	0	0	0	0.0892555	0.109888	104.855	192.295	6.4346	7.1638	0	0	0	0
k107_6739904 flag=0 multi=76.9478 len=8352	8352	102.725	0	0	0	0	0	0	0	0	0.0749068	0.219981	0	0	0	0	0.216025	0.212184	96.8532	159.471	5.58137	7.78644	0	0	0	0
k107_494007 flag=0 multi=85.4227 len=161669	161669	107.461	0.00187151	0.00339164	0	0	0	0	0.00374302	0.00535415	0.0186903	0.0260234	0	0	0.00186531	0.00273227	0.0924538	0.141128	101.412	165.066	5.92871	8.28365	0.00187151	0.00285791	0	0
k107_6801683 flag=0 multi=91.5714 len=3014	3014	109.871	0	0	0	0	0	0	0	0	0	0	0	0	0	0	0	0	107.833	154.388	2.03798	2.26971	0	0	0	0
k107_11766733 flag=0 multi=76.9821 len=28989	28989	103.656	0	0	0	0	0.0105274	0.0126543	0	0	0.0210548	0.0254901	0	0	0	0	0.131837	0.160677	98.3318	146.382	5.16046	7.82512	0	0	0	0
k107_7607622 flag=0 multi=85.2485 len=54525	54525	106.972	0	0	0	0	0	0	0	0	0.0167088	0.0253704	0	0	0.00555115	0.00553862	0.108515	0.176366	100.94	139.275	5.90041	7.53404	0	0	0	0
