contigName	contigLen	totalAvgDepth	Cen01_MA.bam	Cen01_MA.bam-var	Cen03_MA.bam	Cen03_MA.bam-var	Cen04_MA.bam	Cen04_MA.bam-var	Cen05_MA.bam	Cen05_MA.bam-var	Cen06_MA.bam	Cen06_MA.bam-var	Cen07_MA.bam	Cen07_MA.bam-var	Cen10_MA.bam	Cen10_MA.bam-var	Cen12_MA.bam	Cen12_MA.bam-var	Cen14_MA.bam	Cen14_MA.bam-var	Cen15_MA.bam	Cen15_MA.bam-var	Cen16_MA.bam	Cen16_MA.bam-var	Cen17_MA.bam	Cen17_MA.bam-var
k107_19058294 flag=0 multi=120.8863 len=77413	77413	148.37	0.00383862	0.00768669	0.00783286	0.0113506	0	0	0.00190634	0.00195405	0.741243	1.16118	0.102553	0.152817	0.00390346	0.00510184	127.798	211.007	0.0135778	0.0160286	19.6858	24.8555	0.0117363	0.0127965	0	0
k107_14111452 flag=0 multi=106.9383 len=54148	54148	150.651	0.00546002	0.0111508	0.00560859	0.00825143	0	0	0	0	0.718809	1.02014	0.0754002	0.116199	0	0	130.426	214.004	0.0251272	0.0245859	19.3945	30.4735	0	0	0	0
k107_182457 flag=0 multi=131.1954 len=62218	62218	163.908	0	0	0	0	0	0	0	0	0.723577	0.997553	0.063247	0.0957194	0	0	139.241	270.029	0.012097	0.0155567	23.8416	33.8081	0.0268105	0.0324185	0	0
k107_26419443 flag=0 multi=120.1331 len=15443	15443	162.141	0	0	0.0240407	0.0348239	0	0	0	0	0.900403	1.11169	0.0396935	0.0649837	0.0199458	0.0195491	137.794	218.085	0.0594413	0.0645965	23.283	23.5475	0.0199458	0.0217948	0	0
k107_7657829 flag=0 multi=104.1641 len=2953	2953	149.504	0	0	0	0	0	0	0	0	0.907959	1.90572	0.0569596	0.0537381	0	0	127.85	433.278	0	0	20.6888	34.3092	0	0	0	0
k107_19336269 flag=0 multi=128.6938 len=48087	48087	157.553	0	0	0.0537198	0.0784167	0.00307628	0.00315056	0	0	0.82798	1.28567	0.0850895	0.12524	0.0189599	0.0274804	134.323	250.914	0.0502668	0.061502	22.162	30.0212	0.028419	0.0460227	0	0
k107_8323672 flag=0 multi=112.1725 len=7296	7296	148.941	0	0	0	0	0	0	0	0	0.45296	0.569625	0	0	0	0	128.225	210.653	0	0	20.2202	26.9492	0.0431799	0.045324	0	0
k107_13596906 flag=0 multi=111.9673 len=11632	11632	153.112	0	0	0	0	0	0	0	0	0.702207	0.921117	0.185966	0.232451	0	0	131.157	226.742	0.0130627	0.0131521	20.9903	28.993	0.0631068	0.161177	0	0
k107_4580711 flag=0 multi=122.2254 len=45250	45250	162.761	0	0	0	0	0	0	0	0	0.874099	1.3125	0.143944	0.240991	0	0	138.86	403.098	0.0268755	0.0338589	22.8424	35.2849	0.0134378	0.0132592	0	0
k107_11217761 flag=0 multi=128.5375 len=61452	61452	165.42	0.00987735	0.0144288	0	0	0	0	0	0	0.823598	1.37057	0.0565004	0.0759104	0.00984464	0.0118724	141.007	233.562	0.0344399	0.0466056	23.4592	33.028	0.019722	0.023051	0	0
k107_1795450 flag=0 multi=122.9348 len=27796	27796	159.137	0.0109842	0.0214134	0	0	0	0	0	0	0.756092	1.12049	0.0874736	0.123915	0	0	136.026	245.79	0.0602313	0.0936556	22.1848	27.2515	0.0109842	0.0144295	0	0
k107_2454392 flag=0 multi=127.4911 len=377573	377573	164.629	0.00159832	0.0023612	0.00479496	0.00499249	0.000800486	0.00131892	0	0	0.78661	1.13592	0.0958701	0.170162	0.00998752	0.0127342	140.551	243.622	0.0294801	0.0386459	23.1279	33.7927	0.0199803	0.0231894	0	0
k107_8136669 flag=0 multi=114.0713 len=31284	31284	159.503	0	0	0	0	0	0	0	0	0.783132	1.20388	0.087567	0.127222	0.0194629	0.0203351	136.936	231.761	0.0242722	0.0315966	21.6522	31.6157	0	0	0	0
k107_8661914 flag=0 multi=118.3970 len=32038	32038	162.2	0	0	0	0	0	0	0	0	0.786173	1.2343	0.0950971	0.148627	0	0	138.188	206.732	0.0332115	0.0401303	23.0876	34.032	0.00951601	0.0115685	0	0
k107_32886840 flag=0 multi=113.9566 len=16742	16742	153.604	0	0	0	0	0	0	0	0	0.719586	0.921958	0.0367397	0.0420796	0.0367397	0.0571654	130.373	218.189	0.0547445	0.0576821	22.3653	35.8668	0.0183698	0.0180334	0	0
k107_3381124 flag=0 multi=120.9049 len=16733	16733	153.914	0	0	0	0	0	0	0	0	0.786988	1.07868	0.0734587	0.157482	0	0	131.788	216.773	0.0273873	0.0443301	21.2123	36.1586	0.0262918	0.0256069	0	0
k107_13150166 flag=0 multi=116.0000 len=29849	29849	159.639	0	0	0	0	0	0	0	0	0.745626	1.04914	0.17484	0.330971	0.010221	0.0101084	136.07	219.8	0.020442	0.02145	22.5974	32.8673	0.010221	0.011871	0.010221	0.0106554
k107_1871211 flag=0 multi=136.1598 len=38020	38020	157.302	0.00800679	0.01144	0	0	0	0	0	0	0.667851	1.05642	0.0604486	0.0894852	0.00800679	0.00905581	134.714	230.783	0.0120102	0.0128795	21.8081	30.4898	0.0239938	0.0282059	0	0
k107_14875488 flag=0 multi=117.7654 len=37392	37392	158.356	0	0	0	0	0	0	0.00808843	0.0126019	0.662497	0.954564	0.146212	0.230189	0.00814236	0.0109866	135.725	263.962	0.0162578	0.0180058	21.7575	28.0205	0.0325155	0.0374679	0	0
k107_32185814 flag=0 multi=120.0411 len=62074	62074	160.021	0	0	0.00974552	0.0126663	0	0	0	0	0.823739	1.39146	0.107314	0.194979	0	0	136.78	227.557	0.00733342	0.00728284	22.2682	30.8802	0.0244124	0.0390551	0	0
k107_21249137 flag=0 multi=144.0000 len=25278	25278	161.376	0	0	0.0241432	0.0291405	0	0	0	0	0.715127	1.06542	0.0483664	0.0644384	0	0	138.367	234.073	0.0300689	0.0444269	22.1908	35.9554	0	0	0	0
k107_35187615 flag=0 multi=125.8730 len=4240	4240	161.61	0	0	0.0766887	0.127722	0	0	0	0	0.880142	0.834679	0.0883697	0.0805805	0	0	138.633	248.318	0.0766887	0.105884	21.8553	26.2379	0	0	0	0
k107_12342466 flag=0 multi=132.6354 len=106571	106571	161.78	0.00568369	0.00837824	0.00567428	0.00959859	0	0	0	0	0.808401	1.10889	0.0993705	0.1511	0.00567428	0.005659	138.915	270.479	0.0396164	0.0491617	21.8952	30.7641	0.00568369	0.00793196	0	0
k107_29656714 flag=0 multi=121.3228 len=19128	19128	158.105	0	0	0.00802082	0.00795391	0	0	0	0	1.05737	1.62265	0.0480718	0.0713122	0	0	134.811	241.803	0.02385	0.0310121	22.1572	30.5512	0	0	0	0
k107_22085230 flag=0 multi=123.8821 len=13732	13732	160.092	0	0	0	0	0	0	0	0	0.633433	1.05692	0.119434	0.141526	0	0	136.351	907.298	0.022487	0.0324144	22.943	58.5671	0.022487	0.0237734	0	0
k107_9451393 flag=0 multi=112.9931 len=59193	59193	151.859	0	0	0.00512812	0.0101833	0	0	0	0	0.773412	1.1712	0.0870761	0.125492	0	0	129.392	214.752	0.0204106	0.0264275	21.5754	35.4213	0.00512812	0.00643003	0	0
k107_3918006 flag=0 multi=124.0136 len=12726	12726	154.485	0	0	0	0	0	0	0	0	0.692531	1.07252	0.0486156	0.0784618	0.0486156	0.0462551	131.684	245.581	0	0	21.997	26.1964	0.0136832	0.0186488	0	0
k107_19394013 flag=0 multi=117.5548 len=121946	121946	150.308	0	0	0.00496531	0.0078019	0	0	0	0	0.729251	1.03146	0.0940531	0.152312	0.00496531	0.00586528	128.547	215.678	0.034601	0.0409265	20.8772	30.1114	0.0161044	0.0209461	0	0
k107_19227933 flag=0 multi=118.8921 len=97132	97132	159.776	0	0	0.00311887	0.00498617	0	0	0	0	0.924806	1.32453	0.0747392	0.114228	0.00620675	0.0073955	136.436	249.181	0.0585872	0.326569	22.2355	35.2247	0.036972	0.230909	0	0
k107_6379339 flag=0 multi=117.5842 len=52589	52589	157.724	0	0	0.0160078	0.0338683	0	0	0	0	0.701073	1.06596	0.054679	0.0771664	0.00577581	0.00891615	134.546	395.95	0.0345593	0.0440715	22.3203	34.0609	0.0460726	0.0631931	0	0
k107_25374197 flag=0 multi=157.0000 len=8343	8343	161.817	0	0	0	0	0	0	0	0	0.629772	1.07243	0.0375575	0.0473441	0	0	137.867	291.823	0.0184057	0.0184278	23.2644	31.0108	0	0	0	0
k107_11395743 flag=0 multi=133.8072 len=61220	61220	154.012	0	0	0	0	0	0	0	0	0.826915	1.26828	0.0891362	0.140362	0.00495748	0.00493591	131.32	254.368	0.0444532	0.0493589	21.7225	29.5054	0.00494107	0.00503542	0	0
k107_27090479 flag=0 multi=141.3715 len=21730	21730	160.902	0	0	0	0	0	0	0	0	0.788314	1.18953	0.0773754	0.119098	0	0	137.526	183.246	0.0421878	0.0409573	22.4259	31.3778	0.0420945	0.0572036	0	0
k107_12572838 flag=0 multi=115.1700 len=12204	12204	152.19	0	0	0	0	0	0	0	0	1.07318	1.73277	0.151907	0.213619	0	0	130.122	240.446	0.0253739	0.0388462	20.8175	36.978	0	0	0	0
k107_26042077 flag=0 multi=114.1898 len=14303	14303	152.726	0	0	0.0215699	0.0212421	0	0	0	0	0.670452	0.878084	0.0431398	0.051271	0	0	130.831	212.874	0.0537104	0.0763139	21.0626	30.1233	0.0429969	0.0558532	0	0
k107_11040381 flag=0 multi=126.6792 len=70030	70030	159.993	0.00431677	0.00809252	0.00433112	0.00643861	0	0	0	0	0.800984	1.07786	0.0821478	0.159159	0.0302318	0.0416703	136.821	257.008	0.030117	0.033856	22.1876	31.8583	0.032469	0.0433595	0	0
k107_25246984 flag=0 multi=118.9107 len=205070	205070	156.656	0.00147484	0.00248704	0.00736443	0.015239	0	0	0.000717886	0.0007368	0.817008	1.25734	0.0699475	0.10348	0.00146996	0.00199949	133.781	221.534	0.0220786	0.0295337	21.9373	29.1672	0.0176932	0.0251788	0	0
k107_5701397 flag=0 multi=117.3991 len=101137	101137	153.801	0	0	0.00598998	0.00744148	0	0	0	0	0.750831	1.09939	0.0971091	0.18471	0.01198	0.0144079	131.78	228.635	0.0372787	0.0444355	21.0922	31.6406	0.0253483	0.0275513	0	0
k107_14926481 flag=0 multi=131.2105 len=18969	18969	157.689	0	0	0.0161783	0.0227786	0	0	0	0	0.92693	1.33048	0.128891	0.195116	0	0	135.053	245.874	0.0964804	0.10939	21.4595	25.7299	0	0	0.00787486	0.00801979
k107_29108730 flag=0 multi=118.0114 len=21587	21587	162.305	0	0	0	0	0	0	0	0	0.82133	1.11658	0.0848955	0.150499	0.0141884	0.0139879	137.853	227.377	0.0141414	0.0200031	23.5036	41.4987	0.0141884	0.0139903	0	0
k107_17999834 flag=0 multi=116.0000 len=86145	86145	158.839	0	0	0.0070361	0.0104189	0	0	0	0	0.754296	1.20393	0.0720501	0.117895	0.00351805	0.00503847	135.285	210.668	0.0263504	0.0336285	22.6591	31.6966	0.0316159	0.0467921	0	0
k107_4040245 flag=0 multi=126.6382 len=105566	105566	154.996	0	0	0.00285948	0.0028986	0	0	0	0	0.811711	1.10389	0.0931278	0.13809	0.00572845	0.00777647	132.626	251.312	0.0214508	0.0379286	21.421	32.6702	0.0143164	0.0201816	0	0
k107_30643046 flag=0 multi=117.9419 len=80262	80262	158.938	0.00372686	0.00440417	0.00375188	0.00375518	0	0	0	0	0.667921	0.972681	0.0754002	0.12169	0	0	135.797	226.465	0.00729115	0.00974583	22.3543	33.6786	0.0283142	0.0469922	0	0
k107_10787546 flag=0 multi=127.6593 len=200107	200107	160.027	0	0	0.00452942	0.00733394	0	0	0	0	0.73874	1.03509	0.0731663	0.127235	0.00453442	0.00664995	137.192	255.095	0.0367709	0.0430295	21.9544	31.5368	0.0221166	0.0276609	0	0
k107_15188616 flag=0 multi=125.3791 len=133209	133209	158.688	0.00453701	0.00616202	0.0068168	0.0115617	0	0	0	0	0.757582	0.935561	0.0975043	0.186568	0.00453701	0.00527923	135.805	238.575	0.0237459	0.0262614	21.9745	33.5987	0.0136336	0.0152239	0	0
k107_32313145 flag=0 multi=62.8950 len=7212	7212	74.2171	0	0	0	0	0	0	0	0	0	0	0	0	0.0437048	0.0418118	49.9012	52.7262	3.03459	4.03835	21.2376	33.5977	0	0	0	0
k107_26144791 flag=0 multi=111.0928 len=42451	42451	149.365	0	0	0.00716506	0.00764347	0	0	0	0	0.737313	1.23402	0.0858621	0.143541	0.00716506	0.0112007	128.729	216.424	0.0286128	0.0344955	19.7196	22.8821	0.0429903	0.0549056	0.00716506	0.00712052
k107_17751312 flag=0 multi=119.0000 len=18703	18703	155.028	0	0	0	0	0	0	0	0	0.811478	1.24652	0.0818977	0.143055	0	0	131.321	233.965	0.00820608	0.00813441	22.789	32.3467	0.0164122	0.0279902	0	0
k107_28010650 flag=0 multi=126.7747 len=133343	133343	154.977	0	0	0.00790734	0.0105264	0	0	0.00110492	0.00113268	0.714036	1.0792	0.0712487	0.111512	0.00680993	0.00757743	132.48	242.109	0.0316744	0.0387148	21.6419	31.5869	0.0214896	0.0309444	0	0
k107_17174196 flag=0 multi=149.9213 len=12918	12918	160.127	0	0	0	0	0	0	0	0	0.869293	1.41559	0.0717343	0.0926488	0	0	137.34	200.264	0.0238586	0.0252717	21.822	35.5389	0	0	0	0
k107_3922509 flag=0 multi=149.4869 len=10649	10649	160.75	0	0	0	0	0	0	0	0	0.734416	1.33607	0.087465	0.127273	0	0	137.861	202.114	0	0	22.0378	25.3713	0.0290906	0.0327859	0	0
k107_6420416 flag=0 multi=121.9850 len=36614	36614	154.122	0	0	0.00831681	0.0122067	0	0	0	0	0.868804	1.39725	0.0914023	0.133549	0.00831681	0.0141351	131.964	177.762	0.00831681	0.0141893	21.1642	30.7847	0.00831681	0.0137489	0	0
k107_5712871 flag=0 multi=110.8622 len=5077	5077	151.55	0	0	0	0	0	0	0	0	0.641885	0.946101	0.126073	0.199325	0	0	129.094	448.767	0.0632461	0.0751759	21.6251	34.8878	0	0	0	0
k107_11388544 flag=0 multi=105.3871 len=3504	3504	155.753	0	0	0	0	0	0	0	0	0.753904	0.897232	0	0	0	0	134.532	197.018	0.0943161	0.114177	20.3726	25.6973	0	0	0	0
k107_17503260 flag=0 multi=120.0093 len=45225	45225	158.131	0	0	0	0	0.00672261	0.0075197	0	0	0.653919	0.89953	0.107495	0.168965	0	0	135.675	217.337	0.0300514	0.0341718	21.6515	31.0928	0.00672261	0.00666369	0	0
k107_9897547 flag=0 multi=120.3618 len=19308	19308	158.973	0	0	0	0	0	0	0	0	0.880932	1.42243	0.142429	0.189844	0.0158897	0.0179524	136.517	260.91	0.00789224	0.00788061	21.3931	33.2613	0.0156793	0.0214215	0	0
k107_17426106 flag=0 multi=114.9511 len=4850	4850	159.74	0	0	0	0	0	0	0	0	1.32718	1.18812	0	0	0	0	135.669	114.622	0.0327617	0.0321037	22.7106	23.897	0	0	0	0
k107_9031945 flag=0 multi=115.2223 len=43691	43691	157.381	0	0	0	0	0	0	0	0	0.695499	0.980612	0.0590472	0.0971288	0	0	135.066	249.52	0.0345018	0.0493647	21.4987	27.1564	0.0278412	0.0336462	0	0
k107_11318898 flag=0 multi=116.1370 len=82094	82094	157.033	0	0	0.00369229	0.00435297	0	0	0	0	0.704665	1.00471	0.0773303	0.122854	0.00738459	0.00733435	134.684	221.441	0.0258094	0.0322355	21.5224	30.9468	0.00737236	0.00733472	0	0
k107_4352822 flag=0 multi=123.4800 len=69999	69999	157.873	0	0	0	0	0	0	0	0	0.804769	1.16566	0.0907787	0.153873	0.0129991	0.0159838	135.168	231.97	0.0388539	0.0443207	21.7537	31.5656	0.00433304	0.00704594	0	0
k107_35552626 flag=0 multi=129.9386 len=16399	16399	163.385	0	0	0	0	0	0	0	0	0.756042	1.03538	0.121451	0.202858	0.0187613	0.0233884	140.361	244.934	0.0650432	0.0659517	22.0439	34.0678	0.0187613	0.0184151	0	0
k107_28410088 flag=0 multi=130.3789 len=66838	66838	154.261	0	0	0	0	0	0	0	0	0.675559	0.919892	0.0973909	0.140066	0.0135716	0.0189631	131.96	242.4	0.0156457	0.019858	21.4807	32.2669	0.0181255	0.0209089	0	0
k107_9061058 flag=0 multi=109.9768 len=15041	15041	155.128	0	0	0	0	0	0	0	0	0.688921	1.05792	0.0818237	0.108492	0.0204899	0.0306576	132.593	268.54	0.0303955	0.0413245	21.6928	23.6045	0.0204899	0.0202097	0	0
k107_16271083 flag=0 multi=130.2809 len=70031	70031	155.32	0	0	0	0	0	0	0	0	0.775789	1.14557	0.0712759	0.106965	0.00430237	0.00432345	132.03	234.669	0.0216553	0.0296294	22.3862	32.8033	0.0215692	0.0259048	0.00866211	0.00901145
k107_10983378 flag=0 multi=121.9416 len=21681	21681	161	0	0	0	0	0	0	0	0	0.965106	1.34019	0.0631929	0.0909533	0	0	137.948	194.838	0.00696946	0.00701135	22.0029	29.4039	0.0139857	0.0139308	0	0
k107_32909555 flag=0 multi=121.2101 len=13448	13448	164.248	0	0	0	0	0	0	0	0	0.852122	1.63974	0.0917389	0.151299	0	0	140.52	262.8	0	0	22.7729	35.7798	0.0114864	0.0113578	0	0
k107_8448371 flag=0 multi=123.1965 len=91424	91424	152.217	0	0	0.00330326	0.00329497	0	0	0	0	0.810254	1.18574	0.0733303	0.121882	0.00165712	0.00165385	130.238	229.797	0.0247361	0.0301003	21.0629	28.4752	0.00330326	0.00516768	0	0
k107_17129390 flag=0 multi=58.9507 len=3717	3717	24.084	0	0	0.176574	0.266911	0	0	0	0	0	0	0.179209	0.282456	0	0	0.883748	0.528811	0	0	22.8445	25.9811	0	0	0	0
k107_27896828 flag=0 multi=114.9787 len=40940	40940	155.744	0	0	0	0	0	0	0	0	0.832324	1.25548	0.123776	0.193927	0.00743147	0.00737672	132.735	246.912	0.0185541	0.0200186	22.0195	34.8255	0.00743147	0.0118113	0	0
k107_27674052 flag=0 multi=114.9666 len=19564	19564	150.86	0	0	0	0	0	0	0	0	0.768404	1.24192	0.0468279	0.0758601	0.0156785	0.0154323	129.468	241.6	0.0312013	0.0303731	20.5308	31.231	0	0	0	0
k107_19314591 flag=0 multi=99.4053 len=7809	7809	153.036	0	0	0	0	0	0	0	0	0.709072	1.00032	0.0402291	0.0756554	0.0402291	0.0673921	131.259	368.058	0.0602105	0.0601733	20.9277	34.8183	0	0	0	0
k107_4084986 flag=0 multi=126.1795 len=96022	96022	159.971	0	0	0.0125992	0.0267962	0	0	0	0	0.787829	1.10384	0.056728	0.0908272	0.00946511	0.0122746	136.562	232.722	0.020445	0.0268665	22.506	27.3305	0.0157334	0.0165682	0	0
k107_525022 flag=0 multi=122.1325 len=13127	13127	157.116	0	0	0	0	0	0	0	0	0.788148	1.11956	0.140585	0.185451	0.0235478	0.0229949	133.589	241.329	0.0116179	0.0116361	22.5164	30.1202	0.0469396	0.0557832	0	0
k107_21171847 flag=0 multi=159.9667 len=33120	33120	165.12	0	0	0	0	0	0	0	0	0.797032	1.12267	0.119538	0.225896	0	0	140.063	247.674	0.0138034	0.0142183	24.1082	32.9643	0.0182827	0.0205161	0	0
k107_16981232 flag=0 multi=127.8431 len=156182	156182	154.635	0	0	0.00676161	0.00873305	0	0	0	0	0.743065	1.15248	0.0908455	0.144652	0.0154285	0.0194065	132.214	209.542	0.0357326	0.0457674	21.5175	31.4166	0.0116051	0.0140063	0	0
k107_2189974 flag=0 multi=126.0657 len=56576	56576	152.076	0.0053666	0.00995363	0.0053666	0.0064051	0	0	0	0	0.809681	1.1859	0.10902	0.184495	0.016082	0.0158337	129.313	230.188	0.0265664	0.0324867	21.7534	31.6539	0.0374773	0.0568005	0	0
k107_3942470 flag=0 multi=121.0363 len=8024	8024	155.459	0	0	0	0	0	0	0	0	0.50764	0.79777	0.174825	0.224824	0.039109	0.037581	133.128	224.997	0.136493	0.25696	21.4732	30.9689	0	0	0	0
k107_11387587 flag=0 multi=129.1880 len=26243	26243	163.936	0	0	0	0	0	0	0	0	0.861532	1.39623	0.0348869	0.0503619	0.0116418	0.0131196	139.911	197.315	0.0576693	0.0637785	23.0479	27.193	0.0116418	0.0115002	0	0
k107_33985623 flag=0 multi=123.0412 len=23047	23047	163.401	0	0	0	0	0	0	0	0	0.980699	1.50824	0.179512	0.320568	0.0132776	0.0131046	139.832	233.169	0	0	22.3693	32.7193	0.0264234	0.035187	0	0
k107_444220 flag=0 multi=114.4381 len=27943	27943	153.858	0.0109258	0.0108082	0	0	0	0	0	0	0.73514	0.914878	0.0764444	0.164564	0.0109258	0.0108078	133.121	272.179	0.0272421	0.0377049	19.8653	29.9604	0.0109258	0.0108077	0	0
k107_25255370 flag=0 multi=111.0000 len=31084	31084	154.112	0	0	0	0	0	0	0	0	0.645247	0.90263	0.0880385	0.121908	0.00977844	0.00971362	131.345	220.363	0.0146839	0.0295317	21.9894	28.4131	0.0195569	0.0192232	0	0
k107_5389746 flag=0 multi=119.0444 len=7963	7963	157.117	0	0	0.0788409	0.153579	0	0	0	0	0.629683	0.643661	0	0	0	0	135.288	217.426	0.0197102	0.0193235	21.1013	34.3525	0	0	0	0
k107_101317 flag=0 multi=86.9943 len=29147	29147	75.7148	0	0	0	0	0	0	0	0	0	0	0	0	0.0208702	0.0249364	50.4015	88.5953	2.79778	3.5888	22.4946	31.0461	0	0	0	0
k107_22209181 flag=0 multi=121.0000 len=48082	48082	153.578	0	0	0.00623692	0.0105922	0	0	0	0	0.778401	1.3167	0.0820427	0.120177	0.00971118	0.0135099	131.281	247.138	0.0345542	0.0457255	21.3664	32.7619	0.0189619	0.0236726	0	0
k107_4550322 flag=0 multi=118.4069 len=32763	32763	152.573	0	0	0	0	0	0	0	0	0.664582	0.931693	0.153199	0.231977	0.0186069	0.0368807	130.336	229.622	0.0370599	0.0481964	21.364	26.0515	0	0	0	0
k107_8087258 flag=0 multi=120.0033 len=17770	17770	158.218	0.0345775	0.0991227	0	0	0	0	0	0	0.673975	0.811086	0.12085	0.202681	0	0	135.454	202.215	0.0341768	0.0380842	21.8996	32.2497	0	0	0	0
k107_13703771 flag=0 multi=111.9688 len=30801	30801	156.106	0.00386898	0.00693347	0.00990196	0.0108511	0	0	0	0	0.803961	1.21098	0.0988229	0.136867	0.0197711	0.0240652	133.342	228.878	0.0196728	0.0223592	21.7989	33.5657	0.00990196	0.0102617	0	0
k107_4906553 flag=0 multi=111.9544 len=16158	16158	150.087	0	0	0.0190464	0.018686	0	0	0	0	0.735494	1.04402	0.0570131	0.0736862	0	0	128.651	238.264	0	0	20.5859	32.746	0.0380928	0.115109	0	0
k107_13966339 flag=0 multi=119.0000 len=9192	9192	160.93	0	0	0	0	0	0	0	0	0.832621	1.02276	0.0674916	0.098883	0	0	137.279	232.469	0.0335208	0.0328232	22.7177	33.5495	0	0	0	0
k107_20361453 flag=0 multi=121.2387 len=131960	131960	154.167	0	0	0.00458764	0.00590674	0	0	0	0	0.809841	1.29818	0.070949	0.110814	0.00688147	0.00760444	131.851	223.185	0.0148491	0.018347	21.3976	30.0105	0.0091525	0.0102726	0.00229382	0.00330332
k107_21713733 flag=0 multi=106.0000 len=26946	26946	151.601	0.0112971	0.0188589	0	0	0	0	0	0	0.71153	0.977996	0.181016	0.270728	0	0	129.569	236.503	0.00566732	0.00563459	21.1062	33.3678	0.0169644	0.016712	0	0
k107_18743760 flag=0 multi=117.0000 len=18488	18488	152.991	0	0	0	0	0	0	0	0	0.84642	1.49652	0.0166062	0.0247989	0	0	131.988	221.299	0.00830309	0.00823634	20.1315	31.1012	0	0	0	0
k107_1452743 flag=0 multi=112.4823 len=6896	6896	153.555	0	0	0	0	0.0394298	0.0592068	0.100243	0.390645	0.715347	1.05694	0.0454959	0.0767795	0	0	132.639	736.499	0.0456476	0.0437118	19.9242	39.8748	0.0457992	0.0437102	0	0
k107_856657 flag=0 multi=106.9855 len=38454	38454	150.313	0	0	0.00791571	0.00785249	0	0	0.00385301	0.00394192	0.734876	1.13702	0.0868631	0.212821	0.00395785	0.00394199	128.5	219.26	0.0276263	0.029458	20.94	30.0267	0.00791571	0.00785194	0	0
k107_21809714 flag=0 multi=203.0000 len=4683	4683	150.381	0	0	0	0	0	0	0	0	0.490527	1.00981	0	0	0	0	127.829	177.962	0.17165	0.386039	21.8888	28.7408	0	0	0	0
