contigName	contigLen	totalAvgDepth	Cen01_MA.bam	Cen01_MA.bam-var	Cen03_MA.bam	Cen03_MA.bam-var	Cen04_MA.bam	Cen04_MA.bam-var	Cen05_MA.bam	Cen05_MA.bam-var	Cen06_MA.bam	Cen06_MA.bam-var	Cen07_MA.bam	Cen07_MA.bam-var	Cen10_MA.bam	Cen10_MA.bam-var	Cen12_MA.bam	Cen12_MA.bam-var	Cen14_MA.bam	Cen14_MA.bam-var	Cen15_MA.bam	Cen15_MA.bam-var	Cen16_MA.bam	Cen16_MA.bam-var	Cen17_MA.bam	Cen17_MA.bam-var
k107_24551276 flag=0 multi=47.0971 len=3105	3105	56.6629	0	0	0	0	0	0	0	0	0	0	0	0	0	0	0	0	0	0	0	0	56.609	38.0539	0.0538709	0.0509867
k107_15633065 flag=0 multi=60.0000 len=8986	8986	50.4939	0	0	0	0	0	0	0	0	0	0	0	0	0	0	0	0	0	0	0	0	50.442	85.4548	0.0519346	0.0605051
k107_12140775 flag=0 multi=76.9480 len=6517	6517	104.648	0	0	0	0	0	0	0	0	0	0	0	0	0	0	0	0	0	0	0	0	104.648	133.162	0	0
k107_88945 flag=0 multi=89.9875 len=54444	54444	100.935	0	0	0	0	0	0	0	0	0	0	0	0	0	0	0	0	0	0	0	0	100.9	158.766	0.0359425	0.0373982
k107_1375109 flag=0 multi=81.2056 len=36609	36609	102.345	0	0	0	0	0	0	0	0	0	0	0	0	0	0	0	0	0	0	0	0	102.325	180.275	0.0207123	0.0203581
k107_27100592 flag=0 multi=85.0000 len=46631	46631	101.442	0	0	0	0	0	0	0	0	0	0	0	0	0	0	0	0	0	0	0	0	101.429	143.572	0.0128645	0.0142589
k107_726865 flag=0 multi=79.9562 len=101936	101936	102.075	0	0	0	0	0	0	0	0	0.00297145	0.00301588	0	0	0	0	0	0	0	0	0	0	102.038	167.944	0.033906	0.0452785
k107_10193345 flag=0 multi=77.9883 len=32308	32308	103.283	0	0	0	0	0	0	0	0	0	0	0	0	0	0	0	0	0	0	0	0	103.259	148.196	0.0234956	0.0240892
k107_31319210 flag=0 multi=140.1021 len=11243	11243	103.941	0	0	0	0	0	0	0	0	0	0	0	0	0	0	0	0	0	0	0	0	103.9	116.708	0.0404899	0.0444425
k107_1107930 flag=0 multi=78.0246 len=230396	230396	103.263	0	0	0	0	0	0	0	0	0	0	0	0	0	0	0	0	0	0	0	0	103.227	185.325	0.036446	0.0422408
k107_9370342 flag=0 multi=113.8408 len=8537	8537	103.399	0	0	0	0	0	0	0	0	0	0	0	0	0	0	0	0	0	0	0	0	103.362	218.671	0.0365513	0.0353312
k107_34997027 flag=0 multi=61.9157 len=8744	8744	80.0373	0	0	0	0	0	0	0	0	0	0	0	0	0	0	0	0	0	0	0	0	80.0373	131.922	0	0
k107_2024768 flag=0 multi=79.2772 len=134995	134995	99.0476	0	0	0	0	0	0	0	0	0	0	0	0	0	0	0	0	0	0	0	0	99.0219	181.891	0.0257029	0.0301849
k107_35491342 flag=0 multi=81.0857 len=65552	65552	103.892	0	0	0	0	0	0	0	0	0.00462835	0.00749318	0	0	0	0	0	0	0	0	0	0	103.862	174.26	0.0252261	0.0303763
k107_28093224 flag=0 multi=78.0150 len=52206	52206	99.8889	0	0	0	0	0	0	0	0	0	0	0	0	0	0	0	0	0	0	0	0	99.8456	185.587	0.04333	0.0470809
k107_8630550 flag=0 multi=84.0308 len=152993	152993	101.094	0	0	0	0	0	0	0	0	0	0	0	0	0	0	0	0	0	0	0	0	101.06	179.022	0.0333418	0.0395654
k107_23380724 flag=0 multi=76.0625 len=20355	20355	101.372	0	0	0	0	0	0	0	0	0	0	0	0	0	0	0	0	0	0	0	0	101.327	148.151	0.0448312	0.0543111
k107_24479313 flag=0 multi=77.6859 len=235380	235380	101.551	0	0	0	0	0	0	0	0	0	0	0	0	0	0	0	0	0	0	0	0	101.521	168.126	0.0299518	0.0332736
k107_4974273 flag=0 multi=77.0008 len=86287	86287	99.8437	0	0	0	0	0	0	0	0	0	0	0	0	0	0	0	0	0	0	0	0	99.8158	170.609	0.0279002	0.0319827
k107_3214049 flag=0 multi=82.6048 len=186232	186232	99.5872	0	0	0	0	0	0	0	0	0	0	0	0	0	0	0	0	0	0	0	0	99.5566	182.717	0.0306675	0.036372
k107_16617513 flag=0 multi=78.9984 len=164990	164990	102.427	0	0	0	0	0	0	0	0	0	0	0	0	0	0	0	0	0	0	0.00181555	0.00214479	102.393	184.083	0.0326982	0.0407785
k107_13744690 flag=0 multi=82.5633 len=131559	131559	102.619	0	0	0	0	0	0	0	0	0	0	0	0	0	0	0	0	0	0	0	0	102.587	174.365	0.0319221	0.0426961
k107_32471398 flag=0 multi=77.9151 len=309826	309826	101.242	0	0	0	0	0	0	0	0	0	0	0	0	0	0	0	0	0	0	0	0	101.21	164.56	0.0319426	0.0423995
k107_16074093 flag=0 multi=96.7489 len=120771	120771	102.129	0	0	0	0	0	0	0	0	0	0	0	0	0	0	0	0	0	0	0	0	102.106	175.137	0.0223626	0.0241534
k107_11342590 flag=0 multi=77.9748 len=20665	20665	100.35	0	0	0	0	0	0	0	0	0	0	0	0	0	0	0	0	0	0	0	0	100.335	153.349	0.0148308	0.0218744
k107_30162494 flag=0 multi=80.9922 len=54110	54110	100.311	0	0	0	0	0	0	0	0	0	0	0	0	0	0	0	0	0	0	0	0	100.269	168.321	0.0416295	0.0622836
k107_28203902 flag=0 multi=81.0052 len=85884	85884	102.312	0	0	0	0	0	0	0	0	0	0	0	0	0	0	0	0	0	0	0	0	102.275	168.21	0.0367601	0.0419229
k107_18283217 flag=0 multi=82.9981 len=127434	127434	99.3749	0	0	0	0	0	0	0	0	0	0	0	0	0	0	0	0	0	0	0	0	99.3419	172.863	0.0329893	0.0351957
k107_26791989 flag=0 multi=87.0000 len=5106	5106	110.758	0	0	0	0	0	0	0	0	0	0	0	0	0	0	0	0	0	0	0	0	110.727	801.068	0.031224	0.0304515
k107_4662744 flag=0 multi=77.0160 len=93203	93203	100.357	0	0	0	0	0	0	0	0	0	0	0	0	0	0	0	0	0	0	0	0	100.324	177.527	0.0337133	0.0416032
k107_4602208 flag=0 multi=83.1071 len=153565	153565	102.032	0	0	0	0	0	0	0	0	0	0	0	0	0	0	0	0	0	0	0	0	102.015	170.67	0.0176233	0.019125
k107_1986283 flag=0 multi=78.9978 len=56830	56830	102.367	0	0	0	0	0	0	0	0	0	0	0	0	0	0	0	0	0	0	0	0	102.314	179.567	0.0528941	0.0606033
k107_25285084 flag=0 multi=81.9528 len=6628	6628	103.645	0	0	0	0	0	0	0	0	0	0	0	0	0	0	0	0	0	0	0	0	103.645	147.237	0	0
k107_24540609 flag=0 multi=44.0275 len=16626	16626	53.9005	0	0	0	0	0	0	0	0	0	0	0	0	0	0	0	0	0	0	0	0	53.864	68.1016	0.0364494	0.039915
k107_9099969 flag=0 multi=77.7487 len=44572	44572	99.6686	0	0	0	0	0	0	0	0	0	0	0	0	0	0	0	0	0	0	0	0	99.6313	186.034	0.0373165	0.0373442
k107_27490355 flag=0 multi=81.9835 len=245645	245645	103.701	0	0	0	0	0	0	0	0	0	0	0	0	0	0	0	0	0	0	0	0	103.674	196.984	0.0275003	0.0330567
k107_32674149 flag=0 multi=80.3833 len=187552	187552	102.248	0	0	0	0	0	0	0.00161282	0.00235544	0	0	0	0	0	0	0	0	0	0	0	0	102.21	174.106	0.0360374	0.0420427
k107_22725583 flag=0 multi=82.3298 len=194893	194893	101.657	0.00155197	0.00225723	0	0	0	0	0	0	0	0	0	0	0	0	0	0	0	0	0	0	101.616	186.82	0.0392927	0.0451005
k107_33292661 flag=0 multi=76.7042 len=52670	52670	102.56	0	0	0	0	0	0	0	0	0	0	0	0	0	0	0	0	0	0	0	0	102.537	171.212	0.0229148	0.0254511
k107_13989869 flag=0 multi=80.7239 len=69552	69552	102.603	0	0	0	0	0	0	0	0	0	0	0	0	0	0	0	0	0	0	0	0	102.588	177.249	0.0151913	0.0225728
k107_32615324 flag=0 multi=95.9802 len=2536	2536	107.912	0	0	0	0	0	0	0	0	0	0	0	0	0	0	0	0	0	0	0	0	107.71	159.119	0.201432	0.172475
k107_6163925 flag=0 multi=81.3610 len=217790	217790	101.426	0	0	0	0	0	0	0	0	0	0	0	0	0	0	0	0	0	0	0	0	101.398	175.804	0.0279602	0.0334993
k107_31334496 flag=0 multi=78.9812 len=48371	48371	104.445	0	0	0	0	0	0	0	0	0	0	0	0	0	0	0	0	0	0	0	0	104.402	159.878	0.043604	0.0488389
k107_28941719 flag=0 multi=78.9825 len=25348	25348	102.645	0	0	0	0	0	0	0	0	0	0	0	0	0	0	0	0	0	0	0	0	102.585	161.424	0.0600096	0.0838209
k107_18051527 flag=0 multi=79.4216 len=123595	123595	102.667	0.00244134	0.00459568	0	0	0	0	0	0	0	0	0	0	0	0	0	0	0	0	0	0	102.64	177.413	0.0242512	0.027844
k107_8698953 flag=0 multi=76.0012 len=62730	62730	96.9455	0.00480554	0.00674139	0	0	0	0	0	0	0	0	0	0	0	0	0	0	0	0	0	0	96.8998	177.634	0.0408631	0.0551419
k107_11712442 flag=0 multi=80.6104 len=49248	49248	102.945	0	0	0	0	0	0	0	0	0	0	0	0	0	0	0	0	0	0	0	0	102.919	173.97	0.0258039	0.0280964
k107_20416684 flag=0 multi=78.0000 len=7847	7847	103.537	0	0	0	0	0	0	0	0	0	0	0	0	0	0	0	0	0	0	0	0	103.537	161.855	0	0
k107_35139208 flag=0 multi=82.1793 len=242286	242286	99.4978	0	0	0.00124388	0.00160917	0	0	0	0	0.00124802	0.00211383	0	0	0	0	0	0	0	0	0	0	99.4548	168.758	0.0405233	0.0499667
k107_4532393 flag=0 multi=77.9936 len=62455	62455	101.12	0	0	0	0	0	0	0	0	0	0	0	0	0	0	0	0	0	0	0	0	101.084	205.513	0.0361366	0.0509913
k107_31008838 flag=0 multi=80.9866 len=274976	274976	101.07	0	0	0	0	0	0	0	0	0.00164559	0.00274569	0	0	0	0	0	0	0	0	0	0	101.043	180.973	0.0256304	0.0308716
k107_11909876 flag=0 multi=80.6175 len=54032	54032	102.998	0.0056207	0.00916196	0	0	0	0	0	0	0	0	0	0	0	0	0	0	0	0	0	0	102.979	157.26	0.0139587	0.0138495
k107_24550515 flag=0 multi=108.6803 len=3698	3698	105.994	0	0	0	0	0	0	0	0	0	0	0	0	0	0	0	0	0	0	0	0	105.95	136.996	0.0444641	0.0425021
