contigName	contigLen	totalAvgDepth	Cen01_MA.bam	Cen01_MA.bam-var	Cen03_MA.bam	Cen03_MA.bam-var	Cen04_MA.bam	Cen04_MA.bam-var	Cen05_MA.bam	Cen05_MA.bam-var	Cen06_MA.bam	Cen06_MA.bam-var	Cen07_MA.bam	Cen07_MA.bam-var	Cen10_MA.bam	Cen10_MA.bam-var	Cen12_MA.bam	Cen12_MA.bam-var	Cen14_MA.bam	Cen14_MA.bam-var	Cen15_MA.bam	Cen15_MA.bam-var	Cen16_MA.bam	Cen16_MA.bam-var	Cen17_MA.bam	Cen17_MA.bam-var
k107_28343610 flag=0 multi=59.0124 len=10595	10595	73.426	0	0	0	0	0	0	0	0	0	0	0	0	72.4792	121.093	0.946857	1.07767	0	0	0	0	0	0	0	0
k107_24210385 flag=0 multi=65.5645 len=3604	3604	77.5472	0	0	0	0	0	0	0	0	0	0	0	0	76.2229	186.875	1.32435	1.33029	0	0	0	0	0	0	0	0
k107_6022096 flag=0 multi=62.0187 len=7752	7752	76.0901	0	0	0	0	0	0	0	0	0	0	0	0	75.2048	92.5956	0.824832	1.04081	0	0	0.0604027	0.0976682	0	0	0	0
k107_6019499 flag=0 multi=103.9283 len=8771	8771	74.7072	0	0	0	0	0	0	0	0	0	0	0	0	73.4398	72.6001	1.26733	1.69596	0	0	0	0	0	0	0	0
k107_2976051 flag=0 multi=59.8192 len=3216	3216	78.1767	0	0	0	0	0	0	0	0	0	0	0	0	76.5854	99.2964	1.59128	1.47302	0	0	0	0	0	0	0	0
k107_10808704 flag=0 multi=68.9157 len=2585	2585	66.3272	0	0	0	0	0	0	0	0	0	0	0	0	65.7981	77.5573	0.529128	0.974961	0	0	0	0	0	0	0	0
k107_5321468 flag=0 multi=54.0975 len=31372	31372	63.5793	0	0	0	0	0	0	0	0	0	0	0	0	62.5208	76.9902	1.05851	1.49399	0	0	0	0	0	0	0	0
k107_20452379 flag=0 multi=99.9332 len=11834	11834	60.5519	0	0	0	0	0	0	0	0	0	0	0	0	59.7405	100.122	0.811308	1.21832	0	0	0	0	0	0	0	0
k107_10988126 flag=0 multi=50.3012 len=72010	72010	62.5658	0.00421152	0.00713175	0.00419758	0.0047334	0	0	0	0	0	0	0	0	61.381	98.5051	1.16803	1.55799	0	0	0.00415574	0.00420632	0.00421152	0.00523822	0	0
k107_34230077 flag=0 multi=47.0432 len=5736	5736	62.3001	0	0	0	0	0	0	0	0	0	0	0	0	60.5328	91.7664	1.76739	2.59248	0	0	0	0	0	0	0	0
k107_14144061 flag=0 multi=59.9569 len=9619	9619	74.7524	0	0	0	0	0	0	0	0	0	0	0	0	73.6839	120.601	1.06848	1.46073	0	0	0	0	0	0	0	0
k107_1127896 flag=0 multi=59.0000 len=2974	2974	72.8495	0	0	0	0	0	0	0	0	0	0	0	0	71.9603	123.665	0.889222	0.780403	0	0	0	0	0	0	0	0
k107_16703361 flag=0 multi=49.9957 len=20166	20166	63.714	0	0	0	0	0	0	0	0	0	0	0	0	62.7619	91.1589	0.952024	1.2931	0	0	0	0	0	0	0	0
k107_27078945 flag=0 multi=52.0753 len=95125	95125	63.4573	0	0	0	0	0	0	0	0	0	0	0	0	62.325	89.6497	1.1291	1.62038	0	0	0.00318488	0.00460805	0	0	0	0
k107_11844968 flag=0 multi=47.0122 len=33903	33903	61.2285	0	0	0	0	0	0	0	0	0	0	0	0	59.8961	87.924	1.32338	2.02776	0	0	0.00898783	0.00891112	0	0	0	0
k107_30458601 flag=0 multi=50.0592 len=12497	12497	62.284	0	0	0	0	0	0	0	0	0	0	0	0	61.3067	76.9743	0.977368	1.16421	0	0	0	0	0	0	0	0
k107_12952602 flag=0 multi=51.0096 len=42881	42881	62.66	0	0	0	0	0	0	0	0	0	0	0	0	61.6216	86.6566	1.0384	1.53822	0	0	0	0	0	0	0	0
k107_12519119 flag=0 multi=70.1086 len=7444	7444	62.4219	0	0	0	0	0	0	0	0	0	0	0	0	61.1763	68.3518	1.24559	1.40035	0	0	0	0	0	0	0	0
k107_20900756 flag=0 multi=48.1765 len=32791	32791	61.37	0	0	0	0	0	0	0	0	0.00929545	0.0164073	0	0	60.1785	95.9799	1.1451	1.66811	0.00929545	0.00920945	0.0278556	0.0306171	0	0	0	0
k107_32767451 flag=0 multi=53.0135 len=238844	238844	62.108	0.00126602	0.00157431	0.00252786	0.0037371	0	0	0	0	0	0	0	0	61.0278	84.8465	1.07016	1.44766	0	0	0.00631755	0.00847072	0	0	0	0
k107_17695620 flag=0 multi=51.2215 len=8488	8488	65.421	0	0	0	0	0	0	0	0	0	0	0	0	64.1961	98.7532	1.2249	1.61605	0	0	0	0	0	0	0	0
k107_30330285 flag=0 multi=48.5782 len=76180	76180	59.9035	0	0	0	0	0	0	0	0	0	0	0	0	58.7922	85.567	1.10255	1.3493	3.95372e-05	6.58918e-05	0.00793379	0.0111902	0.000724848	0.00611416	0	0
k107_35850699 flag=0 multi=73.6524 len=18209	18209	75.4508	0.0168649	0.0218222	0.0168649	0.0257337	0	0	0	0	0	0	0	0	74.5899	100.408	0.810242	1.36207	0	0	0.0168649	0.0184796	0	0	0	0
k107_35860689 flag=0 multi=71.0212 len=33883	33883	58.7311	0	0	0	0	0	0	0	0	0	0	0	0	57.6994	94.6503	1.03163	1.24796	0	0	0	0	0	0	0	0
k107_17400148 flag=0 multi=45.0090 len=26530	26530	60.0816	0	0	0	0	0	0	0	0	0	0	0	0	59.0478	78.8049	1.03378	1.38197	0	0	0	0	0	0	0	0
k107_15940026 flag=0 multi=52.0065 len=19302	19302	60.7629	0.0158947	0.0197415	0	0	0	0	0	0	0	0	0	0	59.6581	81.6085	1.06516	1.15274	0	0	0.0158947	0.0159507	0.00789474	0.00788324	0	0
k107_15804237 flag=0 multi=59.0505 len=16443	16443	75.1652	0	0	0	0	0	0	0	0	0	0	0	0	74.2506	99.3137	0.914627	1.24614	0	0	0	0	0	0	0	0
k107_17320749 flag=0 multi=49.0362 len=47326	47326	63.0428	0.00642225	0.00744067	0	0	0	0	0.00642225	0.00845954	0	0	0	0	61.8851	87.7114	1.13206	1.68725	0	0	0.00642225	0.0096113	0.00642225	0.00658648	0	0
k107_11047494 flag=0 multi=55.8898 len=4772	4772	65.1387	0	0	0	0	0	0	0	0	0	0	0	0	63.8957	82.3342	1.24295	1.77721	0	0	0	0	0	0	0	0
k107_12380552 flag=0 multi=53.7500 len=86958	86958	61.3939	0.00348504	0.00346689	0	0	0	0	0	0	0.0034735	0.0051801	0	0	60.2348	84.3845	1.14523	1.6082	0	0	0.00694701	0.00816931	0	0	0	0
k107_5689252 flag=0 multi=50.0991 len=6330	6330	60.6777	0	0	0	0	0	0	0	0	0	0	0	0	59.644	63.0704	1.03368	1.59816	0	0	0	0	0	0	0	0
k107_15162372 flag=0 multi=46.9943 len=34839	34839	58.941	0	0	0	0	0	0	0	0	0.00874425	0.0131907	0	0	57.8844	86.2304	1.04786	1.36256	0	0	0	0	0	0	0	0
k107_29796154 flag=0 multi=98.8543 len=4782	4782	62.9949	0	0	0	0	0	0	0	0	0	0	0	0	62.2366	110.743	0.758259	0.874651	0	0	0	0	0	0	0	0
k107_35376129 flag=0 multi=51.0016 len=17365	17365	61.9749	0	0	0	0	0	0	0	0	0.0176991	0.0277019	0	0	61.0799	88.5015	0.877278	1.10681	0	0	0	0	0	0	0	0
k107_14304247 flag=0 multi=55.9861 len=24851	24851	60.5331	0	0	0	0	0	0	0	0	0.0122205	0.0243604	0	0	59.3405	92.54	1.18033	1.5541	0	0	0	0	0	0	0	0
k107_16388987 flag=0 multi=50.0247 len=31317	31317	62.7722	0	0	0	0	0	0	0	0	0	0	0	0	61.8193	93.9361	0.947993	1.20091	0	0	0.00486861	0.00484867	0	0	0	0
k107_32996725 flag=0 multi=51.0025 len=142462	142462	61.6243	0	0	0	0	0	0	0	0	0	0	0	0	60.5678	89.8868	1.05649	1.38988	0	0	0	0	0	0	0	0
k107_9179758 flag=0 multi=50.0188 len=170738	170738	62.9039	0	0	0.00177193	0.00293931	0	0	0	0	0	0	0	0	61.7892	84.6524	1.10762	1.433	0	0	0	0	0	0	0.00530991	0.00921399
k107_16915779 flag=0 multi=53.1515 len=31201	31201	59.11	0	0	0	0	0	0	0	0	0	0	0	0	57.9956	76.5285	1.11447	1.62347	0	0	0	0	0	0	0	0
k107_15229706 flag=0 multi=48.2067 len=56719	56719	60.5609	0	0	0	0	0	0	0	0	0	0	0	0	59.4824	91.9515	1.05713	1.39265	0.005353	0.00816074	0.0160413	0.0254706	0	0	0	0
k107_30599081 flag=0 multi=61.6389 len=4303	4303	63.2237	0	0	0	0	0	0	0	0	0	0	0	0	62.6201	60.5998	0.603599	0.731288	0	0	0	0	0	0	0	0
k107_28876378 flag=0 multi=48.3302 len=39532	39532	60.87	0	0	0	0	0	0	0	0	0	0	0	0	59.769	76.7232	1.10102	1.48142	0	0	0	0	0	0	0	0
k107_20464794 flag=0 multi=50.0683 len=5832	5832	64.3759	0	0	0	0	0	0	0	0	0	0	0	0	63.1148	54.5793	1.26112	1.37302	0	0	0	0	0	0	0	0
k107_513821 flag=0 multi=56.9881 len=17908	17908	60.6649	0	0	0	0	0	0	0	0	0	0	0	0	59.6674	98.2188	0.997501	1.61237	0	0	0	0	0	0	0	0
k107_3506929 flag=0 multi=45.9817 len=7381	7381	58.6336	0	0	0	0	0	0	0	0	0	0	0	0	57.5367	68.1926	1.09691	2.12987	0	0	0	0	0	0	0	0
k107_660122 flag=0 multi=47.0114 len=23412	23412	60.6947	0	0	0	0	0	0	0	0	0.0130679	0.0142863	0	0	59.525	88.9375	1.15664	1.95361	0	0	0	0	0	0	0	0
k107_5054358 flag=0 multi=47.0432 len=21167	21167	61.5165	0	0	0	0	0	0	0	0	0	0	0	0	60.5102	93.0693	0.992523	1.29771	0	0	0.0137072	0.0193068	0	0	0	0
k107_26966227 flag=0 multi=49.6400 len=169099	169099	60.163	0	0	0	0	0	0	0	0	0.00178913	0.00259025	0	0	59.0707	86.7846	1.08962	1.59193	0	0	0.000870869	0.000893381	0	0	0	0
k107_15138452 flag=0 multi=52.0245 len=12251	12251	59.8096	0	0	0	0	0	0	0	0	0	0	0	0	58.7833	70.1945	1.02628	1.3938	0	0	0	0	0	0	0	0
k107_34231720 flag=0 multi=46.9700 len=5506	5506	62.9135	0	0	0	0	0	0	0	0	0	0	0	0	61.2902	55.7956	1.62337	1.72149	0	0	0	0	0	0	0	0
k107_19499785 flag=0 multi=50.0093 len=47436	47436	61.1723	0	0	0	0	0.00638605	0.00797724	0	0	0	0	0	0	60.137	90.3405	1.02249	1.48288	0	0	0.00640726	0.00746026	0	0	0	0
k107_32567799 flag=0 multi=49.2415 len=117069	117069	62.253	0	0	0	0	0	0	0	0	0	0	0	0	61.2289	88.805	1.01891	1.43367	0.00258635	0.00469793	0.00258635	0.00332823	0	0	0	0
k107_1659743 flag=0 multi=55.0251 len=89737	89737	62.3211	0	0	0	0	0	0	0	0	0	0	0	0	61.1323	81.809	1.18712	1.64838	0.00168838	0.00168499	0	0	0	0	0	0
k107_32912805 flag=0 multi=50.9987 len=83459	83459	62.3096	0	0	0	0	0.00357156	0.00717559	0	0	0	0	0	0	61.2071	88.7683	1.09891	1.5688	0	0	0	0	0	0	0	0
k107_31390160 flag=0 multi=47.0035 len=188292	188292	60.7579	0	0	0	0	0	0	0	0	0	0	0.00160647	0.00248544	59.6251	82.3202	1.12234	1.5872	0.00158519	0.00238046	0.00722379	0.00972395	0	0	0	0
k107_7924551 flag=0 multi=58.0620 len=51763	51763	62.1689	0	0	0	0	0	0	0	0	0	0	0	0	61.0784	88.1829	1.08461	1.57633	0	0	0.00586852	0.0104455	0	0	0	0
k107_34840707 flag=0 multi=58.0000 len=9114	9114	73.0035	0	0	0	0	0	0	0	0	0	0	0	0	71.9299	77.8105	1.07365	1.55172	0	0	0	0	0	0	0	0
k107_34219455 flag=0 multi=46.0186 len=18713	18713	64.1967	0	0	0	0	0	0	0	0	0	0	0	0	63.0118	92.0144	1.18484	1.84148	0	0	0	0	0	0	0	0
k107_23362483 flag=0 multi=60.0561 len=14362	14362	75.3076	0	0	0	0	0	0	0	0	0	0	0	0	74.3285	104.507	0.97909	1.2999	0	0	0	0	0	0	0	0
k107_5687102 flag=0 multi=172.6556 len=3342	3342	63.3957	0	0	0	0	0	0	0	0	0	0	0	0	62.3385	61.7747	1.05724	0.988139	0	0	0	0	0	0	0	0
k107_31112834 flag=0 multi=49.9485 len=14038	14038	63.036	0	0	0	0	0	0	0	0	0	0	0	0	62.019	86.4878	1.01704	1.4348	0	0	0	0	0	0	0	0
k107_35693681 flag=0 multi=49.5700 len=62844	62844	61.8845	0	0	0	0	0	0	0	0	0	0	0	0	60.7683	88.3663	1.11132	1.5854	0	0	0.00481277	0.00487086	0	0	0	0
k107_5589882 flag=0 multi=48.3345 len=93343	93343	61.8566	0.00323513	0.00473169	0	0	0	0	0	0	0	0	0	0	60.8331	74.3473	1.01213	1.35734	0.00162294	0.00161776	0.00648101	0.00810196	0	0	0	0
k107_35581658 flag=0 multi=45.1607 len=3356	3356	66.6254	0	0	0	0	0	0	0	0	0	0	0	0	65.204	88.1821	1.42141	1.66115	0	0	0	0	0	0	0	0
k107_28547039 flag=0 multi=57.3958 len=11230	11230	60.2277	0	0	0	0	0	0	0	0	0.0276354	0.0382222	0	0	59.1254	76.2001	1.07467	2.09527	0	0	0	0	0	0	0	0
k107_653290 flag=0 multi=53.0119 len=30047	30047	63.7467	0.0100857	0.0158308	0	0	0	0	0	0	0	0	0	0	62.689	84.4646	1.04764	1.71815	0	0	0	0	0	0	0	0
k107_10997544 flag=0 multi=49.1570 len=46437	46437	62.3635	0	0	0	0	0	0	0	0	0	0	0	0	61.2532	85.8243	1.11035	1.65693	0	0	0	0	0	0	0	0
k107_12801483 flag=0 multi=53.0205 len=220724	220724	60.7645	0	0	0	0	0	0	0	0	0	0	0	0	59.6735	84.6647	1.08824	1.52975	0	0	0.00136556	0.00136798	0.00136556	0.00136738	0	0
k107_4028432 flag=0 multi=69.8796 len=4386	4386	64.2532	0	0	0	0	0	0	0	0	0.0739471	0.0684924	0	0	62.738	70.1189	1.44123	2.30661	0	0	0	0	0	0	0	0
k107_22142343 flag=0 multi=56.7427 len=4709	4709	72.3338	0	0	0	0	0	0	0	0	0	0	0	0	71.3658	78.7618	0.968005	1.10613	0	0	0	0	0	0	0	0
k107_27094364 flag=0 multi=55.9963 len=48045	48045	61.9495	0	0	0	0	0	0	0	0	0	0	0	0	60.8342	88.2565	1.1028	1.60006	0	0	0.0124835	0.049955	0	0	0	0
k107_2964368 flag=0 multi=49.0019 len=127485	127485	61.1404	0	0	0	0	0	0	0	0	0	0	0	0	59.9802	92.6177	1.15343	1.55288	0.00237453	0.00414313	0.00355393	0.00354591	0.000762681	0.00132744	0	0
k107_18004718 flag=0 multi=55.9919 len=76624	76624	61.2664	0	0	0	0	0	0	0	0	0	0	0	0	60.2114	94.8433	1.04714	1.44101	0	0	0.00788763	0.0120428	0	0	0	0
k107_6160637 flag=0 multi=60.1006 len=26365	26365	62.3023	0	0	0	0	0	0	0	0	0	0	0	0	61.3242	82.5806	0.97813	1.22834	0	0	0	0	0	0	0	0
