contigName	contigLen	totalAvgDepth	Cen01_MA.bam	Cen01_MA.bam-var	Cen03_MA.bam	Cen03_MA.bam-var	Cen04_MA.bam	Cen04_MA.bam-var	Cen05_MA.bam	Cen05_MA.bam-var	Cen06_MA.bam	Cen06_MA.bam-var	Cen07_MA.bam	Cen07_MA.bam-var	Cen10_MA.bam	Cen10_MA.bam-var	Cen12_MA.bam	Cen12_MA.bam-var	Cen14_MA.bam	Cen14_MA.bam-var	Cen15_MA.bam	Cen15_MA.bam-var	Cen16_MA.bam	Cen16_MA.bam-var	Cen17_MA.bam	Cen17_MA.bam-var
k107_19862557 flag=0 multi=63.6323 len=68551	68551	35.904	0	0	0.00215388	0.00220354	0	0	0	0	0.704787	1.04225	0.0543305	0.0876384	0.0530264	0.0689968	23.0656	32.3564	7.20503	9.02406	4.6276	5.99911	0.191505	0.276933	0	0
k107_27080948 flag=0 multi=63.9906 len=24264	24264	36.428	0	0	0	0	0	0	0	0	0.647525	0.883334	0.0247058	0.0399238	0.0252066	0.0345035	23.6566	31.7414	6.88945	10.1423	5.00881	8.60562	0.175695	0.321929	0	0
k107_26619965 flag=0 multi=211.0000 len=4816	4816	37.6956	0	0	0	0	0.0019938	0.00287256	0	0	0.267612	0.264736	0.164377	0.183624	0	0	24.2273	31.5958	7.51418	9.53894	5.2953	5.99746	0.224856	0.341952	0	0
k107_29188234 flag=0 multi=54.7272 len=6177	6177	35.9971	0.00697872	0.00743453	0	0	0	0	0	0	0.809702	1.14442	0.0251915	0.0250424	0	0	23.673	36.9937	6.29191	9.34067	5.11319	5.51303	0.0771064	0.0711757	0	0
k107_582909 flag=0 multi=43.9612 len=19722	19722	39.3668	0	0	0	0	0	0	0	0	0.767971	1.10538	0.0382595	0.0567271	0.0310505	0.030141	25.7367	36.5335	7.30984	10.6598	5.28136	7.53627	0.201648	0.201441	0	0
k107_2996737 flag=0 multi=32.4065 len=18275	18275	37.4241	0	0	0	0	0	0	0	0	0.605074	0.922014	0.0412841	0.0568306	0.0500751	0.0608934	24.0396	45.4682	7.8599	12.3435	4.6774	6.78138	0.150837	0.137708	0	0
k107_14710324 flag=0 multi=36.0100 len=13101	13101	36.2008	0	0	0	0	0	0	0	0	0.462927	0.589729	0.0580514	0.055513	0.0235175	0.0353817	23.0943	33.177	7.84249	10.1771	4.55497	5.32588	0.164544	0.169775	0	0
k107_28168940 flag=0 multi=38.7348 len=19855	19855	36.4973	0	0	0	0	0	0	0	0	0.60446	0.736992	0.0907278	0.116603	0.0461822	0.0588355	23.6557	37.4258	6.94594	9.55841	4.9775	7.21154	0.17675	0.230644	0	0
k107_24958820 flag=0 multi=31.3126 len=30928	30928	38.5061	0	0	0.00479984	0.00490987	0	0	0	0	0.551362	0.864912	0.0388232	0.0532881	0.0984458	0.16174	24.7397	37.0001	7.80699	10.1665	5.09783	6.5059	0.168158	0.177848	0	0
k107_9945147 flag=0 multi=53.7893 len=14590	14590	35.8426	0	0	0	0	0	0	0	0	0.616671	0.961523	0.0518617	0.0791821	0.0634099	0.0813761	23.3145	36.2622	6.42539	10.4105	5.20115	6.91849	0.169653	0.184917	0	0
k107_6374623 flag=0 multi=47.0617 len=3674	3674	42.788	0	0	0	0	0	0	0	0	0.575326	0.407286	0.175563	0.216508	0.233689	0.337108	27.6388	41.2916	8.52224	10.6459	5.37426	6.81095	0.26809	0.700883	0	0
k107_32040774 flag=0 multi=55.9689 len=62822	62822	36.8146	0	0	0.00479846	0.00962902	0	0	0	0	0.619994	0.940996	0.0618202	0.0908477	0.0482566	0.0664778	24.1476	36.0749	6.87351	9.138	4.86604	6.70409	0.192546	0.256048	0	0
k107_12169121 flag=0 multi=28.3286 len=10558	10558	36.0283	0	0	0	9.75039e-05	0	0	0	0	0.718701	1.29514	0.0288612	0.0492487	0	0	23.7663	31.22	6.54729	8.02808	4.79115	6.53691	0.175995	0.260346	0	0
k107_2566041 flag=0 multi=45.8247 len=59358	59358	35.403	0	0	0	0	0	0	0	0	0.547497	0.770755	0.047819	0.0690916	0.0612639	0.0727425	23.1425	31.0912	6.82935	10.4717	4.56821	6.2183	0.206347	0.2286	0	0
k107_16294388 flag=0 multi=44.0407 len=25051	25051	36.4063	0	0	0	0	0	0	0	0	0.682371	0.843538	0.0476787	0.111845	0.0122025	0.0127041	24.3503	36.6626	6.38115	10.0705	4.77514	7.04955	0.157421	0.364247	0	0
k107_15663616 flag=0 multi=225.4346 len=4345	4345	37.2632	0	0	0	0	0	0	0	0	0.298293	0.291202	0.0734603	0.0691362	0	0	24.3406	36.2788	6.94954	12.4734	5.53797	6.11082	0.0633193	0.059328	0	0
k107_16533935 flag=0 multi=32.0240 len=62056	62056	37.7115	0	0	0.00725459	0.00838694	0	0	0	0	0.554021	0.8045	0.0504907	0.0662845	0.0633481	0.0783445	24.2418	33.3675	7.6506	11.2479	4.98962	7.933	0.154387	0.219462	0	0
k107_32486041 flag=0 multi=33.0723 len=27857	27857	36.9265	0	0	0	0	0	0	0	0	0.772092	0.88819	0.0161495	0.0161716	0.0109599	0.0123655	23.3239	37.8782	7.47647	10.6064	5.1378	7.11813	0.189076	0.252717	0	0
k107_1621705 flag=0 multi=28.9993 len=8967	8967	37.8439	0	0	0	0	0	0	0	0	0.758338	1.19136	0.0341604	0.068501	0	0	23.7281	33.1432	7.19873	12.5913	5.88055	6.01918	0.24397	0.267585	0	0
k107_20524775 flag=0 multi=56.0254 len=22644	22644	36.3644	0	0	0.00657954	0.00671328	0	0	0	0	0.600573	0.887293	0.0264972	0.0419721	0.0132933	0.0133351	22.9611	32.6194	7.36147	8.57099	5.25598	7.30978	0.138886	0.189695	0	0
k107_8729165 flag=0 multi=119.8939 len=18253	18253	38.7419	0.00824467	0.00834186	0	0	0	0	0	0	0.815052	1.22528	0.049468	0.141501	0.0672943	0.0770214	25.5428	34.6643	7.61779	10.18	4.4553	5.25486	0.185895	0.284206	0	0
k107_17496659 flag=0 multi=36.0179 len=26897	26897	35.8375	0	0	0.00556496	0.00564435	0	0	0	0	0.523557	0.689918	0.0503854	0.0633776	0.0567024	0.0733411	23.3188	29.778	6.5122	9.7612	5.1615	9.33388	0.208799	0.34057	0	0
k107_14208720 flag=0 multi=35.8287 len=3860	3860	36.1922	0.124789	0.364725	0	0	0	0	0	0	0.509275	0.686847	0.00505902	0.00614674	0	0	22.645	28.6828	6.94182	8.56144	5.73946	9.84957	0.226813	0.359492	0	0
k107_181971 flag=0 multi=48.9540 len=3610	3610	39.312	0	0	0	0	0	0	0	0	1.04172	1.18846	0.0906892	0.0920544	0.181983	0.250891	22.4148	39.026	9.73882	12.9708	5.66143	11.5248	0.182588	0.289592	0	0
k107_1609952 flag=0 multi=33.0258 len=17362	17362	38.3601	0	0	0	0	0	0	0	0	0.7551	1.03243	0.0787222	0.106265	0.0708089	0.125479	24.7809	33.8312	7.41161	10.4704	5.08306	5.13682	0.179836	0.309899	0	0
k107_14136132 flag=0 multi=35.5366 len=19355	19355	35.503	0	0	0	0	0	0	0	0	0.751745	0.820187	0.0625098	0.0811222	0.0474991	0.0548588	22.9052	36.1974	6.60746	10.1251	4.9863	6.43164	0.142235	0.163559	0	0
k107_15786894 flag=0 multi=72.0368 len=10165	10165	36.9327	0	0	0	0	0	0	0	0	0.6423	0.712465	0	0	0.107168	0.176398	24.2297	38.0979	6.95833	8.3483	4.90368	6.3458	0.0914529	0.10703	0	0
k107_10632136 flag=0 multi=49.8224 len=117347	117347	36.4923	0.00516041	0.00653273	0	0	0	0	0	0	0.642693	0.957801	0.0257081	0.0377587	0.0309368	0.035791	23.567	32.9007	7.27365	10.0608	4.8096	6.70078	0.137537	0.192813	0	0
k107_4295511 flag=0 multi=47.4015 len=90654	90654	36.0217	0	0	0.00164911	0.00166832	0	0	0	0	0.726525	1.08909	0.072461	0.0934654	0.0583938	0.0722337	23.2305	31.4731	7.05334	9.77348	4.6617	7.11747	0.217151	0.344068	0	0
k107_32320903 flag=0 multi=56.9752 len=13157	13157	36.4038	0	0	0	0	0	0	0	0	0.657487	0.969157	0.011513	0.0116092	0.0937378	0.0994671	24.1295	29.2181	6.70478	9.3858	4.5727	4.99568	0.234072	0.250077	0	0
k107_30551050 flag=0 multi=42.6040 len=10891	10891	36.8391	0	0	0	0	0	0	0	0	0.597885	0.805794	0.0560015	0.119153	0.113514	0.118264	24.4024	31.3445	7.08018	9.9034	4.34772	4.49769	0.241383	0.23431	0	0
k107_6510618 flag=0 multi=48.1449 len=139171	139171	36.8317	0	0	0.00746027	0.0112863	0	0	0	0	0.689456	0.930699	0.030986	0.0375112	0.0455753	0.0610696	23.6039	36.1761	7.3729	10.5534	4.92419	7.48154	0.157199	0.189852	0	0
k107_18695086 flag=0 multi=68.5065 len=50457	50457	33.3931	0	0	0	0	0	0	0.00588177	0.00801851	0.735161	1.09137	0.0296082	0.0672353	0.0240455	0.0257623	21.2862	26.8786	6.79815	8.78569	4.34613	5.96552	0.167959	0.174442	0	0
k107_20909377 flag=0 multi=28.0773 len=22846	22846	34.7083	0	0	0	0	0	0	0	0	0.715978	1.14838	0.0329578	0.0393687	0.0267477	0.0261775	22.7302	27.7588	6.63622	12.2173	4.41244	7.06016	0.153699	0.157621	0	0
k107_31518989 flag=0 multi=111.0540 len=4494	4494	39.3271	0	0	0	0	0	0	0	0	0.337786	0.332688	0.0703721	0.066866	0.184637	0.228006	24.5816	49.4065	8.62619	8.95771	5.24881	9.17384	0.277672	0.403112	0	0
k107_12320558 flag=0 multi=34.9967 len=26734	26734	35.7554	0	0	0	0	0	0	0	0	0.594015	1.05383	0.00563711	0.00568014	0.034201	0.0330926	23.1404	29.8634	7.18739	9.53689	4.70819	7.17442	0.0855403	0.0868925	0	0
k107_15498376 flag=0 multi=31.8678 len=12862	12862	38.4338	0	0	0	0	0	0	0	0	0.696895	1.11108	0.0474522	0.0637539	0	0	24.9025	43.399	7.43854	10.1812	5.15709	7.50668	0.191322	0.23345	0	0
k107_26498571 flag=0 multi=84.2735 len=9271	9271	35.705	0	0	0	0	0	0	0	0	0.588806	0.784223	0.0327796	0.0662311	0.0168358	0.016558	22.772	23.0632	6.65448	9.36594	5.47185	5.55428	0.168246	0.226772	0	0
k107_11354370 flag=0 multi=33.6425 len=3156	3156	37.1426	0	0	0	0	0	0	0	0	0.689559	1.56969	0	0	0	0	25.6237	63.7009	6.92081	9.91679	3.66223	3.77113	0.246321	0.406008	0	0
k107_21394274 flag=0 multi=66.1699 len=11690	11690	36.146	0	0	0	0	0	0	0	0	0.437829	0.597459	0.0263435	0.0477853	0.159027	0.185964	24.3927	34.5256	7.0079	9.53906	3.91105	6.1609	0.211187	0.244597	0	0
k107_9746041 flag=0 multi=39.0074 len=16797	16797	37.5352	0	0	0.0178842	0.0219759	0	0	0	0	0.755926	1.13907	0.0988178	0.205415	0.10967	0.164815	24.4452	25.7546	6.93398	8.244	4.96441	6.48218	0.209336	0.241211	0	0
k107_33831740 flag=0 multi=57.7298 len=23407	23407	37.8966	0	0	0	0	0	0	0.0130708	0.0185291	0.672409	1.03109	0.0513309	0.112446	0.0653538	0.0947499	25.022	37.7901	6.99321	10.0828	4.92958	6.3296	0.149621	0.271593	0	0
k107_21945390 flag=0 multi=45.0458 len=66182	66182	36.7942	0	0	0	0	0	0	0	0	0.728309	1.07036	0.0338191	0.0530262	0.0435337	0.0456343	23.7253	35.3386	7.42708	9.48608	4.6725	6.55464	0.163616	0.206525	0	0
k107_28432598 flag=0 multi=76.9819 len=37274	37274	36.1499	0	0	0	0	0	0	0	0	0.659743	0.899408	0.0522017	0.0675243	0.0571784	0.0600353	23.1254	37.5639	7.16323	12.274	4.8154	5.58356	0.276723	0.387169	0	0
k107_28160836 flag=0 multi=34.9994 len=21998	21998	35.4736	0	0	0	0	0	0	0	0	0.633158	0.841809	0.0890948	0.134391	0.0278392	0.0405235	23.4294	34.3627	6.7706	8.0776	4.32946	5.24124	0.194091	0.285382	0	0
k107_19954704 flag=0 multi=30.0920 len=9052	9052	37.0222	0	0	0	0	0	0	0	0	0.554857	0.872316	0	0	0.0690286	0.0642683	24.1398	35.7378	7.37589	12.1111	4.76206	5.72073	0.120571	0.107817	0	0
k107_13673862 flag=0 multi=46.0510 len=72274	72274	37.2905	0	0	0	0	0.00204246	0.00209034	0	0	0.665648	1.11009	0.0598427	0.07711	0.0607736	0.0888863	24.1509	34.1483	7.3722	10.4588	4.82439	7.44203	0.154727	0.20355	0	0
k107_33077289 flag=0 multi=133.1785 len=5928	5928	35.7638	0	0	0	0	0	0	0	0	0.482403	0.821491	0.0527906	0.0980934	0	0	23.8095	46.332	7.55137	14.5348	3.59989	5.14478	0.267863	0.236922	0	0
k107_20965494 flag=0 multi=108.8362 len=3923	3923	38.0088	0	0	0	0	0	0	0	0	0.913836	2.04751	0.0820215	0.109065	0.0834024	0.0764681	24.2082	32.85	7.46838	7.54314	4.96327	9.15507	0.289699	0.655374	0	0
k107_6676750 flag=0 multi=27.3243 len=9770	9770	34.1177	0	0	0	0	0	0	0	0	0.939586	1.29839	0.188847	0.377222	0.0637938	0.0700905	21.2755	24.5998	6.76405	9.25063	4.75634	4.79552	0.129594	0.143677	0	0
k107_23499555 flag=0 multi=116.0000 len=22394	22394	35.9799	0	0	0	0	0	0	0	0	0.631677	0.954636	0.0201883	0.0299599	0.0544541	0.0529259	23.2836	32.6946	7.01648	9.47007	4.71442	5.7937	0.259053	0.309765	0	0
k107_28436014 flag=0 multi=40.0621 len=4343	4343	35.9931	0	0	0	0	0	0	0	0	0.597377	0.886011	0	0	0.074734	0.100354	22.9611	18.6635	7.29869	6.98816	4.98639	5.89084	0.074734	0.0958981	0	0
k107_32096242 flag=0 multi=39.0388 len=17643	17643	34.0382	0.0341387	0.131205	0	0	0	0	0	0	0.759875	1.16133	0	0	0.0174154	0.020459	22.0912	29.5456	6.75861	9.37265	4.19416	5.9215	0.182746	0.29428	0	0
k107_4693267 flag=0 multi=60.0877 len=50722	50722	34.8475	0	0	0	0	0	0	0	0	0.49883	0.757934	0.0735422	0.0990304	0.0358191	0.0441424	22.4595	33.6615	7.01912	9.3163	4.60202	6.06088	0.158667	0.184617	0	0
k107_10286402 flag=0 multi=38.0273 len=6697	6697	37.6747	0	0	0	0	0	0	0	0	0.844879	1.11258	0.0464425	0.0822454	0	0	25.8091	47.5086	6.03206	8.64345	4.39891	4.36392	0.543393	0.805778	0	0
k107_5154640 flag=0 multi=40.0024 len=10822	10822	35.2192	0	0	0	0	0	0	0	0	0.803137	0.937617	0.0139734	0.0141495	0.00370722	0.00369534	21.9721	32.2525	7.99163	9.67981	4.2077	5.7907	0.226901	0.477905	0	0
k107_17728973 flag=0 multi=56.0319 len=16392	16392	37.0095	0	0	0	0	0	0	0	0	0.782349	0.77278	0.0554382	0.0915533	0.0186451	0.0190417	24.5375	30.0963	6.62474	8.41555	4.80373	7.7508	0.187073	0.252898	0	0
k107_2497349 flag=0 multi=60.5622 len=45170	45170	36.3433	0	0	0	0	0	0	0	0	0.6933	0.96951	0.0263885	0.0344512	0.047584	0.0492259	23.6662	34.7409	7.13714	9.63832	4.59798	6.28441	0.174735	0.207056	0	0
k107_181985 flag=0 multi=37.0496 len=9419	9419	39.8376	0	0	0	0	0	0	0	0	0.776571	1.22519	0.0322475	0.059895	0.0992651	0.193952	24.4535	28.2803	8.95569	11.7911	5.31304	8.47949	0.207195	0.21564	0	0
k107_1840846 flag=0 multi=113.4584 len=7956	7956	35.765	0	0	0.0195976	0.019342	0	0	0	0	0.69872	1.26557	0.045989	0.0686978	0	0	23.6259	27.437	6.07813	7.96954	5.17416	7.58993	0.12242	0.163076	0	0
k107_13032623 flag=0 multi=44.4958 len=14056	14056	35.0428	0	0	0	0	0	0	0	0	0.692162	0.983685	0.0109059	0.0108603	0.13138	0.138959	22.6178	29.363	7.12055	9.91658	4.29439	6.80123	0.175585	0.286833	0	0
k107_17610709 flag=0 multi=34.8655 len=11113	11113	35.2694	0	0	0	0	0	0	0	0	0.670336	0.932693	0.055129	0.058852	0	0	22.1737	36.7995	7.26445	10.8874	4.841	7.96119	0.264823	0.364768	0	0
k107_28828753 flag=0 multi=101.5043 len=4507	4507	37.7111	0	0	0	0	0	0	0	0	0.863971	1.54705	0.0706302	0.106163	0.214507	0.17194	24.371	35.8234	6.49727	8.37036	5.62188	6.29002	0.0718193	0.114726	0	0
k107_1533159 flag=0 multi=27.1059 len=8887	8887	32.3917	0	0	0	0	0	0	0	0	0.47583	0.729172	0.0343623	0.0439693	0	0	20.908	28.9748	6.79476	7.84243	3.95853	4.17411	0.220268	0.265738	0	0
k107_17036884 flag=0 multi=37.4022 len=29746	29746	37.3548	0	0	0	0	0	0	0	0	0.818639	1.39342	0.0806616	0.112811	0.0512159	0.0486622	23.9645	40.8411	7.39095	10.1102	4.85929	6.59525	0.189614	0.265936	0	0
k107_6137718 flag=0 multi=46.1864 len=6262	6262	35.7304	0	0	0	0	0	0	0	0	0.75906	0.95165	0.0505034	0.0833524	0.0506711	0.0746232	22.4398	26.9178	7.02735	7.37395	5.3505	4.52129	0.0525168	0.0560778	0	0
k107_12552832 flag=0 multi=69.9879 len=24373	24373	35.238	0	0	0	0	0	0	0	0	0.726642	1.0467	0.0613186	0.107697	0.0561672	0.0618184	22.4515	38.8687	6.80574	9.04921	5.00561	8.00023	0.130987	0.158494	0	0
k107_22596165 flag=0 multi=34.0022 len=42804	42804	37.9168	0	0	0	0	0	0	0	0	0.627641	0.896399	0.00348219	0.00354128	0.0603501	0.0710208	24.4377	36.4309	7.22352	9.86466	5.34422	6.68694	0.219825	0.24463	0	0
k107_26785312 flag=0 multi=44.9965 len=50585	50585	37.3804	0	0	0	0	0	0	0	0	0.617823	0.989955	0.0471133	0.073374	0.0717539	0.0925002	23.9617	35.7181	7.38691	10.472	5.1125	6.94416	0.182606	0.245272	0	0
k107_6580636 flag=0 multi=37.6183 len=27366	27366	36.5948	0	0	0.00546852	0.00554834	0	0	0	0	0.646357	0.806219	0.0493275	0.0681918	0.0334393	0.0408462	23.7313	31.5915	7.55986	10.2568	4.38335	6.52866	0.185708	0.247121	0	0
k107_34830064 flag=0 multi=36.0242 len=11460	11460	33.6524	0	0	0	0	0	0	0	0	0.619735	1.00661	0.0796738	0.078374	0.0269762	0.0263354	21.9249	25.3105	6.21635	8.86828	4.56847	5.28816	0.216257	0.222179	0	0
k107_32113086 flag=0 multi=65.0014 len=18904	18904	37.2951	0	0	0.0158585	0.0159747	0	0	0	0	0.528008	0.822661	0.0478981	0.0602065	0.0324696	0.0314169	24.0317	31.1827	7.60612	10.7038	4.88786	5.60031	0.145253	0.160328	0	0
k107_30614121 flag=0 multi=31.9134 len=28635	28635	36.5276	0	0	0.0103766	0.0140818	0	0	0	0	0.809127	1.28216	0.0156002	0.0156302	0.0319768	0.0461331	22.9335	28.6041	7.37162	10.3393	5.19797	7.36431	0.157378	0.188103	0	0
k107_35283591 flag=0 multi=142.8693 len=4889	4889	32.8047	0	0	0	0	0	0	0	0	0.427077	0.561476	0	0	0.0658382	0.0680585	20.1546	26.2419	7.38893	14.5986	4.6368	4.06174	0.131458	0.258713	0	0
k107_31106600 flag=0 multi=24.0031 len=3601	3601	36.5623	0	0	0	0	0	0	0	0	0.731131	0.708516	0	0	0	0	24.3737	34.1373	7.71082	8.48832	3.65535	4.59118	0.0912398	0.0916794	0	0
k107_3801644 flag=0 multi=49.7602 len=78106	78106	36.1168	0.00388155	0.00593574	0.00766027	0.0100942	0	0	0	0	0.728626	1.0034	0.0496118	0.071391	0.0677857	0.0984994	23.3897	30.7074	7.09056	9.79717	4.6088	6.35768	0.170145	0.193213	0	0
k107_28399680 flag=0 multi=59.5624 len=3814	3814	34.8864	0	0	0	0	0	0	0	0	1.01708	0.808273	0	0	0	0	21.1108	21.6929	7.63269	6.37328	4.91173	7.90517	0.214123	0.233742	0	0
k107_30058308 flag=0 multi=31.1835 len=5203	5203	34.4356	0	0	0	0	0	0	0	0	0.535605	1.29436	0.120996	0.283553	0.061416	0.0806832	22.2883	25.1255	6.79004	7.88495	4.4244	5.60967	0.214854	0.17776	0	0
k107_15327712 flag=0 multi=43.4685 len=91559	91559	37.3251	0	0	0.00327646	0.00491743	0	0	0	0	0.566565	0.872864	0.0358986	0.0470065	0.0479744	0.0601717	23.8786	32.347	7.47573	9.80136	5.09895	7.3726	0.218087	0.280551	0	0
k107_28964191 flag=0 multi=27.2053 len=6649	6649	33.1807	0	0	0	0	0	0	0	0	0.571609	0.794709	0	0	0.0951631	0.107549	21.0585	33.5829	7.19033	12.0492	4.09516	8.0586	0.170002	0.178836	0	0
k107_28813947 flag=0 multi=93.1246 len=17330	17330	32.6424	0	0	0	0	0	0	0	0	0.569474	0.659655	0.0782241	0.109725	0.0352361	0.0398593	20.8949	27.8058	6.7554	10.3682	4.14141	5.79068	0.167724	0.2175	0	0
k107_14797883 flag=0 multi=44.9680 len=8825	8825	36.969	0	0	0	0	0	0	0	0	0.831632	1.23322	0	0	0.0354335	0.034181	23.7063	31.8127	6.93171	7.65707	5.25238	8.48769	0.211545	0.218108	0	0
k107_18618572 flag=0 multi=75.9740 len=14130	14130	34.9693	0	0	0	0	0	0	0	0	0.695979	0.930611	0.0216228	0.0328679	0.0216228	0.0242675	23.1929	36.3464	6.262	8.68836	4.66604	5.76434	0.109054	0.117261	0	0
k107_25024338 flag=0 multi=36.4475 len=23403	23403	37.2385	0	0	0	0	0	0	0	0	0.726808	1.22985	0.083373	0.108066	0.0391758	0.0435582	24.4308	46.4325	7.01156	7.68239	4.75802	6.11539	0.18878	0.265125	0	0
k107_17058705 flag=0 multi=52.4536 len=61080	61080	35.3643	0	0	0	0	0	0	0	0	0.699233	1.01824	0.0291059	0.0431375	0.0395702	0.0598585	22.8393	34.3184	7.00851	10.4711	4.57809	6.66135	0.170506	0.245926	0	0
k107_7125657 flag=0 multi=63.6503 len=26229	26229	37.2123	0	0	0.0057469	0.00578781	0	0	0	0	0.575616	0.867999	0.028696	0.0445568	0.0349057	0.034727	24.0943	34.2271	7.8721	9.37057	4.35689	5.69265	0.244108	0.252928	0	0
k107_19219543 flag=0 multi=46.0013 len=57468	57468	35.193	0.00528286	0.00780934	0	0	0.00257146	0.00262761	0	0	0.682783	1.00094	0.025977	0.0382389	0.0316972	0.0425978	22.6369	31.6272	6.7838	10.8375	4.84916	7.08839	0.174789	0.231445	0	0
k107_24995999 flag=0 multi=83.9601 len=13133	13133	36.8159	0	0	0	0	0	0	0	0	0.657314	0.852878	0.0700647	0.133129	0	0	23.003	34.0123	7.93866	9.2851	4.93991	7.15166	0.206999	0.203769	0	0
k107_24169737 flag=0 multi=98.0280 len=4753	4753	37.6446	0	0	0	0	0	0	0	0	0.677601	0.844709	0.0665019	0.0632622	0.1357	0.16136	23.9492	34.0552	8.21523	16.3785	4.53269	5.87213	0.0676253	0.0861847	0	0
k107_21439168 flag=0 multi=66.2520 len=7866	7866	36.1434	0.0195664	0.0195659	0.0388683	0.038332	0	0	0	0	0.904283	1.12853	0.0584347	0.0626666	0.0794553	0.0845865	22.9237	23.6817	7.46999	11.2977	4.45029	7.67563	0.198837	0.25841	0	0
k107_26358674 flag=0 multi=30.0719 len=4946	4946	35.9528	0	0	0	0	0	0	0	0	0.227606	0.28008	0	0	0	0	23.1094	37.6062	8.09109	7.45091	4.52476	3.43646	0	0	0	0
k107_32107596 flag=0 multi=53.5311 len=22352	22352	36.7987	0	0	0	0	0	0	0	0	0.754422	1.0786	0.0673469	0.183601	0.06839	0.0937018	24.1132	35.485	7.24812	9.72061	4.3732	6.33622	0.174059	0.249612	0	0
k107_10142499 flag=0 multi=35.7873 len=17280	17280	35.6151	0	0	0	0	0	0	0	0	0.763105	1.10589	0.0437625	0.0485015	0	0	23.46	33.5403	7.0642	9.59618	4.14884	5.32829	0.135175	0.224391	0	0
k107_3831209 flag=0 multi=46.7633 len=29688	29688	35.7487	0	0	0	0	0	0	0	0	0.501633	0.695682	0.0507384	0.0575491	0.051385	0.0630609	23.0476	32.2444	7.0343	9.65154	4.92966	6.36442	0.133431	0.15759	0	0
k107_12781232 flag=0 multi=65.0334 len=11831	11831	34.6209	0	0	0.0256744	0.0254984	0	0	0	0	0.628329	0.746576	0.0773701	0.190232	0.0261081	0.0372945	22.1939	26.2569	6.68115	10.2728	4.79261	6.48978	0.19568	0.230382	0	0
k107_20258341 flag=0 multi=30.0006 len=7896	7896	40.2297	0	0	0	0	0	0	0	0	0.621148	0.836882	0.156044	0.228874	0.0397682	0.0397732	25.5232	30.8749	7.73887	10.9735	5.87227	5.38294	0.278378	0.261769	0	0
k107_30250658 flag=0 multi=30.0307 len=5188	5188	36.2257	0	0	0	0	0	0	0	0	0.771592	0.69897	0.0613999	0.0867972	0.0618092	0.0882929	22.8154	33.1285	7.72534	10.8913	4.46562	6.48133	0.324601	0.25453	0	0
k107_8033500 flag=0 multi=40.0079 len=6056	6056	37.443	0	0	0	0	0	0	0	0	0.610532	0.830743	0.0260688	0.0255584	0	0	24.195	33.0076	7.0975	7.05289	5.42179	6.07084	0.0921098	0.105684	0	0
k107_9348444 flag=0 multi=33.7229 len=27884	27884	36.2211	0	0	0	0	0	0	0.00532956	0.0054453	0.581974	0.930822	0.0645711	0.102954	0.0326662	0.0524392	22.9627	31.2755	7.15213	9.6847	5.27391	7.72169	0.147778	0.159416	0	0
k107_21410710 flag=0 multi=36.3389 len=4613	4613	36.5101	0	0	0	0	0	0	0	0	0.664811	0.840726	0.0688935	0.0925433	0.0978891	0.13214	23.8977	28.4735	6.48597	9.82979	5.05103	7.43248	0.243795	0.25656	0	0
k107_34944469 flag=0 multi=37.0703 len=9853	9853	36.9374	0	0	0	0	0	0	0	0	0.831117	1.17528	0.0312009	0.0457073	0.0948592	0.114982	23.4496	47.2474	7.53188	8.9117	4.79363	7.52171	0.205109	0.264032	0	0
k107_19584143 flag=0 multi=82.9677 len=10268	10268	37.3268	0	0	0	0	0	0	0	0	0.556492	0.704793	0.104455	0.16646	0.030303	0.0301881	24.349	38.3305	7.26972	9.99658	4.86554	6.54565	0.151314	0.17212	0	0
k107_23220720 flag=0 multi=31.8919 len=36431	36431	38.269	0	0	0.00417947	0.00416031	0	0	0	0	0.768026	1.22092	0.0493509	0.0624889	0.0250768	0.0266566	24.6856	42.144	7.58994	10.9527	5.01312	6.70509	0.133715	0.183668	0	0
k107_902074 flag=0 multi=48.4564 len=55260	55260	36.3661	0	0	0.00542232	0.00612026	0	0	0	0	0.606627	0.925617	0.0107537	0.0108709	0.0768951	0.0913239	23.44	32.322	7.39345	10.2744	4.66027	6.95144	0.172714	0.218916	0	0
k107_27975104 flag=0 multi=65.0052 len=22624	22624	37.3592	0	0	0	0	0	0	0	0	0.88872	1.14204	0.0529522	0.0562986	0.0427829	0.0503119	23.2403	39.0744	7.95301	11.3315	5.0603	6.92532	0.121136	0.170113	0	0
k107_5288116 flag=0 multi=45.9474 len=18117	18117	37.0213	0	0	0	0	0	0	0	0	0.565647	0.763718	0.0333988	0.0496009	0.033904	0.0411811	24.7421	35.2481	6.6137	6.70186	4.87202	7.25903	0.160483	0.170904	0	0
k107_26851852 flag=0 multi=58.9997 len=11636	11636	35.0491	0	0	0	0	0	0	0	0	0.558497	0.723055	0.0261161	0.0367021	0.106582	0.118343	21.9607	23.6925	7.15123	12.3797	5.07358	8.81627	0.172402	0.191032	0	0
k107_21100523 flag=0 multi=70.8830 len=4627	4627	31.4268	0	0	0	0	0	0	0	0	0.589595	0.64249	0	0	0.209017	0.349706	18.2375	34.2194	7.21387	9.32141	5.07329	6.92138	0.103584	0.0984144	0	0
k107_25781269 flag=0 multi=39.8085 len=32834	32834	37.1511	0.00451863	0.00461977	0.00912947	0.0105515	0	0	0	0	0.648715	1.00572	0.0546846	0.0701979	0.0554224	0.0631779	24.3976	38.3142	6.35331	8.48523	5.46072	6.34768	0.166943	0.203576	0	0
k107_25495431 flag=0 multi=32.0480 len=6419	6419	36.4783	0.0240314	0.02408	0	0	0	0	0	0	0.916953	1.40658	0.0482263	0.0636191	0.0493706	0.0600225	23.1748	32.7231	6.95586	10.209	5.13716	5.10465	0.17198	0.165627	0	0
k107_32746836 flag=0 multi=28.0750 len=36691	36691	35.1845	0	0	0.0164885	0.0245298	0	0	0	0	0.593229	0.753851	0.0490533	0.100392	0.0414686	0.0489436	23.0336	34.4646	6.4434	9.3623	4.85498	6.62016	0.152299	0.176384	0	0
k107_20274980 flag=0 multi=30.4231 len=11232	11232	34.1616	0	0	0	0	0	0	0	0	0.526807	0.664847	0.00585544	0.0060929	0	0	22.3167	33.886	6.96249	9.90698	4.19817	5.13035	0.151601	0.172793	0	0
k107_20752243 flag=0 multi=25.4433 len=2746	2746	27.9268	0	0	0	0	0	0	0	0	0.493044	0.918114	0	0	0	0	22.1408	50.1908	1.02823	1.85387	4.17717	5.53485	0.0875614	0.140366	0	0
k107_16985356 flag=0 multi=32.5536 len=10492	10492	36.4996	0	0	0	0	0	0	0	0	0.834446	1.57484	0.0144259	0.0145973	0	0	24.3941	35.6313	6.09058	11.3779	5.07723	6.81243	0.0888126	0.11793	0	0
k107_10990678 flag=0 multi=38.0924 len=9484	9484	37.8671	0	0	0	0	0	0	0	0	0.70159	0.850883	0.0160096	0.016177	0	0	24.4958	47.4624	7.15868	11.3698	5.31486	7.44652	0.180244	0.288912	0	0
k107_21948908 flag=0 multi=60.3550 len=30742	30742	34.4456	0	0	0	0	0	0	0	0	0.659034	0.851101	0.0390604	0.0580931	0.0396518	0.0838532	22.4819	36.6422	6.35335	9.75344	4.61041	5.96922	0.262122	0.451763	0	0
k107_18155721 flag=0 multi=33.9403 len=62525	62525	38.8219	0	0	0.00472494	0.00846224	0	0	0	0	0.697106	0.962426	0.0335728	0.0417989	0.038812	0.0558034	24.7299	32.9552	7.76427	10.7523	5.37697	7.46759	0.176575	0.246024	0	0
k107_24512873 flag=0 multi=46.3637 len=46754	46754	36.869	0	0	0.00641522	0.00645899	0	0	0	0	0.527986	0.717516	0.0447774	0.0576317	0.0519246	0.0579032	24.1659	35.8644	7.45152	9.81529	4.45742	5.59784	0.163136	0.170622	0	0
k107_9716177 flag=0 multi=34.9952 len=63389	63389	33.8206	0	0	0.00234597	0.00238743	0	0	0	0	0.722257	1.13251	0.0424335	0.0614285	0.0621364	0.0931868	21.9025	32.097	6.59429	8.96864	4.32503	5.26787	0.169591	0.207708	0	0
k107_29033198 flag=0 multi=54.0170 len=58763	58763	35.3417	0	0	0.00513163	0.00513938	0	0	0	0	0.652247	0.888004	0.0356135	0.0546581	0.043807	0.0544547	22.7844	32.4988	6.79395	9.91849	4.8234	7.49024	0.203161	0.287239	0	0
k107_15141878 flag=0 multi=47.0121 len=29140	29140	38.8471	0	0	0	0	0	0	0	0	0.764963	0.930327	0.0466052	0.10961	0.0314169	0.0379851	25.3111	37.9126	7.76059	11.9301	4.71978	7.17105	0.212705	0.310993	0	0
k107_13481528 flag=0 multi=43.0322 len=78488	78488	35.8203	0	0	0	0	0	0	0.00386258	0.00384582	0.541913	0.822411	0.0436139	0.0681691	0.0463126	0.0538397	23.2149	36.9314	6.87425	10.3776	4.92215	6.8422	0.173266	0.229723	0	0
k107_19007578 flag=0 multi=52.1363 len=6174	6174	36.0654	0	0	0	0	0	0	0	0	0.462193	0.519841	0.101839	0.259246	0	0	23.5988	45.1721	6.98842	6.47794	4.76243	9.92539	0.151737	0.250077	0	0
k107_15579437 flag=0 multi=88.9547 len=22444	22444	36.2979	0	0	0	0	0	0	0	0	0.557538	0.798319	0.0805257	0.0955423	0.0680607	0.070574	23.5943	40.9899	7.50452	12.2131	4.32346	5.88923	0.169542	0.208487	0	0
k107_26848004 flag=0 multi=102.6898 len=3376	3376	35.2928	0	0	0	0	0	0	0	0	0.687703	1.07325	0.193559	0.30113	0	0	23.8123	34.8095	6.47137	8.99935	4.01074	3.22252	0.117111	0.103922	0	0
k107_7041910 flag=0 multi=202.3697 len=4034	4034	24.1217	0	0	0	0	0	0	0	0	0.281083	0.253449	0	0	0	0	19.2208	28.3911	0.65059	1.03023	3.96919	5.29584	0	0	0	0
k107_3189085 flag=0 multi=40.6614 len=117674	117674	37.9141	0	0	0.00378284	0.0038417	0	0	0	0	0.68996	0.972144	0.0341649	0.0509537	0.0462717	0.0620071	24.3183	35.9476	7.33124	9.82913	5.27539	8.26499	0.214975	0.274059	0	0
k107_10572516 flag=0 multi=46.1788 len=10871	10871	36.8066	0.0282903	0.0328771	0.0142871	0.0140836	0	0	0	0	0.485476	0.536583	0.0844924	0.29979	0.114297	0.175427	23.179	23.767	7.55833	9.27321	5.14495	8.2512	0.197464	0.264109	0	0
k107_27504922 flag=0 multi=33.7155 len=29580	29580	36.1891	0.00505499	0.00513301	0.0100758	0.0102028	0.00502083	0.00513301	0	0	0.520152	0.73584	0.0964205	0.157064	0.0253774	0.0275057	23.6433	37.377	6.88442	10.5635	4.80412	7.81535	0.195164	0.279405	0	0
k107_3123301 flag=0 multi=119.7561 len=6548	6548	35.9086	0	0	0	0	0	0	0	0	0.404259	0.527117	0.165226	0.502146	0.0770093	0.0932761	21.8903	29.5183	7.48719	10.3287	5.74031	8.48359	0.144252	0.143258	0	0
k107_7185432 flag=0 multi=79.9869 len=34354	34354	35.8915	0	0	0	0	0	0	0	0	0.774286	0.991845	0.0414073	0.0510345	0.0354458	0.0354471	23.0808	35.5181	7.16011	9.0843	4.66222	6.2923	0.137261	0.174342	0	0
k107_3550969 flag=0 multi=66.2106 len=18056	18056	35.2024	0	0	0	0	0	0	0	0	0.691562	0.870336	0.0167286	0.0284369	0.0850513	0.0941592	23.2472	37.1192	6.50051	6.20762	4.49161	6.9342	0.169708	0.170396	0	0
k107_11520351 flag=0 multi=49.2011 len=24138	24138	36.5708	0	0	0	0	0.0062091	0.00629565	0.0126699	0.0125097	0.582732	0.827403	0.087263	0.141376	0.0120406	0.0118962	23.5261	29.7724	7.13081	9.05881	4.99153	7.41906	0.22143	0.21142	0	0
k107_6774422 flag=0 multi=81.9858 len=18464	18464	37.1924	0	0	0	0	0	0	0	0	0.758397	1.1804	0.0823698	0.134797	0.0995485	0.105704	23.8664	33.2763	7.07554	9.05392	5.03992	5.88325	0.270235	0.308223	0	0
k107_32354562 flag=0 multi=44.0426 len=4876	4876	38.4401	0	0	0	0	0	0	0	0	0.810232	1.00715	0.162003	0.276477	0.0983822	0.136051	23.671	27.6127	7.56362	10.8164	5.71732	6.17675	0.417578	1.06745	0	0
k107_23469754 flag=0 multi=38.1034 len=3859	3859	40.9404	0	0	0	0	0	0	0	0	1.07113	1.82351	0	0	0.084903	0.0861511	26.1706	25.781	7.83525	9.83184	5.39753	5.48897	0.380939	0.461141	0	0
k107_10225596 flag=0 multi=52.1470 len=65908	65908	36.7504	0	0	0	0	0	0	0	0	0.553745	0.755059	0.0477243	0.0628835	0.0275889	0.0473165	23.9614	34.8998	7.17633	9.75024	4.7587	7.05295	0.224964	0.264016	0	0
k107_28572700 flag=0 multi=39.4339 len=6509	6509	35.0625	0	0	0	0	0	0	0	0	0.826808	0.808159	0.0476881	0.0463002	0	0	22.402	36.108	6.47495	7.81375	5.1653	5.74138	0.145803	0.176916	0	0
k107_1836694 flag=0 multi=41.5398 len=111220	111220	37.6308	0	0	0.00383166	0.00391914	0	0	0	0	0.655619	1.01272	0.0321318	0.038036	0.0271642	0.0330245	23.951	34.0318	7.51732	11.9645	5.27715	6.89352	0.166564	0.192294	0	0
k107_4092429 flag=0 multi=29.0731 len=45406	45406	36.0161	0	0	0	0	0	0	0	0	0.743748	1.03564	0.049397	0.0630731	0.0669342	0.0854002	23.3069	32.8017	7.06394	9.82205	4.59199	6.687	0.19322	0.226897	0	0
k107_32606692 flag=0 multi=58.1126 len=15462	15462	37.6444	0	0	0	0	0	0	0	0	0.745646	0.866861	0.0291557	0.041265	0.0596966	0.0626737	24.5767	29.078	7.26207	9.78238	4.78193	7.17953	0.189182	0.26245	0	0
k107_18720643 flag=0 multi=47.5063 len=15655	15655	34.3404	0	0	0	0	0	0	0	0	0.5935	0.898067	0.0289846	0.0417978	0.0589461	0.067131	22.4684	30.7284	6.45457	7.3	4.5397	6.64225	0.196248	0.257235	0	0
k107_2885396 flag=0 multi=35.1375 len=12362	12362	35.6995	0.0123549	0.012363	0	0	0	0	0	0	0.763184	0.997368	0.0493366	0.0487351	0.100083	0.155465	23.9759	38.6551	6.39129	7.99718	4.15721	6.51337	0.250166	0.387896	0	0
k107_833699 flag=0 multi=52.1905 len=35258	35258	34.0742	0	0	0.0169356	0.0219049	0	0	0	0	0.569545	0.808521	0.0382195	0.0502749	0.0345577	0.0369317	22.3325	31.6958	6.5024	10.9588	4.38094	5.4727	0.19905	0.25358	0	0
k107_15585873 flag=0 multi=33.9788 len=12160	12160	35.6912	0	0	0	0	0	0	0	0	0.521926	0.671683	0.0767414	0.101448	0.025468	0.0248143	22.6994	27.1111	7.25291	10.2203	4.81093	6.14202	0.303761	0.357624	0	0
k107_33552647 flag=0 multi=63.6906 len=3763	3763	33.4672	0	0	0.087258	0.123012	0	0	0	0	0.569778	0.642564	0.303958	0.415078	0	0	22.0578	30.9703	6.08177	6.398	4.19503	4.38101	0.171627	0.155663	0	0
k107_33827951 flag=0 multi=30.0231 len=39478	39478	37.2608	0	0	0	0	0	0	0	0	0.746656	1.14619	0.0417603	0.0512391	0.0421176	0.0503382	23.8007	32.621	7.5461	10.4304	4.93279	6.45395	0.150705	0.148946	0	0
k107_10538201 flag=0 multi=32.0865 len=31397	31397	37.5556	0	0	0	0	0	0	0	0	0.746808	1.00573	0.0477569	0.05726	0.0366618	0.0364116	24.6318	33.2575	7.16768	9.87567	4.72324	7.66767	0.20164	0.215893	0	0
k107_18846419 flag=0 multi=34.4763 len=27563	27563	38.0151	0	0	0	0	0	0	0	0	0.726056	1.07543	0.0218994	0.028927	0.0497414	0.0623715	24.212	39.6476	7.84216	13.0917	5.03136	8.2815	0.131947	0.147735	0	0
k107_16713923 flag=0 multi=282.7602 len=4157	4157	34.4729	0	0	0	0	0	0	0	0	0.61323	0.899294	0.0381323	0.0376461	0.15668	0.132161	22.897	52.7957	5.92425	7.84721	4.45344	4.6935	0.390143	0.653456	0	0
k107_27485018 flag=0 multi=35.5102 len=7179	7179	36.6253	0	0	0	0	0	0	0	0	0.528428	0.512737	0.0433328	0.0611857	0.219572	0.269411	23.713	41.9935	6.90766	9.54887	4.92846	7.07521	0.284863	0.304055	0	0
k107_8576176 flag=0 multi=39.1845 len=52386	52386	34.5457	0	0	0	0	0	0	0	0	0.682839	0.866543	0.028454	0.0350753	0.0289532	0.0281642	22.1526	37.878	6.86616	8.42741	4.62478	5.56601	0.161969	0.224657	0	0
k107_16540321 flag=0 multi=81.7352 len=33175	33175	35.1441	0	0	0	0	0	0	0	0	0.726797	0.998834	0.0767803	0.12116	0.0733429	0.0815777	22.851	29.247	6.38424	7.54191	4.89	7.02916	0.14194	0.196376	0	0
k107_3694714 flag=0 multi=32.5080 len=14122	14122	36.0175	0	0	0.02178	0.0213859	0	0	0	0	0.608177	0.875944	0.0539797	0.0701154	0.0218524	0.021381	22.9795	32.9733	7.25572	7.97389	4.82561	7.65535	0.250941	0.341147	0	0
k107_8581219 flag=0 multi=63.6173 len=15138	15138	38.1547	0	0	0	0	0	0	0	0	0.777096	1.09138	0.12045	0.191199	0.0406444	0.0390506	23.6165	34.0616	7.72391	11.0637	5.65692	9.98301	0.219129	0.336218	0	0
k107_2538126 flag=0 multi=37.5993 len=44277	44277	36.3349	0	0	0	0	0	0	0	0	0.58299	0.9789	0.0605344	0.0768812	0.0685389	0.102616	23.7003	30.4738	6.97906	10.447	4.73826	6.36684	0.205185	0.242858	0	0
k107_15401777 flag=0 multi=37.0547 len=28595	28595	38.6729	0	0	0.0211006	0.0343746	0	0	0	0	0.70862	0.928696	0.0525218	0.0594759	0.0319867	0.0432862	25.4369	35.3989	7.41342	11.0321	4.86993	7.00895	0.138409	0.187369	0	0
k107_13291242 flag=0 multi=50.1007 len=61128	61128	36.002	0	0	0	0	0	0	0	0	0.579604	0.879464	0.0317134	0.0370224	0.0644132	0.0907526	22.8416	35.5828	7.31873	9.64843	5.00738	6.95241	0.158567	0.182822	0	0
k107_11192881 flag=0 multi=47.2402 len=18160	18160	35.7594	0	0	0	0	0	0	0	0	0.556613	0.687285	0.0559413	0.0736819	0.0506216	0.0535294	22.9568	31.5009	7.18026	11.7061	4.72354	5.60846	0.235637	0.284698	0	0
k107_28525269 flag=0 multi=41.0625 len=27460	27460	35.9281	0	0	0	0	0	0	0	0	0.53336	0.778036	0.0604242	0.0760424	0.04437	0.048609	23.2846	32.2742	7.23765	11.1096	4.55678	5.98891	0.210951	0.28458	0	0
k107_13538197 flag=0 multi=40.4997 len=29454	29454	36.5692	0	0	0	0	0	0	0	0	0.631037	0.859676	0.0405118	0.0474698	0.0515574	0.0765615	23.7577	30.4413	6.68033	11.015	5.17079	7.41611	0.237342	0.28424	0	0
k107_4585916 flag=0 multi=63.3958 len=27845	27845	38.1465	0	0	0.0108921	0.0157832	0	0	0	0	0.617035	0.788164	0.053952	0.0750769	0.0360527	0.0393972	24.8768	41.4869	7.33675	10.2808	4.94706	5.64666	0.267981	0.27703	0	0
k107_26332786 flag=0 multi=30.0670 len=12903	12903	35.4989	0	0	0	0	0	0	0	0	0.545909	0.847607	0.0234902	0.0432215	0	0	22.8764	33.0555	7.07245	11.3836	4.77787	6.48441	0.202841	0.260956	0	0
k107_7245752 flag=0 multi=30.1135 len=4900	4900	38.4754	0	0	0	0	0	0	0	0	1.04698	1.92778	0.128534	0.219413	0.0656807	0.0996573	23.8238	35.5937	8.35885	7.60081	5.02436	5.24683	0.0271857	0.0268636	0	0
k107_13038654 flag=0 multi=29.2268 len=17988	17988	37.2138	0	0	0	0	0	0	0	0	0.673414	0.973221	0.0420106	0.0408748	0.0197331	0.0245492	24.2507	38.8693	6.95154	8.25598	5.02951	6.03167	0.246975	0.335639	0	0
k107_6619045 flag=0 multi=27.0963 len=8828	8828	35.0088	0	0	0	0	0	0	0	0	0.654586	0.863535	0.0353038	0.0414406	0.0354211	0.0487159	22.6906	30.5854	7.16115	11.372	4.1669	4.93199	0.264837	0.341726	0	0
k107_1163640 flag=0 multi=59.7402 len=43782	43782	35.9903	0	0	0	0	0	0	0	0	0.616743	0.804959	0.0627875	0.0975371	0.0317387	0.0341766	23.2922	33.5609	7.05375	10.0468	4.7742	6.09987	0.158947	0.205682	0	0
k107_9779182 flag=0 multi=49.8079 len=27404	27404	35.393	0	0	0	0	0	0	0	0	0.534204	0.621173	0.0384105	0.0525818	0.0889971	0.102868	23.6591	35.9911	6.70205	10.4513	4.20386	5.73036	0.166298	0.211918	0	0
k107_575600 flag=0 multi=27.4372 len=3531	3531	34.5881	0	0	0	0	0	0	0	0	1.06813	1.35233	0.0913596	0.0848097	0	0	19.6005	30.9579	7.37163	7.39551	6.26943	5.91383	0.187055	0.178754	0	0
k107_22478108 flag=0 multi=39.0375 len=13927	13927	35.4936	0	0	0	0	0	0	0	0	0.808367	1.25317	0.0327339	0.0487295	0.0221651	0.0216725	23.8796	36.0266	6.51361	10.2914	4.00462	5.17715	0.232514	0.306465	0	0
k107_7014864 flag=0 multi=33.0029 len=9374	9374	34.8646	0	0	0	0	0	0	0	0	0.406195	0.522939	0.0162037	0.0163692	0.0664683	0.0621497	22.0585	33.1814	7.53053	9.77774	4.58058	5.45969	0.206129	0.201424	0	0
k107_28512007 flag=0 multi=30.4728 len=48496	48496	35.6568	0	0	0	0	0	0	0	0	0.681703	0.907582	0.0400672	0.0537232	0.0563556	0.0743768	22.744	29.0467	7.10481	9.87314	4.81112	6.517	0.218803	0.285091	0	0
k107_12056927 flag=0 multi=79.9389 len=13757	13757	36.923	0	0	0	0	0	0	0	0	0.740617	1.13082	0.0332219	0.0444326	0	0	23.6768	31.8831	7.29937	11.5294	5.00543	6.92758	0.167521	0.205559	0	0
k107_10427885 flag=0 multi=43.2472 len=50005	50005	37.6913	0.00295757	0.00302918	0.00593526	0.00603508	0	0	0.00607609	0.0105871	0.747661	0.974407	0.0508018	0.0739873	0.039394	0.0453603	23.8305	37.3262	7.76096	10.2083	5.05324	6.57892	0.193831	0.25455	0	0
k107_22076311 flag=0 multi=84.9273 len=6018	6018	35.4911	0	0	0	0	0	0	0	0	0.641358	0.879434	0.0257173	0.0257255	0.158502	0.170515	22.7582	31.8199	6.39696	9.66116	5.19402	7.36596	0.316305	0.44159	0	0
k107_24431154 flag=0 multi=58.9499 len=18880	18880	34.0797	0	0	0	0	0	0	0	0	0.721983	0.997069	0.0569491	0.0668393	0.115029	0.135137	21.4664	39.3386	7.00872	8.0163	4.59694	5.02365	0.113683	0.150581	0	0
k107_34363295 flag=0 multi=93.8738 len=4014	4014	38.2619	0	0	0	0	0	0	0	0	0.852101	1.90042	0.0792026	0.0747597	0.0398707	0.0390315	23.8044	34.1922	8.02236	12.7973	5.22252	9.3156	0.241379	0.215267	0	0
k107_21906697 flag=0 multi=64.9922 len=33257	33257	36.0312	0	0	0	0	0	0	0	0	0.653406	1.05687	0.0358671	0.0642439	0.036656	0.0508491	22.841	29.6725	7.75652	9.7859	4.52544	5.89331	0.182279	0.247086	0	0
k107_32465470 flag=0 multi=22.2379 len=2738	2738	35.2167	0	0	0	0	0	0	0	0	0.740969	1.37232	0.0603448	0.0581693	0	0	22.2763	19.6022	7.54105	10.3031	4.47414	5.00212	0.123974	0.177647	0	0
k107_15842235 flag=0 multi=49.7118 len=31930	31930	37.8478	0	0	0	0	0	0	0	0	0.759422	1.11469	0.0186544	0.0246784	0.0858733	0.110715	24.4323	39.8881	7.32765	12.0552	4.99548	7.15506	0.228374	0.291813	0	0
k107_19560709 flag=0 multi=84.9762 len=32842	32842	34.875	0	0	0.00451752	0.00461696	0.00460971	0.00461707	0	0	0.54244	0.668545	0.0593116	0.106126	0.00928088	0.00974956	22.5871	34.5645	6.7209	11.326	4.75734	7.09761	0.189551	0.254998	0	0
k107_1732055 flag=0 multi=45.8983 len=35646	35646	36.1718	0	0	0	0	0	0	0	0	0.732967	1.16154	0.0630659	0.0776526	0.0683284	0.072666	23.5313	33.9997	6.75849	10.5875	4.83188	6.93645	0.185774	0.26684	0	0
k107_1377299 flag=0 multi=29.9043 len=19953	19953	36.2954	0	0	0	0	0	0	0	0	0.62465	0.931486	0.00753142	0.00762594	0.122945	0.150296	23.7987	34.5456	6.7136	10.6768	4.8884	8.46002	0.139484	0.13918	0	0
k107_26378371 flag=0 multi=43.0919 len=45706	45706	35.8412	0.00660735	0.00972593	0	0	0	0	0	0	0.799181	1.18198	0.0261431	0.0612822	0.0465377	0.0505419	22.8849	34.936	7.05178	10.6617	4.86036	6.35759	0.165668	0.174061	0	0
k107_15647921 flag=0 multi=54.7523 len=16917	16917	37.9678	0	0	0.0181763	0.026635	0	0	0	0	0.982426	1.55626	0.0356305	0.0558555	0.0362323	0.0434658	24.7282	30.0976	7.27234	8.1175	4.72073	6.16479	0.17406	0.245009	0	0
k107_35439283 flag=0 multi=43.4703 len=6326	6326	38.3345	0	0	0	0	0	0	0	0	0.829017	1.07058	0.0245684	0.0244399	0.100266	0.0902314	23.9763	40.1769	7.97776	10.6039	5.11504	5.79351	0.311587	0.240134	0	0
k107_27254425 flag=0 multi=34.3464 len=29759	29759	35.8091	0	0	0	0	0	0	0	0	0.708219	1.04479	0	0	0.0356112	0.0605479	22.6493	32.2008	7.42075	12.3591	4.85885	7.24269	0.13647	0.128851	0	0
k107_28260021 flag=0 multi=59.0974 len=15195	15195	35.8767	0	0	0	0	0	0	0	0	0.730746	0.946104	0.0499564	0.0622237	0.0808434	0.0934842	23.7274	35.3682	6.68683	10.5748	4.47955	5.65255	0.121399	0.152011	0	0
k107_10194886 flag=0 multi=57.1080 len=87718	87718	37.8898	0	0	0.00506772	0.00659436	0	0	0	0	0.755377	1.102	0.0339183	0.0463251	0.0793447	0.10319	24.3145	34.2537	7.469	9.81608	5.03282	6.73245	0.199723	0.256868	0	0
k107_20681775 flag=0 multi=94.9569 len=11708	11708	36.1646	0	0	0	0	0	0	0	0	0.82027	1.55058	0	0	0.0528669	0.0501567	23.357	26.225	6.84394	8.61416	4.94608	6.61013	0.144398	0.194583	0	0
k107_25282844 flag=0 multi=64.0181 len=22457	22457	36.2237	0	0	0	0	0	0	0	0	0.558249	0.856089	0.0133604	0.0260825	0.0272625	0.0265102	23.6226	38.0789	6.93356	9.11728	4.8928	5.78033	0.175897	0.190674	0	0
k107_18725342 flag=0 multi=31.5805 len=16217	16217	35.1091	0	0	0	0	0	0	0	0	0.558027	1.06046	0.0185988	0.0255303	0.0379516	0.0597815	22.8163	32.486	6.8208	9.71767	4.6874	6.25657	0.170091	0.17403	0	0
k107_22172145 flag=0 multi=161.9192 len=5640	5640	35.8494	0	0	0	0	0	0	0	0	0.698951	1.43822	0	0	0.169726	0.159684	22.9655	37.9215	7.76452	10.9899	4.16692	3.61282	0.0837392	0.0776761	0	0
k107_4670043 flag=0 multi=30.1395 len=46046	46046	37.1868	0	0	0	0	0	0	0	0	0.774025	1.16784	0.0322447	0.0389912	0.0328349	0.0389239	23.9983	35.1692	7.44611	11.1928	4.76511	6.14168	0.131624	0.191818	0.00660196	0.00690346
k107_6678198 flag=0 multi=41.3024 len=4485	4485	34.8936	0.072197	0.0756111	0	0	0	0	0	0	0.579488	0.944336	0.0356204	0.0347998	0.072197	0.0952168	22.1865	31.2289	7.16161	6.47683	4.44274	9.304	0.343294	0.306881	0	0
k107_2012119 flag=0 multi=63.0378 len=4838	4838	36.8633	0	0	0.0661376	0.0780352	0	0	0	0	0.76455	0.990486	0.0994268	0.125195	0	0	23.3997	44.1842	7.32275	10.7427	5.14572	6.05679	0.0650353	0.0939119	0	0
k107_30623883 flag=0 multi=49.8415 len=9261	9261	37.6233	0	0	0	0	0	0	0	0	0.740038	0.884728	0.0306954	0.0574137	0	0	24.2664	54.949	7.61458	11.21	4.85389	7.15275	0.117647	0.138676	0	0
k107_13555890 flag=0 multi=49.4189 len=9351	9351	38.0621	0	0	0.0329318	0.0322618	0	0	0	0	0.883413	1.33258	0	0	0.0667477	0.0622999	24.9205	40.5141	7.26832	11.5917	4.65676	5.31938	0.233396	0.342911	0	0
k107_3799590 flag=0 multi=34.2273 len=7473	7473	36.099	0	0	0	0	0	0	0	0	0.573839	0.716131	0.0676335	0.100779	0.0421141	0.0462023	23.0258	32.5345	7.46702	11.9299	4.7052	6.7226	0.217403	0.370572	0	0
k107_7442735 flag=0 multi=53.8424 len=70854	70854	36.2518	0	0	0.00212609	0.00213461	0.00419549	0.00852951	0	0	0.571479	0.902578	0.0398288	0.0555394	0.0641087	0.0724942	23.0645	33.9627	7.31638	10.077	5.0019	6.15204	0.18728	0.2438	0	0
k107_6316058 flag=0 multi=45.0312 len=7372	7372	36.3489	0	0	0	0	0	0	0	0	0.942574	1.7394	0.0417256	0.0618379	0.128006	0.143994	23.2216	28.743	7.48246	13.6895	4.21443	6.24633	0.318105	0.390893	0	0
k107_9890110 flag=0 multi=44.2473 len=162998	162998	38.4936	0.00185622	0.00333978	0.00271058	0.00283062	0	0	0	0	0.722753	1.05119	0.048354	0.0710887	0.0519066	0.0709207	24.8376	36.9325	7.54896	10.733	5.09549	7.59075	0.183975	0.225386	0	0
k107_33086286 flag=0 multi=44.0033 len=13770	13770	36.5644	0	0	0	0	0	0	0	0	0.664687	0.899528	0	0	0.0224235	0.0254833	22.8589	32.0376	7.28713	9.74756	5.50765	8.34891	0.223641	0.237686	0	0
k107_26267810 flag=0 multi=33.4803 len=33714	33714	35.0541	0	0	0.00888902	0.014405	0	0	0	0	0.434754	0.511979	0.0487849	0.0669245	0.0451335	0.0782799	23.2596	31.8767	6.32779	9.21306	4.70825	6.83467	0.220819	0.268342	0	0
k107_26109952 flag=0 multi=72.8644 len=20320	20320	36.0449	0.0150864	0.0209478	0	0	0	0	0	0	0.734639	1.15587	0.0670896	0.0784926	0.0603457	0.0720986	23.9686	36.1562	6.57099	7.91821	4.41043	5.27023	0.217704	0.303696	0	0
k107_4658619 flag=0 multi=41.9997 len=44082	44082	34.8591	0	0	0	0	0	0	0	0	0.572088	0.75912	0.0407035	0.0562566	0.0481955	0.0542695	22.2996	32.949	6.94511	10.5825	4.84664	6.60911	0.106784	0.131648	0	0
k107_9787100 flag=0 multi=80.0002 len=35972	35972	35.5092	0	0	0	0	0	0	0	0	0.686599	1.09486	0.029044	0.0409076	0.0576395	0.0795947	22.9289	32.9944	6.78385	10.6847	4.88113	7.81113	0.142052	0.144787	0	0
k107_25767691 flag=0 multi=38.0506 len=17534	17534	36.9335	0	0	0	0	0	0	0	0	0.515436	0.842092	0.0433496	0.083596	0.152623	0.160091	23.7549	37.7153	7.34273	10.306	4.98485	6.90236	0.139624	0.188848	0	0
k107_2141817 flag=0 multi=59.9749 len=7400	7400	35.948	0	0	0	0	0	0	0	0	0.459425	0.712834	0	0	0	0	23.1147	33.0636	6.63652	6.64831	5.59496	8.78937	0.142434	0.155709	0	0
