contigName	contigLen	totalAvgDepth	Cen01_MA.bam	Cen01_MA.bam-var	Cen03_MA.bam	Cen03_MA.bam-var	Cen04_MA.bam	Cen04_MA.bam-var	Cen05_MA.bam	Cen05_MA.bam-var	Cen06_MA.bam	Cen06_MA.bam-var	Cen07_MA.bam	Cen07_MA.bam-var	Cen10_MA.bam	Cen10_MA.bam-var	Cen12_MA.bam	Cen12_MA.bam-var	Cen14_MA.bam	Cen14_MA.bam-var	Cen15_MA.bam	Cen15_MA.bam-var	Cen16_MA.bam	Cen16_MA.bam-var	Cen17_MA.bam	Cen17_MA.bam-var
k107_17561553 flag=0 multi=51.1421 len=6228	6228	54.8535	0	0	0	0	0	0	0	0	0	0	0	0	0	0	0.0209247	0.0204903	24.6907	39.7722	3.39757	6.00183	26.7443	26.0291	0	0
k107_3072245 flag=0 multi=48.0541 len=19222	19222	54.6378	0	0	0	0	0	0	0	0	0	0	0	0	0.0157505	0.0184561	0.0313425	0.0447101	26.0676	41.8067	3.81919	4.88441	24.704	32.8403	0	0
k107_27521231 flag=0 multi=161.3970 len=2684	2684	56.5739	0	0	0	0	0	0	0	0	0	0	0	0	0	0	0	0	25.3753	48.8355	4.46222	5.20421	26.7364	26.8971	0	0
k107_17434299 flag=0 multi=42.9949 len=4029	4029	51.3016	0	0	0	0	0	0	0	0	0	0	0	0	0	0	0	0	25.0225	32.6594	3.49665	3.83085	22.7824	22.295	0	0
k107_15199490 flag=0 multi=56.2836 len=3048	3048	54.4232	0	0	0	0	0	0	0	0	0	0	0	0	0	0	0.334669	0.481042	26.1322	46.6544	4.08084	6.57994	23.8755	39.4242	0	0
k107_10897951 flag=0 multi=41.8756 len=4015	4015	53.55	0	0	0	0	0	0	0	0	0	0	0	0	0	0	0	0	26.7544	24.446	3.59601	3.05469	23.1996	21.281	0	0
k107_12883954 flag=0 multi=39.9968 len=55355	55355	50.5665	0.00548562	0.0104961	0	0	0	0	0	0	0	0	0	0	0.00548562	0.00545594	0.0109712	0.0139032	23.062	32.5408	3.84379	5.28128	23.6307	29.0542	0.00811945	0.0180044
k107_22742295 flag=0 multi=46.0486 len=45035	45035	51.9074	0	0	0	0	0	0	0	0	0	0	0	0	0	0	0.0134576	0.020609	23.6923	29.6342	3.56263	4.90561	24.6156	38.4684	0.0233608	0.0248167
k107_21641635 flag=0 multi=40.5098 len=4889	4889	51.0924	0	0	0	0	0	0	0	0	0	0	0	0	0	0	0	0	24.739	30.9448	3.1308	5.49081	23.2226	30.1379	0	0
k107_2563900 flag=0 multi=42.0612 len=20469	20469	50.7413	0	0	0	0	0	0	0	0	0	0	0	0	0	0	0	0	22.8148	32.1226	3.5987	4.43431	24.3203	37.23	0.00748748	0.00743544
k107_10240870 flag=0 multi=42.1576 len=30249	30249	52.089	0	0	0	0	0	0	0	0	0	0	0	0	0	0	0.0100177	0.0113773	23.5957	32.1012	4.00207	6.28081	24.4761	39.4859	0.00504224	0.00501897
k107_3410142 flag=0 multi=41.0069 len=27795	27795	51.6583	0	0	0	0	0	0	0	0	0	0	0	0	0	0	0	0	23.465	33.0265	4.14746	6.11373	24.0404	33.1565	0.00545593	0.00546248
k107_937500 flag=0 multi=41.0016 len=20728	20728	50.831	0	0	0	0	0	0	0	0	0	0	0	0	0	0	0	0	22.8259	31.9335	3.36821	4.21824	24.6369	37.5256	0	0
k107_4426011 flag=0 multi=43.9994 len=25481	25481	51.1474	0	0	0	0	0	0	0	0	0	0	0	0	0	0	0	0	24.1085	35.0076	3.65285	3.6178	23.3802	29.0713	0.00591763	0.00595689
k107_5980736 flag=0 multi=40.0100 len=32461	32461	50.8171	0	0	0	0	0	0	0	0	0	0	0	0	0	0	0.00939084	0.0109231	23.7927	31.9112	3.85227	5.15114	23.1581	29.5049	0.00469542	0.00466913
k107_34479296 flag=0 multi=121.1535 len=5396	5396	55.4095	0	0	0	0	0	0	0	0	0	0	0	0	0.0592854	0.0557768	0.0581076	0.0557811	25.2387	48.261	3.8669	5.32986	26.1865	26.8175	0	0
k107_6485213 flag=0 multi=39.9959 len=26946	26946	50.1244	0	0	0	0	0	0	0	0	0	0	0	0	0	0	0.0225942	0.0249336	23.1488	38.1683	3.98555	4.78851	22.9675	29.3668	0	0
k107_33726866 flag=0 multi=43.0635 len=18284	18284	53.9286	0	0	0	0	0	0	0	0	0	0	0	0	0	0	0.0167946	0.0182915	25.8536	39.9375	4.13458	5.13691	23.9237	28.9644	0	0
k107_14313162 flag=0 multi=46.0806 len=12039	12039	51.9801	0	0	0	0	0	0	0	0	0	0	0	0	0.0257306	0.0250785	0	0	25.1231	33.3569	3.68203	4.01295	23.1492	28.2895	0	0
k107_34278082 flag=0 multi=42.1131 len=201368	201368	50.3435	0	0	0	0	0.00150199	0.00214507	0.00300399	0.00345859	0	0	0	0	0	0	0.00150199	0.00149974	22.9007	35.0703	3.67162	5.03846	23.7555	34.6231	0.00968836	0.0132315
k107_28766587 flag=0 multi=37.0084 len=17067	17067	48.8147	0	0	0	0	0	0	0	0	0	0	0	0	0	0	0	0	22.2503	26.163	3.7793	5.59594	22.7671	35.0297	0.0179541	0.0176907
k107_692936 flag=0 multi=45.9929 len=12567	12567	48.9843	0	0	0	0	0	0	0	0	0	0	0	0	0	0	0	0	22.3484	31.4718	3.83685	3.9598	22.7991	27.4006	0	0
k107_28830328 flag=0 multi=40.0496 len=74292	74292	50.5231	0	0	0	0	0	0	0.00408163	0.00603892	0	0	0	0	0	0	0	0	22.854	33.4073	3.72337	5.64694	23.9317	31.7425	0.0100689	0.0124042
k107_29233844 flag=0 multi=49.0028 len=88368	88368	50.4046	0	0	0	0	0	0	0	0	0	0	0	0	0	0	0.0119569	0.0188813	22.9071	32.1709	3.75137	4.95211	23.7223	33.7794	0.0119002	0.0146428
k107_17648458 flag=0 multi=42.2759 len=125545	125545	50.8183	0	0	0	0	0	0	0	0	0	0	0	0	0.00241131	0.00240253	0.00842362	0.00896017	22.9959	31.8078	3.71767	4.82474	24.0855	32.8884	0.00837572	0.0083636
k107_13843183 flag=0 multi=42.0020 len=37969	37969	50.7686	0	0	0	0	0	0	0	0	0	0	0	0	0	0	0.0160353	0.021504	22.5808	30.1218	3.81562	5.33053	24.3482	32.9765	0.00799108	0.00795076
k107_5970382 flag=0 multi=47.9990 len=22385	22385	51.0944	0	0	0	0	0	0	0	0	0	0	0	0	0	0	0	0	23.9599	32.4649	3.72209	5.25121	23.4124	28.1936	0	0
k107_10708228 flag=0 multi=38.7630 len=32878	32878	50.1057	0	0	0	0	0	0	0	0	0	0	0	0	0	0	0.00927063	0.0134832	23.4203	37.5389	3.95905	5.43711	22.7031	33.2241	0.0139059	0.0137077
k107_4094263 flag=0 multi=40.8534 len=82317	82317	50.5666	0	0	0	0	0	0	0	0	0	0	0	0	0	0	0	0	23.136	33.1704	3.6853	5.27015	23.7306	29.6082	0.0146924	0.0214344
k107_13703221 flag=0 multi=64.9584 len=23336	23336	49.4689	0	0	0	0	0	0	0	0	0	0	0	0	0.0131111	0.0177193	0	0	23.4911	29.8192	3.63159	4.50241	22.3265	31.7257	0.00655553	0.00651531
k107_10824561 flag=0 multi=45.0092 len=66648	66648	51.1371	0.00450668	0.00649946	0	0	0	0	0	0	0	0	0	0	0	0	0.00455189	0.00567811	23.1454	31.3371	3.67905	5.73439	24.2923	33.1934	0.0113194	0.0114841
k107_16656077 flag=0 multi=39.0174 len=23590	23590	50.2764	0	0	0	0	0	0	0	0	0	0	0	0	0	0	0	0	22.8575	33.076	4.05552	5.88355	23.3314	32.614	0.0320337	0.0320471
k107_14091590 flag=0 multi=36.3503 len=3027	3027	46.4716	0	0	0	0	0	0	0	0	0	0	0	0	0	0	0.110826	0.20356	18.4701	17.8543	3.53248	3.57975	24.3582	36.2563	0	0
k107_9262072 flag=0 multi=15.1336 len=3484	3484	10.8957	0	0	0	0	0	0	0	0	0	0	0	0	0	0	0.0945946	0.158232	0	0	3.91672	3.72921	6.88435	8.75027	0	0
k107_20763753 flag=0 multi=45.0366 len=53915	53915	50.9447	0	0	0	0	0	0	0	0	0	0	0	0	0	0	0.00561431	0.00869748	22.978	35.5632	3.66747	4.58348	24.2824	30.8833	0.0112286	0.0140822
k107_8942719 flag=0 multi=44.6479 len=3458	3458	24.6911	0.352978	0.529954	0	0	0	0	0	0	0	0	0	0	0	0	0	0	0	0	0	0	24.3381	36.3616	0	0
k107_20796008 flag=0 multi=38.9924 len=27935	27935	50.6148	0	0	0	0	0	0	0	0	0	0	0	0	0	0	0.010929	0.0155151	23.2661	34.8794	3.87924	5.84727	23.4533	33.2982	0.00535592	0.0054354
k107_12863777 flag=0 multi=44.0269 len=30882	30882	50.0472	0	0	0	0	0	0	0	0	0	0	0	0	0	0	0	0	22.7669	34.251	3.70598	4.50507	23.5743	25.22	0	0
k107_34976595 flag=0 multi=42.9985 len=62391	62391	51.509	0	0	0	0	0	0	0	0	0	0	0	0	0	0	0.0120955	0.0157032	23.575	38.0655	3.83947	4.92382	24.0824	32.2749	0	0
k107_20842096 flag=0 multi=39.2446 len=5676	5676	50.6775	0	0	0	0	0	0	0	0	0	0	0	0	0	0	0	0	23.9284	22.8829	4.41738	5.51476	22.2484	29.6749	0.0833643	0.0772072
k107_7187087 flag=0 multi=45.0082 len=140868	140868	51.3231	0	0	0	0	0	0	0	0	0	0	0	0	0.00214846	0.0021413	0.00961826	0.0114378	23.4672	31.8988	3.6663	4.52932	24.1607	34.9835	0.0170596	0.0174083
k107_1347727 flag=0 multi=40.1287 len=29487	29487	49.7359	0	0	0	0	0	0	0	0	0	0	0	0	0	0	0.0103478	0.0114807	22.2238	35.2748	3.90228	5.16624	23.5891	37.7505	0.0103478	0.0135443
k107_21129618 flag=0 multi=41.8540 len=324632	324632	50.0865	0.00093115	0.00142339	0	0	0	0	0	0	0	0	0	0	0.00279345	0.00325946	0.00093115	0.000929561	22.8521	32.9576	3.63415	5.01535	23.5877	31.193	0.00783461	0.00895587
k107_4079331 flag=0 multi=50.0914 len=7796	7796	50.8173	0	0	0	0	0	0	0	0	0	0	0	0	0	0	0.0402989	0.0626979	22.7518	15.2591	3.81679	5.01844	24.2084	26.3556	0	0
k107_20844820 flag=0 multi=81.1493 len=7660	7660	50.3376	0	0	0	0	0	0	0	0	0	0	0	0	0	0	0	0	23.956	24.8307	3.81136	5.99841	22.5703	24.6441	0	0
k107_4476132 flag=0 multi=81.2293 len=14487	14487	25.424	0.687275	1.09899	0.0425097	0.0505043	0.0209376	0.0208426	0	0	0	0	0.069651	0.0771659	0	0	0	0	0	0	0	0	24.5932	33.58	0.0103631	0.0102564
k107_929666 flag=0 multi=45.0108 len=142493	142493	50.7728	0	0	0	0	0	0	0	0	0	0	0	0	0.0021239	0.00232665	0.0021239	0.00358213	23.3788	31.9655	3.68099	4.98199	23.7035	33.7382	0.00521833	0.00611704
k107_12130865 flag=0 multi=39.1758 len=41350	41350	51.7694	0	0	0	0	0	0	0	0	0	0	0	0	0	0	0	0	23.5716	37.7868	3.76333	5.19386	24.4344	36.1197	0	0
k107_5382766 flag=0 multi=40.9933 len=34988	34988	50.7983	0	0	0	0	0	0	0	0	0	0	0	0	0	0	0	0	22.5284	34.559	3.78919	5.35364	24.4807	34.7486	0	0
k107_16644197 flag=0 multi=41.0257 len=50791	50791	50.581	0.00588247	0.00986356	0	0	0	0	0	0	0	0	0	0	0	0	0.00897225	0.00889079	23.2041	34.9444	3.76072	5.60356	23.5924	31.2554	0.00897225	0.0131662
k107_15845166 flag=0 multi=39.0864 len=32494	32494	49.7181	0	0	0	0	0	0	0	0	0	0	0	0	0	0	0.000745527	0.000744994	23.0231	33.4226	3.90597	6.70523	22.7835	28.9108	0.00469061	0.00466682
k107_21362504 flag=0 multi=40.0054 len=307447	307447	50.2013	0	0	0	0	0	0	0.000973482	0.000988278	0	0	0	0	0.000983249	0.00111836	0.00882971	0.01716	23.0977	35.7112	3.77274	5.33158	23.3157	32.1187	0.00438881	0.00457393
k107_16281164 flag=0 multi=39.8034 len=21476	21476	50.2392	0	0	0	0	0	0	0	0	0	0	0	0	0	0	0.0142628	0.0191669	23.349	32.0258	3.33919	4.19988	23.5155	28.5167	0.0212525	0.0209375
k107_16148489 flag=0 multi=52.0075 len=91753	91753	50.4329	0.00329138	0.0058006	0	0	0	0	0	0	0	0	0	0	0	0	0.0132093	0.0267735	23.0986	32.8042	3.53824	4.60831	23.773	30.0134	0.00654996	0.00695024
k107_21408740 flag=0 multi=45.2151 len=76406	76406	51.647	0	0	0	0	0	0	0	0	0	0	0	0	0	0	0.00195785	0.00197982	23.2882	37.156	3.77753	4.66867	24.5774	34.3796	0.00198413	0.00198001
k107_3010259 flag=0 multi=124.4723 len=5098	5098	24.7121	0.500834	1.15518	0	0	0	0	0	0	0	0	0.0306505	0.0305	0	0	0	0	0	0	0	0	24.1806	35.9587	0	0
k107_698244 flag=0 multi=46.0016 len=18976	18976	51.1948	0	0	0	0	0	0	0	0	0	0	0	0	0	0	0.0323444	0.0384693	21.9555	32.1709	3.9298	6.19416	25.2449	37.3032	0.0322373	0.0395405
k107_32173539 flag=0 multi=46.4617 len=9135	9135	49.0161	0	0	0	0	0	0	0	0	0	0	0	0	0	0	0	0	24.3496	41.542	3.18374	5.50279	21.4827	36.7944	0	0
k107_4464611 flag=0 multi=37.1130 len=36624	36624	49.5746	0	0	0	0	0	0	0	0	0	0	0	0	0	0	0.0165189	0.0163549	22.7108	29.6939	3.60748	5.01449	23.2357	34.6144	0.00407467	0.00413893
k107_26137928 flag=0 multi=44.1178 len=127960	127960	50.4707	0	0	0	0	0	0	0.0023657	0.00414507	0	0	0	0	0.0023657	0.00381616	0	0	23.2385	33.1721	3.7129	5.0149	23.5051	32.0931	0.00943145	0.0119219
k107_8132804 flag=0 multi=49.4831 len=7039	7039	57.4468	0	0	0	0	0	0	0	0	0	0	0	0	0	0	0.265845	0.499449	27.2341	43.8519	3.84756	4.7209	26.0769	28.3237	0.0224135	0.0219148
k107_35109592 flag=0 multi=40.1171 len=36349	36349	50.4439	0	0	0	0	0	0	0	0	0	0	0	0	0	0	0.0167282	0.0184739	23.02	30.6226	3.58984	5.0141	23.8131	34.0992	0.00418898	0.00416989
k107_30679230 flag=0 multi=40.0081 len=74938	74938	50.8736	0	0	0	0	0	0	0	0	0	0	0	0	0	0	0	0	24.1059	33.0419	3.72595	5.25809	23.0317	29.2368	0.0100488	0.0100187
k107_14308987 flag=0 multi=40.0950 len=82167	82167	51.2679	0	0	0	0	0	0	0	0	0	0	0	0	0.00367678	0.00401503	0.011067	0.0132651	23.3898	32.202	3.63969	5.12892	24.2145	32.9265	0.00917364	0.0125363
k107_26576036 flag=0 multi=41.0198 len=29377	29377	51.3529	0	0	0	0	0	0	0	0	0	0	0	0	0	0	0	0	23.9814	32.1696	3.42896	5.20467	23.9323	37.6166	0.0102494	0.0102796
k107_20942091 flag=0 multi=39.0039 len=43327	43327	49.252	0	0	0.00701917	0.0118088	0	0	0	0	0	0	0	0	0.00697269	0.006978	0	0	22.0298	31.3031	3.46282	4.60642	23.7454	33.7272	0	0
k107_7397618 flag=0 multi=39.2394 len=5654	5654	54.6327	0	0	0	0	0	0	0	0	0	0	0	0	0	0	0.026719	0.0362097	23.7459	19.961	3.64499	4.70683	27.2151	27.418	0	0
k107_17223529 flag=0 multi=19.5346 len=3272	3272	11.1303	0	0	0	0	0	0	0	0	0	0	0	0	0	0	0	0	0.0461279	0.0920212	4.01515	5.95266	7.06902	9.37552	0	0
k107_17951122 flag=0 multi=69.0466 len=9289	9289	49.4811	0	0	0	0	0	0	0	0	0	0	0	0	0.0336041	0.0347041	0	0	23.1491	35.5124	3.92144	5.36132	22.377	24.8565	0	0
k107_22257387 flag=0 multi=41.0040 len=74647	74647	50.6585	0	0	0	0	0	0	0	0	0	0	0	0	0	0	0.00402179	0.00405008	22.753	33.566	3.71662	4.93658	24.1788	36.192	0.00607976	0.00797621
k107_29197853 flag=0 multi=44.9971 len=71428	71428	52.3022	0	0	0	0	0	0	0	0	0	0	0	0	0.00424599	0.00496452	0.0211737	0.0481661	23.8918	35.4592	3.76685	5.09013	24.6035	33.0687	0.0146641	0.0154889
k107_32627169 flag=0 multi=37.9925 len=15974	15974	49.6385	0	0	0	0	0	0	0	0	0	0	0	0	0	0	0.0185681	0.0251115	21.8352	33.4972	3.74407	5.13147	24.0218	27.6888	0.0188872	0.0263017
k107_35454645 flag=0 multi=75.1695 len=2579	2579	51.7804	0	0	0	0	0	0	0	0	0	0	0	0	0	0	0.0658762	0.0619426	22.9003	21.7973	4.08213	7.2586	24.7321	16.1222	0	0
k107_11145714 flag=0 multi=26.0962 len=3193	3193	24.4912	0	0	0	0	0	0	0	0	0	0	0	0	0	0	0	0	0.906607	1.55805	3.01003	4.75778	20.5745	82.459	0	0
k107_2024960 flag=0 multi=70.0000 len=6489	6489	24.8828	0.59916	1.03739	0	0	0.0714401	0.0840385	0	0	0	0	0.0237595	0.0238138	0	0	0	0	0	0	0	0	24.1885	36.6633	0	0
k107_17385660 flag=0 multi=38.0006 len=23687	23687	48.8157	0	0	0	0	0	0	0	0	0	0	0	0	0	0	0	0	22.807	31.9454	3.78401	4.81254	22.2182	32.4195	0.00645713	0.0064166
k107_35300433 flag=0 multi=124.0883 len=3710	3710	24.441	0.493545	0.889924	0.175763	0.288513	0	0	0	0	0	0	0.0431338	0.0423579	0	0	0	0	0	0	0	0	23.7286	37.1179	0	0
k107_25124335 flag=0 multi=41.0032 len=28339	28339	53.3671	0	0	0	0	0	0	0	0	0	0	0	0	0	0	0	0	24.3712	37.9357	3.87545	5.23527	25.1044	35.2691	0.0161216	0.0198174
k107_10282555 flag=0 multi=39.9995 len=38203	38203	49.7437	0	0	0	0	0	0	0	0	0	0	0	0	0	0	0.00794174	0.00790424	22.1073	29.3499	3.51801	5.26129	24.1065	30.3876	0.00398406	0.00396788
k107_23772510 flag=0 multi=41.9951 len=66117	66117	51.8214	0	0	0	0	0	0	0	0	0	0	0	0	0	0	0.00458862	0.0045733	23.5465	36.4133	4.06606	5.40479	24.1951	30.7482	0.00913166	0.0100214
k107_24490748 flag=0 multi=42.0691 len=28675	28675	50.9674	0	0	0	0	0	0	0	0	0	0	0	0	0	0	0.0106439	0.0141341	23.5984	39.6823	3.42611	4.24876	23.9323	31.3602	0	0
k107_23354723 flag=0 multi=40.0232 len=35939	35939	50.0757	0	0	0	0	0	0	0	0	0	0	0	0	0	0	0	0	22.824	35.2799	3.61532	4.54811	23.6281	32.9276	0.0083621	0.0121045
k107_24137321 flag=0 multi=322.1176 len=3101	3101	51.0043	0	0	0	0	0	0	0	0	0	0	0	0	0	0	0	0	22.0761	32.1852	5.04609	5.80203	23.8821	59.2219	0	0
k107_21645670 flag=0 multi=41.0756 len=12576	12576	49.8443	0	0	0	0	0	0	0	0	0	0	0	0	0	0	0.0245234	0.0345951	23.4623	38.5273	3.07251	3.99663	23.285	26.8468	0	0
k107_20535122 flag=0 multi=42.3329 len=55065	55065	51.867	0	0	0	0	0	0	0	0	0	0	0	0	0	0	0.0110293	0.0219376	24.2477	38.6763	3.76537	5.20497	23.843	38.1433	0	0
k107_33140246 flag=0 multi=39.0131 len=52359	52359	49.3117	0	0	0	0	0	0	0	0	0	0	0	0	0	0	0.00290067	0.00289456	22.1607	33.1706	3.54613	5.03335	23.602	31.236	0	0
k107_25299460 flag=0 multi=40.0049 len=98225	98225	51.0339	0	0	0	0	0	0	0	0	0	0	0	0	0.00307384	0.00306564	0.00925217	0.014278	23.6101	33.6328	3.64493	5.34922	23.7558	32.8997	0.0107227	0.0106818
k107_18246296 flag=0 multi=39.9995 len=209349	209349	50.7416	0	0	0	0	0	0	0	0	0	0	0	0	0.00144465	0.00150919	0.00287495	0.00488191	23.4129	32.1934	3.77706	5.14288	23.5416	32.4515	0.00573555	0.00574403
k107_186675 flag=0 multi=40.9910 len=11464	11464	51.1171	0	0	0	0	0	0	0	0	0	0	0	0	0	0	0	0	23.7439	43.3836	3.77889	5.70672	23.5811	30.4799	0.0132593	0.0133463
k107_6425767 flag=0 multi=20.2082 len=4962	4962	24.13	0.77618	1.92054	0	0	0	0	0	0	0	0	0	0	0	0	0	0	0	0	0	0	23.3539	35.5915	0	0
k107_33797630 flag=0 multi=39.8250 len=24067	24067	51.7785	0	0	0	0	0	0	0	0	0.0253734	0.0599437	0	0	0	0	0	0	23.8872	32.2301	3.63707	5.82294	24.2289	32.7024	0	0
k107_8714121 flag=0 multi=43.9961 len=55651	55651	50.8184	0	0	0	0	0	0	0	0	0	0	0	0	0.00545629	0.00708912	0.0109126	0.016722	22.621	30.0633	4.03304	5.82457	24.1291	35.1763	0.0189525	0.01989
k107_6493950 flag=0 multi=41.0146 len=32407	32407	50.6776	0	0	0	0	0	0	0	0	0	0	0	0	0	0	0.0281265	0.0594279	22.7594	28.3805	3.81215	5.26841	24.078	28.0345	0	0
k107_35809116 flag=0 multi=41.0432 len=3557	3557	49.6243	0	0	0	0	0	0	0	0	0	0	0	0	0	0	0	0	22.1886	39.4579	3.26267	3.72541	24.1272	33.7794	0.0457757	0.0442515
k107_1739067 flag=0 multi=41.0554 len=94276	94276	51.7524	0	0	0	0	0	0	0	0	0	0	0	0	0	0	0.00640603	0.0107892	23.7368	34.1767	3.7602	5.12644	24.2426	33.737	0.00638474	0.00638039
k107_27570876 flag=0 multi=41.0118 len=220731	220731	50.578	0.00136552	0.00136726	0	0	0	0	0	0	0	0	0	0	0.00136552	0.00139894	0.0102482	0.013166	22.9639	32.4854	3.73468	5.14934	23.8597	31.5375	0.00681399	0.00746363
k107_23767410 flag=0 multi=98.9579 len=27903	27903	25.3153	0.56469	0.731361	0.0431868	0.0618617	0	0	0	0	0	0	0.144669	0.215347	0	0	0	0	0	0	0	0	24.5466	38.1404	0.0161226	0.0201943
k107_4363344 flag=0 multi=40.0409 len=61668	61668	50.1184	0	0	0	0	0	0	0	0	0	0	0	0	0.004905	0.00519167	0.0122869	0.0138507	23.0891	35.7202	3.78208	5.56797	23.2227	34.769	0.00731676	0.00733281
k107_1949608 flag=0 multi=43.5330 len=126365	126365	49.9814	0	0	0	0	0	0	0.0023877	0.00321279	0	0	0	0	0.00118988	0.00119559	0.00359344	0.00357165	22.7864	30.5612	3.59496	4.85627	23.5773	29.6943	0.0154764	0.016219
k107_21989699 flag=0 multi=42.0347 len=169288	169288	51.1084	0	0	0	0	0	0	0.00355059	0.00601334	0	0	0	0	0.00356834	0.0125296	0.00890015	0.0119488	23.2386	35.4804	3.79653	5.2577	24.051	32.9713	0.0062372	0.0077035
k107_17376808 flag=0 multi=40.9994 len=59019	59019	50.6871	0	0	0	0	0	0	0	0	0	0	0	0	0	0	0.0102526	0.0149188	23.0692	30.629	3.81462	5.18188	23.7879	31.1666	0.00507519	0.00511752
k107_10664034 flag=0 multi=40.0000 len=11760	11760	24.9311	0.541543	0.832663	0.0262699	0.027934	0	0	0	0	0	0	0.0129167	0.0130043	0	0	0	0	0	0	0	0	24.3372	33.7987	0.0130913	0.013004
k107_15393589 flag=0 multi=43.5143 len=9759	9759	48.3687	0	0	0	0	0	0	0	0	0	0	0	0	0	0	0	0	21.5869	31.5773	3.33414	4.18983	23.4477	28.057	0	0
k107_24181803 flag=0 multi=41.0626 len=17700	17700	50.5053	0	0	0	0	0	0	0	0	0	0	0	0	0	0	0	0	23.5393	39.0433	3.24859	4.05322	23.7174	37.2425	0	0
k107_24136448 flag=0 multi=41.9591 len=8520	8520	50.3051	0	0	0	0	0	0	0	0	0	0	0	0	0	0	0	0	23.1875	36.6506	3.60623	4.31389	23.4932	24.7562	0.0181309	0.0180375
k107_28756373 flag=0 multi=44.9988 len=98418	98418	49.918	0	0	0	0	0	0	0	0	0	0	0	0	0.00153899	0.00153579	0.00305761	0.00453517	23.1292	32.628	3.69551	5.42665	23.0767	30.8051	0.0119654	0.0118946
k107_16275043 flag=0 multi=40.0188 len=44525	44525	51.4813	0	0	0	0	0	0	0	0	0	0	0	0	0	0	0.0102435	0.0113924	23.621	30.2409	3.6367	5.27953	24.2031	32.9517	0.0101983	0.0119935
k107_35318422 flag=0 multi=117.0163 len=5136	5136	25.1241	0.653703	0.982273	0.0624741	0.0697589	0	0	0	0	0	0	0	0	0	0	0	0	0	0	0	0	24.3773	36.1531	0.0306165	0.030268
k107_17650586 flag=0 multi=45.0014 len=62746	62746	51.1004	0	0	0	0	0	0	0	0	0.00483633	0.00612905	0	0	0	0	0.00241817	0.00240984	22.9092	32.918	3.94071	5.59519	24.2385	32.3334	0.00477228	0.00481607
k107_9456054 flag=0 multi=42.5842 len=12121	12121	56.3923	0	0	0	0	0	0	0	0	0	0	0	0	0.0379051	0.0624154	0.187156	0.696595	25.1217	34.1101	4.03207	5.74613	27.0135	35.9356	0	0
k107_22008366 flag=0 multi=48.0084 len=60302	60302	50.3099	0	0	0	0	0	0	0	0	0	0	0	0	0	0	0.00501667	0.00837913	22.529	29.913	3.86477	4.90317	23.9086	31.3769	0.00251667	0.00250624
