contigName	contigLen	totalAvgDepth	Cen01_MA.bam	Cen01_MA.bam-var	Cen03_MA.bam	Cen03_MA.bam-var	Cen04_MA.bam	Cen04_MA.bam-var	Cen05_MA.bam	Cen05_MA.bam-var	Cen06_MA.bam	Cen06_MA.bam-var	Cen07_MA.bam	Cen07_MA.bam-var	Cen10_MA.bam	Cen10_MA.bam-var	Cen12_MA.bam	Cen12_MA.bam-var	Cen14_MA.bam	Cen14_MA.bam-var	Cen15_MA.bam	Cen15_MA.bam-var	Cen16_MA.bam	Cen16_MA.bam-var	Cen17_MA.bam	Cen17_MA.bam-var
k107_30753156 flag=0 multi=94.8877 len=33975	33975	123.592	0	0	0	0	0	0	0	0	0.00896861	0.0165956	0.0716598	0.106085	123	195.791	0.435067	0.529768	0.0762035	0.10175	0	0	0	0	0	0
k107_1263820 flag=0 multi=99.9914 len=44276	44276	118.233	0	0	0	0	0	0	0	0	0	0	0.0686542	0.0879622	117.747	181.823	0.382567	0.57978	0.0342475	0.0401621	0	0	0	0	0	0
k107_5189564 flag=0 multi=92.0495 len=23944	23944	121.268	0	0	0	0	0	0	0	0	0.0127739	0.0126088	0.0574402	0.072023	120.796	149.66	0.357246	0.585391	0.044624	0.0496526	0	0	0	0	0	0
k107_35704230 flag=0 multi=81.9587 len=13789	13789	118.591	0	0	0.0223919	0.0312277	0	0	0	0	0	0	0.0447839	0.0663693	118.161	159.282	0.340476	0.478914	0.0223178	0.0245559	0	0	0	0	0	0
k107_31839667 flag=0 multi=84.9902 len=13948	13948	121.288	0	0	0	0	0	0	0	0	0	0	0.121501	0.181824	120.686	172.822	0.414554	0.70667	0.0663198	0.0725354	0	0	0	0	0	0
k107_17960416 flag=0 multi=99.9946 len=149423	149423	120.05	0	0	0.0040437	0.00557364	0	0	0	0	0.0020252	0.00231501	0.06258	0.0886801	119.53	194.894	0.392245	0.530002	0.0536276	0.0791923	0.0010126	0.00101153	0.0040437	0.00407798	0	0
k107_9114606 flag=0 multi=93.6585 len=109041	109041	122.639	0	0	0	0	0	0	0	0	0.0166638	0.0328938	0.076302	0.103533	122.059	184.517	0.425983	0.524315	0.0555091	0.074147	0.0055178	0.00680171	0	0	0	0
k107_32541842 flag=0 multi=88.0236 len=47120	47120	121.48	0	0	0	0	0	0	0	0	0	0	0.0447477	0.0653102	121	186.457	0.344803	0.439423	0.0773207	0.0910488	0	0	0.00642915	0.0100371	0.00636507	0.00755511
k107_35106515 flag=0 multi=90.0347 len=22531	22531	118.371	0	0	0	0	0	0	0	0	0	0	0.0429169	0.0659031	117.833	168.275	0.454541	0.554946	0.0407126	0.0401663	0	0	0	0	0	0
k107_7157906 flag=0 multi=89.8740 len=92359	92359	118.807	0	0	0	0	0	0	0	0	0	0	0.0966901	0.124235	118.306	205.79	0.340713	0.487627	0.0573449	0.0844193	0.00655029	0.00962981	0	0	0	0
k107_1514868 flag=0 multi=91.6050 len=15746	15746	116.564	0	0	0	0	0	0	0	0	0	0	0.039109	0.0546759	115.992	136.094	0.473841	0.631593	0.0586636	0.0844797	0	0	0	0	0	0
k107_18507070 flag=0 multi=95.8356 len=8973	8973	120.868	0	0	0	0	0	0	0	0	0	0	0.0348287	0.0446968	120.52	196.602	0.313113	0.31531	0	0	0	0	0	0	0	0
k107_15967421 flag=0 multi=106.3786 len=7498	7498	120.578	0	0	0	0	0	0	0	0	0	0	0.125903	0.163998	120.172	187.118	0.275153	0.278953	0	0	0	0	0.00541968	0.00566779	0	0
k107_26529225 flag=0 multi=95.9877 len=19373	19373	120.422	0	0	0	0	0	0	0	0	0	0	0.0316711	0.0321234	119.773	180.094	0.553773	0.692223	0.0632898	0.074862	0	0	0	0	0	0
k107_18869364 flag=0 multi=95.8784 len=6511	6511	122.933	0	0	0	0	0	0	0	0	0	0	0.290385	0.4667	122.253	108.287	0.340312	0.389562	0.0486391	0.0462921	0	0	0	0	0	0
k107_33156232 flag=0 multi=89.0109 len=28489	28489	118.464	0	0	0	0	0	0	0	0	0.0214283	0.0291539	0.0640721	0.107425	117.945	180.891	0.401852	0.515164	0.0321425	0.0352302	0	0	0	0	0	0
k107_21346507 flag=0 multi=87.7863 len=20948	20948	118.511	0	0	0	0	0	0	0	0	0.0146275	0.0197423	0.116681	0.181799	117.868	156.084	0.453163	0.693043	0.0292551	0.0295626	0.0144822	0.0155767	0.0146275	0.0188704	0	0
k107_8504403 flag=0 multi=89.6378 len=157368	157368	121.171	0.00576191	0.00722946	0	0	0	0	0	0	0	0	0.0874027	0.119165	120.542	182.596	0.479149	0.653257	0.0512778	0.0743754	0.00574918	0.00867806	0	0	0	0
k107_24530927 flag=0 multi=92.5260 len=52465	52465	121.827	0	0	0.00578954	0.0085153	0	0	0	0	0	0	0.086709	0.117119	121.35	165.242	0.326611	0.447638	0.0521059	0.0595253	0	0	0.00578954	0.0057549	0	0
k107_14930946 flag=0 multi=92.1493 len=49239	49239	118.092	0	0	0	0	0	0	0	0	0.0123424	0.0192088	0.0800008	0.140977	117.578	169.514	0.391238	0.574974	0.030856	0.0349809	0	0	0	0	0	0
k107_9129411 flag=0 multi=94.8002 len=106590	106590	118.473	0.00284134	0.00469009	0	0	0	0	0	0	0.00852401	0.0137233	0.0738183	0.105512	118.007	188.582	0.324994	0.455273	0.0496669	0.0689024	0.00284134	0.00356419	0.00284134	0.00283093	0	0
k107_25171367 flag=0 multi=83.0172 len=3892	3892	121.001	0	0	0	0	0	0	0	0	0	0	0	0	120.692	172.28	0.224513	0.18338	0.083844	0.0859852	0	0	0	0	0	0
k107_24172568 flag=0 multi=96.9987 len=42410	42410	120.442	0	0	0	0	0	0	0	0	0.00358602	0.00357536	0.0932127	0.126937	119.806	190.737	0.489242	0.632779	0.0358602	0.0567991	0.0143203	0.0387745	0	0	0	0
k107_26508466 flag=0 multi=64.3564 len=3727	3727	113.456	0	0	0	0	0	0	0	0	0	0	0	0	112.906	141.261	0.549489	0.57702	0	0	0	0	0	0	0	0
k107_9253716 flag=0 multi=91.4485 len=40956	40956	115.318	0	0	0.0148571	0.0334345	0	0	0	0	0	0	0.0890933	0.10512	114.83	160.167	0.330201	0.50989	0.0535741	0.0628833	0	0	0	0	0	0
k107_25669328 flag=0 multi=94.3749 len=72191	72191	120.691	0	0	0.00420092	0.00728915	0	0	0	0	0.00837402	0.00974191	0.0918638	0.14603	120.032	168.469	0.49301	0.647325	0.0566707	0.0782031	0.00420092	0.00691991	0	0	0	0
k107_30382516 flag=0 multi=90.9713 len=8362	8362	120.52	0	0	0	0	0	0	0	0	0	0	0	0	120.239	250.393	0.205955	0.215745	0.0748139	0.098118	0	0	0	0	0	0
k107_24056968 flag=0 multi=92.9768 len=20838	20838	123.728	0	0	0	0	0.0146085	0.0178002	0	0	0	0	0.117598	0.232887	123.161	183.906	0.412446	0.536545	0.0146572	0.016826	0.00735294	0.00730134	0	0	0	0
k107_8510031 flag=0 multi=95.9242 len=15600	15600	116.414	0	0	0	0	0	0	0	0	0.0197411	0.0193557	0.0394823	0.0516666	115.852	174.043	0.483331	0.821536	0.0196758	0.0292946	0	0	0	0	0	0
k107_27640974 flag=0 multi=128.9892 len=14934	14934	118.86	0	0	0.0206397	0.0292373	0	0	0	0	0	0	0.0619191	0.0740442	118.286	182.742	0.429811	0.554865	0.0617824	0.0929488	0	0	0	0	0	0
k107_32976450 flag=0 multi=87.0205 len=10710	10710	114.839	0	0	0	0	0	0	0	0	0	0	0.0580323	0.0665752	114.252	141.804	0.434666	0.675266	0.0653344	0.0800729	0.0289201	0.039143	0	0	0	0
k107_7178598 flag=0 multi=92.9825 len=59047	59047	122.262	0	0	0.00514086	0.00678604	0	0	0	0	0.0102647	0.0124308	0.0820495	0.153654	121.638	188.346	0.469674	0.682405	0.0564303	0.0679397	0	0	0	0	0	0
k107_20538441 flag=0 multi=91.0102 len=51657	51657	120.253	0	0	0	0	0	0	0	0	0.0117613	0.0164145	0.0822121	0.120023	119.575	163.309	0.510778	0.7934	0.0675494	0.113151	0.00588063	0.00584243	0	0	0	0
k107_12707607 flag=0 multi=88.9730 len=5990	5990	117.031	0	0	0	0	0	0	0	0	0	0	0.0529184	0.0833412	116.5	167.479	0.424578	0.52888	0.0530942	0.0615349	0	0	0	0	0	0
k107_9851081 flag=0 multi=64.9891 len=4806	4806	116.981	0	0	0	0	0	0	0	0	0	0	0	0	116.364	141.464	0.550178	0.632956	0.0670515	0.0896607	0	0	0	0	0	0
k107_24797772 flag=0 multi=93.2367 len=30010	30010	122.002	0	0	0	0	0	0	0	0	0.0101656	0.0111302	0.0548674	0.109176	121.523	208.732	0.403258	0.514344	0.0101656	0.0128191	0	0	0	0	0	0
k107_23605148 flag=0 multi=87.4733 len=3071	3071	123.653	0.108704	0.0979325	0	0	0	0	0	0	0	0	0.218129	0.680725	122.672	194.49	0.653666	0.891709	0	0	0	0	0	0	0	0
k107_16323738 flag=0 multi=88.1719 len=13693	13693	117.544	0	0	0	0	0	0	0	0	0	0	0.112464	0.153523	117.027	163.651	0.315361	0.374217	0.0900605	0.112853	0	0	0	0	0	0
k107_29067874 flag=0 multi=83.8415 len=27692	27692	119.04	0.0220153	0.0339073	0	0	0	0	0	0	0.0110259	0.0137527	0.132202	0.21833	118.445	144.664	0.36349	0.585139	0.0550566	0.0710159	0.0109894	0.0109051	0	0	0	0
k107_17742056 flag=0 multi=93.6008 len=106625	106625	118.772	0	0	0.00566199	0.0097754	0	0	0	0	0.0028404	0.00529475	0.0410918	0.0537324	118.28	197.771	0.394195	0.492384	0.0439792	0.05734	0.0042606	0.00425033	0	0	0	0
k107_14695610 flag=0 multi=98.9943 len=32909	32909	118.48	0	0	0	0	0	0	0	0	0	0	0.11105	0.138837	117.837	209.658	0.457754	0.751051	0.0646487	0.103265	0.00904714	0.00917691	0	0	0	0
k107_29017334 flag=0 multi=96.0132 len=30529	30529	122.33	0	0	0	0	0	0	0	0	0.00999107	0.0145869	0.063387	0.0895029	121.643	242.369	0.503986	0.642288	0.109836	0.140927	0	0	0	0	0	0
k107_22741376 flag=0 multi=84.9813 len=13136	13136	120.489	0	0	0	0	0	0	0	0	0.0470625	0.127597	0.117578	0.168361	119.896	146.152	0.404395	0.471765	0.0235312	0.0229766	0	0	0	0	0	0
k107_19753113 flag=0 multi=93.0529 len=107903	107903	117.123	0	0	0.00561333	0.00841247	0	0	0	0	0.00560404	0.00672023	0.0700737	0.104394	116.581	179.981	0.402385	0.540224	0.0504456	0.0721687	0.00560404	0.00700875	0.00280667	0.00298043	0	0
k107_11456002 flag=0 multi=94.9825 len=66542	66542	121.008	0.00455918	0.00779089	0	0	0	0	0	0	0.0136775	0.0324322	0.07266	0.117125	120.409	205.515	0.423702	0.59197	0.0797403	0.135225	0	0	0.00455918	0.00653386	0	0
k107_11421243 flag=0 multi=87.3377 len=17975	17975	119.125	0	0	0	0	0	0	0	0	0	0	0.0995869	0.136359	118.633	166.136	0.358343	0.42318	0.0341764	0.0369663	0	0	0	0	0	0
k107_29806676 flag=0 multi=97.9818 len=24291	24291	116.761	0	0	0.0125891	0.0217725	0	0	0	0	0.0125474	0.0146784	0.0629038	0.0924099	116.257	134.589	0.383884	0.479195	0.03264	0.046106	0	0	0	0	0	0
k107_19297972 flag=0 multi=84.9629 len=13710	13710	118.623	0.0225239	0.0330574	0	0	0	0	0	0	0	0	0.0673479	0.188662	118.151	193.201	0.360158	0.367923	0.0225239	0.022028	0	0	0	0	0	0
k107_2792193 flag=0 multi=92.7360 len=245313	245313	121.085	0.00369779	0.00587618	0.00368555	0.00441028	0	0	0.0012326	0.00122988	0.00554669	0.00719296	0.0775516	0.126355	120.501	183.764	0.43676	0.596857	0.0528997	0.0823952	0.0018489	0.00190082	0.0012326	0.00173697	0	0
k107_14613088 flag=0 multi=90.9741 len=36449	36449	121.413	0	0	0	0	0	0	0	0	0	0	0.104296	0.174981	120.913	174.519	0.345257	0.474222	0.0334191	0.0835547	0.0167095	0.0342351	0	0	0	0
k107_20378990 flag=0 multi=96.7638 len=80605	80605	119.989	0	0	0	0	0	0	0	0	0.0131502	0.0180981	0.0676438	0.106574	119.531	193.991	0.319403	0.475029	0.0545061	0.075883	0.00376076	0.00444174	0	0	0	0
k107_1141896 flag=0 multi=88.0000 len=13278	13278	119.525	0	0	0	0	0	0	0	0	0.0232737	0.0430828	0.0813039	0.099792	119.031	152.683	0.366677	0.485935	0.0232737	0.036454	0	0	0	0	0	0
k107_24799489 flag=0 multi=94.9008 len=4662	4662	124.536	0	0	0	0	0	0	0	0	0	0	0.138532	0.149169	124.212	141.239	0.184862	0.266809	0	0	0	0	0	0	0	0
k107_5214581 flag=0 multi=90.0000 len=3095	3095	114.625	0	0	0	0	0	0	0	0	0	0	0.0447547	0.0427704	114.023	169.435	0.557465	0.520302	0	0	0	0	0	0	0	0
k107_19269742 flag=0 multi=86.2277 len=13684	13684	119.227	0	0	0	0	0	0	0	0	0	0	0.0621731	0.0842253	118.719	218.142	0.338141	0.407326	0.107682	0.149453	0	0	0	0	0	0
k107_24157032 flag=0 multi=83.9694 len=18978	18978	117.078	0	0	0	0	0	0	0	0	0	0	0.0485115	0.0777407	116.65	170.336	0.363033	0.626006	0.0161705	0.0199839	0	0	0	0	0	0
k107_5106453 flag=0 multi=89.7179 len=64247	64247	119.089	0	0	0	0	0	0	0	0	0.0188756	0.0269882	0.0589569	0.0824071	118.598	180.124	0.356228	0.495282	0.0566581	0.0827133	0	0	0	0	0	0
k107_35396307 flag=0 multi=97.9650 len=6843	6843	126.138	0	0	0	0	0.0105488	0.010888	0	0	0	0	0.0461703	0.076767	125.839	209.592	0.232839	0.257042	0	0	0	0	0.00993732	0.0102895	0	0
k107_22983596 flag=0 multi=122.2712 len=4790	4790	126.048	0	0	0	0	0	0	0	0	0	0	0.0672906	0.0627671	125.237	224.8	0.53721	0.956369	0.206774	0.220674	0	0	0	0	0	0
k107_14023959 flag=0 multi=84.9944 len=18623	18623	117.514	0	0	0	0	0	0	0	0	0	0	0.0659353	0.0877927	117.053	152.844	0.329021	0.520536	0.0659353	0.141307	0	0	0	0	0	0
k107_1468855 flag=0 multi=100.0000 len=41124	41124	116.645	0	0	0.00739797	0.00734938	0	0	0	0	0	0	0.0865955	0.145239	116.09	163.732	0.402014	0.532408	0.0591593	0.0910174	0	0	0	0	0	0
k107_28751830 flag=0 multi=91.8594 len=7691	7691	124.874	0	0	0	0	0	0	0	0	0	0	0.0403302	0.0741265	124.189	165.811	0.490053	0.529586	0.154689	0.17382	0	0	0	0	0	0
k107_25466851 flag=0 multi=80.6467 len=4409	4409	123.237	0	0	0	0	0	0	0	0	0	0	0.073533	0.101261	122.729	229.457	0.343316	0.82405	0.092038	0.184434	0	0	0	0	0	0
k107_388418 flag=0 multi=160.9107 len=14451	14451	116.413	0.0213443	0.0378393	0.0210616	0.020698	0	0	0	0	0	0	0.0317337	0.0424475	115.774	170.775	0.521874	0.676939	0.0425472	0.0472362	0	0	0	0	0	0
