contigName	contigLen	totalAvgDepth	Cen01_MA.bam	Cen01_MA.bam-var	Cen03_MA.bam	Cen03_MA.bam-var	Cen04_MA.bam	Cen04_MA.bam-var	Cen05_MA.bam	Cen05_MA.bam-var	Cen06_MA.bam	Cen06_MA.bam-var	Cen07_MA.bam	Cen07_MA.bam-var	Cen10_MA.bam	Cen10_MA.bam-var	Cen12_MA.bam	Cen12_MA.bam-var	Cen14_MA.bam	Cen14_MA.bam-var	Cen15_MA.bam	Cen15_MA.bam-var	Cen16_MA.bam	Cen16_MA.bam-var	Cen17_MA.bam	Cen17_MA.bam-var
k107_2240024 flag=0 multi=60.0321 len=21088	21088	74.1631	0	0	0	0	0	0	0	0	0	0	0	0	0	0	0	0	0	0	74.1631	115.644	0	0	0	0
k107_31467241 flag=0 multi=56.9030 len=5260	5260	72.7685	0	0	0	0	0	0	0	0	0	0	0	0	0	0	0	0	0	0	72.7685	91.3778	0	0	0	0
k107_1516246 flag=0 multi=56.0668 len=15254	15254	70.6067	0	0	0	0	0	0	0.00983146	0.0100013	0.0201311	0.0324885	0	0	0	0	0	0	0	0	70.5566	111.332	0.020198	0.0197836	0	0
k107_27050546 flag=0 multi=59.9799 len=3038	3038	76.4423	0	0	0	0	0	0	0	0	0	0	0	0	0	0	0	0	0	0	76.4423	67.5609	0	0	0	0
k107_29497731 flag=0 multi=57.0290 len=40091	40091	67.0711	0.00759004	0.00934269	0	0	0	0	0	0	0	0	0	0	0	0	0	0	0	0	67.0635	108.167	0	0	0	0
k107_2985165 flag=0 multi=67.0425 len=28030	28030	74.1819	0	0	0	0	0	0	0	0	0	0	0	0	0	0	0	0	0	0	74.1819	100.406	0	0	0	0
k107_2521069 flag=0 multi=55.0683 len=96813	96813	67.8194	0	0	0	0	0	0	0	0	0	0	0.00620655	0.0110021	0	0	0	0	0	0	67.7914	105.121	0.0218628	0.027587	0	0
k107_16177457 flag=0 multi=54.9999 len=67361	67361	68.5735	0	0	0	0	0	0	0	0	0.0045035	0.00803026	0.00448858	0.0087595	0	0	0	0	0	0	68.5527	104.843	0.0118403	0.011725	0	0
k107_4275640 flag=0 multi=64.4986 len=49497	49497	78.5051	0	0	0	0	0	0	0	0	0	0	0.00896433	0.0272387	0	0	0	0	0	0	78.4899	119.424	0.00628113	0.00635574	0	0
k107_9649741 flag=0 multi=59.2754 len=58164	58164	75.5696	0	0	0	0	0	0	0.00254053	0.00259832	0	0	0.00511562	0.00519534	0	0	0.00254053	0.0026009	0.00521931	0.0075083	75.5333	100.576	0.0208773	0.0209909	0	0
k107_6321142 flag=0 multi=53.9998 len=66272	66272	67.4712	0.00454752	0.0079342	0	0	0	0	0	0	0	0	0	0	0	0	0	0	0	0	67.4531	93.9608	0.0136274	0.0198495	0	0
k107_7165343 flag=0 multi=53.7556 len=72181	72181	68.8308	0.00420151	0.00504846	0	0	0	0	0	0	0.0209658	0.02892	0	0	0	0	0	0	0	0	68.7973	107.517	0.00836127	0.010218	0	0
k107_15781287 flag=0 multi=56.6286 len=17911	17911	74.35	0	0	0	0	0	0	0	0	0	0	0	0	0	0	0	0	0	0	74.35	123.837	0	0	0	0
k107_20320024 flag=0 multi=54.1255 len=66714	66714	67.2111	0	0	0	0	0	0	0	0	0	0	0.00454737	0.00730316	0	0	0	0	0	0	67.2065	106.693	0	0	0	0
k107_33483168 flag=0 multi=57.2863 len=17197	17197	72.1242	0	0	0	0	0	0	0	0	0	0	0	0	0	0	0	0	0	0	72.1242	77.1979	0	0	0	0
k107_11715675 flag=0 multi=57.4716 len=44426	44426	72.0904	0	0	0	0	0	0	0	0	0	0	0	0	0	0	0	0	0	0	72.0904	105.143	0	0	0	0
k107_26359507 flag=0 multi=60.0014 len=79929	79929	74.7499	0.00379268	0.00570123	0	0	0	0	0	0	0.00379268	0.00406899	0.00379268	0.00630998	0	0	0	0	0	0	74.731	131.095	0.00758537	0.00775677	0	0
k107_30943619 flag=0 multi=61.0044 len=4410	4410	71.1816	0	0	0	0	0	0	0	0	0.0735151	0.0788401	0.0735151	0.132408	0	0	0	0	0	0	70.9611	88.6805	0.0735151	0.0681248	0	0
k107_29199675 flag=0 multi=53.0437 len=8994	8994	66.7393	0	0	0	0	0	0	0	0	0	0	0	0	0	0	0	0	0	0	66.7393	93.3579	0	0	0	0
k107_28219528 flag=0 multi=60.9991 len=73122	73122	76.9388	0.00414721	0.00556769	0	0	0	0	0	0	0.00414721	0.00558604	0.00414721	0.00710715	0	0	0	0	0	0	76.9098	109.698	0.0165751	0.0194704	0	0
k107_31263980 flag=0 multi=56.1354 len=64388	64388	67.4647	0	0	0	0	0	0	0	0	0.00469681	0.00469371	0	0	0	0	0	0	0	0	67.4506	108.307	0.00942484	0.0108225	0	0
k107_30964703 flag=0 multi=57.9921 len=29643	29643	71.4053	0	0	0	0	0	0	0	0	0	0	0	0	0	0	0	0	0	0	71.3847	102.093	0.0205855	0.0259597	0	0
k107_4679165 flag=0 multi=73.6429 len=86717	86717	78.799	0.00697796	0.00881989	0	0	0	0	0	0	0	0	0	0	0	0	0	0	0	0	78.785	106.349	0.00698953	0.00799421	0	0
k107_2826809 flag=0 multi=54.9921 len=50542	50542	68.2164	0.00601115	0.00839837	0	0	0	0	0	0	0	0	0	0	0	0	0	0	0	0	68.2104	99.535	0	0	0	0
k107_349956 flag=0 multi=55.0389 len=54547	54547	67.5366	0.00556733	0.00774863	0	0	0	0	0	0	0.00278367	0.00278217	0	0	0	0	0	0	0	0	67.5116	99.532	0.016702	0.0167593	0	0
k107_18612305 flag=0 multi=59.0152 len=33010	33010	72.8687	0.00920264	0.0168305	0	0	0	0	0	0	0.00923321	0.0141042	0	0	0	0	0	0	0	0	72.841	124.434	0.00923321	0.00914848	0	0
k107_32196151 flag=0 multi=61.2593 len=76429	76429	74.1256	0	0	0	0	0	0	0	0	0.00396706	0.0044111	0	0	0	0	0	0	0	0	74.1216	95.7843	0	0	0	0
k107_23239635 flag=0 multi=93.9819 len=39722	39722	73.7695	0	0	0.00766109	0.0108003	0	0	0	0	0.00766109	0.0122219	0	0	0	0	0	0	0	0	73.7465	131.8	0.00766109	0.00912691	0	0
k107_25039887 flag=0 multi=54.1347 len=68937	68937	67.7752	0.00440009	0.00808026	0	0	0	0	0	0	0.00440009	0.00438601	0	0	0	0	0	0	0	0	67.762	96.6428	0.00440009	0.00596281	0	0
k107_13104890 flag=0 multi=64.1136 len=29849	29849	75.0151	0	0	0.010221	0.0101164	0	0	0	0	0.020442	0.0404623	0.010221	0.0189245	0	0	0	0	0	0	74.9742	106.826	0	0	0	0
k107_24270139 flag=0 multi=62.3233 len=41809	41809	74.1143	0	0	0	0	0	0	0	0	0	0	0.0006264	0.000721742	0	0	0	0	0	0	74.1137	113.389	0	0	0	0
k107_19248173 flag=0 multi=59.9495 len=14124	14124	73.1558	0	0	0	0	0	0	0	0	0.0218492	0.0416409	0	0	0	0	0	0	0	0	73.1121	113.452	0.0218492	0.0254292	0	0
k107_32823221 flag=0 multi=57.0555 len=15018	15018	71.0486	0	0	0	0	0	0	0	0	0	0	0	0	0	0	0	0	0	0	71.0486	107.782	0	0	0	0
k107_31270820 flag=0 multi=55.3520 len=21800	21800	68.4371	0	0	0	0	0	0	0	0	0	0	0	0	0	0	0	0	0	0	68.4371	77.9365	0	0	0	0
k107_19062846 flag=0 multi=57.9931 len=36745	36745	71.6334	0	0	0	0	0	0	0	0	0	0	0	0	0	0	0	0	0	0	71.6334	101.937	0	0	0	0
k107_12498482 flag=0 multi=55.9631 len=12878	12878	75.0995	0	0	0	0	0	0	0	0	0	0	0.024014	0.0399828	0	0	0	0	0	0	75.0514	100.538	0.024014	0.0234422	0	0
k107_16533595 flag=0 multi=52.9867 len=9709	9709	65.2209	0	0	0	0	0	0	0	0	0	0	0	0	0	0	0	0	0	0	65.1888	104.738	0.0321038	0.0459657	0	0
k107_28696169 flag=0 multi=61.0040 len=93101	93101	71.7599	0	0	0	0	0	0	0	0	0	0	0	0	0.0455608	0.0646724	0.0178881	0.0243279	0	0	71.6834	106.315	0.0130174	0.0147535	0	0
k107_16207336 flag=0 multi=58.0267 len=77412	77412	68.8109	0.00443522	0.00443492	0	0	0	0	0	0	0.00389055	0.00595578	0.00391648	0.00727215	0	0	0	0	0	0	68.7908	103.825	0.00783297	0.0101838	0	0
k107_17558378 flag=0 multi=55.2147 len=6338	6338	66.4259	0	0	0	0	0	0	0	0	0	0	0	0	0	0	0	0	0	0	66.3766	87.2595	0.0493704	0.0677531	0	0
k107_3752073 flag=0 multi=62.9971 len=69480	69480	70.5739	0	0	0	0	0	0	0	0	0	0	0	0	0	0	0	0	0	0	70.5696	117.823	0.00436555	0.00435006	0	0
k107_10555957 flag=0 multi=100.3565 len=6396	6396	76.7461	0	0	0	0	0	0	0	0	0	0	0	0	0	0	0	0	0	0	76.7461	109.962	0	0	0	0
k107_11140885 flag=0 multi=59.3787 len=27091	27091	69.3055	0	0	0.0112733	0.0142044	0	0	0	0	0.0225466	0.0220384	0.011124	0.0221949	0	0	0	0	0	0	69.2267	100.279	0.0338199	0.0489569	0	0
k107_835841 flag=0 multi=55.4922 len=38786	38786	70.0323	0	0	0	0	0	0	0	0	0.00784742	0.00778572	0.00784742	0.0138144	0.0783442	0.0916404	0.0391331	0.0565644	0	0	69.8913	108.79	0.00784742	0.00778568	0	0
