contigName	contigLen	totalAvgDepth	Cen01_MA.bam	Cen01_MA.bam-var	Cen03_MA.bam	Cen03_MA.bam-var	Cen04_MA.bam	Cen04_MA.bam-var	Cen05_MA.bam	Cen05_MA.bam-var	Cen06_MA.bam	Cen06_MA.bam-var	Cen07_MA.bam	Cen07_MA.bam-var	Cen10_MA.bam	Cen10_MA.bam-var	Cen12_MA.bam	Cen12_MA.bam-var	Cen14_MA.bam	Cen14_MA.bam-var	Cen15_MA.bam	Cen15_MA.bam-var	Cen16_MA.bam	Cen16_MA.bam-var	Cen17_MA.bam	Cen17_MA.bam-var
k107_1631066 flag=0 multi=47.1273 len=15240	15240	58.1862	0	0	0	0	0	0	0	0	0	0	0	0	55.6934	73.1853	1.99592	2.58908	0	0	0.476704	0.605368	0.0202169	0.0228887	0	0
k107_8848978 flag=0 multi=44.1376 len=23115	23115	56.1205	0.0264761	0.0768075	0	0	0	0	0	0	0	0	0	0	53.4316	74.6186	1.95542	2.4216	0	0	0.707009	1.00266	0	0	0	0
k107_21900182 flag=0 multi=48.0274 len=11111	11111	61.4614	0	0	0	0	0	0	0	0	0	0	0	0	59.0208	55.4343	1.88056	2.94734	0	0	0.559996	0.63702	0	0	0	0
k107_9298138 flag=0 multi=49.3807 len=262405	262405	58.2218	0	0	0	0	0	0	0	0	0	0	0	0	55.62	81.5311	1.93705	2.65712	0.000572294	0.000575514	0.661862	0.882132	0.00229299	0.002973	0	0
k107_12589157 flag=0 multi=45.9936 len=55167	55167	58.0018	0	0	0	0	0	0	0	0	0	0	0	0	55.6257	78.1436	1.7388	2.32319	0	0	0.637383	0.93297	0	0	0	0
k107_32667131 flag=0 multi=49.0007 len=42382	42382	61.4591	0	0	0	0	0	0	0	0	0	0	0	0	58.9606	78.678	1.86445	2.94663	0	0	0.634007	0.759367	0	0	0	0
k107_11918194 flag=0 multi=44.6314 len=100273	100273	56.9971	0	0	0	0	0	0	0	0	0	0	0	0	54.5759	71.811	1.77695	2.7428	0.00147043	0.00150708	0.636735	0.866971	0.00604175	0.00601058	0	0
k107_17195673 flag=0 multi=53.0574 len=47121	47121	55.4618	0	0	0	0	0	0	0	0	0	0	0	0	53.0092	71.9981	1.75345	2.38116	0	0	0.699225	0.985102	0	0	0	0
k107_31026008 flag=0 multi=49.0228 len=6685	6685	58.955	0	0	0	0	0	0	0	0	0	0	0	0	56.7318	104.157	1.89817	2.64439	0	0	0.325082	0.381914	0	0	0	0
k107_15535079 flag=0 multi=41.2385 len=5206	5206	57.7435	0	0	0	0	0	0	0	0	0	0	0	0	55.075	106.57	1.87969	2.24666	0	0	0.788744	1.20958	0	0	0	0
k107_18078678 flag=0 multi=49.2614 len=29149	29149	60.1828	0	0	0	0	0	0	0	0	0	0	0	0	57.6144	72.3769	1.91531	3.01615	0.00513052	0.00520842	0.64797	1.1091	0	0	0	0
k107_18553106 flag=0 multi=45.2275 len=98276	98276	53.8488	0	0	0	0	0	0	0	0	0	0	0	0	51.4354	69.3963	1.85831	2.51924	0.00308245	0.00460317	0.551983	0.827124	0	0	0	0
k107_19934139 flag=0 multi=43.0328 len=19428	19428	53.2478	0	0	0	0	0	0	0	0	0	0	0	0	50.875	67.9145	1.90803	2.53896	0	0	0.46476	0.77422	0	0	0	0
k107_11911588 flag=0 multi=50.0872 len=45793	45793	59.0963	0	0	0	0	0	0	0	0	0	0	0	0	56.6156	77.0908	1.86826	2.70156	0	0	0.612495	0.736876	0	0	0	0
k107_193036 flag=0 multi=54.0462 len=6798	6798	57.4643	0	0	0	0	0	0	0	0	0	0	0	0	55.1877	45.3368	1.88224	3.16029	0	0	0.394397	0.614486	0	0	0	0
k107_8904647 flag=0 multi=58.0041 len=36453	36453	57.0245	0	0	0	0	0	0	0	0	0	0	0	0	54.1358	67.6205	2.20259	2.91427	0	0	0.686122	0.847186	0	0	0	0
k107_29053520 flag=0 multi=49.5714 len=297948	297948	57.444	0.0020259	0.00216283	0.00202926	0.00290177	0	0	0.00101463	0.00149054	0	0	0	0	54.8902	73.18	1.87273	2.68517	0	0	0.674953	0.913526	0.00101463	0.00101323	0	0
k107_15542748 flag=0 multi=43.0021 len=23716	23716	56.6327	0	0	0	0	0	0	0	0	0	0	0	0	53.8654	69.0387	2.15926	3.09467	0	0	0.608055	0.866044	0	0	0	0
k107_30643658 flag=0 multi=50.1503 len=12838	12838	61.3868	0.0240108	0.0267029	0.0240906	0.0265434	0	0	0	0	0	0	0	0	58.6783	59.3515	1.86	2.37435	0	0	0.800415	0.999553	0	0	0	0
k107_35160750 flag=0 multi=45.0394 len=35355	35355	56.0257	0.00659002	0.00657688	0	0	0	0	0	0	0	0	0	0	53.7781	79.762	1.61729	2.31895	0	0	0.623713	0.847015	0	0	0	0
k107_19291147 flag=0 multi=92.6085 len=15582	15582	56.1844	0	0	0	0	0	0	0	0	0	0	0	0	53.7623	62.7857	1.73357	1.8861	0	0	0.688547	1.08277	0	0	0	0
k107_35578746 flag=0 multi=52.0856 len=149341	149341	58.4071	0.00202632	0.00212558	0	0	0	0	0	0	0	0	0	0	55.8177	78.3368	1.9483	2.56105	0.00202632	0.00239638	0.633022	0.827082	0.00405263	0.00546374	0	0
k107_19490806 flag=0 multi=45.9976 len=84788	84788	59.5938	0.00713728	0.00869317	0	0	0	0	0	0	0	0	0	0	57.0132	75.8819	1.88676	2.86578	0	0	0.683107	0.905446	0.00357456	0.00471041	0	0
k107_17797731 flag=0 multi=44.0141 len=48879	48879	57.8757	0	0	0	0	0	0	0	0	0	0	0	0	55.3379	65.6483	1.87185	2.89101	0	0	0.665953	0.790939	0	0	0	0
k107_23300318 flag=0 multi=48.0395 len=69144	69144	58.8595	0	0	0	0	0	0	0	0	0	0	0	0	56.3846	74.926	1.80428	2.24157	0	0	0.670623	0.968661	0	0	0	0
k107_2261532 flag=0 multi=49.0754 len=29808	29808	57.669	0	0	0	0	0	0	0	0	0	0	0	0	54.898	77.9005	2.11435	3.39089	0	0	0.655833	0.892878	0.000847285	0.000981919	0	0
k107_24666583 flag=0 multi=47.1401 len=113297	113297	57.3353	0	0	0	0	0	0	0	0	0	0	0	0	54.797	67.3031	1.86532	2.68383	0.00267268	0.00432902	0.667578	0.857123	0.00267268	0.00402522	0	0
k107_28744175 flag=0 multi=51.0152 len=64483	64483	55.7362	0	0	0	0	0	0	0	0	0	0	0	0	53.3092	72.4035	1.83427	2.68412	0	0	0.592683	0.804875	0	0	0	0
k107_35184912 flag=0 multi=43.9952 len=45418	45418	55.1533	0.00667169	0.0112454	0	0	0	0	0	0	0	0	0	0	52.8339	72.8173	1.70857	2.34161	0.00669386	0.00920942	0.597482	0.862643	0	0	0	0
k107_26783690 flag=0 multi=44.6808 len=68301	68301	55.611	0	0	0	0	0	0	0	0	0	0	0	0	52.9643	71.981	1.98976	2.90931	0	0	0.656921	0.81103	0	0	0	0
k107_33215482 flag=0 multi=48.9827 len=16990	16990	61.0278	0	0	0	0	0	0	0	0	0	0	0	0	58.3515	68.137	1.97291	3.04226	0	0	0.70338	0.764337	0	0	0	0
k107_17202535 flag=0 multi=41.0341 len=20078	20078	54.8334	0	0	0	0	0	0	0	0	0	0	0	0	52.4964	75.4304	1.75081	2.15581	0	0	0.571197	0.731901	0.0150688	0.0153442	0	0
k107_210650 flag=0 multi=47.9942 len=56233	56233	58.3021	0	0	0	0	0	0	0.00262824	0.00268527	0	0	0	0	55.854	73.3117	1.80161	2.77849	0	0	0.643775	0.821962	0	0	0	0
k107_18650383 flag=0 multi=127.8691 len=12197	12197	57.5374	0.0123581	0.0125395	0	0	0	0	0.0123581	0.0125391	0	0	0.0124422	0.0125395	55.3366	87.1844	1.52594	1.75736	0.0123581	0.0125395	0.587558	0.701626	0.037747	0.0541303	0	0
k107_11925667 flag=0 multi=45.0204 len=42718	42718	56.7073	0	0	0	0	0	0	0	0	0	0	0	0	54.4781	77.8842	1.67519	2.35189	0	0	0.554013	0.713361	0	0	0	0
k107_26412994 flag=0 multi=51.0026 len=130034	130034	53.1469	0	0	0	0	0	0	0	0	0	0	0	0	50.7642	71.6169	1.78298	2.50586	0.00232788	0.0046317	0.597385	0.758864	0	0	0	0
k107_27130890 flag=0 multi=44.4631 len=130239	130239	53.8107	0	0	0	0	0	0	0	0	0	0	0	0	51.3243	75.7458	1.84055	2.67319	0	0	0.645882	0.869487	0	0	0	0
k107_24669815 flag=0 multi=46.9968 len=9688	9688	58.5851	0	0	0	0	0	0	0	0	0	0	0	0	55.4218	80.1951	2.50011	3.70062	0	0	0.663222	0.573083	0	0	0	0
k107_11923895 flag=0 multi=42.2837 len=12339	12339	54.379	0	0	0	0	0	0	0	0	0	0	0	0	52.2907	67.5126	1.49979	2.26435	0	0	0.588519	0.840212	0	0	0	0
k107_23899993 flag=0 multi=46.0524 len=14352	14352	59.2671	0	0	0	0	0	0	0	0	0	0	0	0	57.1063	81.0731	1.77445	1.93224	0	0	0.36484	0.582169	0.0214947	0.0255895	0	0
k107_28011392 flag=0 multi=52.0040 len=184252	184252	54.9408	0	0	0	0	0	0	0	0	0	0	0	0	52.5643	78.4979	1.78438	2.58912	0	0	0.592112	0.854639	0	0	0	0
k107_7117588 flag=0 multi=49.2033 len=10946	10946	60.1187	0	0	0	0	0	0	0	0	0	0	0	0	57.168	85.3283	2.34151	2.7631	0	0	0.609169	1.2566	0	0	0	0
k107_32654117 flag=0 multi=44.9721 len=22795	22795	58.5781	0	0	0	0	0.0134264	0.016448	0	0	0	0	0	0	55.975	73.5178	1.82399	2.21187	0	0	0.765705	1.02311	0	0	0	0
k107_32562464 flag=0 multi=43.6922 len=55003	55003	55.558	0	0	0	0	0	0	0	0	0	0	0	0	53.079	72.6628	1.85695	2.46704	0.00537467	0.0107147	0.61136	0.873858	0.00268734	0.0027518	0.00268734	0.0027518
k107_11722090 flag=0 multi=43.0434 len=32402	32402	56.4482	0	0	0	0	0	0	0	0	0	0	0	0	53.8875	80.5039	1.94498	2.70592	0	0	0.615701	0.956665	0	0	0	0
k107_17292800 flag=0 multi=47.0384 len=21677	21677	55.6527	0	0	0	0	0	0	0	0	0	0	0	0	52.8397	67.0709	2.12313	3.39248	0	0	0.689825	1.03274	0	0	0	0
