contigName	contigLen	totalAvgDepth	Cen01_MA.bam	Cen01_MA.bam-var	Cen03_MA.bam	Cen03_MA.bam-var	Cen04_MA.bam	Cen04_MA.bam-var	Cen05_MA.bam	Cen05_MA.bam-var	Cen06_MA.bam	Cen06_MA.bam-var	Cen07_MA.bam	Cen07_MA.bam-var	Cen10_MA.bam	Cen10_MA.bam-var	Cen12_MA.bam	Cen12_MA.bam-var	Cen14_MA.bam	Cen14_MA.bam-var	Cen15_MA.bam	Cen15_MA.bam-var	Cen16_MA.bam	Cen16_MA.bam-var	Cen17_MA.bam	Cen17_MA.bam-var
k107_22679684 flag=0 multi=59.0109 len=4682	4682	75.7735	0	0	0	0	0	0	0	0	0	0	0	0	0	0	0	0	0	0	0	0	75.7735	71.5431	0	0
k107_15480531 flag=0 multi=58.1234 len=16326	16326	74.6875	0	0	0	0	0	0	0	0	0	0	0	0	0	0	0	0	0	0	0.0188467	0.0249866	74.6687	118.88	0	0
k107_4512971 flag=0 multi=57.9350 len=3091	3091	78.635	0	0	0	0	0	0	0	0	0	0	0	0	0	0	0	0	0	0	0	0	78.635	109.308	0	0
k107_4257909 flag=0 multi=56.0000 len=4367	4367	74.8079	0	0	0	0	0	0	0	0	0	0	0	0	0	0	0	0	0	0	0	0	74.6595	85.7939	0.148339	0.174277
k107_33968652 flag=0 multi=78.0239 len=4167	4167	82.6921	0	0	0	0	0	0	0	0	0	0	0	0	0	0	0	0	0	0	0	0	82.6921	126.739	0	0
k107_6135685 flag=0 multi=56.2882 len=3670	3670	76.7248	0	0	0	0	0	0	0	0	0	0	0	0	0	0	0	0	0	0	0	0	76.7248	168.151	0	0
k107_19984813 flag=0 multi=69.8318 len=3055	3055	82.9136	0	0	0	0	0	0	0	0	0	0	0	0	0	0	0	0	0	0	0	0	82.8594	53.5504	0.0541228	0.0518586
k107_18112361 flag=0 multi=97.8629 len=4286	4286	76.9069	0	0	0	0	0	0	0	0	0	0	0	0	0	0	0	0	0	0	0	0	76.9069	68.8968	0	0
k107_17409364 flag=0 multi=123.9016 len=3571	3571	83.7617	0	0	0	0	0	0	0	0	0	0	0	0	0	0	0	0	0	0	0	0	83.7617	83.4941	0	0
k107_19473030 flag=0 multi=74.7928 len=3543	3543	84.9562	0	0	0	0	0	0	0	0	0	0	0	0	0	0	0	0	0	0	0	0	84.9562	125.229	0	0
k107_5933020 flag=0 multi=45.1693 len=2989	2989	72.0569	0	0	0	0	0	0	0	0	0	0	0	0	0	0	0	0	0	0	0	0	72.0019	101.528	0.05508	0.0530583
k107_4715452 flag=0 multi=68.2659 len=5278	5278	75.3873	0	0	0	0	0	0	0	0	0	0	0	0	0	0	0	0	0	0	0	0	75.2968	77.3947	0.0904341	0.0867867
k107_1129388 flag=0 multi=81.5642 len=5252	5252	83.9822	0	0	0	0	0	0	0	0	0	0	0	0	0	0	0	0	0	0	0	0	83.9745	75.4162	0.00767677	0.00781726
k107_6198502 flag=0 multi=60.1402 len=10365	10365	80.6056	0	0	0	0	0	0	0	0	0	0	0	0	0	0	0	0	0	0	0	0	80.5606	128.161	0.0450164	0.0682356
k107_1580032 flag=0 multi=73.0799 len=5905	5905	79.7189	0	0	0	0	0	0	0	0	0	0	0	0	0	0	0	0	0	0	0	0	79.7189	146.275	0	0
k107_7326416 flag=0 multi=187.1382 len=6621	6621	80.6542	0	0	0	0	0	0	0	0	0	0	0	0	0	0	0	0	0	0	0	0	80.6542	128.534	0	0
k107_23558346 flag=0 multi=58.9142 len=4955	4955	79.5074	0	0	0	0	0	0	0	0	0	0	0	0	0	0	0	0	0	0	0	0	79.4436	163.991	0.0638298	0.0607043
k107_1132675 flag=0 multi=89.0000 len=13301	13301	77.1441	0	0	0	0	0	0	0	0	0	0	0	0	0	0	0	0	0	0	0	0	77.0863	99.9739	0.0577737	0.0547168
k107_32563150 flag=0 multi=98.3773 len=10796	10796	81.563	0	0	0	0	0	0	0	0	0	0	0	0	0	0	0	0	0	0	0	0	81.5342	120.381	0.0287783	0.0279492
k107_4476171 flag=0 multi=57.1019 len=5955	5955	83.6526	0	0	0	0	0	0	0	0	0	0	0	0	0	0	0	0	0	0	0	0	83.6526	167.198	0	0
k107_6193894 flag=0 multi=88.3569 len=25950	25950	77.4373	0	0	0	0	0	0	0	0	0	0	0	0	0	0	0	0	0	0	0.0117748	0.0185809	77.3964	127.373	0.0291251	0.0285636
k107_19426764 flag=0 multi=77.9389 len=14045	14045	76.9422	0	0	0	0	0	0	0	0	0	0	0	0	0	0	0	0	0	0	0	0	76.8876	119.215	0.0545005	0.0546868
k107_1478958 flag=0 multi=127.5578 len=4483	4483	73.2688	0	0	0	0	0	0	0	0	0	0	0	0	0	0	0	0	0	0	0	0	73.1966	599.527	0.0722315	0.067031
k107_3033506 flag=0 multi=100.1979 len=21381	21381	80.8632	0	0	0	0	0	0	0	0	0	0	0	0	0	0	0	0	0	0	0	0	80.842	107.748	0.0211585	0.0249261
k107_4455103 flag=0 multi=65.2111 len=6193	6193	74.5513	0	0	0	0	0	0	0	0	0	0	0	0	0	0	0	0	0	0	0	0	74.5001	131.316	0.0512646	0.0707141
k107_24362196 flag=0 multi=57.6643 len=3142	3142	78.3732	0	0	0	0	0	0	0	0	0	0	0	0	0	0	0	0	0	0	0	0	78.3201	97.4239	0.053169	0.0503597
k107_10746874 flag=0 multi=164.6521 len=5517	5517	80.9616	0	0	0	0	0	0	0	0	0	0	0	0	0	0	0	0	0	0	0	0	80.9616	138.922	0	0
k107_12034471 flag=0 multi=163.1786 len=3304	3304	73.3867	0	0	0	0	0	0	0	0	0	0	0	0	0	0	0	0	0	0	0	0	73.3867	79.9495	0	0
k107_1575910 flag=0 multi=64.6834 len=11777	11777	83.7088	0	0	0	0	0	0	0	0	0	0	0	0	0	0	0	0	0	0	0	0	83.6827	104.06	0.0260566	0.0256318
k107_623439 flag=0 multi=54.0441 len=31971	31971	72.8735	0	0	0	0	0	0	0	0	0	0	0	0	0	0	0	0	0	0	0	0	72.8546	129.177	0.0189144	0.0187093
k107_24873948 flag=0 multi=63.1779 len=2867	2867	72.8121	0	0	0	0	0	0	0	0	0	0	0	0	0	0	0	0	0	0	0	0	72.6951	78.1921	0.116959	0.137452
k107_12184256 flag=0 multi=87.3624 len=8300	8300	76.0666	0	0	0	0	0	0	0	0	0	0	0	0	0	0	0	0	0	0	0	0	76.0116	144.32	0.0550138	0.0522139
k107_12701006 flag=0 multi=120.9377 len=12875	12875	80.2831	0	0	0	0	0	0	0	0	0	0	0	0	0	0	0	0	0	0	0	0	80.2831	115.189	0	0
k107_12246428 flag=0 multi=60.6179 len=4009	4009	73.2865	0	0	0	0	0	0	0	0	0	0	0	0	0	0	0	0	0	0	0	0	73.2463	191.961	0.0401942	0.0390855
k107_14561912 flag=0 multi=61.9753 len=6008	6008	79.888	0	0	0	0	0	0	0	0	0	0	0	0	0	0	0	0	0	0	0	0	79.888	131.586	0	0
k107_4974655 flag=0 multi=119.5905 len=4141	4141	78.7484	0	0	0	0	0	0	0	0	0	0	0	0	0	0	0	0	0	0	0	0	78.7484	102.003	0	0
k107_6167743 flag=0 multi=108.3524 len=4418	4418	80.0053	0	0	0	0	0	0	0	0	0	0	0	0	0	0	0	0	0	0	0	0	80.0053	159.254	0	0
k107_9242432 flag=0 multi=61.0000 len=3934	3934	80.5496	0	0	0	0	0	0	0	0	0	0	0	0	0	0	0	0	0	0	0	0	80.5496	101.83	0	0
k107_8887157 flag=0 multi=79.0531 len=35993	35993	79.7095	0	0	0	0	0	0	0	0	0	0	0	0	0	0	0	0	0	0	0	0	79.6969	116.884	0.0126362	0.0125246
k107_1944418 flag=0 multi=62.0000 len=5204	5204	79.808	0	0	0	0	0	0	0	0	0	0	0	0	0	0	0	0	0	0	0	0	79.808	148.048	0	0
k107_11783094 flag=0 multi=79.4249 len=23339	23339	80.5357	0	0	0	0	0	0	0	0	0	0	0	0	0	0	0	0	0	0	0	0	80.5357	117.065	0	0
k107_1678411 flag=0 multi=85.5418 len=23578	23578	78.1203	0	0	0	0	0	0	0	0	0	0	0	0	0	0	0	0	0	0	0	0	78.1008	147.536	0.0194621	0.0298184
k107_2797863 flag=0 multi=76.0000 len=5582	5582	78.076	0	0	0	0	0	0	0	0	0	0	0	0	0	0	0	0	0	0	0	0	78.0661	114.237	0.00984848	0.00975335
k107_2136041 flag=0 multi=65.2950 len=4524	4524	76.3342	0	0	0	0	0	0	0	0	0	0	0	0	0	0	0	0	0	0	0	0	76.3342	65.2086	0	0
k107_4928209 flag=0 multi=76.0928 len=2886	2886	77.3475	0	0	0	0	0	0	0	0	0	0	0	0	0	0	0	0	0	0	0	0	77.2322	106.917	0.115325	0.118742
k107_6344743 flag=0 multi=43.9143 len=3256	3256	77.5504	0	0	0	0	0	0	0	0	0	0	0	0	0	0	0	0	0	0	0	0	77.5504	67.6517	0	0
k107_15263537 flag=0 multi=74.1310 len=6711	6711	80.6474	0	0	0	0	0	0	0	0	0	0	0	0	0	0	0	0	0	0	0	0	80.6244	156.92	0.0229365	0.0230047
k107_2274645 flag=0 multi=65.0174 len=26606	26606	80.1878	0	0	0	0	0	0	0	0	0	0	0	0	0	0	0	0	0	0	0	0	80.1479	124.671	0.0399939	0.0385517
k107_7498623 flag=0 multi=96.2011 len=14011	14011	78.8205	0	0	0	0	0	0	0	0	0	0	0	0	0	0	0	0	0	0	0	0	78.7553	100.186	0.0652126	0.0672756
k107_18795858 flag=0 multi=73.5517 len=22337	22337	77.6572	0	0	0	0	0	0	0.0137055	0.0170541	0	0	0	0	0	0	0	0	0	0	0	0	77.6027	107.83	0.0408441	0.0442545
k107_23268455 flag=0 multi=58.2502 len=4184	4184	78.4438	0	0	0	0	0	0	0	0	0	0	0	0	0	0	0	0	0	0	0	0	78.3666	203.409	0.0772798	0.0892769
k107_1893517 flag=0 multi=121.2162 len=3646	3646	83.3947	0	0	0	0	0	0	0	0	0	0	0	0	0	0	0	0	0	0	0	0	83.3499	151.354	0.0448565	0.0431323
k107_18080203 flag=0 multi=85.9075 len=16176	16176	80.0942	0	0	0	0	0	0	0	0	0	0	0	0	0	0	0	0	0	0	0	0	80.0754	113.122	0.0188358	0.0186661
k107_21393848 flag=0 multi=53.3371 len=2735	2735	79.1533	0	0	0	0	0	0	0	0	0	0	0	0	0	0	0	0	0	0	0	0	79.1533	153.231	0	0
k107_4767675 flag=0 multi=123.9310 len=8471	8471	82.2263	0	0	0	0	0	0	0	0	0	0	0	0	0	0	0	0	0	0	0	0	82.1525	102.817	0.0738156	0.110601
k107_29001115 flag=0 multi=63.1906 len=3737	3737	82.5298	0	0	0	0	0	0	0	0	0	0	0	0	0	0	0	0	0	0	0	0	82.5298	151.092	0	0
k107_14499651 flag=0 multi=59.0000 len=7287	7287	82.2604	0	0	0	0	0	0	0	0	0	0	0	0	0	0	0	0	0	0	0	0	82.2604	91.3346	0	0
k107_12043018 flag=0 multi=64.0000 len=19252	19252	77.5639	0	0	0	0	0	0	0	0	0	0	0	0	0	0	0	0	0	0	0	0	77.5559	101.741	0.00796834	0.0079038
k107_17658702 flag=0 multi=113.4975 len=7401	7401	79.6667	0	0	0	0	0	0	0	0	0	0	0	0	0	0	0	0	0	0	0	0	79.6667	122.508	0	0
k107_4542714 flag=0 multi=69.3935 len=3596	3596	83.6072	0	0	0	0	0	0	0	0	0	0	0	0	0	0	0	0	0	0	0	0	83.6072	160.863	0	0
k107_23157460 flag=0 multi=63.8369 len=24640	24640	78.2423	0	0	0	0	0	0	0	0	0	0	0	0	0	0	0	0	0	0	0	0	78.2238	124.804	0.0184485	0.018266
k107_1413901 flag=0 multi=73.1698 len=5530	5530	83.6553	0	0	0	0	0	0	0	0	0	0	0	0	0	0	0	0	0	0	0	0	83.6553	103.852	0	0
k107_79030 flag=0 multi=64.7199 len=18635	18635	81.9508	0	0	0	0	0	0	0	0	0	0	0	0	0	0	0	0	0	0	0	0	81.9344	145.678	0.0163639	0.0162036
k107_3435841 flag=0 multi=94.0000 len=14964	14964	77.6736	0	0	0	0	0	0	0	0	0	0	0	0	0	0	0	0	0	0	0	0	77.6736	155.408	0	0
k107_8086816 flag=0 multi=68.3205 len=11972	11972	80.8482	0	0	0	0	0	0	0	0	0	0	0	0	0	0	0	0	0	0	0	0	80.8226	138.965	0.0256213	0.0252123
k107_19250092 flag=0 multi=59.0995 len=6500	6500	83.5148	0	0	0	0	0	0	0	0	0	0	0	0	0	0	0	0	0	0	0	0	83.5148	161.229	0	0
k107_5196020 flag=0 multi=59.1504 len=6243	6243	77.1668	0	0	0	0	0	0	0	0	0	0	0	0	0	0	0	0	0	0	0	0	77.1668	83.0001	0	0
k107_5288550 flag=0 multi=60.8317 len=16529	16529	79.9265	0	0	0	0	0	0	0	0	0	0	0	0	0	0	0	0	0	0	0	0	79.9172	137.463	0.00930548	0.00922105
k107_8201401 flag=0 multi=58.0090 len=3345	3345	80.3911	0	0	0	0	0	0	0	0	0	0	0	0	0	0	0	0	0	0	0	0	80.3911	236.191	0	0
k107_15961530 flag=0 multi=87.3487 len=34071	34071	80.4162	0	0	0	0	0	0	0	0	0	0	0	0	0	0	0	0	0	0	0	0	80.403	143.415	0.0132666	0.0132382
k107_15157829 flag=0 multi=60.9492 len=7508	7508	74.9099	0	0	0	0	0	0	0	0	0	0	0	0	0	0	0	0	0	0	0	0	74.8479	153.521	0.0620316	0.083632
k107_13764853 flag=0 multi=58.2568 len=2638	2638	80.6999	0	0	0	0	0	0	0	0	0	0	0	0	0	0	0	0	0	0	0	0	80.6999	189.431	0	0
k107_19016977 flag=0 multi=50.5047 len=3626	3626	76.5611	0	0	0	0	0	0	0	0	0	0	0	0	0	0	0	0	0	0	0	0	76.5611	91.7562	0	0
k107_8676415 flag=0 multi=60.7791 len=9479	9479	77.9106	0	0	0	0	0	0	0	0	0	0	0	0	0	0	0	0	0	0	0	0	77.878	114.342	0.0326904	0.0318192
k107_14869392 flag=0 multi=133.0000 len=13520	13520	78.0553	0	0	0	0	0	0	0	0	0	0	0	0	0	0	0	0	0	0	0	0	78.0326	111.315	0.0226963	0.0223258
k107_914321 flag=0 multi=56.0399 len=8234	8234	81.0003	0	0	0	0	0	0	0	0	0	0	0	0	0	0	0	0	0	0	0	0	80.9433	111.007	0.0569844	0.0538571
k107_7447033 flag=0 multi=83.0000 len=17957	17957	77.9242	0	0	0.017049	0.0197649	0	0	0	0	0	0	0	0	0	0	0	0	0	0	0	0	77.8986	147.678	0.00849618	0.00848306
k107_935487 flag=0 multi=71.5028 len=43030	43030	79.9421	0	0	0	0	0	0	0	0	0	0	0	0	0	0	0	0	0	0	0	0	79.9282	126.957	0.0139253	0.0209017
k107_1251454 flag=0 multi=141.8496 len=15080	15080	78.0989	0	0	0	0	0	0	0	0	0	0	0	0	0	0	0	0	0	0	0	0	78.0786	99.7325	0.0203004	0.0200208
k107_6706277 flag=0 multi=78.1937 len=29873	29873	80.66	0	0	0	0	0	0	0	0	0	0	0	0	0	0	0	0	0	0	0	0	80.6297	125.562	0.0303338	0.0346312
k107_12445635 flag=0 multi=94.2748 len=16980	16980	79.9412	0	0	0	0	0	0	0	0	0	0	0	0	0	0	0	0	0	0	0	0	79.9144	106.419	0.0268018	0.0358958
k107_28319680 flag=0 multi=56.3499 len=5062	5062	74.8607	0	0	0	0	0	0	0	0	0	0	0	0	0	0	0	0	0	0	0	0	74.8298	143.208	0.0308824	0.0307229
k107_2643529 flag=0 multi=63.5757 len=10908	10908	79.6264	0	0	0	0	0	0	0	0	0	0	0	0	0	0	0	0	0	0	0	0	79.5982	110.307	0.0281916	0.0491523
k107_17458908 flag=0 multi=74.9668 len=3627	3627	83.0012	0	0	0	0	0	0	0	0	0	0	0	0	0	0	0	0	0	0	0	0	82.9389	122.098	0.0622556	0.058924
k107_6041344 flag=0 multi=66.6877 len=21890	21890	75.96	0	0	0	0	0	0	0	0	0	0	0	0	0	0	0	0	0	0	0	0	75.9321	110.17	0.0279322	0.0328489
k107_28905011 flag=0 multi=71.0000 len=7894	7894	74.5009	0	0	0	0	0	0	0	0	0	0	0	0	0	0	0	0	0	0	0	0	74.5009	127.654	0	0
k107_30542527 flag=0 multi=106.9722 len=11995	11995	79.5875	0	0	0	0	0	0	0	0	0	0	0	0	0	0	0	0	0	0	0	0	79.5746	137.642	0.0129137	0.0127484
k107_5382013 flag=0 multi=76.2941 len=34929	34929	79.1251	0	0	0	0	0	0	0	0	0	0	0	0	0	0	0	0	0	0	0.00866376	0.0136006	79.1035	130.697	0.0129668	0.0129176
k107_9109962 flag=0 multi=59.5520 len=10322	10322	83.2921	0	0	0	0	0	0	0	0	0	0	0	0	0	0	0	0	0	0	0	0	83.2921	136.701	0	0
k107_7105363 flag=0 multi=59.6771 len=5461	5461	82.8135	0	0	0	0	0	0	0	0	0	0	0	0	0	0	0	0	0	0	0	0	82.8135	112.132	0	0
k107_19430601 flag=0 multi=63.0000 len=6998	6998	77.7455	0	0	0	0	0	0	0	0	0	0	0	0	0	0	0	0	0	0	0.0224014	0.0220408	77.7231	124.919	0	0
k107_4013744 flag=0 multi=83.4466 len=29387	29387	81.3371	0	0	0	0	0	0	0	0	0	0	0	0	0	0	0	0	0	0	0	0	81.3163	136.668	0.0207667	0.0241846
k107_9303196 flag=0 multi=147.1757 len=7963	7963	82.874	0	0	0	0	0	0	0	0	0	0	0	0	0	0	0	0	0	0	0	0	82.8545	146.827	0.0195797	0.0193219
k107_15982092 flag=0 multi=69.7540 len=18500	18500	82.3301	0	0	0	0	0	0	0	0	0	0	0	0	0	0	0	0	0	0	0	0	82.3057	107.723	0.0243433	0.0242704
k107_17873715 flag=0 multi=66.5189 len=8951	8951	81.9483	0	0	0	0	0	0	0	0	0	0	0	0	0	0	0	0	0	0	0	0	81.9309	144.249	0.0174587	0.0171559
k107_1485670 flag=0 multi=67.9986 len=9832	9832	82.5189	0	0	0	0	0	0	0	0	0	0	0	0	0	0	0	0	0	0	0	0	82.5113	131.798	0.00755509	0.00770547
k107_24954724 flag=0 multi=113.9317 len=11548	11548	81.5322	0	0	0.026854	0.035385	0	0	0	0	0	0	0	0	0	0	0	0	0	0	0	0	81.4878	166.851	0.0175173	0.0173852
k107_14889319 flag=0 multi=58.0000 len=3712	3712	75.7226	0	0	0	0	0	0	0	0	0	0	0	0	0	0	0	0	0	0	0	0	75.7226	60.4882	0	0
k107_14757108 flag=0 multi=60.9779 len=6211	6211	80.3254	0	0	0.0511085	0.0569774	0	0	0	0	0	0	0	0	0	0	0	0	0	0	0	0	80.2743	139.489	0	0
k107_15369765 flag=0 multi=59.5435 len=7855	7855	78.6137	0	0	0	0	0	0	0	0	0	0	0	0	0	0	0	0	0	0	0	0	78.5938	106.685	0.0198597	0.0195934
k107_20021782 flag=0 multi=65.8341 len=23341	23341	80.8712	0.0131082	0.0145945	0	0	0	0	0	0	0	0	0	0	0	0	0	0	0	0	0	0	80.8254	114.31	0.0326837	0.0529881
k107_375076 flag=0 multi=64.9698 len=2792	2792	77.0189	0	0	0	0	0	0	0	0	0	0	0	0	0	0	0	0	0	0	0	0	77.0189	84.7003	0	0
k107_4432544 flag=0 multi=68.6214 len=25096	25096	79.1394	0	0	0	0	0	0	0	0	0	0	0	0	0	0	0	0	0	0	0	0	79.1154	109.915	0.0240381	0.023776
k107_1982843 flag=0 multi=109.8548 len=3082	3082	74.2687	0	0	0	0	0	0	0	0	0	0	0	0	0	0	0	0	0	0	0	0	74.2687	306.341	0	0
k107_31348184 flag=0 multi=59.1136 len=5389	5389	74.5681	0	0	0	0	0	0	0	0	0	0	0	0	0	0	0	0	0	0	0	0	74.4205	190.87	0.147631	0.211723
k107_33360514 flag=0 multi=157.9640 len=5523	5523	80.3457	0	0	0	0	0	0	0	0	0	0	0	0	0	0	0	0	0	0	0	0	80.3172	166.91	0.0285386	0.0280915
k107_11051958 flag=0 multi=147.0542 len=3560	3560	78.7462	0	0	0	0	0	0	0	0	0	0	0	0	0	0	0	0	0	0	0	0	78.6998	53.0503	0.0463475	0.0442136
k107_1718276 flag=0 multi=61.2367 len=4138	4138	74.6462	0	0	0	0	0	0	0	0	0	0	0	0	0	0	0	0	0	0	0	0	74.6077	117.587	0.0385819	0.0378291
k107_7805626 flag=0 multi=61.5084 len=10077	10077	78.4322	0	0	0	0	0	0	0	0	0	0	0	0	0	0	0	0	0	0	0	0	78.4171	117.018	0.0151407	0.0152107
k107_16894201 flag=0 multi=126.6963 len=10645	10645	85.6424	0	0	0	0	0	0	0	0	0	0	0	0	0	0	0	0	0	0	0	0	85.6424	129.462	0	0
k107_22453432 flag=0 multi=68.0027 len=27087	27087	80.076	0	0	0	0	0	0	0	0	0	0	0	0	0	0	0	0	0	0	0.0112376	0.0146542	80.0425	136.353	0.0222886	0.0236103
k107_34858855 flag=0 multi=54.7325 len=6548	6548	75.3329	0	0	0	0	0	0	0	0	0	0	0	0	0	0	0	0	0	0	0	0	75.3087	107.137	0.0241755	0.023592
k107_16055562 flag=0 multi=73.7922 len=5835	5835	83.1412	0	0	0	0	0	0	0	0	0	0	0	0	0.0542201	0.0516165	0	0	0	0	0	0	83.06	89.8436	0.0269293	0.0265532
k107_18754458 flag=0 multi=58.9600 len=6553	6553	78.754	0	0	0	0	0	0	0	0	0	0	0	0	0	0	0	0	0	0	0	0	78.754	141.783	0	0
k107_16327938 flag=0 multi=71.9457 len=37021	37021	81.1334	0	0	0	0	0	0	0	0	0	0	0	0	0	0	0	0	0	0	0	0	81.101	139.323	0.0324355	0.0318147
k107_18716906 flag=0 multi=68.9941 len=17444	17444	80.9329	0	0	0	0	0	0	0	0	0	0	0	0	0	0	0	0	0	0	0	0	80.9068	110.119	0.0261346	0.0257309
k107_11411157 flag=0 multi=73.7981 len=45269	45269	79.6861	0	0	0	0	0	0	0	0	0	0	0	0	0	0	0	0	0	0	0.0066938	0.00666946	79.6639	148.198	0.0155003	0.0167708
k107_18830716 flag=0 multi=75.0000 len=14870	14870	81.0154	0	0	0	0	0	0	0	0	0	0	0	0	0	0	0	0	0	0	0	0	80.9739	149.637	0.0414607	0.0614298
k107_21891525 flag=0 multi=62.0127 len=9366	9366	79.8182	0	0	0	0	0	0	0	0	0	0	0	0	0	0	0	0	0	0	0	0	79.8016	116.937	0.016549	0.0163813
k107_11806133 flag=0 multi=54.1781 len=4812	4812	81.5047	0	0	0	0	0	0	0	0	0	0	0	0	0	0	0	0	0	0	0	0	81.5047	91.2402	0	0
k107_1512752 flag=0 multi=51.0000 len=7268	7268	76.9423	0	0	0	0	0	0	0	0	0	0	0	0	0	0	0	0	0	0	0	0	76.9423	178.52	0	0
k107_22476568 flag=0 multi=57.0015 len=4743	4743	79.9653	0	0	0	0	0	0	0	0	0	0	0	0	0	0	0	0	0	0	0	0	79.9313	126.472	0.0340014	0.0328544
k107_17507470 flag=0 multi=73.2683 len=3596	3596	84.0158	0	0	0	0	0	0	0	0	0	0	0	0	0	0	0	0	0	0	0	0	84.0158	106.255	0	0
k107_30273312 flag=0 multi=53.4499 len=7157	7157	75.0369	0	0	0	0	0	0	0	0	0	0	0	0	0	0	0	0	0	0	0	0	75.0369	183.4	0	0
k107_14431000 flag=0 multi=55.9679 len=7019	7019	79.9869	0	0	0	0	0	0	0	0	0	0	0	0	0	0	0	0	0	0	0	0	79.9646	120.206	0.0223314	0.0219766
k107_13251832 flag=0 multi=252.9606 len=3334	3334	74.2338	0	0	0	0	0	0	0	0	0	0	0	0	0	0	0	0	0	0	0	0	74.184	125.437	0.0498021	0.0473407
k107_33871836 flag=0 multi=72.0000 len=35388	35388	80.8987	0	0	0	0	0	0	0	0	0	0	0	0	0	0	0	0	0	0	0	0	80.8645	140.22	0.0341447	0.0369545
k107_27273007 flag=0 multi=58.0000 len=3831	3831	85.2893	0	0	0	0	0	0	0	0	0	0	0	0	0	0	0	0	0	0	0	0	85.2893	115.687	0	0
k107_10547630 flag=0 multi=160.8981 len=9859	9859	83.821	0	0	0	0	0	0	0	0	0	0	0	0	0	0	0	0	0	0	0	0	83.821	145.737	0	0
k107_7823940 flag=0 multi=82.4135 len=3742	3742	76.7616	0	0	0	0	0	0	0	0	0	0	0	0	0	0	0	0	0	0	0	0	76.7616	180.68	0	0
k107_6162184 flag=0 multi=65.9797 len=22193	22193	78.0797	0	0	0.0137956	0.0175324	0	0	0	0	0	0	0	0	0	0	0	0	0	0	0	0	78.025	124.234	0.0409301	0.0507281
k107_11384340 flag=0 multi=95.9607 len=3999	3999	75.4431	0	0	0	0	0	0	0	0	0	0	0	0	0	0	0	0	0	0	0	0	75.4025	148.491	0.0405734	0.0391853
k107_3536557 flag=0 multi=57.0000 len=5918	5918	80.6003	0	0	0	0	0	0	0	0	0	0	0	0	0	0	0	0	0	0	0	0	80.4674	102.489	0.132835	0.178359
k107_35349419 flag=0 multi=84.1421 len=6763	6763	73.3094	0	0	0	0	0	0	0	0	0	0	0	0	0	0	0	0	0	0	0	0	73.286	138.784	0.023371	0.0228293
k107_14571061 flag=0 multi=73.4874 len=16577	16577	81.8423	0	0	0	0	0	0	0	0	0	0	0	0	0	0	0	0	0	0	0	0	81.7994	121.794	0.0428264	0.0594531
k107_24100204 flag=0 multi=52.6570 len=4492	4492	76.1711	0	0	0	0	0	0	0	0	0	0	0	0	0	0	0	0	0	0	0	0	76.1351	152.359	0.0360382	0.0347473
k107_19885545 flag=0 multi=60.7787 len=2873	2873	76.035	0	0	0	0	0	0	0	0	0	0	0	0	0	0	0	0	0	0	0	0	76.035	110.932	0	0
k107_8376203 flag=0 multi=72.8538 len=5107	5107	79.641	0	0	0	0	0	0	0	0	0	0	0	0	0	0	0	0	0	0	0	0	79.579	122.659	0.0620187	0.0818055
k107_3023680 flag=0 multi=65.9627 len=5087	5087	79.9954	0	0	0	0	0	0	0	0	0	0	0	0	0	0	0	0	0	0	0	0	79.9954	87.7487	0	0
k107_33950381 flag=0 multi=56.9072 len=2585	2585	70.4809	0	0	0	0	0	0	0	0	0	0	0	0	0	0	0	0	0	0	0	0	70.4809	122.673	0	0
k107_8941755 flag=0 multi=75.8832 len=14486	14486	81.846	0	0	0	0	0	0	0	0	0	0	0	0	0	0	0	0	0	0	0	0	81.8248	128.983	0.0212211	0.0339556
k107_14887097 flag=0 multi=82.8295 len=16337	16337	79.5303	0	0	0	0	0	0	0	0	0	0	0	0	0	0	0	0	0	0	0	0	79.528	105.085	0.00224509	0.00224019
k107_28486912 flag=0 multi=58.0330 len=12331	12331	81.1357	0	0	0	0	0	0	0	0	0	0	0	0	0	0	0	0	0	0	0	0	81.1357	121.835	0	0
k107_7815619 flag=0 multi=56.9643 len=4591	4591	81.9308	0	0	0	0	0	0	0	0	0	0	0	0	0	0	0	0	0	0	0	0	81.8955	98.1014	0.0352063	0.0339716
k107_12299401 flag=0 multi=60.6079 len=2545	2545	75.4124	0	0	0	0	0	0	0	0	0	0	0	0	0	0	0	0	0	0	0	0	75.3464	79.9377	0.0659831	0.0628163
k107_11277511 flag=0 multi=65.7681 len=16294	16294	81.1049	0	0	0	0	0	0	0	0	0	0	0	0	0	0	0	0	0	0	0	0	81.0768	126.033	0.0280765	0.0377735
k107_28384322 flag=0 multi=60.7380 len=2702	2702	81.1654	0	0	0	0	0	0	0	0	0	0	0	0	0	0	0	0	0	0	0	0	81.1654	89.6829	0	0
k107_21879967 flag=0 multi=82.0078 len=7445	7445	79.8891	0	0	0	0	0	0	0	0	0	0	0	0	0	0	0	0	0	0	0	0	79.8683	124.207	0.0208596	0.0206942
k107_15960549 flag=0 multi=60.6935 len=12186	12186	79.0654	0	0	0	0	0	0	0	0	0	0	0	0	0	0	0	0	0	0	0	0	79.04	131.72	0.0254123	0.0247657
k107_5283987 flag=0 multi=58.2061 len=7623	7623	72.9736	0	0	0	0	0	0	0	0	0	0	0	0	0	0	0	0	0	0	0	0	72.9531	85.4855	0.020489	0.0202047
k107_29449559 flag=0 multi=60.4808 len=7674	7674	74.1378	0	0	0	0	0	0	0	0	0	0	0	0	0	0	0	0	0	0	0	0	74.1378	144.386	0	0
k107_7344782 flag=0 multi=85.9728 len=7836	7836	79.4908	0	0	0	0	0	0	0	0	0	0	0	0	0	0	0	0	0	0	0	0	79.4908	116.648	0	0
k107_9145449 flag=0 multi=66.9061 len=13403	13403	79.6075	0	0	0	0	0	0	0	0	0	0	0	0	0	0	0	0	0	0	0	0	79.5734	154.112	0.0341195	0.0420838
k107_8136201 flag=0 multi=62.0337 len=13118	13118	80.6154	0	0	0	0	0	0	0	0	0	0	0	0	0	0	0	0	0	0	0	0	80.6113	124.4	0.00405743	0.00419615
k107_17307979 flag=0 multi=63.6238 len=4233	4233	78.752	0	0	0	0	0	0	0	0	0	0	0	0	0	0	0	0	0	0	0	0	78.6762	111.962	0.0758077	0.0709342
k107_13209587 flag=0 multi=55.5970 len=3931	3931	76.8013	0	0	0	0	0	0	0	0	0	0	0	0	0	0	0	0	0	0	0	0	76.8013	129.231	0	0
k107_10059448 flag=0 multi=60.2498 len=3642	3642	70.697	0	0	0	0	0	0	0	0	0	0	0	0	0	0	0	0	0	0	0	0	70.6853	128.768	0.0116766	0.0121284
k107_17309058 flag=0 multi=54.9041 len=2526	2526	78.2684	0	0	0	0	0	0	0	0	0	0	0	0	0	0	0	0	0	0	0	0	78.2684	97.2819	0	0
k107_34888266 flag=0 multi=58.7287 len=8670	8670	79.9971	0	0	0	0	0	0	0	0	0	0	0	0	0	0	0	0	0	0	0	0	79.9618	158.063	0.0353728	0.0503307
k107_9992977 flag=0 multi=61.6451 len=3192	3192	81.6931	0	0	0	0	0	0	0	0	0	0	0	0	0	0	0	0	0	0	0	0	81.6412	81.5618	0.0519031	0.0495367
k107_303515 flag=0 multi=62.0355 len=4049	4049	79.7337	0	0	0	0	0	0	0	0	0	0	0	0	0	0	0	0	0	0	0	0	79.7337	110.664	0	0
k107_25268692 flag=0 multi=64.0000 len=9276	9276	83.7472	0	0	0	0	0	0	0	0	0	0	0	0	0	0	0	0	0	0	0	0	83.7303	111.586	0.0168264	0.0165498
k107_15005544 flag=0 multi=81.8164 len=22881	22881	81.4039	0	0	0	0	0	0	0	0	0	0	0	0	0	0	0	0	0	0	0	0	81.3441	116.091	0.0597901	0.0606512
k107_30824532 flag=0 multi=59.4280 len=12687	12687	79.8185	0	0	0	0	0	0	0	0	0	0	0	0	0	0	0	0	0	0	0	0	79.8066	163.825	0.0118692	0.0120458
k107_5226428 flag=0 multi=70.0294 len=5510	5510	81.0309	0	0	0	0	0	0	0	0	0	0	0	0	0	0	0	0	0	0	0	0	81.0309	160.962	0	0
k107_20243293 flag=0 multi=62.9791 len=10666	10666	79.5564	0	0	0	0	0	0	0	0	0	0	0	0	0	0	0	0	0	0	0	0	79.5564	96.2858	0	0
k107_153716 flag=0 multi=208.7835 len=4629	4629	78.8939	0	0	0	0	0	0	0	0	0	0	0	0	0	0	0	0	0	0	0	0	78.8593	124.484	0.0346661	0.033689
k107_18163488 flag=0 multi=138.0000 len=5642	5642	79.4685	0	0	0	0	0	0	0	0	0	0	0	0	0	0	0	0	0	0	0	0	79.4405	145.238	0.0280899	0.0274789
k107_18443117 flag=0 multi=97.0016 len=10348	10348	80.7764	0	0	0	0	0	0	0	0	0	0	0	0	0	0	0	0	0	0	0	0	80.7764	108.765	0	0
k107_19551391 flag=0 multi=124.8015 len=4637	4637	81.8413	0	0	0	0	0	0	0	0	0	0	0	0	0	0	0	0	0	0	0	0	81.7716	156.981	0.0696655	0.0648263
k107_18358327 flag=0 multi=67.0000 len=18558	18558	77.9647	0	0	0	0	0	0	0	0	0	0	0	0	0	0	0	0	0	0	0	0	77.9565	155.777	0.00821648	0.00820263
k107_18700188 flag=0 multi=63.1187 len=3678	3678	78.6191	0	0	0	0	0	0	0	0	0	0	0	0	0	0	0	0	0	0	0	0	78.6191	124.101	0	0
k107_18849449 flag=0 multi=62.4004 len=11787	11787	80.8204	0	0	0	0	0	0	0	0	0	0	0	0	0	0	0	0	0	0	0	0	80.8204	129.381	0	0
k107_14698255 flag=0 multi=54.0000 len=3181	3181	77.8958	0	0	0	0	0	0	0	0	0	0	0	0	0	0	0	0	0	0	0	0	77.8958	129.996	0	0
k107_19053445 flag=0 multi=87.0000 len=3513	3513	78.7994	0	0	0	0	0	0	0	0	0	0	0	0	0	0	0	0	0	0	0	0	78.7994	116.549	0	0
k107_28710280 flag=0 multi=73.7590 len=21439	21439	77.1526	0	0	0	0	0	0	0	0	0	0	0	0	0	0	0	0	0	0	0	0	77.1383	116.491	0.0142877	0.0140833
k107_21388961 flag=0 multi=61.0373 len=5520	5520	83.9324	0	0	0	0	0	0	0	0	0	0	0	0	0	0	0	0	0	0	0	0	83.9324	119.331	0	0
k107_7581958 flag=0 multi=136.6988 len=7244	7244	80.518	0	0	0	0	0	0	0	0	0	0	0	0	0	0	0	0	0	0	0	0	80.518	152.347	0	0
k107_15639891 flag=0 multi=54.9146 len=4055	4055	74.1335	0	0	0	0	0	0	0	0	0	0	0	0	0	0	0	0	0	0	0	0	74.1335	101.895	0	0
k107_31676000 flag=0 multi=48.3561 len=3578	3578	72.6966	0	0	0	0	0	0	0	0	0	0	0	0	0	0	0	0	0	0	0	0	72.6966	218.229	0	0
k107_18043418 flag=0 multi=129.1087 len=8075	8075	81.1382	0	0	0	0	0	0	0	0	0	0	0	0	0	0	0	0	0	0	0	0	81.1187	142.059	0.0194262	0.0190515
k107_22156083 flag=0 multi=139.9051 len=7136	7136	74.2796	0	0	0	0	0	0	0	0	0	0	0	0	0	0	0	0	0	0	0.0441908	0.0422445	74.2354	118.537	0	0
k107_23640712 flag=0 multi=66.9900 len=43193	43193	80.623	0	0	0	0	0	0	0	0	0	0	0	0	0	0	0	0	0	0	0.0070411	0.0124507	80.602	109.042	0.0139656	0.0150472
k107_31624889 flag=0 multi=58.9539 len=8019	8019	76.7055	0	0	0	0	0	0	0	0	0	0	0	0	0	0	0	0	0	0	0	0	76.7055	107.283	0	0
k107_24491411 flag=0 multi=70.7498 len=41841	41841	78.9658	0	0	0	0	0	0	0	0	0	0	0	0	0	0	0	0	0	0	0	0	78.9153	133.563	0.0505068	0.0547671
k107_12829077 flag=0 multi=103.8413 len=3389	3389	84.3359	0	0	0	0	0	0	0	0	0	0	0	0	0	0	0	0	0	0	0	0	84.3359	160.003	0	0
k107_21686686 flag=0 multi=96.0115 len=16054	16054	79.6951	0	0	0	0	0	0	0.0191722	0.0257892	0	0	0	0	0	0	0	0	0	0	0	0	79.5901	109.999	0.0858304	0.102688
k107_6843366 flag=0 multi=60.9334 len=5153	5153	80.57	0	0	0	0	0	0	0	0	0	0	0	0	0	0	0	0	0	0	0	0	80.5079	88.7939	0.0620491	0.0592162
k107_24280182 flag=0 multi=67.2885 len=21265	21265	81.1123	0	0	0	0	0	0	0	0	0	0	0	0	0	0	0	0	0	0	0	0	81.0907	84.0485	0.0216095	0.0281075
k107_16019704 flag=0 multi=78.5533 len=30130	30130	79.6028	0	0	0	0	0	0	0	0	0	0	0	0	0	0	0	0	0	0	0	0	79.5879	138.604	0.0149524	0.0149601
k107_25311749 flag=0 multi=62.9341 len=5433	5433	78.2752	0	0	0	0	0	0	0	0	0	0	0	0	0	0	0	0	0	0	0	0	78.2752	111.948	0	0
k107_34790756 flag=0 multi=158.1288 len=3290	3290	76.9103	0	0	0	0	0	0	0	0	0	0	0	0	0	0	0	0	0	0	0	0	76.9103	100.099	0	0
k107_24948677 flag=0 multi=68.0939 len=26613	26613	80.581	0	0	0	0	0	0	0	0	0	0	0	0	0	0	0	0	0	0	0	0	80.5696	134.686	0.0114401	0.0130096
k107_15522748 flag=0 multi=151.0000 len=6686	6686	84.1093	0	0	0	0	0	0	0	0	0	0	0	0	0	0	0	0	0	0	0	0	84.0385	116.474	0.070802	0.0659342
k107_12713914 flag=0 multi=58.8840 len=5574	5574	77.2424	0	0	0	0	0	0	0	0	0	0	0	0	0	0	0	0	0	0	0	0	77.1574	82.708	0.0849772	0.0929772
k107_25054271 flag=0 multi=57.9606 len=3783	3783	79.5438	0	0	0	0	0	0	0	0	0	0	0	0	0	0	0	0	0	0	0	0	79.5438	162.16	0	0
k107_7416664 flag=0 multi=56.9101 len=5649	5649	81.464	0	0	0	0	0	0	0	0	0	0	0	0	0	0	0	0	0	0	0	0	81.464	147.747	0	0
k107_25360029 flag=0 multi=52.9074 len=6100	6100	79.4493	0	0	0	0	0	0	0	0	0	0	0	0	0	0	0	0	0	0	0	0	79.3977	106.67	0.0515695	0.0493839
k107_26220620 flag=0 multi=66.3417 len=13308	13308	81.9047	0	0	0	0	0	0	0	0	0	0	0	0	0	0	0	0	0	0	0	0	81.8931	130.859	0.01161	0.0114776
k107_26697688 flag=0 multi=93.5956 len=6752	6752	79.1164	0	0	0	0	0	0	0	0	0	0	0	0	0	0	0	0	0	0	0	0	79.093	106.238	0.0234109	0.0228672
k107_11057534 flag=0 multi=61.1299 len=28426	28426	77.5901	0.0106315	0.0123301	0	0	0	0	0	0	0	0	0	0	0	0	0	0	0	0	0	0	77.5634	131.796	0.0161072	0.02118
k107_7727873 flag=0 multi=56.0000 len=4237	4237	79.9174	0	0	0	0	0	0	0	0	0	0	0	0	0	0	0	0	0	0	0	0	79.9156	66.1881	0.00177891	0.00177637
k107_26909833 flag=0 multi=57.3450 len=3922	3922	77.6099	0	0	0	0	0	0	0	0	0	0	0	0	0	0	0	0	0	0	0	0	77.6099	72.4646	0	0
k107_15237738 flag=0 multi=63.5014 len=5490	5490	76.3198	0	0	0	0	0	0	0	0	0	0	0	0	0	0	0	0	0	0	0	0	76.3198	184.678	0	0
k107_21726414 flag=0 multi=60.0000 len=3228	3228	83.2837	0	0	0	0	0	0	0	0	0	0	0	0	0	0	0	0	0	0	0	0	83.2837	139.219	0	0
k107_27743490 flag=0 multi=57.8064 len=3759	3759	82.7122	0	0	0	0	0	0	0	0	0	0	0	0	0	0	0	0	0	0	0	0	82.6601	114.558	0.0520683	0.0504082
k107_17383844 flag=0 multi=74.0929 len=11953	11953	76.6276	0	0	0	0	0	0	0	0	0	0	0	0	0	0	0	0	0	0	0	0	76.5887	154.9	0.0388808	0.0373758
k107_9586548 flag=0 multi=66.7815 len=5621	5621	76.3745	0	0	0	0	0	0	0	0	0	0	0	0	0	0	0	0	0	0	0	0	76.1487	140.295	0.225794	0.236871
k107_35041594 flag=0 multi=70.0000 len=9457	9457	85.0594	0	0	0	0	0	0	0	0	0	0	0	0	0	0	0	0	0	0	0	0	85.0268	123.078	0.0326598	0.0568172
k107_27316038 flag=0 multi=73.0329 len=15195	15195	79.566	0	0	0	0	0	0	0	0	0	0	0	0	0	0	0	0	0	0	0	0	79.5559	119.677	0.010139	0.0100395
k107_15617484 flag=0 multi=96.2120 len=2824	2824	81.3807	0	0	0	0	0	0	0	0	0	0	0	0	0	0	0	0	0	0	0	0	81.3807	70.4811	0	0
k107_28035180 flag=0 multi=59.0000 len=29648	29648	78.7504	0	0	0	0	0	0	0	0	0	0	0	0	0	0	0	0	0	0	0	0	78.7351	180.246	0.0152661	0.0201081
k107_7608500 flag=0 multi=64.5580 len=7790	7790	81.6814	0	0	0	0	0	0	0	0	0	0	0	0	0	0	0	0	0	0	0.039797	0.0456501	81.6214	157.327	0.0201656	0.0197657
k107_35867089 flag=0 multi=94.0000 len=9379	9379	82.8693	0	0	0	0	0	0	0	0	0	0	0	0	0	0	0	0	0	0	0	0	82.8362	138.501	0.0331607	0.0405396
k107_29374476 flag=0 multi=236.0000 len=4767	4767	79.2269	0	0	0	0	0	0	0	0	0	0	0	0	0	0	0	0	0	0	0	0	79.1592	100.455	0.0676372	0.0908548
k107_16708717 flag=0 multi=56.7456 len=39378	39378	72.576	0	0	0	0	0	0	0	0	0	0	0	0	0	0	0	0	0	0	0	0	72.549	131.127	0.0269219	0.0306193
k107_25184837 flag=0 multi=71.0862 len=8022	8022	76.2013	0	0	0	0	0	0	0	0	0	0	0	0	0	0	0	0	0	0	0	0	76.1435	79.4389	0.057772	0.0552471
k107_28349692 flag=0 multi=86.0000 len=6083	6083	83.58	0	0	0	0	0	0	0	0	0	0	0	0	0	0	0	0	0	0	0	0	83.4769	138.757	0.103096	0.0953138
k107_13874208 flag=0 multi=76.0531 len=35213	35213	80.6965	0	0	0	0	0	0	0	0	0	0	0	0	0	0	0	0	0	0	0	0	80.6515	130.234	0.0449715	0.0514096
k107_1179865 flag=0 multi=86.9314 len=3972	3972	78.0967	0	0	0	0	0	0	0	0	0	0	0	0	0	0	0	0	0	0	0	0	78.0559	99.9357	0.0408719	0.0394629
k107_34811254 flag=0 multi=76.6043 len=4196	4196	79.5948	0	0	0	0	0	0	0	0	0	0	0	0	0	0	0	0	0	0	0	0	79.5948	85.1834	0	0
k107_21095679 flag=0 multi=89.9730 len=2700	2700	91.3432	0	0	0	0	0	0	0	0	0	0	0	0	0	0	0	0	0	0	0	0	91.3432	122.968	0	0
k107_12595609 flag=0 multi=58.4047 len=7099	7099	78.2953	0	0	0	0	0	0	0	0	0	0	0	0	0	0	0	0	0	0	0	0	78.2731	129.61	0.0222157	0.0217251
k107_11252329 flag=0 multi=65.4671 len=9182	9182	80.9695	0	0	0	0	0	0	0	0	0	0	0	0	0	0	0	0	0	0	0	0	80.9695	81.3513	0	0
k107_30988527 flag=0 multi=61.4768 len=4195	4195	80.2376	0	0	0	0	0	0	0	0	0	0	0	0	0	0	0	0	0	0	0	0	80.1988	98.2789	0.0387876	0.0372927
k107_10142572 flag=0 multi=69.0431 len=16808	16808	81.729	0	0	0	0	0	0	0	0	0	0	0	0	0	0	0	0	0	0	0	0	81.719	131.113	0.00993578	0.0100184
k107_21694658 flag=0 multi=58.0000 len=8001	8001	78.8104	0	0	0	0	0	0	0	0	0	0	0	0	0	0	0	0	0	0	0	0	78.8104	145.557	0	0
k107_32135218 flag=0 multi=59.7677 len=3564	3564	80.8204	0	0	0	0	0	0	0	0	0	0	0	0	0	0	0	0	0	0	0	0	80.8204	121.895	0	0
k107_14652394 flag=0 multi=63.5900 len=10015	10015	80.9515	0	0	0	0	0	0	0	0	0	0	0	0	0	0	0	0	0	0	0	0	80.936	119.455	0.0155462	0.0153072
k107_8322216 flag=0 multi=71.0069 len=18734	18734	82.1915	0	0	0	0	0	0	0	0	0	0	0	0	0	0	0	0	0	0	0.0163845	0.0175287	82.1103	112.411	0.0647786	0.0692645
k107_32920979 flag=0 multi=87.0406 len=6307	6307	81.2909	0	0	0	0	0	0	0	0	0	0	0	0	0	0	0	0	0	0	0	0	81.2658	102.899	0.0251457	0.024512
k107_28770772 flag=0 multi=66.0000 len=3482	3482	77.9425	0	0	0	0	0	0	0	0	0	0	0	0	0	0	0	0	0	0	0	0	77.9425	162.668	0	0
k107_10608482 flag=0 multi=66.0073 len=4201	4201	85.4432	0	0	0	0	0	0	0	0	0	0	0	0	0	0	0	0	0	0	0	0	85.4045	132.578	0.0387279	0.037236
k107_33047587 flag=0 multi=74.0000 len=20325	20325	79.792	0	0	0	0	0	0	0	0	0	0	0	0	0	0	0	0	0	0	0	0	79.747	127.935	0.0449983	0.0468034
k107_29959797 flag=0 multi=57.4172 len=17577	17577	75.3109	0	0	0	0	0	0	0	0	0	0	0	0	0	0	0	0	0	0	0	0	75.2762	128.777	0.0347323	0.0337418
k107_838071 flag=0 multi=241.0000 len=5142	5142	75.7087	0	0	0	0	0	0	0	0	0	0	0	0	0	0	0	0	0	0	0	0	75.6163	79.8444	0.0923554	0.134049
k107_1456457 flag=0 multi=91.3858 len=7921	7921	77.54	0	0	0	0	0	0	0	0	0	0	0	0	0	0	0	0	0	0	0	0	77.54	119.609	0	0
k107_24961987 flag=0 multi=59.0000 len=6169	6169	79.2243	0	0	0	0	0	0	0	0	0	0	0	0	0	0	0	0	0	0	0	0	79.2243	92.0309	0	0
k107_28696139 flag=0 multi=60.0533 len=2698	2698	76.4708	0	0	0	0	0	0	0	0	0	0	0	0	0	0	0	0	0	0	0	0	76.4708	156.944	0	0
k107_5690168 flag=0 multi=83.8701 len=3656	3656	82.4451	0	0	0	0	0	0	0	0	0	0	0	0	0	0	0	0	0	0	0	0	82.4451	75.4555	0	0
k107_26706305 flag=0 multi=86.2371 len=4414	4414	80.5075	0	0	0	0	0	0	0	0	0	0	0	0	0	0	0	0	0	0	0	0	80.4351	167.713	0.0724708	0.0957974
k107_15407065 flag=0 multi=157.5537 len=7997	7997	78.6812	0	0	0	0	0	0	0	0	0	0	0	0	0	0	0	0	0	0	0	0	78.6616	169.845	0.0196231	0.019239
k107_19346882 flag=0 multi=60.0000 len=7322	7322	79.7104	0	0	0	0	0	0	0	0	0	0	0	0	0	0	0	0	0	0	0	0	79.689	128.626	0.0213675	0.0210475
k107_35368658 flag=0 multi=66.9789 len=9112	9112	77.3672	0	0	0	0	0	0	0	0	0	0	0	0	0	0	0	0	0	0	0	0	77.3672	109.836	0	0
k107_21835113 flag=0 multi=110.8025 len=3875	3875	74.5919	0	0	0	0	0	0	0	0	0	0	0	0	0	0	0	0	0	0	0	0	74.5919	127.233	0	0
k107_33956538 flag=0 multi=61.9817 len=13668	13668	81.0338	0	0	0	0	0	0	0	0	0	0	0	0	0	0	0	0	0	0	0	0	81.0338	155.228	0	0
k107_31903853 flag=0 multi=70.0000 len=19984	19984	81.5885	0	0	0	0	0	0	0	0	0	0	0	0	0	0	0	0	0	0	0	0	81.5655	123.171	0.0229651	0.0224856
k107_26799465 flag=0 multi=72.9822 len=21485	21485	83.8267	0	0	0	0	0	0	0	0	0	0	0	0	0	0	0	0	0	0	0	0	83.7912	118.585	0.035453	0.0445774
k107_24464746 flag=0 multi=156.9956 len=5577	5577	70.1615	0	0	0	0	0	0	0	0	0	0	0	0	0	0	0	0	0	0	0	0	70.1329	323.4	0.0286256	0.0278126
k107_23097007 flag=0 multi=210.6249 len=3349	3349	77.6374	0	0	0	0	0	0	0	0	0	0	0	0	0	0	0	0	0	0	0	0	77.6374	154.832	0	0
k107_15538583 flag=0 multi=100.9566 len=8789	8789	83.3586	0.0355838	0.0659049	0	0	0	0	0	0	0	0	0	0	0	0	0	0	0	0	0	0	83.2874	228.101	0.0355838	0.0503476
k107_3565716 flag=0 multi=107.5679 len=9521	9521	81.9289	0	0	0	0	0	0	0	0	0	0	0	0	0	0	0	0	0	0	0	0	81.8802	150.98	0.0487038	0.0571422
k107_34326663 flag=0 multi=54.0610 len=6237	6237	74.8388	0	0	0	0	0	0	0	0	0	0	0	0	0	0	0	0	0	0	0	0	74.8136	95.1557	0.0251053	0.024798
k107_4763616 flag=0 multi=65.6883 len=2715	2715	83.2002	0	0	0	0	0	0	0	0	0	0	0	0	0	0	0	0	0	0	0	0	83.2002	106.661	0	0
k107_31670592 flag=0 multi=66.1717 len=31238	31238	80.6337	0	0	0	0	0	0	0	0	0	0	0	0	0	0	0	0	0	0	0	0	80.619	148.688	0.0146431	0.0185725
k107_21085115 flag=0 multi=64.3002 len=7273	7273	77.7457	0.0433223	0.0822017	0	0	0	0	0	0	0	0	0	0	0	0	0	0	0	0	0	0	77.595	99.1913	0.107302	0.0965815
k107_27977093 flag=0 multi=57.0018 len=4437	4437	74.6837	0	0	0	0	0	0	0	0	0	0	0	0	0	0	0	0	0	0	0	0	74.6837	99.474	0	0
k107_12225084 flag=0 multi=93.0030 len=12836	12836	79.8245	0	0	0	0	0	0	0	0	0	0	0	0	0	0	0	0	0	0	0	0	79.8126	110.675	0.0118877	0.0119061
k107_13439251 flag=0 multi=64.1664 len=20661	20661	79.6714	0	0	0	0	0	0	0	0	0	0	0	0	0	0	0	0	0	0	0	0	79.5981	102.227	0.0733337	0.0860536
k107_10689497 flag=0 multi=54.9243 len=4966	4966	81.3225	0	0	0	0	0	0	0	0	0	0	0	0	0	0	0	0	0	0	0	0	81.3225	238.231	0	0
k107_4232739 flag=0 multi=61.0567 len=10573	10573	80.719	0	0	0	0	0	0	0	0	0	0	0	0	0	0	0	0	0	0	0	0	80.719	96.0167	0	0
k107_23206524 flag=0 multi=63.0000 len=4623	4623	83.283	0	0	0	0	0	0	0	0	0	0	0	0	0	0	0	0	0	0	0	0	83.2136	111.232	0.0694284	0.0988174
k107_16678896 flag=0 multi=53.1564 len=6717	6717	78.2885	0	0	0	0	0	0	0	0	0	0	0	0	0	0	0	0	0	0	0	0	78.195	120.96	0.0935308	0.152336
k107_8236380 flag=0 multi=66.0961 len=15684	15684	77.9521	0	0	0	0	0	0	0	0	0	0	0	0	0	0	0	0	0	0	0	0	77.9319	105.181	0.0202834	0.0221977
k107_8964457 flag=0 multi=88.1357 len=6568	6568	73.1791	0	0	0	0	0	0	0	0	0	0	0	0	0	0	0	0	0	0	0	0	73.1791	103.089	0	0
k107_33960220 flag=0 multi=65.9854 len=10860	10860	75.5698	0	0	0	0	0	0	0	0	0	0	0	0	0	0	0	0	0	0	0	0	75.5698	92.087	0	0
k107_34293466 flag=0 multi=59.0146 len=4207	4207	75.422	0	0	0	0	0	0	0	0	0	0	0	0	0	0	0	0	0	0	0	0	75.3834	116.223	0.0386684	0.0371827
k107_2530363 flag=0 multi=114.0038 len=14758	14758	81.801	0	0	0	0	0	0	0	0	0	0	0	0	0	0	0	0	0	0	0	0	81.7596	122.724	0.0414361	0.0400393
k107_1629406 flag=0 multi=60.0668 len=4001	4001	76.5499	0	0	0	0	0	0	0	0	0	0	0	0	0	0	0	0	0	0	0	0	76.5499	83.2326	0	0
k107_24662665 flag=0 multi=58.5765 len=13179	13179	80.9278	0	0	0	0	0	0	0	0	0	0	0	0	0	0	0	0	0	0	0	0	80.8813	151.6	0.046517	0.0638124
k107_33843619 flag=0 multi=143.9278 len=5872	5872	79.4013	0	0	0	0	0	0	0	0	0	0	0	0	0	0	0	0	0	0	0	0	79.4013	134.736	0	0
k107_17069369 flag=0 multi=79.4301 len=56408	56408	81.4962	0	0	0	0	0	0	0	0	0	0	0	0	0	0	0	0	0	0	0	0	81.4642	130.06	0.031993	0.034297
k107_6475931 flag=0 multi=65.0000 len=23416	23416	78.068	0.0130657	0.0168766	0	0	0	0	0	0	0	0	0	0	0	0	0	0	0	0	0	0	78.016	132.362	0.0389374	0.0376538
k107_15652901 flag=0 multi=136.7547 len=5371	5371	76.2154	0	0	0	0	0	0	0	0	0	0	0	0	0	0	0	0	0	0	0	0	76.2154	91.1298	0	0
k107_27328224 flag=0 multi=64.2825 len=3304	3304	85.3741	0	0	0	0	0	0	0	0	0	0	0	0	0	0	0	0	0	0	0	0	85.2741	111.948	0.0999334	0.12984
k107_13047069 flag=0 multi=104.6185 len=11721	11721	74.6767	0	0	0	0	0	0	0	0	0	0	0	0	0	0	0	0	0	0	0	0	74.6504	117.307	0.026272	0.0257514
k107_6153072 flag=0 multi=55.8588 len=6445	6445	78.4669	0	0	0	0	0	0	0	0	0	0	0	0	0	0	0	0	0	0	0	0	78.4423	132.109	0.0245808	0.0239813
k107_16647207 flag=0 multi=60.1143 len=2505	2505	76.4916	0	0	0	0	0	0	0	0	0	0	0	0	0	0	0	0	0	0	0	0	76.4916	86.3982	0	0
k107_3274164 flag=0 multi=86.7482 len=5599	5599	78.0563	0	0	0	0	0	0	0	0	0	0	0	0	0	0	0	0	0	0	0	0	78.0563	110.745	0	0
k107_33356377 flag=0 multi=80.6836 len=3122	3122	76.5585	0	0	0	0	0	0	0	0	0	0	0	0	0	0	0	0	0	0	0	0	76.5585	45.5577	0	0
k107_23836084 flag=0 multi=121.8307 len=4407	4407	74.9683	0	0	0	0	0	0	0	0	0	0	0	0	0	0	0	0	0	0	0	0	74.8948	114.155	0.0735688	0.0983778
k107_14662181 flag=0 multi=46.3638 len=2974	2974	71.2713	0	0	0	0	0	0	0	0	0	0	0	0	0	0	0	0	0	0	0	0	71.2713	104.846	0	0
k107_31299788 flag=0 multi=66.0032 len=15296	15296	82.0463	0	0	0	0	0	0	0	0	0	0	0	0	0	0	0	0	0	0	0	0	82.0064	137.908	0.0399493	0.0413301
k107_2078508 flag=0 multi=61.0615 len=3227	3227	80.3111	0	0	0	0	0	0	0	0	0	0	0	0	0	0	0	0	0	0	0	0	80.3111	96.4201	0	0
k107_547142 flag=0 multi=86.1107 len=30561	30561	77.4373	0	0	0	0	0	0	0	0	0	0	0	0	0	0	0	0	0	0	0	0	77.4274	117.734	0.00994745	0.0158277
k107_21215286 flag=0 multi=90.7179 len=9143	9143	84.1062	0	0	0	0	0	0	0	0	0	0	0	0	0	0	0	0	0	0	0	0	84.1062	78.7477	0	0
k107_25124558 flag=0 multi=103.0211 len=10553	10553	79.7159	0	0	0	0	0	0	0	0	0	0	0	0	0	0	0	0	0	0	0	0	79.7013	76.5626	0.0146327	0.0145131
k107_27682813 flag=0 multi=66.0000 len=20629	20629	83.6943	0	0	0	0	0	0	0	0	0	0	0	0	0	0	0	0	0	0	0	0	83.6575	127.153	0.0367983	0.0434511
k107_34261064 flag=0 multi=67.1961 len=13987	13987	78.9708	0	0	0	0	0	0	0	0	0	0	0	0	0	0	0	0	0	0	0	0	78.9379	119.374	0.0329558	0.0362489
k107_33387387 flag=0 multi=62.0161 len=3022	3022	81.4125	0	0	0	0	0	0	0	0	0	0	0	0	0	0	0	0	0	0	0	0	81.3581	71.8573	0.0544118	0.0524523
k107_21737744 flag=0 multi=62.6459 len=19720	19720	79.0493	0	0	0	0	0	0	0	0	0	0	0	0	0	0	0	0	0	0	0.0153981	0.0166523	79.0339	122.689	0	0
k107_34477731 flag=0 multi=67.0000 len=6654	6654	77.2424	0	0	0	0	0	0	0	0	0	0	0	0	0	0	0	0	0	0	0	0	77.1949	106.426	0.0475441	0.0452888
k107_15486402 flag=0 multi=124.9124 len=11373	11373	78.4304	0	0	0	0	0	0	0	0	0	0	0	0	0	0	0	0	0	0	0	0	78.4031	119.169	0.0272785	0.0265339
k107_17363940 flag=0 multi=62.0175 len=8427	8427	76.0459	0	0	0	0	0	0	0	0	0	0	0	0	0	0	0	0	0	0	0	0	76.0091	84.9219	0.0368	0.0490858
k107_18593525 flag=0 multi=320.0748 len=3049	3049	86.4521	0	0	0	0	0	0	0	0	0	0	0	0	0	0	0	0	0	0	0	0	86.4521	98.5664	0	0
k107_31037819 flag=0 multi=129.2476 len=4405	4405	87.6941	0	0	0	0	0	0	0	0	0	0	0	0	0	0	0	0	0	0	0	0	87.6941	138.167	0	0
k107_14192368 flag=0 multi=60.6943 len=3152	3152	76.8933	0	0	0	0	0	0	0	0	0	0	0	0	0	0	0	0	0	0	0	0	76.8403	77.0102	0.0529825	0.0501931
k107_17192173 flag=0 multi=98.9430 len=7910	7910	74.2241	0	0	0	0	0	0	0	0	0	0	0	0	0	0	0	0	0	0	0	0	74.2241	101.633	0	0
k107_12832795 flag=0 multi=68.7922 len=16163	16163	77.9276	0	0	0	0	0	0	0	0	0	0	0	0	0	0	0	0	0	0	0	0	77.9276	182.583	0	0
k107_14818765 flag=0 multi=61.9148 len=13075	13075	75.1199	0	0	0	0	0	0	0	0	0	0	0	0	0	0	0	0	0	0	0	0	75.0965	110.981	0.0234088	0.0230823
k107_8476530 flag=0 multi=97.9501 len=2790	2790	74.035	0	0	0	0	0	0	0	0	0	0	0	0	0	0	0	0	0	0	0	0	74.035	87.7627	0	0
k107_17490901 flag=0 multi=69.0000 len=25550	25550	80.1872	0	0	0	0	0	0	0	0	0	0	0	0	0	0	0	0	0	0	0	0	80.1753	123.794	0.0119217	0.0145973
k107_17994264 flag=0 multi=73.3734 len=6288	6288	81.935	0	0	0	0	0	0	0	0	0	0	0	0	0	0	0	0	0	0	0	0	81.9098	117.304	0.0252255	0.0245944
k107_33941550 flag=0 multi=65.9536 len=4227	4227	77.7172	0	0	0	0	0	0	0	0	0	0	0	0	0	0	0	0	0	0	0.0769427	0.105189	77.6018	94.3601	0.0384713	0.0370007
k107_11953351 flag=0 multi=100.5415 len=12336	12336	77.3728	0	0	0	0	0	0	0	0	0	0	0	0	0	0	0	0	0	0	0.0249294	0.0244776	77.3355	125.718	0.0122985	0.0123881
k107_3892392 flag=0 multi=58.0080 len=108629	108629	72.1302	0	0	0	0	0	0	0	0	0	0	0	0	0	0	0	0	0	0	0	0	72.1126	116.482	0.0176595	0.0199736
k107_9061761 flag=0 multi=61.0000 len=2794	2794	78.9522	0	0	0	0	0	0	0	0	0	0	0	0	0	0	0	0	0	0	0	0	78.9522	115.586	0	0
k107_15646866 flag=0 multi=122.3169 len=3635	3635	79.2217	0	0	0	0	0	0	0	0	0	0	0	0	0	0	0	0	0	0	0	0	79.2217	108.863	0	0
k107_9981981 flag=0 multi=77.2204 len=3084	3084	85.9191	0	0	0	0	0	0	0	0	0	0	0	0	0	0	0	0	0	0	0	0	85.9191	84.5565	0	0
k107_31333891 flag=0 multi=59.4863 len=7575	7575	78.6026	0	0	0	0	0	0	0	0	0	0	0	0	0	0	0	0	0	0	0	0	78.5405	121.306	0.0621477	0.0741062
k107_10171996 flag=0 multi=66.0000 len=4170	4170	79.832	0	0	0	0	0	0	0	0	0	0	0	0	0	0	0	0	0	0	0	0	79.7937	89.2886	0.0382627	0.037524
k107_32205893 flag=0 multi=58.9697 len=5876	5876	79.2831	0	0	0	0	0	0	0	0	0	0	0	0	0	0	0	0	0	0	0	0	79.2831	138.29	0	0
k107_19049694 flag=0 multi=59.0061 len=3737	3737	81.1409	0	0	0	0	0	0	0	0	0	0	0	0	0	0	0	0	0	0	0	0	81.1409	126.603	0	0
k107_7215534 flag=0 multi=51.0005 len=4449	4449	75.2754	0	0	0	0	0	0	0	0	0	0	0	0	0	0	0	0	0	0	0	0	75.2754	63.9457	0	0
k107_10856940 flag=0 multi=62.4196 len=6734	6734	82.0351	0	0	0	0	0	0	0	0	0	0	0	0	0	0	0	0	0	0	0	0	82.0121	111.308	0.02301	0.0229273
k107_2194424 flag=0 multi=64.1754 len=5864	5864	79.0446	0	0	0	0	0	0	0	0	0	0	0	0	0	0	0	0	0	0	0	0	79.0446	102.813	0	0
k107_1384445 flag=0 multi=54.6195 len=2717	2717	80.4	0	0	0	0	0	0	0	0	0	0	0	0	0	0	0	0	0	0	0	0	80.4	134.642	0	0
