contigName	contigLen	totalAvgDepth	Cen01_MA.bam	Cen01_MA.bam-var	Cen03_MA.bam	Cen03_MA.bam-var	Cen04_MA.bam	Cen04_MA.bam-var	Cen05_MA.bam	Cen05_MA.bam-var	Cen06_MA.bam	Cen06_MA.bam-var	Cen07_MA.bam	Cen07_MA.bam-var	Cen10_MA.bam	Cen10_MA.bam-var	Cen12_MA.bam	Cen12_MA.bam-var	Cen14_MA.bam	Cen14_MA.bam-var	Cen15_MA.bam	Cen15_MA.bam-var	Cen16_MA.bam	Cen16_MA.bam-var	Cen17_MA.bam	Cen17_MA.bam-var
k107_5796815 flag=0 multi=18.0083 len=109579	109579	21.7622	0.00276362	0.00370268	0	0	0	0	0	0	1.01828	1.529	0	0	8.55553	11.6023	1.47808	2.11871	0.255232	0.315802	8.86523	12.5186	1.58712	1.95932	0	0
k107_16530854 flag=0 multi=21.2011 len=49293	49293	22.2887	0	0	0	0	0.00240861	0.0024841	0.0008573	0.000897336	1.19324	1.78832	0.0061644	0.00746983	8.57337	11.4448	1.45133	2.08124	0.25225	0.377322	9.02809	13.51	1.78098	2.25637	0	0
k107_5802461 flag=0 multi=68.2746 len=15798	15798	22.9266	0	0	0	0	0	0	0	0	1.15114	1.98006	0	0	9.12874	11.1575	1.2995	1.82752	0.296399	0.329273	9.10403	12.1081	1.94683	2.49646	0	0
k107_3165336 flag=0 multi=25.4493 len=83817	83817	22.5569	0	0	0.0035323	0.00385357	0	0	0	0	1.10621	1.62366	0	0	8.5086	11.9477	1.42476	2.05143	0.216512	0.33161	9.44661	12.0502	1.85069	2.71778	0	0
k107_1149931 flag=0 multi=28.9087 len=25545	25545	21.9553	0	0	0	0	0	0	0	0	1.03522	1.39652	0	0	8.66014	9.32945	1.31442	1.64002	0.241651	0.278568	9.0725	11.9163	1.63138	2.03205	0	0
k107_12683165 flag=0 multi=25.0266 len=66747	66747	22.9301	0	0	0	0	0	0	0.00454511	0.00642921	1.16302	1.59558	0.00454511	0.0081857	8.93533	10.8449	1.55307	2.72904	0.256317	0.354199	9.36626	12.7442	1.64702	1.9485	0	0
k107_8688697 flag=0 multi=24.4468 len=256879	256879	22.0391	0	0	0.00117314	0.00162663	0	0	0	0	1.03134	1.48763	0	0	8.53527	10.9427	1.47878	2.20342	0.263465	0.361363	9.01625	12.8864	1.71224	2.17775	0.000572927	0.00058788
k107_4005171 flag=0 multi=40.7198 len=59008	59008	21.2888	0.000238476	0.000272475	0	0	0	0	0	0	1.00944	1.447	0	0	8.24021	12.0448	1.23442	2.17783	0.177205	0.244683	9.02886	11.9296	1.59846	2.0479	0	0
k107_28692124 flag=0 multi=39.0264 len=25740	25740	22.3079	0	0	0	0	0	0	0	0	1.04623	1.4641	0	0	8.71633	12.9673	1.23146	1.90665	0.195377	0.322044	9.44182	14.2936	1.67666	2.09414	0	0
k107_5347893 flag=0 multi=28.0964 len=75070	75070	22.3878	0.00403916	0.00603184	0	0	0	0	0	0	1.04654	1.58194	0	0	8.90032	11.7758	1.3283	1.65756	0.274329	0.381679	9.00364	14.6371	1.82866	2.3567	0.00196608	0.0020126
k107_11973623 flag=0 multi=25.0119 len=133336	133336	22.2412	0	0	0	0	0.0011125	0.00113251	0	0	1.09175	1.59568	0	0	8.57639	11.0235	1.40119	1.95454	0.280199	0.363934	9.30809	12.9727	1.58017	1.95617	0.00226258	0.00226096
k107_10229638 flag=0 multi=42.1022 len=40203	40203	21.5493	0	0	0	0	0	0	0	0	1.03105	1.68949	0	0	8.28864	9.62461	1.37072	2.03806	0.17769	0.185228	9.0393	11.9221	1.64194	2.07625	0	0
k107_5490982 flag=0 multi=23.0648 len=228894	228894	22.176	0.000643067	0.000659933	0	0	0	0	0	0	1.08929	1.67025	0	0	8.53627	10.6055	1.50596	2.11299	0.232891	0.322962	9.17511	14.5307	1.63453	2.09494	0.00131238	0.00131835
k107_11625515 flag=0 multi=29.7789 len=90871	90871	21.2051	0	0	0	0	0.00163411	0.00166178	0.00162307	0.00166179	0.881571	1.18461	0.00333447	0.00351437	8.215	10.604	1.28134	1.93607	0.229847	0.300254	9.06106	12.9498	1.52965	1.78678	0	0
k107_28620112 flag=0 multi=20.0158 len=166616	166616	22.3422	0	0	0	0	0.00088387	0.000907071	0	0	1.12556	1.57375	0.0017978	0.00359164	8.56857	11.2973	1.51401	2.30824	0.231303	0.31672	9.29289	12.1837	1.60722	1.97886	0	0
k107_9835101 flag=0 multi=22.1431 len=534066	534066	22.2251	0.00113159	0.00149636	0	0	0	0	0	0	1.06627	1.61226	0	0	8.54751	11.0818	1.49575	2.12791	0.245603	0.324753	9.21964	12.7098	1.64921	2.08647	0	0
k107_13018640 flag=0 multi=26.0067 len=102107	102107	21.2924	0	0	0.00295663	0.00295291	0	0	0	0	1.03829	1.4965	0	0	8.03214	10.8022	1.42245	1.87775	0.249005	0.305032	8.87806	11.0412	1.66801	2.12911	0.00148323	0.00147937
k107_16726181 flag=0 multi=20.0031 len=162978	162978	21.9695	0	0	0	0	0	0	0	0	1.05976	1.65599	0	0	8.42219	11.2216	1.50742	2.17519	0.235548	0.334096	9.00451	12.8834	1.74009	2.1196	0	0
k107_17335913 flag=0 multi=21.9206 len=158069	158069	21.9583	0	0	0	0	0	0	0	0	0.945762	1.34423	0	0	8.40072	10.678	1.42997	2.22184	0.265746	0.417499	9.26525	13.8954	1.64801	2.12255	0.00285231	0.00285992
k107_20073501 flag=0 multi=25.0004 len=160373	160373	21.8308	0	0	0.00188666	0.00209232	0	0	0	0	0.98848	1.47897	0	0	8.21454	10.5994	1.48103	2.04832	0.252625	0.370671	9.16095	12.5204	1.73124	2.10833	0	0
k107_1137951 flag=0 multi=20.0428 len=20533	20533	22.2853	0	0	0	0	0	0	0	0	0.893134	1.16375	0	0	9.06826	11.0304	1.54693	1.90537	0.186199	0.315338	9.22223	13.7062	1.36854	1.49213	0	0
k107_24524075 flag=0 multi=23.0973 len=337311	337311	22.1152	0.000893151	0.00128647	0	0	0	0	0	0	1.08293	1.65051	0	0	8.41256	11.344	1.46459	2.15208	0.224679	0.294147	9.22708	12.456	1.70112	2.19166	0.00133824	0.00134139
k107_26898420 flag=0 multi=27.0005 len=102426	102426	22.0197	0	0	0	0	0	0	0	0	1.09321	1.59313	0	0	8.4894	10.8116	1.3706	1.94922	0.267214	0.36621	9.14108	13.0258	1.6582	2.24575	0	0
k107_35650400 flag=0 multi=183.0069 len=3561	3561	8.89598	0	0	0	0	0	0	0	0	0	0	0	0	0	0	0.0923596	0.0853275	0.503222	0.561803	6.471	6.61137	1.8294	2.41192	0	0
k107_3203158 flag=0 multi=22.3834 len=194313	194313	21.5795	0	0	0	0	0	0	0	0	1.00074	1.63754	0	0	8.3055	10.535	1.39638	2.16058	0.201654	0.274163	8.98273	13.1991	1.69247	2.14407	0	0
k107_11422417 flag=0 multi=19.0178 len=54213	54213	21.7409	0	0	0	0	0	0	0	0	1.20866	1.70199	0	0	8.34457	12.4897	1.46614	2.53916	0.257406	0.331333	8.91905	12.1096	1.54507	2.00664	0	0
k107_7239220 flag=0 multi=20.2416 len=126895	126895	22.0692	0	0	0	0	0	0	0	0	1.12217	1.59523	0	0	8.59471	10.6962	1.43968	2.09748	0.228196	0.320944	9.01199	12.5615	1.67132	2.10325	0.0011612	0.0011904
k107_35372805 flag=0 multi=19.0166 len=53766	53766	21.4177	0.00564866	0.00759869	0	0	0	0	0	0	1.09423	1.39608	0	0	7.84532	9.52431	1.47267	2.03281	0.331475	0.479729	9.04515	12.7177	1.62319	2.11506	0	0
k107_15113831 flag=0 multi=20.3023 len=62031	62031	22.0712	0	0	0	0	0	0	0	0	1.07808	1.57199	0	0	8.63592	12.1386	1.40767	2.02393	0.219945	0.253461	9.05501	13.1735	1.67455	2.43099	0	0
k107_34032750 flag=0 multi=31.0414 len=109120	109120	21.9701	0	0	0	0	0	0	0	0	0.976667	1.38546	0	0	8.28952	10.3759	1.54184	2.33913	0.22171	0.28808	9.32831	12.7868	1.61202	2.03666	0	0
k107_3042880 flag=0 multi=34.0681 len=5013	5013	22.0892	0	0	0	0	0	0	0	0	0.701762	1.05335	0	0	8.06135	9.32633	1.41923	2.24047	0.272129	0.267343	9.85141	14.3737	1.78327	3.30298	0	0
k107_24593316 flag=0 multi=27.0032 len=28330	28330	22.3261	0	0	0	0	0	0	0	0	0.987084	1.31494	0	0	8.39607	9.16457	1.71175	2.06081	0.220779	0.231989	9.38776	10.9004	1.6227	2.12523	0	0
k107_10550387 flag=0 multi=24.1411 len=184163	184163	21.6682	0	0	0	0	0.000799517	0.00082012	0	0	0.99882	1.53461	0	0	8.35275	10.7232	1.3661	1.91836	0.233785	0.312126	9.06991	14.046	1.64606	2.24091	0	0
k107_4154574 flag=0 multi=27.0144 len=100274	100274	22.2103	0	0	0	0	0	0	0	0	1.19653	1.66808	0	0	8.59633	11.2642	1.361	1.89222	0.263934	0.36459	9.0835	12.7479	1.70904	2.216	0	0
k107_3004929 flag=0 multi=25.0011 len=618728	618728	21.7525	0.00243845	0.00356597	0	0	0	0	0	0	1.01875	1.47468	0.000488337	0.000536396	8.28001	10.5611	1.40446	2.03777	0.239049	0.329225	9.15487	13.343	1.65195	2.12384	0.000485103	0.000487993
k107_23675995 flag=0 multi=22.9983 len=46120	46120	21.5056	0.0131826	0.0454441	0	0	0	0	0	0	0.997556	1.30045	0	0	7.75477	10.3236	1.63499	2.64927	0.273321	0.363832	9.22613	11.0916	1.60566	2.04437	0	0
k107_35639233 flag=0 multi=18.0000 len=30001	30001	22.2373	0	0	0	0	0	0	0	0	1.13819	1.71726	0	0	8.58271	11.3493	1.47662	2.3024	0.228223	0.304718	8.98263	12.0279	1.82895	1.95779	0	0
k107_10492552 flag=0 multi=22.0138 len=160149	160149	22.2886	0.00566792	0.00890745	0	0	0	0	0	0	1.05916	1.67752	0	0	8.62286	11.192	1.41503	1.95477	0.275545	0.373537	9.24275	12.1764	1.66756	2.07796	0	0
k107_35844078 flag=0 multi=23.0037 len=285343	285343	21.7458	0	0	1.75413e-05	2.45567e-05	0	0	0	0	1.03811	1.51485	0	0	8.32063	11.1753	1.47371	2.14953	0.212976	0.279734	9.02595	13.3084	1.67338	2.10964	0.00104897	0.00132461
k107_28844429 flag=0 multi=23.2749 len=83109	83109	22.2773	0.00363496	0.00565294	0	0	0	0	0	0	1.17135	1.64727	0	0	8.41829	11.3742	1.34745	2.02199	0.254966	0.390582	9.3485	12.0474	1.73309	2.22726	0	0
k107_10092440 flag=0 multi=31.0061 len=202037	202037	22.2135	0	0	0	0	0	0	0	0	1.08216	1.57154	0	0	8.64262	11.7098	1.49365	2.13745	0.22132	0.303008	9.09756	12.525	1.67616	2.20065	0	0
k107_5335203 flag=0 multi=23.1028 len=4173	4173	23.1116	0	0	0	0	0	0	0	0	1.04262	0.858565	0	0	9.25265	12.4939	1.29372	1.12192	0.111082	0.10341	8.99845	14.1353	2.41307	4.34195	0	0
k107_23027067 flag=0 multi=34.1859 len=2861	2861	19.2368	0	0	0	0	0	0	0	0	1.07464	1.8485	0	0	8.58968	4.65181	1.69988	1.99357	0.0937866	0.0955052	6.84134	9.30219	0.937476	1.14753	0	0
