contigName	contigLen	totalAvgDepth	Cen01_MA.bam	Cen01_MA.bam-var	Cen03_MA.bam	Cen03_MA.bam-var	Cen04_MA.bam	Cen04_MA.bam-var	Cen05_MA.bam	Cen05_MA.bam-var	Cen06_MA.bam	Cen06_MA.bam-var	Cen07_MA.bam	Cen07_MA.bam-var	Cen10_MA.bam	Cen10_MA.bam-var	Cen12_MA.bam	Cen12_MA.bam-var	Cen14_MA.bam	Cen14_MA.bam-var	Cen15_MA.bam	Cen15_MA.bam-var	Cen16_MA.bam	Cen16_MA.bam-var	Cen17_MA.bam	Cen17_MA.bam-var
k107_16839855 flag=0 multi=148.8701 len=8064	8064	186.342	0	0	0	0	0	0	0	0	1.70407	2.78334	0	0	0	0	31.4791	38.5201	0.778536	0.942084	150.961	162.909	1.41948	2.54387	0	0
k107_7619441 flag=0 multi=57.0000 len=35210	35210	70.406	0	0	0	0	0	0	0	0	0	0	0	0	0.319755	0.402003	28.111	38.5158	0.820901	1.10105	41.1543	53.7998	0	0	0	0
k107_27018522 flag=0 multi=52.8830 len=3244	3244	66.2944	0	0	0	0	0	0	0	0	0	0	0	0	0.205303	0.165245	28.277	30.8705	0.718219	0.732055	37.0938	52.2605	0	0	0	0
k107_22155239 flag=0 multi=57.0034 len=3936	3936	64.4829	0	0	0	0	0	0	0	0	0	0	0	0	0.164557	0.284505	26.795	48.8245	0.539351	0.805542	36.984	30.3593	0	0	0	0
k107_14246652 flag=0 multi=53.2675 len=4865	4865	67.4024	0	0	0	0	0	0	0	0	0	0	0	0	0.152531	0.167598	30.5529	46.1045	0.806925	0.838989	35.89	47.5052	0	0	0	0
k107_10245690 flag=0 multi=246.1480 len=2797	2797	94.9158	0	0	0	0	0	0	0	0	0.119439	0.106433	0.733467	0.881487	0.331864	0.352531	26.8669	37.7497	1.9487	1.88422	20.5359	11.2942	44.3796	89.2764	0	0
k107_4699288 flag=0 multi=53.1770 len=8891	8891	65.291	0	0	0	0	0	0	0	0	0	0	0	0	0.131564	0.171728	28.8941	42.2269	0.709745	0.706213	35.5556	34.2511	0	0	0	0
k107_11611949 flag=0 multi=85.9942 len=43055	43055	63.4239	0	0	0	0	0	0	0	0	0	0	0	0	0.217716	0.285552	26.5609	35.6317	0.608168	0.770749	36.0371	58.3854	0	0	0	0
k107_21081457 flag=0 multi=53.9849 len=20877	20877	62.1837	0	0	0	0	0	0	0	0	0	0	0	0	0.183329	0.237033	25.8509	41.4757	0.525055	0.688754	35.6244	36.6225	0	0	0	0
k107_8039533 flag=0 multi=51.5479 len=480710	480710	63.4654	0.00188382	0.00279921	0.000626551	0.000719723	0	0	0	0	0	0	0.000628632	0.00116916	0.226634	0.305344	26.6261	40.6973	0.648973	1.11257	35.9606	56.3418	0	0	0	0
k107_24736300 flag=0 multi=54.3280 len=15728	15728	63.9792	0	0	0	0	0	0	0.0190587	0.0328229	0.115519	0.27838	0	0	0.161027	0.203602	27.1413	41.2801	0.674122	0.850304	35.8681	49.1371	0	0	0	0
k107_98441 flag=0 multi=54.0058 len=116320	116320	61.4178	0.00260304	0.00259158	0	0	0	0	0	0	0	0	0	0	0.231473	0.260681	26.4071	38.8469	0.610181	0.790485	34.1664	48.8708	0	0	0	0
k107_25764590 flag=0 multi=53.0291 len=59394	59394	61.1681	0	0	0	0	0	0	0	0	0	0	0	0	0.172257	0.221853	26.0961	38.3902	0.641965	0.893892	34.2578	49.9101	0	0	0	0
k107_4217460 flag=0 multi=47.0180 len=22996	22996	39.6435	0	0	0	0	0	0	0.00656561	0.00661038	0	0	0	0	0.026615	0.0356023	28.2744	39.7812	0.139596	0.168863	11.1963	17.2557	0	0	0	0
k107_29440947 flag=0 multi=48.0015 len=159925	159925	59.0753	0	0	0	0	0	0	0.000939714	0.000944441	0	0	0	0	0.192215	0.271355	28.1606	40	0.6313	0.90997	30.0902	43.7076	0	0	0	0
k107_24866941 flag=0 multi=58.9965 len=69038	69038	60.6769	0	0	0	0	0	0	0	0	0	0	0	0	0.175628	0.264332	25.5587	38.5193	0.635751	0.899948	34.3068	49.8364	0	0	0	0
k107_35168849 flag=0 multi=52.0033 len=14188	14188	63.4384	0	0	0	0	0	0	0	0	0	0	0	0	0.206323	0.268819	26.8206	37.1096	0.564453	0.665329	35.847	42.1237	0	0	0	0
k107_23833261 flag=0 multi=56.7235 len=172409	172409	62.142	0	0	0.00526417	0.00917147	0	0	0	0	0	0	0	0	0.230723	0.273981	25.9635	35.8551	0.645877	0.859049	35.2967	50.7584	0	0	0	0
k107_5939777 flag=0 multi=58.9262 len=42261	42261	63.8341	0.0143712	0.0440434	0	0	0	0	0	0	0	0	0.00707834	0.0099114	0.462142	0.849645	27.1337	35.4464	0.659882	1.12495	35.5286	50.68	0.028361	0.0338793	0	0
k107_8768668 flag=0 multi=51.6740 len=30768	30768	58.8782	0	0	0	0	0	0	0	0	0	0	0	0	0.14032	0.173761	24.5699	39.2441	0.647213	0.904087	33.5208	53.7326	0	0	0	0
k107_22153897 flag=0 multi=53.2879 len=181789	181789	59.7954	0	0	0	0	0	0	0	0	0	0	0	0	0.199359	0.262828	25.6392	40.32	0.701532	1.00286	33.2553	47.165	0	0	0	0
k107_13751010 flag=0 multi=57.0397 len=42801	42801	61.9944	0.00708252	0.00753036	0	0	0	0	0	0	0	0	0	0	0.134733	0.167749	26.3518	38.8733	0.674416	0.93919	34.8263	56.9227	0	0	0	0
k107_25036250 flag=0 multi=72.1906 len=7094	7094	67.1153	0	0	0	0	0	0	0	0	0	0	0	0	0.133392	0.115626	28.1951	30.1273	0.688457	1.12901	38.0984	48.1094	0	0	0	0
k107_5491911 flag=0 multi=176.9492 len=2861	2861	65.5877	0	0	0	0	0	0	0	0	0	0	0	0	0.417741	0.328551	29.1305	34.3715	1.2161	1.09721	34.8234	41.5201	0	0	0	0
k107_20549880 flag=0 multi=76.1028 len=16907	16907	62.8428	0	0	0	0	0	0	0	0	0	0	0	0	0.288287	0.281613	27.1024	42.2494	0.717133	1.10432	34.735	58.0991	0	0	0	0
k107_10797438 flag=0 multi=49.0290 len=95338	95338	61.236	0	0	0.00317774	0.00320792	0	0	0	0	0	0	0	0	0.238036	0.336386	25.3267	33.7969	0.683015	0.891292	34.9819	55.1731	0.00317774	0.00390097	0	0
k107_6067393 flag=0 multi=53.9994 len=180750	180750	62.6868	0	0	0	0	0	0	0	0	0	0	0.00167361	0.00185685	0.238174	0.28414	26.6635	42.3126	0.691169	1.04695	35.0923	54.7622	0	0	0	0
k107_32636606 flag=0 multi=145.0024 len=35618	35618	188.306	0	0	0	0	0	0	0	0	1.72893	2.6529	0	0	0	0	27.2649	35.4182	1.00549	1.32646	156.534	252.041	1.77279	2.54729	0	0
k107_6885297 flag=0 multi=51.9991 len=59156	59156	58.8409	0	0	0	0	0	0	0	0	0	0	0	0	0.251096	0.322295	25.1305	35.8772	0.738047	0.893241	32.7213	42.907	0	0	0	0
k107_25825664 flag=0 multi=50.9997 len=11473	11473	63.1593	0	0	0	0	0	0	0	0	0	0	0	0	0.229254	0.197785	27.3709	37.5447	0.526542	0.753855	35.0327	63.392	0	0	0	0
k107_34286840 flag=0 multi=46.0805 len=8900	8900	61.8787	0	0	0	0	0	0	0	0	0	0	0	0	0.24529	0.323627	25.5673	28.3257	0.386253	0.621852	35.6798	49.4012	0	0	0	0
k107_10170596 flag=0 multi=49.0185 len=78976	78976	62.1337	0	0	0	0	0	0	0	0	0	0	0	0	0.18461	0.271211	25.9884	42.2125	0.692974	1.10498	35.2678	54.6175	0	0	0	0
k107_11197391 flag=0 multi=52.5064 len=22387	22387	63.7674	0.0136744	0.018197	0	0	0	0	0	0	0	0	0	0	0.10935	0.154939	27.7999	45.9147	0.553498	0.775733	35.291	52.7838	0	0	0	0
k107_9266877 flag=0 multi=48.2696 len=125584	125584	60.767	0.00241056	0.00369749	0	0	0	0	0	0	0	0	0	0	0.199797	0.261841	25.9878	38.1731	0.719896	0.956345	33.8571	52.2985	0	0	0	0
k107_11906166 flag=0 multi=77.1077 len=14946	14946	64.3873	0	0	0	0	0	0	0	0	0	0	0	0	0.247064	0.337979	26.604	36.015	0.58693	0.898454	36.9493	54.316	0	0	0	0
k107_9173936 flag=0 multi=50.2996 len=169695	169695	63.334	0	0	0	0	0	0	0	0	0	0	0	0	0.263565	0.355996	26.7528	41.9942	0.629176	0.832019	35.6885	51.5865	0	0	0	0
k107_25645684 flag=0 multi=52.0048 len=202131	202131	63.2955	0	0	0.00149632	0.00149323	0	0	0	0	0	0	0	0	0.223397	0.303383	27.15	40.6567	0.672718	0.95614	35.2464	51.9067	0.00149136	0.00238472	0	0
k107_10690507 flag=0 multi=52.0994 len=35663	35663	65.3027	0.00854048	0.0104461	0	0	0	0	0	0	0	0	0	0	0.17491	0.208659	27.5662	35.7098	0.703798	0.987614	36.8492	52.9845	0	0	0	0
k107_22249533 flag=0 multi=59.9895 len=37102	37102	64.5883	0.00809783	0.0149289	0	0	0	0	0	0	0.0976359	0.167373	0	0	0.229429	0.287518	27.0318	41.416	0.923832	1.24003	36.0844	60.7888	0.213043	0.315389	0	0
k107_1709242 flag=0 multi=47.2608 len=40688	40688	60.6856	0	0	0	0	0	0	0	0	0	0	0	0	0.130763	0.21846	26.0947	35.0392	0.509335	0.871722	33.9508	48.7231	0	0	0	0
k107_25074808 flag=0 multi=47.8730 len=101190	101190	61.0712	0	0	0	0	0	0	0	0	0	0	0	0	0.292998	0.381721	25.6577	39.7418	0.684561	0.916041	34.436	55.0723	0	0	0	0
k107_11596993 flag=0 multi=52.9338 len=123545	123545	63.4547	0.00245044	0.00354304	0.00119277	0.00122341	0	0	0	0	0	0	0	0	0.227956	0.291941	26.8259	45.3824	0.657774	0.885268	35.7394	54.8672	0	0	0	0
k107_34145268 flag=0 multi=49.2102 len=124718	124718	59.0873	0.113	0.406566	0.00479038	0.00701142	0.0024193	0.00241596	0.00357671	0.00361512	0.0011976	0.00121083	0	0	0.158742	0.197556	28.4116	41.2971	0.607534	0.893118	29.7797	43.8031	0.00237912	0.00241558	0.00238715	0.0024161
k107_11118580 flag=0 multi=65.9924 len=63660	63660	60.0127	0	0	0	0	0	0	0	0	0	0	0	0	0.23716	0.344454	25.6066	38.7471	0.57445	0.694452	33.5945	48.8754	0	0	0	0
k107_10493952 flag=0 multi=51.9102 len=159673	159673	59.9676	0.00189495	0.00315829	0.00189495	0.00213908	0	0	0	0	0	0	0	0	0.196786	0.270638	25.185	39.3973	0.652478	0.897726	33.9277	50.424	0.00186358	0.00189136	0	0
k107_23716194 flag=0 multi=46.9858 len=18719	18719	56.3383	0	0	0	0	0	0	0	0	0	0	0	0	0.220883	0.252724	23.836	37.2422	0.736982	1.02556	31.5444	41.4018	0	0	0	0
k107_7867949 flag=0 multi=56.7055 len=143585	143585	61.5477	0	0	0.00210772	0.0021551	0	0	0	0	0.00210772	0.00302156	0	0	0.218861	0.283645	26.6066	40.6868	0.674595	0.964541	34.0435	53.4507	0	0	0	0
k107_25820388 flag=0 multi=49.7410 len=136912	136912	62.9363	0	0	0	0	0.00221067	0.00220372	0	0	0	0	0	0	0.245699	0.332702	26.9771	38.3184	0.692292	0.980122	35.019	59.4312	0	0	0	0
k107_10768351 flag=0 multi=53.0213 len=51694	51694	66.3819	0	0	0	0	0	0	0	0	0	0	0	0	0.258056	0.396278	27.4151	43.094	0.748618	0.888201	37.9601	51.5153	0	0	0	0
k107_2330920 flag=0 multi=61.3588 len=99216	99216	61.4552	0	0	0	0	0	0	0	0	0	0	0	0	0.210445	0.297938	25.7344	37.2405	0.620458	0.784189	34.8899	51.8564	0	0	0	0
k107_10976059 flag=0 multi=48.8870 len=5586	5586	59.0498	0	0	0	0	0	0	0	0	0	0	0	0	0.0571537	0.0614681	25.6134	32.1788	0.510787	0.449423	32.8685	38.8237	0	0	0	0
k107_25765788 flag=0 multi=54.2286 len=3257	3257	64.6975	0	0	0	0	0	0	0	0	0	0	0	0	0.202707	0.222946	24.8386	38.8251	1.33367	2.27463	38.3225	57.574	0	0	0	0
k107_7768454 flag=0 multi=49.4169 len=132694	132694	61.3054	0.0022811	0.00227283	0	0	0	0	0	0	0	0	0.0022811	0.00257311	0.239237	0.307818	26.4748	38.4575	0.665297	0.922245	33.9215	47.0789	0	0	0	0
k107_55651 flag=0 multi=47.1470 len=17981	17981	60.5818	0	0	0	0	0	0	0	0	0	0	0	0	0.204593	0.234463	26.4454	41.0357	0.704791	1.11672	33.2271	39.2342	0	0	0	0
k107_22089484 flag=0 multi=52.0135 len=80398	80398	63.8541	0	0	0	0	0	0	0	0	0.0205503	0.0352768	0	0	0.265918	0.329956	27.4901	42.9041	0.681395	0.896486	35.334	48.5107	0.0621504	0.114137	0	0
k107_18790095 flag=0 multi=42.1169 len=2623	2623	30.0134	0	0	0	0	0	0	0	0	0	0	0	0	0	0	27.8104	43.6372	0.129685	0.113239	2.07324	3.75619	0	0	0	0
k107_14417195 flag=0 multi=51.0058 len=98446	98446	62.0803	0	0	0	0	0	0	0	0	0	0	0	0	0.207389	0.253966	26.6032	40.7953	0.722398	0.95659	34.5474	47.8969	0	0	0	0
k107_3834987 flag=0 multi=56.0058 len=67793	67793	64.4005	0.00447467	0.00761497	0	0	0	0	0	0	0	0	0	0	0.21231	0.250196	27.2494	46.9754	0.733624	1.00693	36.2007	55.8055	0	0	0	0
k107_19719549 flag=0 multi=47.1881 len=10434	10434	56.5565	0.220786	0.470038	0	0	0.0437229	0.049435	0.0292144	0.036224	0	0	0	0	0.170944	0.25647	26.3421	45.5068	0.825799	1.18521	28.9093	35.7892	0	0	0.0146072	0.0146892
k107_16574433 flag=0 multi=47.0423 len=29590	29590	61.0197	0	0	0	0	0	0	0	0	0	0	0	0	0.200184	0.258916	26.2656	40.0924	0.602499	0.87649	33.9514	42.2864	0	0	0	0
k107_13766464 flag=0 multi=54.0806 len=39376	39376	63.175	0.00772892	0.014939	0	0	0	0	0	0	0	0	0	0	0.239085	0.382557	26.7504	35.6459	0.535343	0.732835	35.6387	54.6607	0.00376209	0.00384995	0	0
k107_3976656 flag=0 multi=55.4553 len=110842	110842	60.4006	0	0	0	0	0	0	0	0	0	0	0	0	0.229112	0.281975	25.3115	40.0287	0.653745	0.965721	34.2063	52.2629	0	0	0	0
k107_17713446 flag=0 multi=77.1727 len=14985	14985	61.8809	0.020568	0.0287307	0	0	0.0100116	0.0101798	0.0200232	0.03554	0.0202275	0.0201499	0	0	0.153851	0.186168	26.3085	34.7782	0.558333	0.53422	34.7592	54.6191	0.0301028	0.04763	0	0
k107_2730945 flag=0 multi=48.9954 len=47225	47225	62.3116	0	0	0	0	0	0	0.00643608	0.00856398	0	0	0	0	0.302112	0.335443	26.5096	41.4903	0.665558	0.986033	34.8216	55.4314	0.00632952	0.00638402	0	0
k107_15037307 flag=0 multi=57.3023 len=221555	221555	62.1748	0.00136495	0.00148956	0	0	0	0	0	0	0	0	0	0	0.22246	0.269247	26.632	37.6415	0.663783	0.817658	34.6552	49.25	0	0	0	0
