contigName	contigLen	totalAvgDepth	Cen01_MA.bam	Cen01_MA.bam-var	Cen03_MA.bam	Cen03_MA.bam-var	Cen04_MA.bam	Cen04_MA.bam-var	Cen05_MA.bam	Cen05_MA.bam-var	Cen06_MA.bam	Cen06_MA.bam-var	Cen07_MA.bam	Cen07_MA.bam-var	Cen10_MA.bam	Cen10_MA.bam-var	Cen12_MA.bam	Cen12_MA.bam-var	Cen14_MA.bam	Cen14_MA.bam-var	Cen15_MA.bam	Cen15_MA.bam-var	Cen16_MA.bam	Cen16_MA.bam-var	Cen17_MA.bam	Cen17_MA.bam-var
k107_29403513 flag=0 multi=74.0193 len=216684	216684	94.7732	0	0	0	0	0	0	0	0	0	0	0.0460482	0.0785979	91.5474	147.61	2.62904	3.58971	0.241235	0.35046	0.308117	0.429889	0.00137257	0.00139254	0	0
k107_1321830 flag=0 multi=72.1225 len=22741	22741	94.3761	0	0	0	0	0	0	0	0	0	0	0.0537903	0.0647622	91.2603	132.589	2.46384	2.94258	0.29578	0.414339	0.302464	0.4424	0	0	0	0
k107_21374463 flag=0 multi=75.0107 len=183102	183102	93.7018	0.00165208	0.00164844	0	0	0	0	0	0	0	0	0.0396061	0.0531935	90.4908	133.579	2.57461	3.73739	0.287095	0.435081	0.306324	0.385858	0.00164114	0.00165942	0	0
k107_3681939 flag=0 multi=74.9860 len=31663	31663	94.0364	0	0	0	0	0	0	0	0	0.00959791	0.0188556	0.0672172	0.0898636	90.86	132.844	2.59475	3.55237	0.197156	0.279799	0.307579	0.38333	0	0	0	0
k107_4024854 flag=0 multi=112.9563 len=2736	2736	95.3365	0	0	0	0	0	0	0	0	0	0	0	0	92.4606	89.8449	2.17338	4.68758	0.471241	0.502517	0.231306	0.267704	0	0	0	0
k107_8830844 flag=0 multi=73.0046 len=59638	59638	90.6968	0	0	0.0101793	0.0144759	0	0	0	0	0	0	0.0610759	0.115666	87.4193	146.764	2.66535	3.99468	0.238995	0.337417	0.301891	0.4398	0	0	0	0
k107_1515980 flag=0 multi=74.9987 len=14357	14357	96.3056	0	0	0	0	0	0	0	0	0	0	0.021487	0.0339767	92.8963	141.31	2.70139	3.81499	0.332906	0.413131	0.353469	0.377944	0	0	0	0
k107_31740377 flag=0 multi=108.0114 len=25750	25750	94.9785	0	0	0	0	0	0	0	0	0	0	0.035602	0.0484127	91.9045	112.66	2.44137	2.93895	0.249096	0.344249	0.347964	0.410594	0	0	0	0
k107_18056764 flag=0 multi=64.9587 len=14810	14810	95.0755	0	0	0	0	0	0	0	0	0.0208161	0.0268591	0.0208161	0.0300292	91.8916	160.423	2.48821	4.99519	0.238834	0.406491	0.415219	0.7849	0	0	0	0
k107_21388804 flag=0 multi=76.9580 len=23132	23132	93.8497	0	0	0	0	0	0	0	0	0	0	0.0395094	0.0535414	90.9799	159.235	2.26894	3.09619	0.217915	0.246176	0.343452	0.498365	0	0	0	0
k107_22151386 flag=0 multi=76.9966 len=141012	141012	92.0875	0.00429252	0.00603998	0	0	0	0	0	0	0	0	0.0375524	0.0506913	89.0958	126.09	2.40247	3.30854	0.206901	0.285026	0.34058	0.474462	0	0	0	0
k107_28753482 flag=0 multi=80.9945 len=56971	56971	95.0153	0	0	0	0	0	0	0	0	0	0	0.063915	0.122508	91.7255	121.083	2.58748	3.10495	0.255607	0.380917	0.382784	0.551868	0	0	0	0
k107_21228592 flag=0 multi=78.2925 len=59747	59747	92.4974	0	0	0	0	0	0	0	0	0	0	0.0304651	0.040703	89.1413	109.645	2.71545	4.27052	0.283136	0.364295	0.327008	0.40095	0	0	0	0
k107_26230581 flag=0 multi=47.4358 len=14801	14801	36.2247	0	0	0	0	0	0	0	0	0	0	0.020829	0.0363953	34.2424	39.1105	1.50238	2.31646	0.292503	0.394454	0.166563	0.193366	0	0	0	0
k107_16297828 flag=0 multi=73.9991 len=82748	82748	92.4153	0	0	0.003663	0.00363676	0	0	0	0	0	0	0.0512578	0.0952866	89.2971	123.125	2.39207	3.81624	0.321956	0.416045	0.345572	0.442887	0.003663	0.00364177	0	0
k107_994091 flag=0 multi=70.9799 len=6520	6520	92.7469	0	0	0	0	0	0	0	0	0	0	0	0	89.3768	121.106	2.66517	3.83904	0.268253	0.322161	0.436636	0.689369	0	0	0	0
k107_25170166 flag=0 multi=72.7359 len=47178	47178	92.7151	0	0	0	0	0	0	0	0	0	0	0.0322126	0.0433244	89.3496	130.722	2.77524	3.92329	0.254053	0.313193	0.303951	0.410055	0	0	0	0
k107_7946800 flag=0 multi=74.8363 len=65565	65565	95.319	0	0	0	0	0	0	0	0	0	0	0.046213	0.0666387	92.2539	145.607	2.42301	3.76119	0.275148	0.390489	0.320794	0.405362	0	0	0	0
k107_3017172 flag=0 multi=217.6857 len=4590	4590	65.9527	0	0	0	0	0	0	0	0	0	0	0	0	65.3897	90.5979	0.562966	0.664046	0	0	0	0	0	0	0	0
k107_22319892 flag=0 multi=70.0349 len=38106	38106	91.8022	0	0	0	0	0	0	0	0	0	0	0.0159507	0.0240722	88.7813	115.147	2.47246	3.69592	0.307057	0.435234	0.225373	0.245136	0	0	0	0
k107_32435126 flag=0 multi=95.2950 len=2578	2578	85.2988	0	0	0	0	0	0	0	0	0	0	0	0	81.7452	82.6349	2.95694	4.34	0.0773286	0.0713819	0.519332	0.392978	0	0	0	0
k107_34073337 flag=0 multi=79.0450 len=30585	30585	92.5521	0	0	0.00993957	0.0111875	0	0	0	0	0	0	0.0497969	0.0970759	89.3993	129.169	2.46597	3.34182	0.209193	0.328899	0.417858	0.547899	0	0	0	0
k107_17044531 flag=0 multi=72.0022 len=150568	150568	92.4869	0.00600934	0.00883443	0	0	0	0	0.00200977	0.00290686	0	0	0.047203	0.0630844	89.4255	136.301	2.46252	3.34096	0.231816	0.32138	0.311827	0.417547	0	0	0	0
k107_11035752 flag=0 multi=71.9924 len=38625	38625	92.4655	0	0	0.00788039	0.0120455	0	0	0	0	0	0	0.0236412	0.035506	89.1913	121.626	2.69128	4.45848	0.272004	0.366752	0.279467	0.391495	0	0	0	0
k107_34079781 flag=0 multi=75.7410 len=22493	22493	92.901	0	0	0	0	0	0	0	0	0	0	0.0272182	0.0264758	89.842	110.915	2.34158	3.62348	0.306025	0.376584	0.38421	0.542847	0	0	0	0
k107_14773353 flag=0 multi=84.4614 len=85642	85642	93.1102	0.00353879	0.00603101	0.0106164	0.0179623	0	0	0	0	0	0	0.0494375	0.0736042	90.0092	120.23	2.49885	3.65775	0.265116	0.388189	0.273518	0.346938	0	0	0	0
k107_31730986 flag=0 multi=73.0153 len=14071	14071	91.7811	0	0	0	0	0	0	0	0	0	0	0.0657274	0.0781772	88.7691	135.902	2.40867	2.95709	0.231171	0.314686	0.306413	0.348147	0	0	0	0
k107_18194452 flag=0 multi=75.7993 len=120531	120531	92.747	0	0	0.00499879	0.00732481	0	0	0	0	0	0	0.0464031	0.0593164	89.5072	124.633	2.65693	3.56688	0.275832	0.372978	0.253184	0.318003	0.0024786	0.00250113	0	0
k107_9544967 flag=0 multi=72.3260 len=106399	106399	93.763	0	0	0.00284645	0.00439983	0	0	0.00284645	0.00334032	0	0	0.0696438	0.116488	90.52	148.713	2.60235	3.42118	0.261647	0.405168	0.300866	0.411192	0.00283703	0.00283245	0	0
k107_5206827 flag=0 multi=70.6347 len=99048	99048	90.3836	0	0	0	0	0	0	0	0	0	0	0.0146841	0.0219644	87.3564	125.639	2.41593	3.49801	0.24724	0.299991	0.349361	0.488945	0	0	0	0
k107_25926935 flag=0 multi=72.9676 len=21975	21975	91.2115	0	0	0	0	0	0	0	0	0	0	0.0139344	0.0206594	88.4555	106.437	2.30176	2.87657	0.201864	0.250198	0.238453	0.314864	0	0	0	0
k107_13479617 flag=0 multi=70.9878 len=9778	9778	91.3117	0	0	0	0	0	0	0	0	0	0	0.03187	0.0538642	88.9369	116.004	1.86133	2.40448	0.195441	0.194349	0.286197	0.334822	0	0	0	0
k107_3365916 flag=0 multi=79.1723 len=5985	5985	90.1292	0	0	0	0	0	0	0	0	0	0	0.0531409	0.0503293	87.2909	160.608	2.38272	3.14606	0.220658	0.460951	0.18177	0.175019	0	0	0	0
k107_16189905 flag=0 multi=74.0002 len=168152	168152	93.5325	0	0	0.00358654	0.0035739	0	0	0	0	0	0	0.0368484	0.0565128	90.4263	125.88	2.48116	3.47005	0.262466	0.372277	0.322139	0.451111	0	0	0	0
k107_9542454 flag=0 multi=72.0116 len=70465	70465	94.2836	0.00430426	0.00838554	0	0	0	0	0	0	0	0	0.0184428	0.0361285	91.2654	163.184	2.45622	3.50661	0.221556	0.294389	0.317746	0.390141	0	0	0	0
k107_32112944 flag=0 multi=70.2185 len=41991	41991	92.9114	0.00724412	0.00719902	0.00724412	0.00935694	0	0	0	0	0	0	0.0362206	0.0444188	89.9025	140.695	2.40469	3.75209	0.199021	0.289199	0.354482	0.547392	0	0	0	0
k107_19579287 flag=0 multi=74.6825 len=68571	68571	93.5949	0	0	0.00442368	0.0051393	0	0	0	0	0	0	0.0462728	0.0643356	90.5358	136.246	2.40567	3.7572	0.278457	0.374101	0.319867	0.424606	0.00442368	0.00441333	0	0
k107_11806632 flag=0 multi=74.7693 len=67198	67198	92.0165	0	0	0	0	0	0	0	0	0	0	0.0315265	0.0405386	89.0546	122.865	2.43898	3.44961	0.249925	0.342182	0.241479	0.300057	0	0	0	0
k107_18206526 flag=0 multi=76.8414 len=42954	42954	90.6658	0	0	0.0034465	0.00352876	0	0	0	0	0	0	0.0707587	0.0906159	87.7037	130.629	2.3559	2.86555	0.189182	0.271888	0.342868	0.455132	0	0	0	0
k107_1865805 flag=0 multi=66.0386 len=11647	11647	89.1724	0	0	0	0	0	0	0	0	0	0	0	0	86.3515	148.115	2.47528	3.05634	0.185897	0.237108	0.159718	0.171772	0	0	0	0
k107_25935370 flag=0 multi=71.4112 len=55268	55268	92.3913	0	0	0.00549431	0.00913938	0	0	0	0	0	0	0.0520867	0.0655278	89.316	131.933	2.46087	3.36159	0.217061	0.341136	0.334279	0.435364	0.00549431	0.00662893	0	0
k107_19423532 flag=0 multi=71.9953 len=31534	31534	92.4329	0	0	0	0	0	0	0	0	0	0	0.0483158	0.103864	89.1556	156.8	2.63073	3.65455	0.265785	0.323122	0.332447	0.684974	0	0	0	0
k107_8039069 flag=0 multi=68.9928 len=24691	24691	92.6212	0	0	0	0	0	0	0	0	0	0	0.0495305	0.132193	89.5033	149.987	2.47718	3.54169	0.220222	0.277514	0.370987	0.548518	0	0	0	0
k107_19019593 flag=0 multi=67.0525 len=3555	3555	86.0606	0	0	0	0	0	0	0	0	0	0	0	0	81.4393	88.5991	4.29665	6.49072	0.232093	0.375692	0.09253	0.143274	0	0	0	0
k107_6157455 flag=0 multi=72.3154 len=3750	3750	90.2364	0	0	0	0	0	0	0	0	0	0	0	0	86.8329	139.746	2.87935	3.72955	0.087587	0.126927	0.436485	0.712147	0	0	0	0
k107_12391213 flag=0 multi=32.1771 len=3506	3506	37.9629	0	0	0	0	0	0	0	0	0	0	0	0	36.2038	74.4213	1.29401	1.77858	0.135768	0.169197	0.235331	0.25323	0.0939451	0.0853981	0	0
k107_20772374 flag=0 multi=141.0000 len=8656	8656	87.95	0	0	0	0	0	0	0	0	0	0	0	0	85.3933	147.11	2.19835	3.26487	0.072181	0.0836089	0.28609	0.278695	0	0	0	0
k107_24678945 flag=0 multi=72.0000 len=85774	85774	93.208	0	0	0.00353332	0.00444534	0	0	0	0	0.00284304	0.00536217	0.0281964	0.0490173	90.1693	128.206	2.45684	3.35655	0.24931	0.313339	0.297981	0.401889	0	0	0	0
k107_17954129 flag=0 multi=75.4869 len=51528	51528	95.5331	0	0	0	0	0	0	0	0	0	0	0.0235818	0.0404455	92.4375	133.735	2.575	3.64021	0.170909	0.233873	0.326065	0.531234	0	0	0	0
k107_5432209 flag=0 multi=78.0339 len=70004	70004	91.6365	0	0	0	0	0	0	0	0	0	0	0.0346332	0.048428	88.8736	141.914	2.26774	3.70416	0.244326	0.347977	0.216235	0.260622	0	0	0	0
k107_1011234 flag=0 multi=75.0087 len=50314	50314	93.0505	0	0	0	0	0	0	0	0	0	0	0.0301928	0.0377004	90.1345	124.536	2.3313	3.71197	0.241262	0.300081	0.313185	0.460179	0	0	0	0
k107_19767570 flag=0 multi=70.0588 len=74747	74747	92.1591	0.00811337	0.0242218	0.00405669	0.00544379	0	0	0	0	0	0	0.0364833	0.045425	89.0566	138.317	2.54963	3.69463	0.216643	0.291439	0.287581	0.369542	0	0	0	0
