contigName	contigLen	totalAvgDepth	Cen01_MA.bam	Cen01_MA.bam-var	Cen03_MA.bam	Cen03_MA.bam-var	Cen04_MA.bam	Cen04_MA.bam-var	Cen05_MA.bam	Cen05_MA.bam-var	Cen06_MA.bam	Cen06_MA.bam-var	Cen07_MA.bam	Cen07_MA.bam-var	Cen10_MA.bam	Cen10_MA.bam-var	Cen12_MA.bam	Cen12_MA.bam-var	Cen14_MA.bam	Cen14_MA.bam-var	Cen15_MA.bam	Cen15_MA.bam-var	Cen16_MA.bam	Cen16_MA.bam-var	Cen17_MA.bam	Cen17_MA.bam-var
k107_34142706 flag=0 multi=10.0825 len=11219	11219	11.4865	0	0	0	0	0	0	0	0	0.304021	0.460128	0	0	0	0	10.3877	15.8102	0	0	0.794815	0.998743	0	0	0	0
k107_28966897 flag=0 multi=70.9799 len=6381	6381	9.91101	0	0	0	0	0	0	0	0	0.297746	0.598869	0	0	0	0	9.21648	10.613	0	0	0.396776	0.555739	0	0	0	0
k107_20207144 flag=0 multi=15.0336 len=4634	4634	14.3377	0	0	0	0	0	0	0	0	0	0	0	0	0	0	13.8317	24.4559	0	0	0.506002	0.607909	0	0	0	0
k107_10356973 flag=0 multi=37.0334 len=2803	2803	11.8345	0	0	0	0	0	0	0	0	0.0947621	0.123741	0	0	0	0	11.1283	9.60787	0	0	0.611355	0.820359	0	0	0	0
k107_8614287 flag=0 multi=13.1606 len=2846	2846	11.9049	0	0	0	0	0	0	0	0	0.0593553	0.0558541	0	0	0	0	11.8337	13.8313	0	0	0.0117925	0.011658	0	0	0	0
k107_4747688 flag=0 multi=17.3029 len=9330	9330	10.8613	0	0	0	0	0	0	0	0	0.351462	0.546781	0	0	0	0	10.1586	15.0428	0	0	0.351241	0.436548	0	0	0	0
k107_3641466 flag=0 multi=12.0942 len=4044	4044	14.7742	0	0	0	0	0	0	0	0	0.179049	0.421268	0	0	0	0	13.8907	19.991	0	0	0.704436	1.22086	0	0	0	0
k107_2911297 flag=1 multi=19.8777 len=12282	12282	9.55726	0	0	0	0	0	0	0	0	0.302421	0.450101	0	0	0	0	8.77613	12.8062	0	0	0.478715	0.91277	0	0	0	0
k107_273999 flag=0 multi=42.1437 len=2570	2570	44.3188	0	0	0	0	0	0	0	0	1.96914	1.31323	0	0	0	0	40.5692	105.706	0	0	1.78042	2.35794	0	0	0	0
k107_35634311 flag=1 multi=12.0403 len=3206	3206	13.2555	0	0	0	0	0	0	0	0	0.363636	0.288772	0	0	0	0	12.3722	11.2667	0	0	0.519628	0.445352	0	0	0	0
k107_34733664 flag=0 multi=53.2721 len=7844	7844	10.7334	0	0	0	0	0	0	0	0	0.212676	0.25378	0	0	0	0	9.97746	9.95465	0	0	0.543225	0.85675	0	0	0	0
k107_33756256 flag=0 multi=71.9518 len=2701	2701	12.3831	0	0	0	0	0	0	0	0	0.244268	0.299773	0	0	0	0	11.7641	9.53422	0	0	0.374739	0.778904	0	0	0	0
k107_31967541 flag=1 multi=19.0253 len=3348	3348	10.7965	0	0	0	0	0	0	0	0	0.198293	0.18201	0	0	0	0	10.3014	16.9623	0	0	0.296783	0.300992	0	0	0	0
k107_31409797 flag=0 multi=11.9988 len=2542	2542	9.12098	0	0	0	0	0	0	0	0	0.132143	0.114732	0	0	0	0	8.58527	9.18018	0	0	0.403571	0.483041	0	0	0	0
k107_31019293 flag=0 multi=22.5669 len=2963	2963	22.1319	0	0	0	0	0	0	0	0	0.693348	0.610433	0	0	0	0	20.4175	24.0048	0	0	1.02104	1.13112	0	0	0	0
k107_30498604 flag=0 multi=169.8126 len=3448	3448	9.48252	0	0	0	0	0	0	0	0	0.0959949	0.1256	0	0	0	0	8.76319	10.56	0	0	0.623331	0.704019	0	0	0	0
k107_25557921 flag=0 multi=8.0679 len=5483	5483	9.00676	0	0	0	0	0	0	0	0	0.261919	0.396269	0	0	0	0	8.12141	12.7912	0	0	0.623432	0.678683	0	0	0	0
k107_25347672 flag=0 multi=34.2842 len=4833	4833	12.4237	0	0	0	0	0	0	0	0	0.266608	0.305055	0	0	0	0	11.5237	11.5655	0	0	0.633414	0.627411	0	0	0	0
k107_24677569 flag=0 multi=30.4574 len=4985	4985	13.4709	0	0	0	0	0	0	0	0	0.434764	0.539865	0	0	0	0	12.7348	44.0017	0	0	0.301303	0.332709	0	0	0	0
k107_23711829 flag=0 multi=12.7243 len=2668	2668	11.0693	0	0	0	0	0	0	0	0	0.0549451	0.0536393	0	0	0	0	10.3774	14.3396	0	0	0.63694	0.690203	0	0	0	0
k107_23495904 flag=0 multi=13.0187 len=3101	3101	9.48946	0	0	0	0	0	0	0	0	0.254377	0.246916	0	0	0	0	8.6731	19.7911	0	0	0.561986	1.13094	0	0	0	0
k107_21861119 flag=0 multi=16.1606 len=2996	2996	11.1674	0	0	0	0	0	0	0	0	0.112101	0.137448	0	0	0	0	10.333	11.6136	0	0	0.722346	0.954247	0	0	0	0
k107_20875160 flag=0 multi=26.0161 len=6424	6424	32.8177	0	0	0	0	0	0	0	0	0.780627	0.909739	0	0	0	0	30.3589	45.7922	0	0	1.67821	2.51531	0	0	0	0
k107_20250745 flag=0 multi=24.3903 len=13939	13939	27.4172	0	0	0	0	0	0	0	0	0.579673	0.982554	0	0	0	0	25.8434	43.358	0	0	0.99406	1.31142	0	0	0	0
k107_17808943 flag=0 multi=10.4047 len=3159	3159	9.88274	0	0	0	0	0	0	0	0	0.633882	0.720151	0	0	0	0	8.82849	8.93018	0	0	0.420371	0.244124	0	0	0	0
k107_17327498 flag=0 multi=18.0093 len=3104	3104	10.7441	0	0	0	0	0	0	0	0	0.21556	0.25912	0	0	0	0	9.88187	14.7645	0.10778	0.0962011	0.538901	0.469921	0	0	0	0
k107_16484164 flag=0 multi=9.0372 len=5757	5757	11.3672	0	0	0	0	0	0	0	0	0.386984	0.437602	0	0	0	0	10.7588	29.2546	0	0	0.221448	0.420317	0	0	0	0
k107_16384569 flag=0 multi=33.0017 len=24239	24239	40.487	0	0	0	0	0	0	0	0	0.755358	1.12628	0	0	0	0	38.3075	78.0266	0.0126165	0.0163815	1.41154	2.18852	0	0	0	0
k107_14768238 flag=0 multi=72.0261 len=3740	3740	22.1885	0	0	0	0	0	0	0	0	0.69808	0.680648	0	0	0	0	20.3598	22.5393	0	0	1.1306	1.60157	0	0	0	0
k107_14680203 flag=0 multi=26.0294 len=2960	2960	20.8615	0	0	0	0	0	0	0	0	0.533108	0.766818	0	0	0	0	19.4214	27.7824	0	0	0.907073	1.04356	0	0	0	0
k107_14388894 flag=0 multi=15.7568 len=3511	3511	12.1661	0	0	0	0	0	0	0	0	0.444998	1.0619	0	0	0	0	11.2035	16.6202	0.0470552	0.0448543	0.470552	0.446838	0	0	0	0
k107_13452526 flag=0 multi=9.0447 len=7400	7400	9.86785	0	0	0	0	0	0	0	0	0.127642	0.16403	0	0	0	0	9.38715	17.9904	0	0	0.353057	0.524114	0	0	0	0
k107_11756378 flag=0 multi=82.1764 len=3281	3281	12.9251	0	0	0	0	0	0	0	0	0.304129	0.309757	0	0	0	0	12.5196	14.6593	0	0	0.101376	0.169037	0	0	0	0
k107_9852338 flag=0 multi=13.8519 len=3760	3760	12.513	0	0	0	0	0	0	0	0	0.0303644	0.054021	0	0	0	0	11.6975	21.175	0	0	0.785136	1.33683	0	0	0	0
k107_8458419 flag=0 multi=50.7934 len=4221	4221	17.3381	0	0	0	0	0	0	0	0	0.263332	0.297786	0	0	0	0	16.1391	66.6413	0	0	0.935698	1.71189	0	0	0	0
k107_7920294 flag=0 multi=17.1505 len=3716	3716	10.4107	0	0	0	0	0	0	0	0	0.0884593	0.107604	0	0	0	0	9.93527	11.1811	0.0884593	0.160349	0.298477	0.478437	0	0	0	0
k107_7622993 flag=0 multi=62.2598 len=10290	10290	76.3512	0	0	0	0	0	0	0	0	0.793052	1.13605	0	0	0	0	72.9256	155.029	0	0	2.60232	4.13909	0	0	0.0302363	0.0361338
k107_7394074 flag=0 multi=72.2279 len=4737	4737	17.377	0	0	0	0	0	0	0	0	0.168433	0.157977	0	0	0	0	16.074	62.2944	0.0680947	0.11805	1.06652	3.09138	0	0	0	0
k107_6221391 flag=0 multi=9.0800 len=2518	2518	9.64486	0	0	0	0	0	0	0	0	0.136282	0.117761	0	0	0	0	9.03294	8.669	0	0	0.475632	0.758851	0	0	0	0
k107_5128025 flag=0 multi=61.9454 len=18804	18804	44.6642	0	0	0	0	0	0	0	0	0.540536	0.734883	0	0	0	0	43.1855	67.2975	0.0325911	0.0520056	0.905578	1.29528	0	0	0	0
k107_3771063 flag=0 multi=13.2647 len=2891	2891	9.98996	0	0	0	0	0	0	0	0	0	0	0	0	0	0	9.40904	17.6871	0	0	0.580919	0.570068	0	0	0	0
k107_2441598 flag=0 multi=40.1961 len=7038	7038	41.4951	0	0	0	0	0	0	0	0	0.372179	0.625762	0	0	0	0	40.3125	59.2477	0	0	0.810422	1.28481	0	0	0	0
k107_1852559 flag=0 multi=13.4169 len=5228	5228	13.3201	0	0	0	0	0	0	0	0	0.367844	0.343023	0	0	0	0	12.055	14.7934	0	0	0.89728	1.40246	0	0	0	0
k107_1569768 flag=0 multi=13.3453 len=2789	2789	12.1713	0	0	0	0	0	0	0	0	0.364294	0.32339	0	0	0	0	11.1158	24.2657	0	0	0.691194	0.568008	0	0	0	0
k107_579440 flag=0 multi=29.5757 len=3715	3715	22.4539	0	0	0	0	0	0	0	0	0.17697	0.183788	0	0	0	0	21.835	37.8153	0	0	0.44184	0.316621	0	0	0	0
k107_95775 flag=0 multi=14.1173 len=2810	2810	10.4246	0	0	0	0	0	0	0	0	0.275518	0.284255	0	0	0	0	9.75199	17.8329	0	0	0.397129	0.471125	0	0	0	0
k107_1927221 flag=0 multi=9.0962 len=37962	37962	10.8252	0	0	0	0	0	0	0	0	0.176261	0.245076	0	0	0	0	10.1004	14.5073	0.00400956	0.00399318	0.544477	0.629414	0	0	0	0
k107_7895164 flag=0 multi=19.9759 len=8123	8123	11.7484	0	0	0	0	0	0	0	0	0.077228	0.119356	0	0	0	0	10.8269	28.7779	0	0	0.844265	0.984561	0	0	0	0
k107_396913 flag=1 multi=8.0000 len=5463	5463	9.98702	0	0	0	0	0	0	0	0	0.117032	0.13553	0	0	0	0	9.46076	19.304	0	0	0.409223	0.99587	0	0	0	0
k107_1636816 flag=0 multi=14.0727 len=11599	11599	12.955	0	0	0	0	0	0	0	0	0.23431	0.27844	0	0	0	0	12.1065	15.1864	0	0	0.614234	0.659245	0	0	0	0
k107_1554301 flag=0 multi=10.1593 len=23419	23419	11.1402	0	0	0	0	0	0	0	0	0.234719	0.3725	0	0	0	0	10.5334	16.3064	0	0	0.372107	0.430475	0	0	0	0
k107_11644339 flag=0 multi=33.1875 len=4945	4945	11.759	0	0	0	0	0	0	0	0	0	0	0	0	0	0	11.0818	20.5613	0	0	0.677148	0.789622	0	0	0	0
k107_32463552 flag=0 multi=9.0084 len=41966	41966	11.2387	0	0	0	0	0	0	0	0	0.249808	0.426447	0	0	0	0	10.4978	15.9152	0	0	0.491071	0.735134	0	0	0	0
k107_690876 flag=0 multi=10.2568 len=23732	23732	11.7424	0	0	0	0	0	0	0	0	0.296244	0.458284	0	0	0	0	11.0663	17.1747	0	0	0.379898	0.454172	0	0	0	0
k107_23992125 flag=1 multi=10.0000 len=41646	41646	11.4425	0	0	0	0	0	0	0	0	0.211687	0.345207	0	0	0	0	10.6837	16.2071	0	0	0.547165	0.764602	0	0	0	0
k107_6098072 flag=0 multi=17.0028 len=20838	20838	11.4309	0	0	0	0	0	0	0	0	0.218007	0.290323	0	0	0	0	10.8898	18.4678	0	0	0.323091	0.579832	0	0	0	0
k107_21615355 flag=0 multi=11.1228 len=10868	10868	11.792	0	0	0	0	0	0	0	0	0.354249	0.638825	0	0	0	0	10.8227	15.3387	0	0	0.614991	0.689326	0	0	0	0
k107_13128336 flag=0 multi=13.0175 len=16143	16143	11.7563	0	0	0	0	0	0	0	0	0.24607	0.265018	0	0	0	0	11.1074	19.3725	0	0	0.402815	0.531076	0	0	0	0
k107_17619581 flag=0 multi=9.5392 len=22091	22091	10.4713	0	0	0	0	0	0	0	0	0.232686	0.288832	0	0	0	0	9.81963	14.7364	0	0	0.419019	0.471987	0	0	0	0
k107_18134265 flag=0 multi=22.1344 len=2741	2741	10.9586	0	0	0	0	0	0	0	0	0.123821	0.183998	0	0	0	0	9.84543	10.0233	0	0	0.98934	1.59506	0	0	0	0
k107_5358280 flag=0 multi=10.0067 len=29092	29092	11.8842	0	0	0	0	0	0	0	0	0.323689	0.50359	0	0	0	0	11.0431	17.2161	0.0104898	0.010385	0.506947	0.744968	0	0	0	0
k107_5548591 flag=1 multi=9.0000 len=7712	7712	11.2286	0	0	0	0	0	0	0	0	0.207422	0.342807	0	0	0	0	10.4516	18.3671	0	0	0.569636	0.553609	0	0	0	0
k107_28493010 flag=0 multi=17.3123 len=3120	3120	9.87899	0	0	0	0	0	0	0	0	0	0	0	0	0	0	9.65472	17.1719	0	0	0.224273	0.269366	0	0	0	0
k107_3314283 flag=0 multi=11.0148 len=46785	46785	12.0763	0	0	0	0	0	0	0	0	0.291956	0.366483	0	0	0	0	11.2942	16.848	0	0	0.490179	0.639768	0	0	0	0
k107_2855158 flag=0 multi=13.8443 len=15275	15275	11.8737	0	0	0	0	0	0	0	0	0.282308	0.56501	0	0	0	0	11.1632	18.621	0.0302545	0.0293411	0.397916	0.519002	0	0	0	0
k107_32580184 flag=0 multi=11.0277 len=6142	6142	11.6521	0	0	0	0	0	0	0	0	0.279795	0.425716	0	0	0	0	11.0628	9.45632	0	0	0.309418	0.457225	0	0	0	0
k107_5843391 flag=0 multi=19.2869 len=3526	3526	11.2944	0	0	0	0	0	0	0	0	0.0936725	0.119684	0	0	0	0	10.9197	15.7237	0.0936725	0.110367	0.187345	0.20566	0	0	0	0
k107_3211492 flag=0 multi=11.0463 len=29341	29341	12.1168	0	0	0	0	0	0	0	0	0.244086	0.328272	0	0	0	0	11.5445	16.3473	0	0	0.328248	0.542375	0	0	0	0
k107_692669 flag=0 multi=14.6771 len=5960	5960	10.7671	0	0	0	0	0	0	0	0	0.160127	0.361483	0	0	0	0	10.2998	12.0333	0	0	0.307176	0.305282	0	0	0	0
k107_6107535 flag=0 multi=11.0077 len=29663	29663	12.0271	0	0	0	0	0	0	0	0	0.306325	0.463426	0	0	0	0	11.1917	17.3472	0.0102176	0.0101779	0.518817	0.936205	0	0	0	0
k107_16254907 flag=0 multi=9.3392 len=2569	2569	10.2078	0	0	0	0	0	0	0	0	0.491839	0.70194	0	0	0	0	9.44993	8.38736	0	0	0.26599	0.19553	0	0	0	0
k107_4881649 flag=0 multi=202.8713 len=3838	3838	18.6041	0	0	0	0	0	0	0	0	0.504242	0.763717	0	0	0	0	17.6606	39.2252	0	0	0.439197	0.642479	0	0	0	0
k107_2836657 flag=1 multi=10.0000 len=51327	51327	11.6656	0	0	0	0	0	0	0	0	0.319334	0.488105	0	0	0	0	10.8436	15.776	0	0	0.502616	0.776445	0	0	0	0
k107_2260651 flag=0 multi=24.3522 len=17595	17595	11.8377	0	0	0	0	0	0	0	0	0.392182	0.605131	0	0	0	0	10.8351	12.8809	0	0	0.61042	0.674838	0	0	0	0
k107_10175258 flag=0 multi=44.0382 len=3114	3114	25.7913	0	0	0	0	0	0	0	0	0.750356	0.819914	0	0	0	0	24.1817	104.611	0	0	0.859175	1.82827	0	0	0	0
k107_34862809 flag=1 multi=10.0000 len=11692	11692	11.6851	0	0	0	0	0	0	0	0	0.318174	0.445229	0	0	0	0	10.9967	25.0335	0	0	0.370237	0.434128	0	0	0	0
k107_16324487 flag=0 multi=11.0308 len=13955	13955	11.4671	0	0	0	0	0	0	0	0	0.176811	0.280117	0	0	0	0	10.7305	18.3688	0	0	0.559804	0.784411	0	0	0	0
k107_32580957 flag=0 multi=55.9756 len=3420	3420	11.4628	0	0	0	0	0	0	0	0	0.359525	0.44851	0	0	0	0	10.6033	26.3437	0.0484285	0.0461002	0.451572	0.674466	0	0	0	0
k107_8170458 flag=0 multi=15.0760 len=23162	23162	10.7715	0	0	0	0	0	0	0	0	0.310367	0.467527	0	0	0	0	9.88395	13.4518	0.0131234	0.0184617	0.564042	0.903294	0	0	0	0
k107_12760791 flag=0 multi=15.1583 len=65962	65962	11.6011	0	0	0	0	0	0	0	0	0.215565	0.320589	0	0	0	0	10.9643	16.0274	0	0	0.421261	0.660377	0	0	0	0
k107_3186574 flag=1 multi=10.0000 len=46608	46608	11.9991	0	0	0	0	0	0	0	0	0.286788	0.456492	0	0	0	0	11.2077	17.7903	0	0	0.5046	0.711271	0	0	0	0
k107_27275498 flag=1 multi=9.0000 len=18235	18235	11.1152	0	0	0	0	0	0	0	0	0.231528	0.369295	0	0	0	0	10.4632	13.0832	0	0	0.420398	0.585484	0	0	0	0
k107_5192274 flag=1 multi=9.0000 len=12960	12960	11.0591	0	0	0	0	0	0	0	0	0.238505	0.338899	0	0	0	0	10.3981	13.4763	0	0	0.4225	0.506627	0	0	0	0
k107_25873249 flag=0 multi=10.0251 len=3334	3334	10.4416	0	0	0	0	0	0	0	0	0.0996042	0.149097	0	0	0	0	9.87929	8.88073	0	0	0.462731	0.76733	0	0	0	0
k107_13405808 flag=0 multi=12.0048 len=31738	31738	11.8297	0	0	0	0	0	0	0	0	0.263965	0.453386	0	0	0	0	11.1146	16.2037	0	0	0.451107	0.59492	0	0	0	0
k107_19957701 flag=0 multi=9.5027 len=11041	11041	10.8827	0	0	0	0	0	0	0	0	0.228234	0.338394	0	0	0	0	10.1075	14.2456	0	0	0.546978	1.068	0	0	0	0
k107_22262635 flag=0 multi=43.1987 len=4721	4721	11.6492	0	0	0	0	0	0	0	0	0.273365	0.493384	0	0	0	0	10.8282	14.7018	0	0	0.547635	0.734379	0	0	0	0
k107_2662227 flag=0 multi=17.1774 len=4888	4888	9.08024	0	0	0	0	0	0	0	0	0.347798	0.586752	0	0	0	0	8.33755	12.9167	0	0	0.394898	0.458019	0	0	0	0
k107_35814405 flag=0 multi=25.5582 len=3575	3575	9.88451	0	0	0	0	0	0	0	0	0.194317	0.196534	0	0	0	0	9.06752	12.1334	0	0	0.62267	0.604019	0	0	0	0
k107_14203032 flag=0 multi=12.4922 len=28666	28666	10.6429	0	0	0	0	0	0	0	0	0.271436	0.328357	0	0	0	0	9.9866	13.844	0.00521788	0.00529654	0.379601	0.660899	0	0	0	0
k107_16810490 flag=0 multi=61.1920 len=2721	2721	9.68086	0	0	0	0	0	0	0	0	0.4969	0.556968	0	0	0	0	9.01323	17.6863	0	0	0.170732	0.261025	0	0	0	0
k107_30961182 flag=0 multi=9.0388 len=30338	30338	10.0183	0	0	0	0	0	0	0	0	0.408277	0.726036	0	0	0	0	9.20865	17.0093	0	0	0.401418	0.507282	0	0	0	0
k107_3533654 flag=1 multi=11.0000 len=39926	39926	11.7003	0	0	0	0	0	0	0	0	0.32079	0.697993	0	0	0	0	10.9348	14.7418	0.00757117	0.0129158	0.429462	0.585692	0.00759641	0.0128145	0	0
k107_5780487 flag=1 multi=11.0000 len=6104	6104	13.1343	0	0	0	0	0	0	0	0	0.285936	0.423993	0	0	0	0	12.1717	16.3027	0	0	0.676663	0.983903	0	0	0	0
k107_20923449 flag=0 multi=38.8525 len=3218	3218	12.1917	0	0	0	0	0	0	0	0	0.103567	0.0928658	0	0	0	0	11.3632	14.0429	0	0	0.724966	1.78433	0	0	0	0
k107_18002539 flag=0 multi=21.5010 len=3015	3015	11.0387	0	0	0	0	0	0	0	0	0	0	0	0	0	0	11.0387	15.8794	0	0	0	0	0	0	0	0
k107_2819920 flag=1 multi=15.0000 len=11126	11126	11.9226	0	0	0	0	0	0	0	0	0.19466	0.325475	0	0	0	0	11.1283	17.0492	0	0	0.599594	0.756943	0	0	0	0
k107_7613948 flag=1 multi=10.0000 len=10084	10084	10.994	0	0	0	0	0	0	0	0	0.339603	0.68844	0	0	0	0	10.3154	15.9133	0	0	0.33899	0.342259	0	0	0	0
k107_33125794 flag=0 multi=9.3257 len=8407	8407	10.9985	0	0	0	0	0	0	0	0	0.111659	0.159514	0	0	0	0	10.4332	14.531	0	0	0.453671	0.396317	0	0	0	0
k107_18048337 flag=1 multi=11.0000 len=5313	5313	12.918	0	0	0	0	0	0	0	0	0.482139	0.741915	0	0	0	0	11.4624	19.7033	0.0602674	0.0686221	0.913191	0.838127	0	0	0	0
k107_3811419 flag=0 multi=11.1083 len=11690	11690	10.8446	0	0	0	0	0	0	0	0	0.214348	0.391439	0	0	0	0	10.1798	22.3444	0.0265191	0.0386398	0.423867	0.457513	0	0	0	0
k107_11556581 flag=0 multi=12.0207 len=10992	10992	12.7857	0	0	0	0	0	0	0	0	0.571749	1.01021	0	0	0	0	11.876	15.2072	0	0	0.337979	0.443724	0	0	0	0
k107_16095465 flag=0 multi=13.1110 len=7763	7763	9.95577	0	0	0	0	0	0	0	0	0.202252	0.219638	0	0	0	0	8.9996	10.1199	0	0	0.75392	0.818322	0	0	0	0
k107_13113710 flag=1 multi=11.0025 len=19536	19536	11.2534	0	0	0	0	0	0	0	0	0.266715	0.373646	0	0	0	0	10.4665	19.0841	0	0	0.520225	0.883784	0	0	0	0
k107_1570911 flag=0 multi=14.7601 len=3812	3812	9.25926	0	0	0	0	0	0	0	0	0.34302	0.690031	0	0	0	0	8.57208	8.56815	0	0	0.34416	0.451479	0	0	0	0
k107_1763314 flag=1 multi=10.0000 len=11499	11499	11.0355	0	0	0	0	0	0	0	0	0.19023	0.359806	0	0	0	0	10.3331	19.7264	0	0	0.512191	0.823668	0	0	0	0
k107_11912099 flag=1 multi=10.0000 len=28094	28094	11.658	0	0	0	0	0	0	0	0	0.184621	0.239375	0	0	0	0	11.0212	19.918	0	0	0.45218	0.587525	0	0	0	0
k107_9005384 flag=0 multi=11.9344 len=8823	8823	11.1645	0.0354418	0.0522623	0	0	0	0	0	0	0.106208	0.151372	0	0	0	0	10.3856	13.5062	0	0	0.637249	0.823977	0	0	0	0
k107_2672294 flag=1 multi=9.0000 len=14148	14148	10.8355	0	0	0	0	0	0	0	0	0.448072	0.697625	0	0	0	0	10.061	15.7233	0	0	0.326448	0.371624	0	0	0	0
k107_11031164 flag=1 multi=14.0000 len=4119	4119	10.9332	0	0	0	0	0	0	0	0	0.237097	0.50131	0	0	0	0	10.3804	24.8339	0	0	0.315693	0.385352	0	0	0	0
k107_12754457 flag=1 multi=10.0000 len=22384	22384	11.0226	0	0	0	0	0	0	0	0	0.289467	0.417865	0	0	0	0	10.3229	15.9836	0	0	0.410198	0.513014	0	0	0	0
k107_31632592 flag=0 multi=10.0321 len=24436	24436	11.9357	0	0	0	0	0	0	0	0	0.23759	0.412033	0	0	0	0	11.0486	16.5642	0	0	0.649457	1.05493	0	0	0	0
k107_4481367 flag=0 multi=10.0522 len=9972	9972	11.6294	0	0	0	0	0	0	0	0	0.26546	0.397332	0	0	0	0	10.6248	15.1484	0.030817	0.0416353	0.708273	1.07711	0	0	0	0
k107_35849195 flag=0 multi=10.4442 len=4936	4936	11.9184	0	0	0	0	0	0	0	0	0.521364	1.00378	0	0	0	0	10.8526	17.7279	0	0	0.544454	0.771185	0	0	0	0
k107_35864941 flag=1 multi=9.9846 len=51986	51986	12.3542	0.00582385	0.00785851	0	0	0	0	0	0	0.2102	0.299053	0	0	0	0	11.6016	17.5157	0	0	0.530706	0.753147	0.0058432	0.00874723	0	0
k107_8403208 flag=1 multi=13.0000 len=6305	6305	10.065	0	0	0	0	0	0	0	0	0.100616	0.116505	0	0	0	0	9.30868	11.8986	0	0	0.655672	0.913858	0	0	0	0
k107_24576075 flag=0 multi=9.0264 len=43323	43323	10.0013	0	0	0	0	0	0	0	0	0.273587	0.354457	0	0	0	0	9.25469	13.9968	0.00701983	0.00939079	0.465982	0.584671	0	0	0	0
k107_3237264 flag=0 multi=10.0119 len=28194	28194	11.8973	0	0	0	0	0	0	0	0	0.243367	0.342486	0	0	0	0	11.308	14.9647	0	0	0.345906	0.421518	0	0	0	0
k107_18354579 flag=1 multi=10.0000 len=20154	20154	12.142	0	0	0	0	0	0	0	0	0.250907	0.291883	0	0	0	0	11.3592	15.4641	0.0152126	0.018319	0.516673	0.624859	0	0	0	0
k107_3247254 flag=0 multi=9.2100 len=5578	5578	10.5553	0	0	0	0	0	0	0	0	0.114481	0.126036	0	0	0	0	10.2691	15.5509	0	0	0.171721	0.238559	0	0	0	0
k107_21917470 flag=0 multi=9.8700 len=21210	21210	11.6539	0	0	0	0	0	0	0	0	0.310312	0.441803	0	0	0	0	10.8177	15.0284	0.0144442	0.0227515	0.511431	0.758475	0	0	0	0
k107_2634745 flag=0 multi=11.0137 len=29081	29081	12.5122	0	0	0	0	0	0	0	0	0.248862	0.285025	0	0	0	0	11.6817	20.5255	0	0	0.581605	0.778879	0	0	0	0
k107_11286961 flag=0 multi=34.6364 len=15221	15221	29.2099	0	0	0	0	0	0	0	0	0.602185	1.00684	0	0	0	0	27.7885	53.0093	0	0	0.819157	0.978875	0	0	0	0
k107_13521526 flag=1 multi=10.1166 len=65348	65348	11.5286	0.00464287	0.00462201	0	0	0	0	0	0	0.24126	0.391102	0	0	0	0	10.7246	15.0728	0	0	0.553485	0.832029	0.00464287	0.00462305	0	0
k107_15073152 flag=0 multi=10.1197 len=9282	9282	11.5242	0	0	0	0	0	0	0	0	0.373942	0.600826	0	0	0	0	10.4404	14.2563	0	0	0.7098	0.862205	0	0	0	0
k107_30262251 flag=1 multi=10.0000 len=27470	27470	11.213	0	0	0	0	0	0	0	0	0.338707	0.442394	0	0	0	0	10.5142	16.8094	0	0	0.360019	0.421108	0	0	0	0
k107_27837326 flag=0 multi=15.5287 len=4068	4068	11.4777	0	0	0	0	0	0	0	0	0.110196	0.155983	0	0	0	0	10.7613	14.5562	0	0	0.606214	1.1331	0	0	0	0
k107_15107391 flag=1 multi=10.0000 len=35996	35996	10.9081	0	0	0	0	0	0	0	0	0.266459	0.381907	0	0	0	0	10.1899	14.3258	0	0	0.451701	0.659463	0	0	0	0
k107_14808442 flag=0 multi=15.9939 len=17279	17279	11.0909	0.0177888	0.0174663	0	0	0	0	0	0	0.1955	0.288521	0	0	0	0	10.4955	15.7596	0	0	0.382164	0.540874	0	0	0	0
k107_15669386 flag=0 multi=9.1569 len=16463	16463	10.9893	0	0	0	0	0	0	0	0	0.317493	0.441205	0	0	0	0	10.3241	12.7187	0	0	0.347689	0.52231	0	0	0	0
k107_14278998 flag=0 multi=10.2193 len=9655	9655	11.9341	0	0	0	0	0	0	0	0	0.257351	0.351763	0	0	0	0	11.0311	12.219	0	0	0.645675	0.759131	0	0	0	0
k107_24247357 flag=0 multi=29.9459 len=3155	3155	23.4367	0	0	0	0	0	0	0	0	0.297581	0.369127	0	0	0	0	22.3782	71.1719	0	0	0.760953	1.12868	0	0	0	0
k107_20471010 flag=0 multi=16.8532 len=6184	6184	12.2163	0	0	0	0	0	0	0	0	0.153859	0.166041	0	0	0	0	11.7696	35.856	0	0	0.292758	0.453507	0	0	0	0
k107_14839621 flag=0 multi=11.1731 len=25755	25755	11.1073	0	0	0	0	0	0	0	0	0.343732	0.678279	0	0	0	0	10.2059	13.7467	0	0	0.557695	0.827686	0	0	0	0
k107_3361182 flag=0 multi=15.2832 len=5641	5641	10.9403	0	0	0	0	0	0	0	0	0.356621	0.796747	0	0	0	0	9.94231	11.623	0	0	0.641319	0.869598	0	0	0	0
k107_7885170 flag=0 multi=9.2512 len=12235	12235	11.188	0	0	0	0	0	0	0	0	0.298751	0.426905	0	0	0	0	10.3902	12.0122	0	0	0.499036	0.538478	0	0	0	0
k107_11563061 flag=0 multi=10.1575 len=19025	19025	12.1395	0	0	0	0	0	0	0	0	0.367569	0.5996	0	0	0	0	11.3368	17.9965	0	0	0.43508	0.723383	0	0	0	0
k107_18276660 flag=0 multi=11.0823 len=17403	17403	11.141	0	0	0	0	0	0	0	0	0.15888	0.276347	0	0	0	0	10.5063	14.8753	0	0	0.475879	0.715293	0	0	0	0
k107_35164723 flag=0 multi=12.1218 len=13944	13944	11.7957	0	0	0	0	0	0	0	0	0.232224	0.38068	0	0	0	0	11.2315	16.9572	0	0	0.331989	0.41539	0	0	0	0
k107_11694842 flag=0 multi=17.5146 len=8401	8401	10.2504	0	0	0	0	0	0	0	0	0.297938	0.419979	0	0	0	0	9.59872	15.2725	0	0	0.353747	0.361653	0	0	0	0
k107_6850213 flag=1 multi=12.0000 len=42312	42312	11.1707	0	0	0	0	0	0	0	0	0.312497	0.449921	0	0	0	0	10.3714	13.8251	0	0	0.486765	0.662684	0	0	0	0
k107_15675902 flag=0 multi=16.0268 len=11065	11065	14.3502	0	0	0	0	0	0	0	0	0.542135	0.704243	0	0	0	0	13.0135	15.9601	0	0	0.794574	0.884172	0	0	0	0
k107_13860289 flag=0 multi=10.2533 len=7095	7095	10.3168	0	0	0	0	0	0	0	0	0.35566	0.332834	0	0	0	0	9.42779	15.5909	0	0	0.533343	0.717726	0	0	0	0
k107_12582323 flag=1 multi=11.0000 len=5585	5585	12.8578	0	0	0	0	0	0	0	0	0.285255	0.353332	0	0	0	0	12.2847	21.2995	0	0	0.287905	0.31064	0	0	0	0
k107_18269105 flag=0 multi=20.2486 len=2597	2597	12.8092	0	0	0	0	0	0	0	0	0	0	0	0	0	0	12.1712	11.9256	0	0	0.637909	0.883961	0	0	0	0
k107_10798985 flag=0 multi=31.0451 len=36527	36527	11.4429	0	0	0	0	0	0	0	0	0.307771	0.411499	0	0	0	0	10.6941	17.9478	0.00833678	0.00826529	0.432685	0.707644	0	0	0	0
k107_25468385 flag=0 multi=63.3309 len=2658	2658	17.5985	0	0	0	0	0	0	0	0	0.0950764	0.0920127	0	0	0	0	16.8875	37.5203	0	0	0.615874	0.82839	0	0	0	0
k107_20873406 flag=0 multi=9.0785 len=6256	6256	10.785	0	0	0	0	0	0	0	0	0.404434	0.736001	0	0	0	0	9.89956	16.6256	0	0	0.481021	0.61221	0	0	0	0
k107_1653105 flag=0 multi=11.0220 len=57764	57764	11.6286	0	0	0	0	0	0	0	0	0.252375	0.35387	0	0	0	0	10.8961	18.141	0	0	0.480143	0.639419	0	0	0	0
k107_16308552 flag=0 multi=9.3144 len=3533	3533	10.7843	0	0	0	0	0	0	0	0	0.560817	0.856283	0	0	0	0	9.75642	11.0627	0	0	0.467038	0.588931	0	0	0	0
k107_10472522 flag=0 multi=13.0129 len=40148	40148	12.2003	0	0	0	0	0	0	0	0	0.242207	0.354706	0	0	0	0	11.4543	16.8445	0.00755408	0.015054	0.496185	0.633164	0	0	0	0
k107_2697254 flag=0 multi=18.0104 len=29882	29882	19.7918	0	0	0	0	0	0	0	0	0.36359	0.494407	0	0	0	0	18.6074	31.0383	0.0102096	0.0100957	0.810548	1.39978	0	0	0	0
k107_30493792 flag=0 multi=12.1194 len=88398	88398	11.2342	0	0	0	0	0	0	0	0	0.261987	0.354669	0	0	0	0	10.5553	14.7686	0.00171404	0.001711	0.415195	0.516505	0	0	0	0
k107_5423584 flag=0 multi=16.7616 len=2653	2653	11.772	0	0	0	0	0	0	0	0	0.256912	0.307584	0	0	0	0	10.7154	25.3662	0	0	0.79966	1.11924	0	0	0	0
k107_15546503 flag=0 multi=9.9940 len=14920	14920	11.3687	0	0	0	0	0	0	0	0	0.257901	0.313487	0	0	0	0	10.564	17.0077	0	0	0.546723	0.694245	0	0	0	0
k107_12687144 flag=0 multi=10.0999 len=4251	4251	11.6447	0	0	0	0	0	0	0	0	0.399595	0.663096	0	0	0	0	10.7868	16.0329	0	0	0.458344	0.80809	0	0	0	0
k107_10265198 flag=1 multi=12.0000 len=5599	5599	12.545	0	0	0	0	0	0	0	0	0.284878	0.390417	0	0	0	0	11.5775	19.7611	0	0	0.682651	1.07227	0	0	0	0
k107_18133181 flag=0 multi=11.0544 len=4152	4152	9.45013	0	0	0	0	0	0	0	0	0.0784416	0.0827013	0	0	0	0	8.82364	11.1989	0	0	0.548052	0.816643	0	0	0	0
k107_9160127 flag=0 multi=12.3497 len=13263	13263	11.3483	0	0	0	0	0	0	0	0	0.251755	0.282786	0	0	0	0	10.5618	14.9998	0	0	0.534681	0.712884	0	0	0	0
k107_695467 flag=0 multi=10.0333 len=6412	6412	11.3196	0	0	0	0	0	0	0	0	0.360065	0.392179	0	0	0	0	10.5105	12.8227	0.0494272	0.0830031	0.399673	0.448195	0	0	0	0
k107_15087651 flag=1 multi=12.0000 len=9262	9262	13.7769	0	0	0	0	0	0	0	0	0.437835	0.6259	0	0	0	0	12.9698	24.869	0	0	0.369308	0.443171	0	0	0	0
k107_2961017 flag=0 multi=21.3506 len=2534	2534	10.3665	0	0	0	0	0	0	0	0	0.330197	0.315383	0	0	0	0	9.76568	10.8345	0	0	0.270609	0.357935	0	0	0	0
k107_21191191 flag=1 multi=22.0000 len=33740	33740	11.2052	0	0	0	0	0	0	0	0	0.257372	0.352481	0	0	0	0	10.4432	16.8958	0.0134876	0.0145006	0.491148	0.651476	0	0	0	0
k107_24591869 flag=0 multi=10.0912 len=3318	3318	11.873	0	0	0	0	0	0	0	0	0.250332	0.526029	0	0	0	0	10.9237	20.2575	0	0	0.698939	0.748326	0	0	0	0
k107_1005923 flag=0 multi=19.4123 len=2576	2576	23.8505	0	0	0	0	0	0	0	0	0.757256	0.762645	0	0	0	0	21.7221	20.2184	0	0	1.37115	3.28582	0	0	0	0
k107_2845207 flag=1 multi=11.0000 len=10885	10885	11.2193	0	0	0	0	0	0	0	0	0.247094	0.415559	0	0	0	0	10.6017	12.8075	0	0	0.3705	0.511229	0	0	0	0
k107_21743038 flag=0 multi=10.2426 len=2889	2889	10.6857	0	0	0	0	0	0	0	0	0.466177	0.454711	0	0	0	0	9.99807	9.88358	0	0	0.221492	0.225867	0	0	0	0
k107_17259666 flag=0 multi=10.0113 len=60955	60955	11.9037	0	0	0	0	0	0	0	0	0.256228	0.353911	0	0	0	0	11.1251	16.6008	0.0099418	0.0148106	0.512374	0.694734	0	0	0	0
k107_18092593 flag=0 multi=11.0728 len=20554	20554	11.3646	0	0	0	0	0	0	0	0	0.223484	0.280758	0	0	0	0	10.6948	13.1678	0	0	0.446277	0.602911	0	0	0	0
k107_20237513 flag=0 multi=10.1398 len=8297	8297	11.4048	0	0	0	0	0	0	0	0	0.0755472	0.105384	0	0	0	0	10.6123	18.6406	0	0	0.679174	0.689804	0.0377736	0.0363572	0	0
k107_12451875 flag=1 multi=9.1586 len=39610	39610	10.9076	0	0	0	0	0	0	0	0	0.260558	0.425968	0	0	0	0	10.2035	16.2993	0.00379058	0.00382703	0.439783	0.621226	0	0	0	0
k107_5297051 flag=0 multi=11.0061 len=23049	23049	11.2273	0	0	0	0	0	0	0	0	0.184068	0.248442	0	0	0	0	10.5858	14.315	0.00659428	0.00659594	0.450829	0.805374	0	0	0	0
k107_18842950 flag=0 multi=11.0794 len=20987	20987	11.8542	0	0	0	0	0	0	0	0	0.349094	0.645014	0	0	0	0	10.9883	15.485	0	0	0.516848	0.769861	0	0	0	0
k107_11487846 flag=0 multi=9.3203 len=6492	6492	10.1024	0	0	0	0	0	0	0	0	0.535703	0.761565	0	0	0	0	9.03134	10.5966	0	0	0.53538	0.507536	0	0	0	0
k107_15531340 flag=0 multi=11.0476 len=3597	3597	12.7244	0	0	0	0	0	0	0	0	0.105008	0.137113	0	0	0	0	11.9785	19.2352	0	0	0.640971	0.709676	0	0	0	0
k107_12708754 flag=1 multi=10.0000 len=19705	19705	11.5256	0	0	0	0	0	0	0	0	0.248828	0.306085	0	0	0	0	10.7935	17.5844	0	0	0.483276	0.654089	0	0	0	0
k107_20431907 flag=0 multi=9.0039 len=84787	84787	11.3681	0	0	0	0	0	0	0	0	0.312446	0.421808	0	0	0	0	10.5486	14.5976	0	0	0.507025	0.659918	0	0	0	0
k107_3046906 flag=0 multi=22.0557 len=13652	13652	11.4292	0	0	0	0	0	0	0	0	0.214831	0.24677	0	0	0	0	10.5174	20.9392	0	0	0.697004	0.898076	0	0	0	0
k107_6821009 flag=0 multi=44.9909 len=10061	10061	11.7875	0	0	0	0	0	0	0	0	0.262322	0.27731	0	0	0	0	11.1231	14.9972	0	0	0.40209	0.610516	0	0	0	0
k107_30456755 flag=0 multi=11.0442 len=14239	14239	11.2201	0	0	0	0	0	0	0	0	0.281553	0.445136	0	0	0	0	10.3774	13.3699	0	0	0.561168	0.88263	0	0	0	0
k107_9386939 flag=1 multi=10.0000 len=3334	3334	12.3443	0	0	0	0	0	0	0	0	0.398417	0.596723	0.0996042	0.140519	0	0	11.3486	11.563	0	0	0.497691	0.418342	0	0	0	0
k107_18936682 flag=0 multi=10.6959 len=27003	27003	10.8937	0.0113104	0.0182206	0	0	0	0	0	0	0.262874	0.350972	0	0	0	0	9.97509	13.2028	0	0	0.64447	0.989679	0	0	0	0
k107_26127658 flag=0 multi=158.3552 len=3981	3981	10.4803	0	0	0	0	0	0	0	0	0.32835	0.518584	0	0	0	0	9.757	14.7542	0	0	0.394944	1.10977	0	0	0	0
k107_19215121 flag=0 multi=36.8677 len=5778	5778	11.0071	0	0	0	0	0	0	0	0	0.275566	0.526325	0	0	0	0	10.5053	14.3294	0	0	0.22626	0.248357	0	0	0	0
k107_23470003 flag=1 multi=80.0000 len=5914	5914	12.3359	0	0	0	0	0	0	0	0	0.337491	0.496706	0	0	0	0	11.3101	12.4588	0	0	0.688346	1.06302	0	0	0	0
k107_21311137 flag=1 multi=9.0000 len=4843	4843	10.6882	0	0	0	0	0	0	0	0	0.215811	0.297923	0	0	0	0	9.90707	16.7376	0	0	0.565294	0.47135	0	0	0	0
k107_19914084 flag=0 multi=9.4866 len=15519	15519	11.3034	0	0	0	0	0	0	0	0	0.218243	0.279072	0	0	0	0	10.5496	17.2315	0	0	0.535585	0.668664	0	0	0	0
k107_1010355 flag=1 multi=14.0000 len=2844	2844	9.48544	0	0	0	0	0	0	0	0	0.118804	0.122844	0	0	0	0	8.94453	14.3804	0	0	0.422109	0.386487	0	0	0	0
k107_28361136 flag=0 multi=10.1961 len=24040	24040	11.3265	0	0	0	0	0	0	0	0	0.254192	0.376998	0	0	0	0	10.5182	14.1413	0	0	0.554175	0.903839	0	0	0	0
k107_1705872 flag=0 multi=12.2451 len=4987	4987	10.47	0	0	0	0	0	0	0	0	0.128709	0.186186	0	0	0	0	9.77054	11.5519	0	0	0.570758	0.635201	0	0	0	0
k107_34883937 flag=0 multi=11.5135 len=3102	3102	10.6121	0	0	0	0	0	0	0	0	0.537857	0.754422	0	0	0	0	9.2775	14.0266	0	0	0.796786	0.950074	0	0	0	0
k107_32976343 flag=0 multi=9.0216 len=23213	23213	11.6685	0	0	0	0	0	0	0	0	0.32264	0.415592	0.0131814	0.0213095	0	0	10.7544	13.6884	0	0	0.578281	0.719059	0	0	0	0
k107_31060317 flag=0 multi=11.0750 len=16740	16740	11.7495	0	0	0	0	0	0	0	0	0.391958	0.597597	0	0	0	0	11.3575	15.5932	0	0	0	0	0	0	0	0
k107_6244783 flag=0 multi=163.5282 len=5126	5126	11.5852	0	0	0	0	0	0	0	0	0.312811	0.448144	0	0	0	0	10.4795	22.05	0	0	0.79291	1.23972	0	0	0	0
k107_3347563 flag=0 multi=11.3848 len=7173	7173	11.9335	0	0	0	0	0	0	0	0	0.307524	0.567337	0	0	0	0	10.9737	16.9639	0	0	0.652307	1.21222	0	0	0	0
k107_20006164 flag=0 multi=15.0218 len=32808	32808	11.4212	0	0	0	0	0	0	0	0	0.334031	0.477731	0	0	0	0	10.6883	12.9316	0	0	0.398849	0.503691	0	0	0	0
k107_7724781 flag=1 multi=10.0000 len=12790	12790	12.0318	0	0	0	0	0	0	0	0	0.403107	0.499003	0	0	0	0	10.832	16.2566	0	0	0.796685	0.791703	0	0	0	0
k107_20110206 flag=0 multi=9.6457 len=66344	66344	11.511	0	0	0	0	0	0	0	0	0.271736	0.436397	0	0	0	0	11.0651	18.6189	0.00228642	0.00228011	0.17186	0.27809	0	0	0	0
k107_20912681 flag=0 multi=8.7585 len=15417	15417	10.013	0	0	0	0	0	0	0	0	0.392127	0.533041	0	0	0	0	9.15177	10.2588	0	0	0.469137	0.934683	0	0	0	0
k107_20378911 flag=0 multi=10.0185 len=20398	20398	11.8584	0.0150279	0.0186835	0.0150279	0.0158867	0	0	0	0	0.405305	0.514339	0	0	0	0	10.9207	15.5733	0	0	0.502339	0.632474	0	0	0	0
k107_22927110 flag=0 multi=8.1131 len=24831	24831	10.4384	0	0	0	0	0	0	0	0	0.209181	0.308429	0	0	0	0	9.92898	13.0497	0	0	0.300257	0.408972	0	0	0	0
k107_21251699 flag=0 multi=13.0500 len=9051	9051	11.9345	0	0	0	0	0	0	0	0	0.344725	0.549781	0	0	0	0	11.1457	15.5138	0	0	0.444051	0.845098	0	0	0	0
k107_18893164 flag=0 multi=9.0434 len=14252	14252	11.5789	0	0	0	0	0	0	0	0	0.281362	0.340996	0	0	0	0	11.0234	14.2016	0	0	0.27405	0.340264	0	0	0	0
k107_9429211 flag=0 multi=10.1054 len=5251	5251	10.0481	0	0	0	0	0	0	0	0	0.24409	0.36401	0	0	0	0	9.49909	15.2956	0	0	0.30491	0.299371	0	0	0	0
k107_9024075 flag=0 multi=10.0729 len=37463	37463	11.839	0	0	0	0	0	0	0	0	0.243696	0.359915	0	0	0	0	11.0665	16.9802	0	0	0.5206	0.766965	0.0081268	0.00988901	0	0
k107_10135982 flag=0 multi=8.8505 len=10165	10165	9.7955	0	0	0	0	0	0	0	0	0.313292	0.326518	0	0	0	0	8.96269	13.7411	0	0	0.519517	1.15929	0	0	0	0
k107_4021005 flag=0 multi=11.0056 len=52872	52872	11.2865	0.00574472	0.00696696	0	0	0	0	0	0	0.25526	0.438467	0	0	0	0	10.5849	15.0986	0	0	0.440574	0.681285	0	0	0	0
k107_23126288 flag=0 multi=9.1331 len=7926	7926	10.5839	0	0	0	0	0	0	0	0	0.356375	0.442778	0	0	0	0	9.93061	16.6851	0	0	0.296957	0.380447	0	0	0	0
k107_16778526 flag=0 multi=10.1090 len=10588	10588	11.7675	0	0	0	0	0	0	0	0	0.317422	0.368451	0	0	0	0	10.9514	14.845	0	0	0.498736	0.587583	0	0	0	0
k107_8377748 flag=0 multi=117.2565 len=3900	3900	51.8246	0	0	0	0	0	0	0	0	0.518066	0.834685	0	0	0	0	50.8141	75.1165	0	0	0.492496	0.719834	0	0	0	0
k107_6243013 flag=0 multi=10.1310 len=7956	7956	10.9349	0	0	0	0	0	0	0	0	0.317873	0.469583	0	0	0	0	9.95205	17.2469	0	0	0.665012	1.0641	0	0	0	0
k107_4928133 flag=1 multi=11.0000 len=17886	17886	12.9718	0	0	0	0	0	0	0	0	0.240218	0.35252	0	0	0	0	12.2947	18.2072	0	0	0.436931	0.528118	0	0	0	0
k107_23472720 flag=1 multi=10.0000 len=9464	9464	12.4165	0	0	0	0	0	0	0	0	0.473368	0.711149	0	0	0	0	11.1858	20.9085	0	0	0.757367	1.04171	0	0	0	0
k107_21094449 flag=0 multi=14.0122 len=17853	17853	11.6837	0	0	0	0	0	0	0	0	0.283858	0.496654	0	0	0	0	10.7639	18.6742	0.017207	0.0193073	0.618654	0.763414	0	0	0	0
k107_21934240 flag=1 multi=10.0568 len=10908	10908	11.118	0	0	0	0	0	0	0	0	0.22657	0.449895	0	0	0	0	10.4629	13.5383	0	0	0.428437	0.535511	0	0	0	0
k107_15709428 flag=1 multi=10.0000 len=2693	2693	12.0498	0	0	0	0	0	0	0	0	0.555834	0.68464	0	0	0	0	11.0736	16.7703	0	0	0.420326	1.02303	0	0	0	0
k107_13627703 flag=1 multi=10.0001 len=15768	15768	11.1046	0	0	0	0	0	0	0	0	0.331631	0.392266	0	0	0	0	10.4808	15.0205	0	0	0.292189	0.497536	0	0	0	0
k107_32807704 flag=0 multi=9.0631 len=18096	18096	11.1869	0	0	0	0	0	0	0	0	0.186636	0.245591	0	0	0	0	10.5506	15.2015	0	0	0.449646	0.58454	0	0	0	0
k107_10973967 flag=0 multi=21.2823 len=3150	3150	23.7774	0	0	0	0	0	0	0	0	0.952949	1.87776	0	0	0	0	22.5091	118.791	0	0	0.315309	0.332203	0	0	0	0
k107_6210717 flag=1 multi=9.0300 len=26511	26511	11.4152	0	0	0	0	0	0	0	0	0.28784	0.48668	0	0	0	0	10.6816	18.5183	0	0	0.445801	0.593741	0	0	0	0
k107_4478193 flag=0 multi=8.2154 len=3650	3650	9.39606	0	0	0	0	0	0	0	0	0.0758662	0.0749089	0	0	0	0	8.84916	6.68517	0	0	0.471027	0.553476	0	0	0	0
k107_8520740 flag=1 multi=10.0000 len=14365	14365	12.275	0	0	0	0	0	0	0	0	0.236152	0.326219	0	0	0	0	11.5881	17.1864	0	0	0.450686	0.652539	0	0	0	0
k107_1273522 flag=1 multi=10.0000 len=13005	13005	11.2651	0	0	0	0	0	0	0	0	0.285287	0.444543	0	0	0	0	10.3868	18.9247	0.0109423	0.0108257	0.581989	0.761401	0	0	0	0
k107_14581611 flag=0 multi=9.0381 len=5591	5591	10.3089	0	0	0	0	0	0	0	0	0.142749	0.176105	0	0	0	0	9.71015	14.3607	0	0	0.456041	0.965238	0	0	0	0
k107_35405196 flag=1 multi=9.0000 len=11040	11040	11.1435	0	0	0	0	0	0	0	0	0.112311	0.150357	0	0	0	0	10.3455	12.8153	0	0	0.685696	1.13758	0	0	0	0
k107_23800453 flag=0 multi=10.0417 len=19806	19806	11.6888	0	0	0	0	0	0	0	0	0.255332	0.377098	0	0	0	0	10.8986	14.3571	0	0	0.534813	0.701698	0	0	0	0
k107_24303409 flag=1 multi=8.4023 len=23010	23010	9.49229	0	0	0	0	0	0	0	0	0.285846	0.448938	0	0	0	0	8.77744	10.3874	0.0132993	0.0138335	0.415713	0.65653	0	0	0	0
k107_21866174 flag=0 multi=10.2400 len=10079	10079	11.4135	0	0	0	0	0	0	0	0	0.259384	0.492917	0	0	0	0	10.6885	12.9376	0	0	0.465685	0.703432	0	0	0	0
k107_14264814 flag=0 multi=114.9153 len=6437	6437	11.6302	0	0	0	0	0	0	0	0	0.0492258	0.0468097	0	0	0	0	11.1948	14.2527	0	0	0.386145	0.636171	0	0	0	0
k107_17403270 flag=0 multi=28.3143 len=2856	2856	12.3872	0	0	0	0	0	0	0	0	0.472984	0.750744	0	0	0	0	11.074	15.8245	0	0	0.840251	1.37829	0	0	0	0
k107_26079974 flag=1 multi=9.0000 len=16355	16355	10.82	0.0188127	0.018462	0	0	0	0	0	0	0.310285	0.419486	0	0	0	0	10.1161	11.0569	0.00934405	0.00931892	0.365415	0.566694	0	0	0	0
k107_23402563 flag=1 multi=10.9680 len=38145	38145	11.2115	0.00798034	0.0118261	0	0	0	0	0	0	0.283064	0.425638	0	0	0	0	10.4623	15.6643	0	0	0.458103	0.60525	0	0	0	0
k107_23196188 flag=0 multi=10.1443 len=7132	7132	11.7171	0	0	0	0	0	0	0	0	0.221083	0.241038	0	0	0	0	11.0543	19.689	0	0	0.441728	0.575911	0	0	0	0
k107_30566796 flag=0 multi=8.3235 len=3133	3133	9.92971	0	0	0	0	0	0	0	0	0.492759	0.436629	0	0	0	0	8.90357	17.1938	0	0	0.53338	0.43272	0	0	0	0
k107_21981665 flag=0 multi=15.0099 len=7778	7778	10.4066	0	0	0	0	0	0	0	0	0.20198	0.263936	0	0	0	0	9.68325	14.0714	0	0	0.521402	0.637147	0	0	0	0
k107_2902683 flag=0 multi=9.0900 len=14277	14277	10.632	0	0	0	0	0	0	0	0	0.366869	0.481849	0	0	0	0	9.82283	11.0421	0	0	0.44229	0.538462	0	0	0	0
k107_2382323 flag=1 multi=9.0000 len=12174	12174	11.6469	0	0	0	0	0	0	0	0	0.432193	0.551746	0	0	0	0	10.7831	15.7771	0	0	0.431604	0.647971	0	0	0	0
k107_22184427 flag=0 multi=10.0720 len=21338	21338	10.1119	0	0	0	0	0	0	0	0	0.430405	0.635573	0	0	0	0	9.2153	15.9073	0	0	0.466201	0.529605	0	0	0	0
k107_19524297 flag=0 multi=11.0243 len=43655	43655	11.2108	0	0	0	0	0	0	0	0	0.240168	0.385631	0	0	0	0	10.4525	15.8421	0	0	0.518165	0.68909	0	0	0	0
k107_25731546 flag=0 multi=12.0000 len=9585	9585	13.8898	0	0	0	0	0	0	0	0	0.328234	0.485047	0	0	0	0	12.944	37.1146	0	0	0.617581	0.586603	0	0	0	0
k107_28111494 flag=0 multi=30.5560 len=11531	11531	10.9553	0	0	0	0	0	0	0	0	0.2978	0.547491	0	0	0	0	10.2635	13.0261	0	0	0.39398	0.568122	0	0	0	0
k107_17076596 flag=0 multi=9.0518 len=23430	23430	12.0328	0	0	0	0	0	0	0	0	0.279877	0.421671	0	0	0	0	11.2644	18.0558	0	0	0.488542	0.72737	0	0	0	0
k107_17780936 flag=0 multi=9.1599 len=19206	19206	11.0004	0	0	0	0	0	0	0	0	0.271371	0.413454	0	0	0	0	10.1707	12.9185	0	0	0.558347	0.86287	0	0	0	0
k107_26089544 flag=0 multi=9.0243 len=22737	22737	10.7615	0	0	0	0	0	0	0	0	0.403343	0.659255	0	0	0	0	9.98164	14.2677	0	0	0.376554	0.54147	0	0	0	0
k107_34016145 flag=1 multi=16.0000 len=4446	4446	12.1752	0	0	0	0	0	0	0	0	0.551641	0.639773	0	0	0	0	11.1144	16.4461	0	0	0.50917	0.600927	0	0	0	0
k107_27333494 flag=0 multi=16.0390 len=11396	11396	12.4383	0	0	0	0	0	0	0	0	0.13611	0.16395	0	0	0	0	11.5431	14.2719	0	0	0.759149	1.12655	0	0	0	0
k107_2392955 flag=0 multi=10.0168 len=35196	35196	10.9135	0	0	0	0	0	0	0	0	0.305124	0.498876	0	0	0	0	10.0205	15.5103	0	0	0.587837	0.686746	0	0	0	0
k107_6266023 flag=0 multi=9.0460 len=19344	19344	11.4538	0	0	0	0	0	0	0	0	0.11858	0.143783	0	0	0	0	10.9474	14.9496	0	0	0.387827	0.538823	0	0	0	0
k107_1145617 flag=0 multi=25.0212 len=19965	19965	11.1347	0	0	0	0	0	0	0	0	0.153537	0.258981	0	0	0	0	10.5701	14.992	0	0	0.411077	0.597082	0	0	0	0
k107_21038770 flag=1 multi=10.0000 len=24366	24366	11.6174	0	0	0	0	0	0	0	0	0.225399	0.335972	0	0	0	0	10.9407	13.702	0	0	0.451297	0.694175	0	0	0	0
k107_28266000 flag=1 multi=10.0000 len=18056	18056	10.9758	0	0	0	0	0	0	0	0	0.280444	0.411207	0	0	0	0	10.2031	15.2079	0.00850513	0.00843572	0.483835	0.716873	0	0	0	0
k107_13145991 flag=0 multi=10.3527 len=5253	5253	12.1547	0	0	0	0	0	0	0	0	0.243789	0.918668	0	0	0	0	11.5726	13.5375	0	0	0.338315	0.360374	0	0	0	0
k107_14387677 flag=0 multi=9.1928 len=8994	8994	11.2028	0	0	0	0	0	0	0	0	0.347101	0.642731	0	0	0	0	10.5446	10.7127	0	0	0.311091	0.630381	0	0	0	0
k107_21368707 flag=0 multi=9.0698 len=3401	3401	10.4159	0	0	0	0	0	0	0	0	0.194902	0.211839	0	0	0	0	9.66215	16.1362	0	0	0.55889	0.447242	0	0	0	0
k107_29097671 flag=0 multi=26.7775 len=45818	45818	12.1902	0	0	0	0	0	0	0	0	0.257118	0.36834	0	0	0	0	11.3733	16.2818	0	0	0.559803	0.69944	0	0	0	0
k107_34413984 flag=0 multi=9.0042 len=20885	20885	11.4373	0	0	0	0	0	0	0	0	0.264004	0.393995	0	0	0	0	10.5724	14.761	0	0	0.600933	0.957927	0	0	0	0
k107_15744305 flag=1 multi=10.0000 len=6502	6502	12.1176	0	0	0	0	0	0	0	0	0.243548	0.25493	0	0	0	0	11.1056	12.7805	0	0	0.768387	1.25346	0	0	0	0
k107_29412722 flag=0 multi=9.0217 len=31724	31724	11.1231	0	0	0	0	0	0	0	0	0.259309	0.361458	0	0	0	0	10.403	14.615	0	0	0.460792	0.715107	0	0	0	0
k107_30283333 flag=0 multi=9.2827 len=6730	6730	10.67	0	0	0	0	0	0	0	0	0.187928	0.227949	0	0	0	0	10.0204	19.4305	0	0	0.46173	0.733471	0	0	0	0
k107_17748205 flag=1 multi=10.0013 len=7715	7715	12.8538	0	0	0	0	0	0	0	0	0.284905	0.41838	0	0	0	0	11.7546	22.1671	0	0	0.814245	1.47906	0	0	0	0
k107_12884279 flag=0 multi=19.5567 len=6974	6974	14.7759	0	0	0	0	0	0	0	0	0.361811	0.453468	0	0	0	0	13.759	19.8619	0.0223321	0.0221237	0.632794	0.910549	0	0	0	0
k107_32352781 flag=0 multi=19.5114 len=6020	6020	10.2553	0	0	0	0	0	0	0	0	0.211263	0.235943	0	0	0	0	9.72753	10.1965	0	0	0.316544	0.577858	0	0	0	0
k107_27113881 flag=1 multi=9.0000 len=23875	23875	11.4878	0	0	0	0	0	0	0	0	0.358461	0.486703	0	0	0	0	10.6751	12.801	0	0	0.454249	0.592995	0	0	0	0
k107_29551105 flag=0 multi=13.0976 len=23777	23777	11.6072	0	0	0	0	0	0	0	0	0.231438	0.427311	0	0	0	0	10.7999	14.7759	0	0	0.575932	0.912239	0	0	0	0
k107_5708650 flag=1 multi=9.0000 len=7224	7224	11.0523	0	0	0	0	0	0	0	0	0.305259	0.465011	0	0	0	0	10.3555	13.2648	0	0	0.391505	0.473477	0	0	0	0
k107_24585023 flag=0 multi=11.0617 len=6042	6042	14.1253	0	0	0	0	0	0	0	0	0.128223	0.191119	0	0	0	0	13.4786	61.9569	0	0	0.518467	0.76363	0	0	0	0
k107_13298666 flag=1 multi=10.0000 len=31483	31483	10.5763	0	0	0	0	0	0	0	0	0.249543	0.373926	0	0	0	0	9.90616	14.9219	0.014496	0.0189788	0.406113	0.505144	0	0	0	0
k107_13809492 flag=0 multi=11.8697 len=11692	11692	11.5889	0	0	0	0	0	0	0	0	0.212116	0.38275	0	0	0	0	11.0594	15.5666	0	0	0.317471	0.485932	0	0	0	0
k107_5121892 flag=1 multi=15.0147 len=13172	13172	12.1828	0	0	0	0	0	0	0	0	0.210956	0.347847	0	0	0	0	11.3864	18.6987	0.0234654	0.0264902	0.561927	0.804363	0	0	0	0
k107_34989594 flag=1 multi=9.0000 len=10881	10881	10.1513	0	0	0	0	0	0	0	0	0.155213	0.208416	0	0	0	0	9.43227	13.3162	0	0	0.506759	0.733949	0.0570942	0.0668652	0	0
k107_31707871 flag=1 multi=20.5495 len=2604	2604	8.66377	0	0	0	0	0	0	0	0	0	0	0	0	0	0	8	10.8787	0	0	0.663771	0.921085	0	0	0	0
k107_31041806 flag=0 multi=10.0938 len=23363	23363	11.3516	0	0	0	0	0	0	0	0	0.313993	0.457146	0	0	0	0	10.5996	17.3798	0	0	0.438012	0.597575	0	0	0	0
k107_33920305 flag=0 multi=11.0088 len=90565	90565	11.294	0	0	0	0	0	0	0	0	0.223048	0.346924	0	0	0	0	10.5964	16.1684	0.00334578	0.00333207	0.471234	0.65096	0	0	0	0
k107_31282993 flag=0 multi=13.0493 len=9088	9088	11.1208	0	0	0	0	0	0	0	0	0.171864	0.226807	0	0	0	0	10.5171	10.8964	0	0	0.431823	0.466488	0	0	0	0
k107_17915121 flag=0 multi=36.0137 len=5198	5198	11.4712	0	0	0	0	0	0	0	0	0.185049	0.215803	0	0	0	0	10.9777	16.6022	0	0	0.308415	0.464224	0	0	0	0
k107_23317227 flag=0 multi=125.3313 len=3919	3919	12.1344	0	0	0	0	0	0	0	0	0.499032	0.677613	0	0	0	0	11.1623	17.4297	0	0	0.473044	0.766016	0	0	0	0
k107_14596313 flag=0 multi=10.0971 len=41711	41711	11.066	0	0	0	0	0	0	0	0	0.273346	0.393676	0	0	0	0	10.3409	15.6921	0	0	0.451738	0.548855	0	0	0	0
k107_28009439 flag=0 multi=12.0987 len=6288	6288	12.7132	0	0	0	0	0	0	0	0	0.553792	0.799705	0	0	0	0	11.9071	20.5723	0	0	0.252255	0.340349	0	0	0	0
k107_30383457 flag=0 multi=11.0150 len=36880	36880	11.408	0	0	0	0	0	0	0	0	0.235934	0.326164	0	0	0	0	10.6731	15.8125	0	0	0.498906	0.791429	0	0	0	0
k107_24046898 flag=1 multi=18.0000 len=61532	61532	11.1618	0	0	0	0	0	0	0	0	0.305455	0.540629	0	0	0	0	10.3662	14.6497	0.00246611	0.00245954	0.487702	0.623029	0	0	0	0
k107_15767548 flag=0 multi=17.1369 len=7431	7431	10.5719	0	0	0	0	0	0	0	0	0.41731	0.666853	0	0	0	0	9.80965	12.1509	0	0	0.344929	0.677225	0	0	0	0
k107_29483654 flag=1 multi=9.3045 len=28695	28695	11.249	0	0	0	0	0	0	0	0	0.356074	0.547974	0	0	0	0	10.5197	17.0809	0	0	0.373261	0.415375	0	0	0	0
k107_22558692 flag=0 multi=27.8113 len=4522	4522	11.1678	0	0	0	0	0	0	0	0	0.429384	0.578788	0	0	0	0	10.1384	8.98596	0	0	0.6	0.703299	0	0	0	0
k107_31223551 flag=0 multi=17.0772 len=19273	19273	16.5317	0	0	0	0	0	0	0	0	0	0	0	0	0	0	15.6583	27.3771	0	0	0.873333	1.19333	0	0	0	0
k107_5842163 flag=0 multi=18.0130 len=34171	34171	11.9989	0	0	0	0	0	0	0	0	0.320883	0.439606	0	0	0	0	11.0497	18.5985	0	0	0.619416	1.02109	0.00891671	0.0130956	0	0
k107_25971852 flag=0 multi=78.4904 len=4826	4826	12.2359	0	0	0	0	0	0	0	0	0.400531	0.6275	0	0	0	0	11.1052	22.0058	0	0	0.730106	1.05828	0	0	0	0
k107_23942233 flag=0 multi=11.1184 len=3848	3848	12.1452	0	0	0	0	0	0	0	0	0.340666	0.367978	0	0	0	0	11.2095	16.3503	0	0	0.595037	0.482301	0	0	0	0
k107_23639967 flag=0 multi=31.1225 len=13908	13908	11.9184	0	0	0	0	0	0	0	0	0.287373	0.372753	0	0	0	0	11.1536	16.6778	0	0	0.477436	0.719801	0	0	0	0
k107_13721752 flag=0 multi=10.0259 len=10951	10951	11.731	0	0	0	0	0	0	0	0	0.283125	0.427458	0	0	0	0	10.9949	12.1057	0	0	0.452906	0.566479	0	0	0	0
k107_2020998 flag=0 multi=13.0322 len=3554	3554	11.5455	0	0	0	0	0	0	0	0	0.557196	0.80112	0	0	0	0	10.8173	20.5701	0	0	0.170972	0.195907	0	0	0	0
k107_32004883 flag=0 multi=9.2580 len=3463	3463	10.3062	0	0	0	0	0	0	0	0	0.191079	0.268532	0	0	0	0	9.83803	22.2007	0	0	0.277128	0.272045	0	0	0	0
k107_18376828 flag=1 multi=9.0000 len=5698	5698	11.0491	0	0	0	0	0	0	0	0	0.335804	0.37916	0	0	0	0	10.0988	12.339	0	0	0.614529	0.976209	0	0	0	0
k107_18308610 flag=0 multi=19.0058 len=40930	40930	11.094	0	0	0	0	0	0	0	0	0.259895	0.440173	0	0	0	0	10.3512	15.2338	0	0	0.482869	0.709064	0	0	0	0
k107_32015789 flag=0 multi=9.0042 len=40209	40209	9.88907	0	0	0	0	0	0	0	0	0.269426	0.435062	0	0	0	0	9.1279	15.2892	0	0	0.491743	0.599211	0	0	0	0
k107_32011698 flag=0 multi=14.9993 len=14944	14944	12.9804	0	0	0	0	0	0	0	0	0.31956	0.397152	0	0	0	0	12.0122	29.8402	0	0	0.648682	0.968471	0	0	0	0
k107_29098800 flag=0 multi=10.0000 len=19008	19008	10.7196	0	0	0	0	0	0	0	0	0.206191	0.316375	0	0	0	0	10.0276	14.6047	0	0	0.48578	0.595821	0	0	0	0
k107_34385072 flag=0 multi=9.0123 len=10404	10404	10.1805	0	0	0	0	0	0	0	0	0.217581	0.289387	0	0	0	0	9.53732	16.5966	0	0	0.425559	0.619597	0	0	0	0
k107_27520872 flag=0 multi=9.5000 len=28063	28063	11.1575	0	0	0	0	0	0	0	0	0.250099	0.471345	0	0	0	0	10.5329	17.164	0	0	0.374554	0.637815	0	0	0	0
k107_12473895 flag=0 multi=18.9634 len=3279	3279	9.99362	0	0	0	0	0	0	0	0	0.322136	0.440668	0	0	0	0	8.83473	10.616	0	0	0.836748	0.954954	0	0	0	0
k107_29473920 flag=1 multi=17.0000 len=17330	17330	11.1607	0	0	0	0	0	0	0	0	0.292166	0.440485	0	0	0	0	10.4257	13.3487	0	0	0.4428	0.624986	0	0	0	0
k107_16344462 flag=0 multi=14.2822 len=6283	6283	10.476	0	0	0	0	0	0	0	0	0.0754054	0.0961022	0	0	0	0	10.1734	13.6215	0	0	0.22722	0.223115	0	0	0	0
k107_35607921 flag=0 multi=18.0460 len=42206	42206	11.4999	0	0	0	0	0	0	0	0	0.176451	0.292589	0	0	0	0	10.8628	14.5267	0.00357961	0.0035906	0.456997	0.653565	0	0	0	0
k107_32637311 flag=1 multi=9.0000 len=10568	10568	10.5383	0	0	0	0	0	0	0	0	0.205922	0.319037	0	0	0	0	9.8834	14.7845	0	0	0.448958	0.589847	0	0	0	0
k107_32691431 flag=0 multi=9.1432 len=5658	5658	11.4888	0	0	0	0	0	0	0	0	0.338312	0.419244	0	0	0	0	10.5217	16.5887	0	0	0.628828	0.681992	0	0	0	0
k107_16687231 flag=0 multi=9.0401 len=6641	6641	10.7093	0	0	0	0	0	0	0	0	0.190409	0.280498	0	0	0	0	10.1619	18.7394	0	0	0.356996	0.422901	0	0	0	0
k107_9852930 flag=1 multi=7.0000 len=5185	5185	8.37559	0	0	0	0	0	0	0	0	0.0614376	0.072776	0	0	0	0	8.31415	9.36623	0	0	0	0	0	0	0	0
k107_1981030 flag=1 multi=9.0000 len=34999	34999	11.1495	0	0	0	0	0	0	0	0	0.343574	0.551675	0	0	0	0	10.3885	17.1024	0	0	0.417414	0.584672	0	0	0	0
k107_32977801 flag=0 multi=9.2954 len=5036	5036	11.226	0	0	0	0	0	0	0	0	0.382341	0.70323	0	0	0	0	10.3657	14.5927	0	0	0.478031	0.803186	0	0	0	0
k107_27294847 flag=1 multi=17.0004 len=5639	5639	9.97321	0	0	0	0	0	0	0	0	0.395915	0.463029	0	0	0	0	9.40753	14.4595	0	0	0.169758	0.169824	0	0	0	0
k107_34393089 flag=0 multi=15.0765 len=5168	5168	11.7844	0	0	0	0	0	0	0	0	0.185984	0.170467	0	0	0	0	10.8409	17.787	0	0	0.757501	1.034	0	0	0	0
k107_21718679 flag=0 multi=15.1450 len=3961	3961	9.66248	0	0	0	0	0	0	0	0	0	0	0	0	0	0	9.29106	13.173	0	0	0.371413	0.416141	0	0	0	0
k107_28323814 flag=0 multi=16.1961 len=6001	6001	14.0823	0	0	0	0	0	0	0	0	0.510265	1.07803	0	0	0	0	12.9565	21.484	0	0	0.615547	0.757774	0	0	0	0
k107_34201413 flag=0 multi=10.0859 len=26125	26125	12.073	0	0	0	0	0	0	0	0	0.227975	0.356596	0	0	0	0	11.4706	17.8474	0	0	0.374434	0.429461	0	0	0	0
k107_26931713 flag=0 multi=10.6817 len=2796	2796	11.4771	0	0	0	0	0	0	0	0	0	0	0	0	0	0	11.0654	11.4265	0	0	0.411788	0.398161	0	0	0	0
k107_1893289 flag=1 multi=12.0000 len=46192	46192	11.8033	0	0	0	0	0	0	0	0	0.243408	0.38244	0	0	0	0	11.0834	15.8372	0.00658095	0.00979551	0.469928	0.644053	0	0	0	0
k107_18413795 flag=0 multi=9.0810 len=15729	15729	11.4906	0	0	0	0	0	0	0	0	0.215207	0.341038	0	0	0	0	10.728	17.3874	0	0	0.547417	0.581647	0	0	0	0
k107_35282750 flag=0 multi=9.2574 len=31319	31319	11.4604	0	0	0	0	0	0	0	0	0.252894	0.38526	0	0	0	0	10.8137	16.5339	0.0048683	0.00484495	0.388884	0.480728	0	0	0	0
k107_32725217 flag=1 multi=9.0000 len=9228	9228	11.7389	0	0	0	0	0	0	0	0	0.224065	0.577998	0	0	0	0	11.1766	18.0345	0	0	0.338225	0.402726	0	0	0	0
k107_7034169 flag=0 multi=16.0118 len=5190	5190	10.7842	0	0	0	0	0	0	0	0	0.398936	0.708869	0	0	0	0	10.3852	20.9517	0	0	0	0	0	0	0	0
k107_24941529 flag=0 multi=16.3652 len=2541	2541	11.0237	0	0	0	0	0	0	0	0	0.244305	0.504861	0	0	0	0	10.498	7.20163	0	0	0.281376	0.361361	0	0	0	0
k107_24716173 flag=0 multi=13.2688 len=7161	7161	10.3614	0	0	0	0	0	0	0	0	0.527628	0.757233	0	0	0	0	9.5234	17.2454	0	0	0.310395	0.342492	0	0	0	0
k107_8563588 flag=0 multi=11.0463 len=7119	7119	11.1234	0	0	0	0	0	0	0	0	0.659674	1.12329	0	0	0	0	9.84612	7.54886	0	0	0.617574	0.71591	0	0	0	0
k107_5251679 flag=1 multi=11.0000 len=19314	19314	11.8314	0	0	0	0	0	0	0	0	0.214338	0.336847	0	0	0	0	11.0891	19.0399	0	0	0.52793	0.658869	0	0	0	0
k107_16033200 flag=0 multi=12.7285 len=7211	7211	9.92778	0	0	0	0	0	0	0	0	0.262122	0.318854	0	0	0	0	9.07541	10.133	0	0	0.590245	0.735749	0	0	0	0
k107_35852313 flag=1 multi=10.0000 len=46015	46015	11.5543	0	0	0	0	0	0	0	0	0.241004	0.41688	0	0	0	0	10.9438	14.147	0.00656268	0.00926793	0.36296	0.51641	0	0	0	0
k107_27421767 flag=1 multi=10.0000 len=20281	20281	11.4795	0	0	0	0	0	0	0	0	0.120126	0.207496	0	0	0	0	10.944	17.2815	0	0	0.415386	0.46808	0	0	0	0
k107_32694863 flag=0 multi=9.0676 len=14299	14299	10.5971	0	0	0	0	0	0	0	0	0.25877	0.389539	0	0	0	0	9.976	14.3644	0	0	0.362363	0.447277	0	0	0	0
k107_22490705 flag=1 multi=16.0000 len=36186	36186	11.2909	0	0	0	0	0	0	0	0	0.274858	0.401028	0	0	0	0	10.5032	15.1651	0	0	0.512763	0.748205	0	0	0	0
k107_1413180 flag=0 multi=27.0484 len=2502	2502	18.0636	0	0	0	0	0	0	0	0	0	0	0	0	0	0	16.7741	22.7261	0.0686364	0.0639582	1.22091	2.49826	0	0	0	0
k107_17639431 flag=0 multi=9.0272 len=11720	11720	10.3836	0	0	0	0	0	0	0	0	0.237695	0.374424	0	0	0	0	9.59257	15.2813	0	0	0.553337	0.733779	0	0	0	0
k107_20264482 flag=0 multi=19.3234 len=2822	2822	10.9298	0	0	0	0	0	0	0	0	0.359524	0.520959	0	0	0	0	9.78611	9.73845	0	0	0.784127	1.3904	0	0	0	0
k107_18422352 flag=0 multi=11.0223 len=6833	6833	11.4186	0	0	0	0	0	0	0	0	0.496708	0.672659	0	0	0	0	10.4064	11.9476	0	0	0.515541	0.710755	0	0	0	0
k107_1833221 flag=0 multi=8.0628 len=11077	11077	9.08752	0	0	0	0	0	0	0	0	0.23239	0.317789	0	0	0	0	8.37967	7.81732	0	0	0.475452	0.670856	0	0	0	0
k107_15084925 flag=1 multi=10.0000 len=18794	18794	11.3175	0	0	0	0	0	0	0	0	0.236427	0.335551	0	0	0	0	10.5914	16.7016	0	0	0.489671	0.562979	0	0	0	0
k107_17340034 flag=0 multi=13.0150 len=6830	6830	11.9568	0	0	0	0	0	0	0	0	0.369485	0.553969	0	0	0	0	11.3111	13.2363	0	0	0.276195	0.45182	0	0	0	0
k107_21620615 flag=0 multi=11.0150 len=21127	21127	11.7316	0	0	0	0	0	0	0	0	0.282305	0.47479	0	0	0	0	10.7333	26.0053	0	0	0.716014	1.12626	0	0	0	0
k107_24233125 flag=0 multi=11.0749 len=4324	4324	10.7305	0	0	0	0	0	0	0	0	0.224764	0.315337	0	0	0	0	10.1492	9.42834	0	0	0.356539	0.33798	0	0	0	0
k107_23045717 flag=0 multi=9.2971 len=8443	8443	10.4351	0	0	0	0	0	0	0	0	0.259673	0.397158	0	0	0	0	9.76809	14.9012	0	0	0.407321	0.587517	0	0	0	0
k107_16141116 flag=0 multi=10.2290 len=7037	7037	10.0454	0	0	0	0	0	0	0	0	0.492799	0.713669	0	0	0	0	8.99629	12.3377	0	0	0.556347	0.622957	0	0	0	0
k107_13491883 flag=1 multi=10.0000 len=20375	20375	11.1895	0	0	0	0	0	0	0	0	0.150351	0.267041	0	0	0	0	10.6109	14.9088	0	0	0.428287	0.649173	0	0	0	0
k107_10460210 flag=0 multi=32.0382 len=20179	20179	11.3503	0	0	0	0	0	0	0	0	0.280928	0.460761	0	0	0	0	10.5503	17.4431	0	0	0.518992	0.794713	0	0	0	0
k107_13008006 flag=0 multi=10.0077 len=17650	17650	11.5741	0	0	0	0	0	0	0	0	0.208727	0.324828	0	0	0	0	10.8445	13.6871	0	0	0.520867	0.768137	0	0	0	0
k107_31131966 flag=0 multi=50.5303 len=12088	12088	11.8709	0	0	0	0	0	0	0	0	0.307483	0.450238	0	0	0	0	10.8706	18.1078	0	0	0.692856	0.777204	0	0	0	0
k107_17860456 flag=0 multi=10.1126 len=2575	2575	11.0805	0	0	0	0	0	0	0	0	0	0	0	0	0	0	10.8803	13.7815	0	0	0.200176	0.176545	0	0	0	0
k107_22978873 flag=1 multi=10.0000 len=6022	6022	10.9182	0	0	0	0	0	0	0	0	0.270804	0.381439	0	0	0	0	10.1199	15.2635	0	0	0.527448	0.477304	0	0	0	0
k107_35867649 flag=0 multi=10.2355 len=7517	7517	12.0723	0	0	0	0	0	0	0	0	0.654747	0.87585	0	0	0	0	10.873	15.3852	0	0	0.54456	0.696861	0	0	0	0
k107_4110909 flag=1 multi=12.0000 len=9153	9153	12.0559	0	0	0	0	0	0	0	0	0.102135	0.120601	0	0	0	0	11.6472	14.4475	0	0	0.306632	0.430858	0	0	0	0
k107_14668561 flag=0 multi=10.0040 len=56026	56026	11.3714	0	0	0	0	0	0	0	0	0.243719	0.335878	0	0	0	0	10.5997	14.7183	0	0	0.527941	0.745777	0	0	0	0
k107_23509407 flag=0 multi=10.0117 len=36219	36219	11.0815	0	0	0	0	0	0	0	0	0.214244	0.292186	0	0	0	0	10.4223	15.1862	0	0	0.44497	0.661072	0	0	0	0
k107_33955637 flag=0 multi=11.6622 len=7218	7218	10.5106	0	0	0	0	0	0	0	0	0.262001	0.418687	0	0	0	0	9.45055	13.9745	0	0	0.798005	1.54349	0	0	0	0
k107_29946111 flag=0 multi=9.2319 len=4139	4139	11.0089	0	0	0	0	0	0	0	0	0.314829	0.290849	0	0	0	0	10.4204	16.9538	0	0	0.273651	0.324785	0	0	0	0
k107_8699543 flag=0 multi=12.8081 len=3181	3181	9.41021	0	0	0	0	0	0	0	0	0.209448	0.270071	0	0	0	0	8.92984	18.496	0	0	0.270927	0.299065	0	0	0	0
k107_26728111 flag=0 multi=66.7295 len=13100	13100	12.8822	0	0	0	0	0	0	0	0	0.382638	0.477466	0	0	0	0	12.1029	16.952	0	0	0.396624	0.579842	0	0	0	0
k107_29034740 flag=0 multi=14.5274 len=2932	2932	9.78403	0	0	0	0	0	0	0	0	0.228897	0.224145	0	0	0	0	9.09696	11.5486	0	0	0.458175	0.394514	0	0	0	0
k107_18318973 flag=0 multi=10.0188 len=93212	93212	11.2385	0	0	0	0	0	0	0	0	0.303681	0.472005	0	0	0	0	10.5373	16.3908	0.00972985	0.0120373	0.387795	0.516187	0	0	0	0
k107_26828882 flag=0 multi=15.0874 len=59461	59461	10.9234	0	0	0	0	0	0	0	0	0.260197	0.367204	0	0	0	0	10.1943	12.6423	0.010176	0.0187668	0.458713	0.559531	0	0	0	0
k107_19795322 flag=0 multi=17.1342 len=8825	8825	11.5145	0	0	0	0	0	0	0	0	0.247917	0.251542	0	0	0	0	10.7536	14.7655	0	0	0.512965	0.842939	0	0	0	0
k107_34394810 flag=0 multi=10.1234 len=6200	6200	10.8715	0	0	0	0	0	0	0	0	0.40963	0.526765	0	0	0	0	9.95643	14.7524	0	0	0.454222	0.650241	0.0512038	0.0672438	0	0
k107_12089860 flag=0 multi=58.1487 len=4376	4376	10.3466	0	0	0	0	0	0	0	0	0.377516	0.405458	0	0	0	0	9.73638	15.1731	0	0	0.232695	0.241575	0	0	0	0
k107_21936876 flag=0 multi=11.0017 len=23293	23293	11.7682	0	0	0	0	0	0	0	0	0.299509	0.394078	0	0	0	0	10.8989	17.1763	0.0131356	0.0129695	0.556696	0.661288	0	0	0	0
k107_30608847 flag=0 multi=11.0107 len=15010	15010	12.5927	0	0	0	0	0	0	0	0	0.420383	0.507635	0	0	0	0	11.8031	15.6414	0	0	0.369187	0.47419	0	0	0	0
k107_33887303 flag=0 multi=17.5342 len=3922	3922	17.1301	0	0	0	0	0	0	0	0	0.124862	0.148204	0	0	0	0	16.2257	34.392	0	0	0.779558	0.659416	0	0	0	0
k107_28543685 flag=0 multi=9.0153 len=22375	22375	11.8082	0	0	0	0	0	0	0	0	0.345581	0.552856	0	0	0	0	10.9637	15.4369	0.0136819	0.022646	0.485299	0.64822	0	0	0	0
k107_28082575 flag=0 multi=9.6641 len=14567	14567	11.4994	0	0	0	0	0	0	0	0	0.296179	0.338573	0	0	0	0	10.8717	16.8149	0	0	0.331511	0.386014	0	0	0	0
k107_16365496 flag=1 multi=10.0000 len=18025	18025	11.1791	0	0	0	0	0	0	0	0	0.272358	0.383447	0	0	0	0	10.3955	15.3976	0	0	0.511257	0.707183	0	0	0	0
k107_33587138 flag=0 multi=10.0628 len=6234	6234	9.86885	0	0	0	0	0	0	0	0	0.182401	0.251349	0	0	0	0	9.53439	16.7694	0	0	0.152057	0.171571	0	0	0	0
k107_18105434 flag=0 multi=17.0198 len=12249	12249	11.8683	0	0	0	0	0	0	0	0	0.379091	0.475609	0	0	0	0	10.9676	13.0746	0	0	0.521554	1.06677	0	0	0	0
k107_31831213 flag=1 multi=10.0000 len=19320	19320	11.4958	0	0	0	0	0	0	0	0	0.301662	0.351581	0	0	0	0	10.7155	17.7126	0	0	0.478704	0.565465	0	0	0	0
k107_35067408 flag=0 multi=20.7603 len=3307	3307	12.0576	0	0	0	0	0	0	0	0	0.19401	0.23446	0	0	0	0	11.8629	14.0724	0	0	0.000665557	0.00132968	0	0	0	0
k107_7902942 flag=1 multi=8.0000 len=5371	5371	9.9635	0	0	0	0	0	0	0	0	0.144604	0.243668	0	0	0	0	9.52752	10.4781	0	0	0.291379	0.334408	0	0	0	0
k107_35350611 flag=0 multi=16.3454 len=10303	10303	11.803	0.0146985	0.0148723	0	0	0	0	0	0	0.241276	0.375628	0	0	0	0	10.868	17.36	0	0	0.679032	1.12327	0	0	0	0
k107_32031719 flag=0 multi=9.0600 len=6272	6272	11.6764	0	0	0	0	0	0	0	0	0.252596	0.556886	0	0	0	0	10.6744	10.7442	0.0505863	0.0909244	0.698827	1.14386	0	0	0	0
k107_35100694 flag=1 multi=10.0000 len=18400	18400	11.8096	0	0	0	0	0	0	0	0	0.241684	0.36339	0.00834346	0.00827992	0	0	11.1051	15.7272	0	0	0.45447	0.536733	0	0	0	0
k107_2344864 flag=1 multi=10.0000 len=30858	30858	12.2296	0	0	0	0	0	0	0	0	0.306061	0.423957	0	0	0	0	11.3848	16.3646	0.00494175	0.00491946	0.533807	0.870587	0	0	0	0
k107_3544372 flag=0 multi=11.0034 len=8898	8898	12.9333	0	0	0	0	0	0	0	0	0.245812	0.353457	0	0	0	0	12.1559	16.1208	0	0	0.531643	0.75106	0	0	0	0
k107_30414380 flag=0 multi=10.8261 len=54341	54341	11.5836	0	0	0	0	0	0	0	0	0.304983	0.466667	0	0	0	0	10.7648	15.7309	0	0	0.513814	0.676264	0	0	0	0
k107_17181854 flag=1 multi=11.0000 len=15881	15881	12.1247	0	0	0	0	0	0	0	0	0.280763	0.539922	0	0	0	0	11.4973	16.0693	0	0	0.34662	0.469995	0	0	0	0
k107_11140419 flag=0 multi=13.0843 len=6217	6217	12.2105	0	0	0	0	0	0	0	0	0.447844	0.537482	0	0	0	0	11.5077	17.9218	0	0	0.254945	0.40558	0	0	0	0
k107_25714837 flag=0 multi=10.1775 len=11217	11217	11.4883	0.0551535	0.198567	0	0	0	0	0	0	0.221255	0.299384	0	0	0	0	11.1844	18.4561	0	0	0.0274851	0.0375315	0	0	0	0
k107_31667463 flag=1 multi=10.0000 len=17074	17074	12.4687	0	0	0	0	0	0	0	0	0.341879	0.445588	0	0	0	0	11.5212	18.5326	0	0	0.605593	0.897572	0	0	0	0
k107_23079068 flag=0 multi=9.9944 len=13399	13399	12.3041	0	0	0	0	0	0	0	0	0.276628	0.467922	0	0	0	0	11.5321	17.509	0	0	0.495381	0.802678	0	0	0	0
k107_16751834 flag=0 multi=33.0000 len=4184	4184	10.832	0	0	0	0	0	0	0	0	0.367594	0.54392	0	0	0	0	9.75786	19.8354	0	0	0.706595	0.399062	0	0	0	0
k107_28362537 flag=0 multi=11.2874 len=4822	4822	10.9332	0	0	0	0	0	0	0	0	0.198451	0.321568	0	0	0	0	10.4177	17.3954	0	0	0.317035	0.335268	0	0	0	0
k107_5954511 flag=0 multi=11.0645 len=2806	2806	11.0731	0	0	0	0	0	0	0	0	0.361821	0.802267	0	0	0	0	10.2288	10.6224	0	0	0.482428	0.504698	0	0	0	0
k107_19715636 flag=0 multi=10.0644 len=20023	20023	10.7222	0	0	0	0	0	0	0	0	0.194159	0.270005	0	0	0	0	9.83206	14.0788	0	0	0.695959	0.934893	0	0	0	0
k107_21356692 flag=0 multi=20.3388 len=5134	5134	11.0017	0	0	0	0	0	0	0	0	0.313328	0.468953	0	0	0	0	10.251	12.7759	0	0	0.437293	0.596797	0	0	0	0
k107_21645858 flag=0 multi=11.0393 len=15077	15077	10.6667	0	0	0	0	0	0	0	0	0.311946	0.479244	0	0	0	0	9.98464	13.0126	0	0	0.370152	0.539687	0	0	0	0
k107_12762393 flag=0 multi=29.9881 len=22120	22120	10.5648	0	0	0	0	0	0	0	0	0.256898	0.465188	0	0	0	0	9.76904	15.5643	0	0	0.538867	0.723156	0	0	0	0
k107_32947295 flag=0 multi=10.2786 len=9104	9104	10.4671	0	0	0	0	0	0	0	0	0.137242	0.177734	0	0	0	0	9.79902	14.8694	0	0	0.530788	0.816664	0	0	0	0
k107_17490575 flag=0 multi=10.0356 len=2834	2834	10.1252	0	0	0	0	0	0	0	0	0	0	0	0	0	0	9.67101	8.39856	0	0	0.454186	0.340533	0	0	0	0
k107_20114637 flag=0 multi=15.0401 len=15650	15650	10.9919	0	0	0	0	0	0	0	0	0.353857	0.360647	0	0	0	0	10.3587	15.1575	0.00983842	0.00974114	0.269481	0.303188	0	0	0	0
k107_25432637 flag=1 multi=10.1225 len=4997	4997	12.6313	0	0	0	0	0	0	0	0	0.128647	0.201589	0	0	0	0	11.9246	19.7141	0	0	0.578062	0.713799	0	0	0	0
k107_12512037 flag=0 multi=30.0308 len=2898	2898	13.1202	0	0	0	0	0	0	0	0	0.364022	0.477562	0	0	0	0	12.349	15.6039	0	0	0.407165	0.348594	0	0	0	0
k107_22068759 flag=0 multi=20.0326 len=4955	4955	16.9757	0	0	0	0	0	0	0	0	0.650548	1.92216	0	0	0	0	15.5291	18.6503	0	0	0.796046	1.07084	0	0	0	0
k107_34487527 flag=0 multi=10.1117 len=23957	23957	11.3028	0	0	0	0	0	0	0	0	0.29313	0.418327	0	0	0	0	10.6024	18.0686	0	0	0.407271	0.764183	0	0	0	0
k107_10441260 flag=0 multi=28.0064 len=41245	41245	13.8856	0	0	0	0	0	0	0	0	0.349022	0.543343	0	0	0	0	12.9533	19.1891	0	0	0.583323	0.840578	0	0	0	0
k107_6002083 flag=0 multi=10.1216 len=5395	5395	12.0909	0	0	0	0	0	0	0	0	0.189476	0.253495	0	0	0	0	11.7237	17.49	0	0	0.177695	0.210677	0	0	0	0
k107_23630782 flag=0 multi=10.0595 len=10543	10543	11.0486	0	0	0	0	0	0	0	0	0.44068	0.677791	0	0	0	0	10.1076	10.8565	0	0	0.500342	0.821511	0	0	0	0
k107_34130701 flag=0 multi=61.9613 len=5461	5461	18.1936	0	0	0	0	0	0	0	0	0.675712	0.866503	0	0	0	0	16.4233	29.2052	0	0	1.09459	1.98831	0	0	0	0
k107_3455014 flag=0 multi=14.2045 len=5306	5306	8.91347	0	0	0	0	0	0	0	0	0.241407	0.262312	0	0	0	0	8.00939	13.8365	0	0	0.66267	0.92038	0	0	0	0
k107_26630085 flag=0 multi=37.0599 len=8054	8054	12.1753	0	0	0	0	0	0	0	0	0	0	0	0	0	0	11.6574	20.3335	0	0	0.517931	0.85753	0	0	0	0
k107_20818526 flag=0 multi=12.0339 len=6923	6923	11.3871	0	0	0	0	0	0	0	0	0.547349	1.07382	0	0	0	0	10.475	16.6412	0	0	0.364749	0.34054	0	0	0	0
k107_31750119 flag=0 multi=10.3198 len=20777	20777	11.6163	0	0	0	0	0	0	0	0	0.162051	0.2734	0	0	0	0	10.9525	14.6384	0	0	0.501685	0.743121	0	0	0	0
k107_34583396 flag=0 multi=10.1229 len=6679	6679	11.8118	0	0	0	0	0	0	0	0	0.189431	0.223522	0	0	0	0	11.1502	18.1783	0	0	0.472166	0.696046	0	0	0	0
k107_17069772 flag=0 multi=17.1801 len=16495	16495	14.6263	0	0	0	0	0	0	0	0	0.428271	0.539595	0	0	0	0	13.1719	19.651	0	0	1.02612	1.73764	0	0	0	0
k107_12997233 flag=0 multi=11.0941 len=13652	13652	13.1837	0	0	0	0	0	0	0	0	0.239026	0.331548	0	0	0	0	12.4122	20.679	0	0	0.532434	0.666615	0	0	0	0
k107_28408701 flag=0 multi=11.0000 len=24580	24580	13.3099	0	0	0	0	0	0	0	0	0.186589	0.294163	0	0	0	0	12.6017	17.5599	0	0	0.509144	0.753382	0	0	0.0124392	0.0217609
k107_3539529 flag=1 multi=9.0000 len=15217	15217	10.0266	0	0	0	0	0	0	0	0	0.222461	0.241633	0	0	0	0	9.4405	14.2756	0	0	0.363661	0.499726	0	0	0	0
k107_24678895 flag=0 multi=12.3051 len=4187	4187	10.4268	0	0	0	0	0	0	0	0	0.15547	0.168407	0	0	0	0	9.72716	16.0195	0	0	0.544144	0.878415	0	0	0	0
k107_2466867 flag=0 multi=26.2597 len=5171	5171	16.4179	0	0	0	0	0	0	0	0	0.310125	0.317122	0	0	0	0	15.2208	28.3259	0	0	0.88704	1.22427	0	0	0	0
k107_17685570 flag=0 multi=13.9432 len=10535	10535	11.1298	0	0	0	0	0	0	0	0	0.351119	0.614589	0	0	0	0	10.337	14.9038	0	0	0.44161	0.581188	0	0	0	0
k107_22266049 flag=0 multi=12.4520 len=7585	7585	10.0063	0	0	0	0	0	0	0	0	0.207332	0.207196	0	0	0	0	9.31333	13.2938	0	0	0.485652	0.506331	0	0	0	0
k107_14702028 flag=1 multi=10.0000 len=5073	5073	12.2348	0	0	0	0	0	0	0	0	0.253196	0.532579	0	0	0	0	11.3029	16.6456	0	0	0.678684	0.699827	0	0	0	0
k107_10098949 flag=0 multi=9.1196 len=8856	8856	9.6418	0	0	0	0	0	0	0	0	0.352817	0.387248	0	0	0	0	8.91583	10.7942	0	0	0.373159	0.527164	0	0	0	0
k107_17628336 flag=0 multi=9.2238 len=5782	5782	10.2907	0	0	0	0	0	0	0	0	0.165146	0.232206	0	0	0	0	9.74033	13.3886	0	0	0.385219	0.376069	0	0	0	0
k107_24930139 flag=1 multi=9.0000 len=21313	21313	11.4287	0	0	0	0	0	0	0	0	0.208129	0.348915	0	0	0	0	10.7937	16.345	0.0142782	0.0141681	0.412593	0.543219	0	0	0	0
k107_19999904 flag=1 multi=10.0029 len=87832	87832	11.5498	0	0	0	0	0	0	0	0	0.21556	0.348942	0	0	0	0	10.8881	15.2969	0	0	0.446121	0.638085	0	0	0	0
k107_5256831 flag=0 multi=9.0382 len=16264	16264	11.4313	0	0	0	0	0	0	0	0	0.359353	0.543446	0	0	0	0	10.7647	13.5772	0	0	0.307292	0.571662	0	0	0	0
k107_22068609 flag=1 multi=9.5524 len=83232	83232	11.3893	0	0	0	0	0	0	0	0	0.247245	0.429509	0	0	0	0	10.7241	15.6315	0.00362957	0.00723971	0.41066	0.563495	0.00362957	0.00362801	0	0
k107_27882481 flag=0 multi=22.5463 len=3508	3508	11.4504	0	0	0	0	0	0	0	0	0.41204	0.472041	0	0	0	0	10.6616	18.0742	0	0	0.376794	0.465151	0	0	0	0
k107_1138979 flag=0 multi=10.2808 len=13812	13812	12.1602	0	0	0	0	0	0	0	0	0.245818	0.276044	0	0	0	0	11.5033	13.2983	0	0	0.411103	0.454269	0	0	0	0
k107_31045337 flag=0 multi=9.0254 len=14726	14726	10.8339	0	0	0	0	0	0	0	0	0.355657	0.524964	0	0	0	0	9.99757	12.5769	0	0	0.480657	0.634351	0	0	0	0
k107_21868270 flag=0 multi=10.6639 len=2660	2660	10.7006	0	0	0	0	0	0	0	0	0.382952	0.367365	0	0	0	0	9.83842	10.5488	0	0	0.47922	0.474571	0	0	0	0
k107_27071445 flag=1 multi=10.0000 len=31616	31616	11.2449	0	0	0	0	0	0	0	0	0.274542	0.427091	0	0	0	0	10.3446	16.3683	0	0	0.625727	0.847067	0	0	0	0
k107_24047804 flag=1 multi=8.0000 len=4324	4324	10.1601	0	0	0	0	0	0	0	0	0.075087	0.0814081	0	0	0	0	9.71009	9.85098	0	0	0.374938	0.342993	0	0	0	0
k107_34872415 flag=0 multi=306.8522 len=2603	2603	10.2512	0	0	0	0	0	0	0	0	0.262495	0.276286	0	0	0	0	9.3342	9.6392	0	0	0.654498	0.914387	0	0	0	0
k107_20371924 flag=0 multi=10.0012 len=12981	12981	10.4309	0	0	0	0	0	0	0	0	0.381103	0.584674	0	0	0	0	9.46486	12.0501	0	0	0.584983	1.09684	0	0	0	0
k107_15805105 flag=0 multi=9.0656 len=10636	10636	10.2939	0	0	0	0	0	0	0	0	0.350397	0.497167	0	0	0	0	9.50068	14.019	0	0	0.44281	0.590998	0	0	0	0
k107_16029797 flag=0 multi=30.0077 len=6849	6849	14.9991	0	0	0	0	0	0	0	0	0.322743	0.437116	0	0	0	0	14.0205	16.24	0	0	0.655873	0.699118	0	0	0	0
k107_13724748 flag=0 multi=45.9894 len=4456	4456	10.0864	0	0	0	0	0	0	0	0	0.218103	0.463887	0	0	0	0	9.3611	11.4913	0	0	0.507222	0.825022	0	0	0	0
k107_1286036 flag=0 multi=19.7731 len=3989	3989	11.6626	0	0	0	0	0	0	0	0	0.306753	0.350227	0	0	0	0	10.8213	9.9924	0	0	0.534581	0.557038	0	0	0	0
k107_23199206 flag=0 multi=20.3050 len=4320	4320	11.2982	0	0	0	0	0	0	0	0	0.288701	0.574038	0	0	0	0	10.0361	11.874	0	0	0.97337	1.75284	0	0	0	0
k107_19347506 flag=0 multi=19.0057 len=7509	7509	10.3021	0	0	0	0	0	0	0	0	0.125711	0.210396	0	0	0	0	10.1345	11.1366	0.0419037	0.0426599	0	0	0	0	0	0
k107_27800715 flag=0 multi=19.4186 len=2981	2981	10.0228	0	0	0	0	0	0	0	0	0.112729	0.187428	0	0	0	0	9.57372	26.9502	0	0	0.33632	0.534581	0	0	0	0
k107_12503917 flag=0 multi=14.0497 len=6601	6601	15.4007	0	0	0	0	0	0	0	0	0.248611	0.294496	0	0	0	0	14.4097	22.3799	0	0	0.74234	0.936223	0	0	0	0
k107_5999828 flag=0 multi=10.0328 len=6205	6205	10.2627	0	0	0	0	0	0	0	0	0.153142	0.19501	0	0	0	0	9.67491	10.7864	0	0	0.434694	0.601952	0	0	0	0
k107_27554158 flag=1 multi=9.0000 len=22060	22060	11.1408	0	0	0	0	0	0	0	0	0.256365	0.36752	0	0	0	0	10.3646	16.2466	0	0	0.519763	0.646288	0	0	0	0
k107_4672161 flag=0 multi=48.4104 len=5287	5287	57.2341	0	0	0	0	0	0	0	0	0.797793	1.7387	0	0	0	0	54.7679	82.3116	0	0	1.66841	1.7585	0	0	0	0
k107_21644209 flag=0 multi=48.5284 len=2556	2556	9.83141	0	0	0	0	0	0	0	0	0	0	0	0	0	0	9.12556	10.4136	0	0	0.705856	0.513584	0	0	0	0
k107_21258063 flag=0 multi=10.0196 len=16038	16038	11.075	0	0	0	0	0	0	0	0	0.225979	0.248422	0	0	0	0	10.3606	12.8466	0	0	0.488371	0.582928	0	0	0	0
k107_7516746 flag=0 multi=13.5068 len=5310	5310	11.9984	0	0	0	0	0	0	0	0	0.0844649	0.105166	0	0	0	0	11.3117	14.6065	0	0	0.602236	0.549414	0	0	0	0
k107_24359604 flag=0 multi=69.9664 len=6186	6186	10.7763	0	0	0	0	0	0	0	0	0.35877	0.662331	0	0	0	0	9.88018	17.4433	0	0	0.53739	0.622879	0	0	0	0
k107_17556601 flag=1 multi=8.0000 len=10140	10140	8.67646	0	0	0	0	0	0	0	0	0.0305956	0.0431792	0	0	0	0	8.20553	9.56616	0	0	0.440333	0.847489	0	0	0	0
k107_30365530 flag=0 multi=11.1518 len=6174	6174	11.9428	0	0	0	0	0	0	0	0	0.280824	0.481335	0	0	0	0	10.9842	18.282	0.025545	0.0250568	0.652248	1.03915	0	0	0	0
k107_16588077 flag=0 multi=12.3079 len=9373	9373	10.5294	0	0	0	0	0	0	0	0	0.298865	0.454204	0	0	0	0	9.79859	11.3807	0	0	0.431926	0.613634	0	0	0	0
k107_17020581 flag=1 multi=10.0000 len=23857	23857	11.0181	0	0	0	0	0	0	0	0	0.332668	0.49969	0	0	0	0	10.2894	13.5365	0	0	0.396052	0.544504	0	0	0	0
k107_1505882 flag=0 multi=10.0682 len=41043	41043	11.5486	0	0	0	0	0	0	0	0	0.27233	0.447136	0	0	0	0	10.695	14.6583	0.0148008	0.0253158	0.56653	0.726048	0	0	0	0
k107_33138108 flag=0 multi=10.1527 len=27685	27685	12.1138	0	0	0	0	0.0110287	0.0152903	0	0	0.35869	0.598305	0	0	0	0	11.1675	17.9242	0	0	0.576635	0.8151	0	0	0	0
k107_8814331 flag=0 multi=23.1431 len=5189	5189	10.7802	0	0	0	0	0	0	0	0	0.574586	0.804426	0	0	0	0	9.83589	14.0149	0	0	0.369756	0.398696	0	0	0	0
k107_4251047 flag=1 multi=10.0000 len=17005	17005	11.3714	0	0	0	0	0	0	0	0	0.198707	0.269977	0	0	0	0	10.8208	15.3781	0	0	0.351913	0.705841	0	0	0	0
k107_32955764 flag=0 multi=38.8187 len=3406	3406	11.8131	0	0	0	0	0	0	0	0	0.290593	0.660748	0	0	0	0	10.8421	20.0345	0	0	0.680412	0.957871	0	0	0	0
k107_29039579 flag=0 multi=26.2177 len=19722	19722	13.8744	0	0	0	0	0	0	0	0	0.450515	0.591688	0	0	0	0	12.7429	24.2822	0	0	0.680947	0.905259	0	0	0	0
k107_32040022 flag=0 multi=9.0338 len=24683	24683	11.0913	0	0	0	0	0	0	0	0	0.272302	0.418088	0	0	0	0	10.3338	11.7295	0	0	0.485132	0.623743	0	0	0	0
k107_16165734 flag=0 multi=10.1967 len=13912	13912	11.4506	0	0	0	0	0	0	0	0	0.480162	0.747077	0	0	0	0	10.3059	20.264	0	0	0.664511	1.2668	0	0	0	0
k107_32988064 flag=1 multi=9.2014 len=11424	11424	10.573	0.0271534	0.0449406	0	0	0	0	0	0	0.339148	0.631229	0	0	0	0	9.8681	15.8666	0	0	0.338608	0.419379	0	0	0	0
k107_32606914 flag=0 multi=62.0000 len=4563	4563	10.9021	0	0	0	0	0	0	0	0	0.496128	0.806367	0	0	0	0	9.98123	18.5989	0	0	0.424783	0.654347	0	0	0	0
k107_29686673 flag=0 multi=53.0319 len=2524	2524	8.65527	0	0	0	0	0	0	0	0	0	0	0	0	0	0	8.38344	11.8608	0	0	0.271827	0.371817	0	0	0	0
k107_27984831 flag=0 multi=11.9500 len=6085	6085	10.2864	0	0	0	0	0	0	0	0	0.156493	0.179874	0	0	0	0	9.47934	12.0829	0	0	0.650527	0.903984	0	0	0	0
k107_35707774 flag=0 multi=18.7353 len=10717	10717	14.0812	0	0	0	0	0	0	0	0	0.520691	1.05138	0	0	0	0	13.0103	17.5828	0.0289966	0.0281638	0.521267	0.657849	0	0	0	0
k107_8963558 flag=0 multi=10.0155 len=47026	47026	11.6651	0	0	0	0	0	0	0	0	0.178024	0.234138	0	0	0	0	11.1027	16.4521	0.00323174	0.00322329	0.381068	0.532803	0	0	0	0
k107_12237667 flag=0 multi=10.1882 len=18632	18632	11.6151	0	0	0	0	0	0	0	0	0.326023	0.59838	0	0	0	0	10.759	13.8765	0	0	0.530005	0.82515	0	0	0	0
k107_3226048 flag=0 multi=18.1841 len=3247	3247	9.79117	0	0	0	0	0	0	0	0	0	0	0	0	0	0	8.97861	10.5865	0	0	0.812564	1.12769	0	0	0	0
k107_18464595 flag=0 multi=26.3115 len=4636	4636	21.6479	0	0	0	0	0	0	0	0	0.347254	0.393705	0	0	0	0	20.6043	36.2552	0	0	0.696354	0.635978	0	0	0	0
k107_33406106 flag=0 multi=13.0962 len=10428	10428	12.5751	0	0	0	0	0	0	0	0	0.268319	0.294347	0	0	0	0	11.5917	20.9542	0	0	0.714991	1.29313	0	0	0	0
k107_35405305 flag=0 multi=12.0727 len=43189	43189	11.6275	0	0	0	0	0	0	0	0	0.344673	0.415586	0	0	0	0	10.7941	17.686	0	0	0.488796	0.616949	0	0	0	0
k107_35615848 flag=1 multi=15.0000 len=23010	23010	11.1322	0	0	0	0	0	0	0	0	0.172626	0.284425	0	0	0	0	10.4551	14.8803	0	0	0.504404	0.806964	0	0	0	0
k107_16773635 flag=0 multi=10.2823 len=122228	122228	11.5798	0	0	0	0	0	0	0	0	0.265989	0.393392	0	0	0	0	10.8147	14.9302	0	0	0.499131	0.728837	0	0	0	0
k107_1418106 flag=1 multi=8.7605 len=26145	26145	9.7739	0	0	0	0	0	0	0	0	0.326704	0.494814	0	0	0	0	8.88883	10.8952	0	0	0.546686	0.780933	0.0116859	0.0198267	0	0
k107_17905839 flag=1 multi=9.0000 len=5173	5173	11.1429	0	0	0	0	0	0	0	0	0.123589	0.124255	0	0	0	0	10.6553	16.9692	0	0	0.363991	0.673987	0	0	0	0
k107_5767011 flag=0 multi=13.2701 len=4906	4906	7.51651	0	0	0	0	0	0	0	0	0.327541	0.375992	0	0	0	0	6.69722	7.45947	0	0	0.491746	0.486335	0	0	0	0
k107_19911089 flag=0 multi=10.3654 len=30290	30290	10.6971	0	0	0	0	0	0	0	0	0.281879	0.344034	0	0	0	0	9.96805	12.2204	0	0	0.447212	0.733456	0	0	0	0
k107_32523383 flag=0 multi=14.3292 len=5250	5250	9.85772	0	0	0	0	0	0	0	0	0	0	0	0	0	0	9.4618	14.6363	0	0	0.395918	0.473797	0	0	0	0
k107_1415208 flag=0 multi=12.0113 len=12155	12155	10.7614	0	0	0	0	0	0	0	0	0.345651	0.526996	0	0	0	0	9.98321	12.3886	0	0	0.432549	0.551095	0	0	0	0
k107_15258997 flag=0 multi=16.1204 len=7092	7092	17.6356	0	0	0	0	0	0	0	0	0	0	0	0	0	0	16.1918	19.1843	0	0	1.44389	2.06502	0	0	0	0
k107_19440604 flag=0 multi=16.6070 len=2695	2695	12.9214	0	0	0	0	0	0	0	0	0.141245	0.121351	0	0	0	0	12.5278	18.3557	0	0	0.252403	0.256507	0	0	0	0
k107_12066346 flag=1 multi=11.0000 len=14310	14310	11.1281	0	0	0	0	0	0	0	0	0.172401	0.215852	0	0	0	0	10.6218	17.8517	0	0	0.333952	0.486219	0	0	0	0
k107_17843357 flag=1 multi=9.0000 len=21025	21025	11.7482	0	0	0	0	0	0	0	0	0.262124	0.356636	0	0	0	0	11.0428	16.3481	0	0	0.443227	0.582129	0	0	0	0
k107_2688825 flag=0 multi=12.1012 len=48662	48662	11.6617	0	0	0	0	0	0	0	0	0.251199	0.383481	0	0	0	0	10.8957	16.7566	0.00624483	0.00793885	0.508581	0.601464	0	0	0	0
k107_20405514 flag=0 multi=10.3147 len=8327	8327	11.5888	0	0	0	0	0	0	0	0	0.375826	0.451815	0	0	0	0	10.6112	10.696	0	0	0.601745	0.923434	0	0	0	0
k107_1567898 flag=0 multi=30.7403 len=17882	17882	11.4428	0	0	0	0	0	0	0	0	0.274744	0.406911	0	0	0	0	10.6538	17.3127	0	0	0.514221	0.716502	0	0	0	0
k107_13814727 flag=0 multi=30.7257 len=7303	7303	11.1116	0	0	0.0431367	0.0432824	0	0	0	0	0.250678	0.276955	0	0	0	0	10.3751	9.74636	0	0	0.442651	0.439166	0	0	0	0
k107_24365552 flag=0 multi=24.0188 len=17592	17592	9.03349	0	0	0	0	0	0	0	0	0.270619	0.459068	0	0	0	0	8.46611	12.8557	0	0	0.296761	0.370985	0	0	0	0
k107_6412987 flag=0 multi=11.0225 len=4014	4014	10.3669	0	0	0	0	0	0	0	0	0.169989	0.205971	0	0	0	0	9.82058	12.5977	0	0	0.376347	0.428782	0	0	0	0
k107_15483093 flag=0 multi=15.3951 len=3223	3223	12.1222	0	0	0	0	0	0	0	0	0	0	0	0	0	0	11.1931	14.9045	0	0	0.929134	1.22493	0	0	0	0
k107_18064895 flag=0 multi=14.0701 len=6742	6742	11.1734	0	0	0	0	0	0	0	0	0.100621	0.157297	0	0	0	0	10.5582	15.2858	0	0	0.514596	0.595184	0	0	0	0
k107_17661107 flag=1 multi=9.0000 len=26748	26748	8.7327	0	0	0	0	0	0	0	0	0.0569462	0.081957	0	0	0	0	8.6702	13.0831	0	0	0.0055585	0.00567722	0	0	0	0
k107_34856228 flag=0 multi=12.8919 len=11956	11956	11.2986	0	0	0	0	0	0	0	0	0.259482	0.314249	0	0	0	0	10.4235	12.3275	0	0	0.615583	0.939509	0	0	0	0
k107_8636174 flag=0 multi=63.2265 len=4861	4861	22.5975	0	0	0	0	0	0	0	0	0.597499	0.919319	0	0	0	0	21.0211	52.3869	0	0	0.978943	1.46172	0	0	0	0
k107_23758938 flag=0 multi=14.0540 len=8035	8035	10.8165	0	0	0	0	0	0	0	0	0.351351	0.503704	0	0	0	0	9.88594	17.5246	0	0	0.579206	0.883646	0	0	0	0
k107_31510705 flag=1 multi=10.0000 len=9432	9432	10.4945	0	0	0	0	0	0	0	0	0.384337	0.460475	0	0	0	0	9.84633	13.9962	0	0	0.263855	0.295854	0	0	0	0
k107_16161959 flag=0 multi=13.1400 len=15883	15883	14.3476	0	0	0	0	0	0	0	0	0.406713	0.547369	0	0	0	0	13.4199	15.8499	0.00969129	0.00959799	0.511328	0.698552	0	0	0	0
k107_13632794 flag=1 multi=10.0000 len=24938	24938	11.8677	0	0	0	0	0	0	0	0	0.318599	0.35833	0	0	0	0	10.9174	18.7531	0	0	0.619419	0.802424	0	0	0.0122585	0.0152751
k107_12472101 flag=0 multi=14.0184 len=22787	22787	12.6709	0	0	0	0	0	0	0	0	0.214632	0.288896	0	0	0	0	11.8348	15.1816	0	0	0.621437	0.921512	0	0	0	0
k107_14062995 flag=0 multi=9.3214 len=12630	12630	10.8005	0	0	0	0	0	0	0	0	0.236454	0.305975	0	0	0	0	9.86754	11.421	0	0	0.67221	1.28647	0	0	0.0242537	0.0286133
k107_14551000 flag=0 multi=10.0169 len=18704	18704	12.2349	0	0	0	0	0	0	0	0	0.164113	0.284867	0	0	0	0	11.6069	15.4639	0	0	0.463808	0.620344	0	0	0	0
k107_17345802 flag=0 multi=20.3099 len=3398	3398	10.5982	0	0	0	0	0	0	0	0	0.0968992	0.126835	0	0	0	0	9.62435	17.4591	0	0	0.876938	1.15019	0	0	0	0
k107_23990323 flag=0 multi=10.0064 len=7870	7870	10.8973	0	0	0	0	0	0	0	0	0.342759	0.49712	0	0	0	0	10.236	16.9881	0	0	0.318578	0.417678	0	0	0	0
k107_12515906 flag=0 multi=14.0125 len=14122	14122	9.33929	0	0	0	0	0	0	0	0	0.305065	0.459265	0	0	0	0	8.69595	11.8871	0.0107091	0.0108087	0.327569	0.639326	0	0	0	0
k107_14096843 flag=1 multi=10.0000 len=5089	5089	9.67433	0	0	0	0	0	0	0	0	0.31502	0.51441	0	0	0	0	8.53228	7.45038	0	0	0.827032	1.61947	0	0	0	0
k107_12517465 flag=0 multi=82.8996 len=4103	4103	9.56038	0	0	0	0	0	0	0	0	0.197316	0.185742	0	0	0	0	8.63036	15.2111	0	0	0.732702	1.19801	0	0	0	0
k107_20732275 flag=0 multi=24.7291 len=3979	3979	21.1409	0	0	0	0	0	0	0	0	0.579549	0.759902	0	0	0	0	19.5358	22.6392	0.0821322	0.0754063	0.943432	1.12314	0	0	0	0
k107_6557390 flag=0 multi=20.5818 len=3522	3522	11.1292	0	0	0	0	0	0	0	0	0.562112	0.689746	0	0	0	0	9.94037	10.56	0	0	0.626708	0.820026	0	0	0	0
k107_31963177 flag=0 multi=11.3986 len=15893	15893	11.0003	0	0	0	0	0	0	0	0	0.464755	0.572705	0	0	0	0	9.93637	18.8172	0	0	0.599192	0.686798	0	0	0	0
k107_17083703 flag=1 multi=30.1091 len=13980	13980	10.6031	0	0	0	0	0	0	0	0	0.227592	0.306974	0	0	0	0	9.69147	15.445	0	0	0.684018	1.19962	0	0	0	0
k107_7880870 flag=0 multi=12.7123 len=3336	3336	8.81641	0	0	0	0	0	0	0	0	0.298616	0.359187	0	0	0	0	7.92189	7.99611	0	0	0.595913	0.648147	0	0	0	0
k107_4645427 flag=0 multi=48.6476 len=6773	6773	12.1984	0	0	0	0	0	0	0	0	0.380158	0.59148	0	0	0	0	11.3525	11.0003	0	0	0.46577	0.70023	0	0	0	0
k107_35352456 flag=0 multi=24.0873 len=5642	5642	10.3112	0	0	0	0	0	0	0	0	0.282772	0.346692	0	0	0	0	9.46367	12.0994	0	0	0.564794	0.701629	0	0	0	0
k107_3729037 flag=1 multi=10.0000 len=23639	23639	10.9682	0	0	0	0	0	0	0	0	0.349274	0.520057	0	0	0	0	10.1425	14.4396	0	0	0.476497	0.635563	0	0	0	0
k107_987253 flag=0 multi=45.8647 len=9691	9691	19.6836	0	0	0	0	0	0	0	0	0.320588	0.527509	0	0	0	0	18.8588	43.4109	0	0	0.504207	0.699106	0	0	0	0
k107_5042656 flag=0 multi=14.2043 len=4944	4944	13.3643	0	0	0	0	0	0	0	0	0.349634	0.618868	0	0	0	0	13.0146	22.3075	0	0	0	0	0	0	0	0
k107_28128046 flag=0 multi=19.0170 len=12880	12880	10.6992	0	0	0	0	0	0	0	0	0.288122	0.369071	0	0	0	0	9.69224	13.4786	0	0	0.718795	1.06299	0	0	0	0
k107_23902256 flag=1 multi=11.0000 len=38808	38808	11.5987	0	0	0	0	0	0	0	0	0.30068	0.451395	0	0	0	0	10.7808	16.6883	0.0038955	0.0039061	0.513297	0.676215	0	0	0	0
k107_17859886 flag=0 multi=11.0416 len=11278	11278	12.4039	0	0	0	0	0	0	0	0	0.355047	0.48194	0	0	0	0	11.366	19.3345	0	0	0.682854	1.17172	0	0	0	0
k107_22473262 flag=0 multi=43.8487 len=5125	5125	9.94112	0	0	0	0	0	0	0	0	0.238441	0.303966	0	0	0	0	9.21708	14.9273	0	0	0.48559	0.483367	0	0	0	0
k107_4744594 flag=0 multi=9.4127 len=8507	8507	9.12041	0	0	0	0	0	0	0	0	0.362949	0.451249	0	0	0	0	8.34284	7.94946	0	0	0.414625	0.449074	0	0	0	0
k107_26373426 flag=0 multi=12.0104 len=30369	30369	11.4966	0.0100442	0.0150628	0	0	0	0	0	0	0.362191	0.583252	0	0	0	0	10.6026	15.1003	0	0	0.521768	0.739352	0	0	0	0
k107_13201037 flag=0 multi=8.0184 len=14110	14110	10.9602	0	0	0	0	0	0	0	0	0.152665	0.265621	0	0	0	0	10.349	16.1874	0	0	0.458575	0.692164	0	0	0	0
k107_35867239 flag=0 multi=10.0011 len=42620	42620	11.28	0	0	0	0	0	0	0	0	0.27825	0.365003	0	0	0	0	10.6608	13.2597	0	0	0.340966	0.436199	0	0	0	0
k107_27838870 flag=1 multi=9.0000 len=7200	7200	10.507	0	0	0	0	0	0	0	0	0.414033	0.66108	0	0	0	0	9.60307	14.0148	0	0	0.489852	0.663178	0	0	0	0
k107_7923945 flag=1 multi=10.6391 len=5651	5651	10.8519	0	0	0	0	0	0	0	0	0.169377	0.159787	0	0	0	0	10.4006	13.5333	0	0	0.281922	0.387019	0	0	0	0
k107_26703267 flag=0 multi=10.0089 len=17231	17231	10.0538	0	0	0	0	0	0	0	0	0.28525	0.451032	0.0178392	0.0217667	0	0	9.07638	13.5561	0	0	0.674346	0.814405	0	0	0	0
k107_6765112 flag=1 multi=16.2503 len=41307	41307	11.4129	0	0	0	0	0	0	0	0	0.3194	0.453194	0	0	0	0	10.5237	14.4434	0.00368248	0.00366901	0.56615	0.699705	0	0	0	0
k107_18894197 flag=0 multi=8.6109 len=3271	3271	8.24318	0	0	0	0	0	0	0	0	0.508589	0.719681	0	0	0	0	7.51196	6.59032	0	0	0.222634	0.26784	0	0	0	0
k107_35633304 flag=1 multi=13.0000 len=19030	19030	11.21	0	0	0	0	0	0	0	0	0.254912	0.325374	0	0	0	0	10.5142	16.9324	0	0	0.440891	0.446072	0	0	0	0
k107_2071401 flag=0 multi=13.7400 len=10139	10139	11.6869	0	0	0	0	0	0	0	0	0.214903	0.261038	0	0	0	0	11.0445	14.0337	0	0	0.427468	0.459775	0	0	0	0
k107_18583683 flag=1 multi=10.0000 len=2783	2783	11.6163	0	0	0	0	0	0	0	0	0.121725	0.121477	0	0	0	0	11.4337	21.3897	0	0	0.0608626	0.0571843	0	0	0	0
k107_27869102 flag=0 multi=11.2816 len=4869	4869	12.4469	0	0	0	0	0	0	0	0	0.132253	0.299623	0	0	0	0	12.0521	17.0088	0	0	0.262536	0.528823	0	0	0	0
k107_24705829 flag=1 multi=9.9603 len=17564	17564	11.9926	0	0	0	0	0	0	0	0	0.306048	0.472466	0	0	0	0	11.314	17.3612	0	0	0.354999	0.344346	0	0	0.0174951	0.0276179
k107_25616541 flag=0 multi=16.2020 len=4097	4097	11.8192	0	0	0	0	0	0	0	0	0	0	0	0	0	0	11.3236	12.7302	0	0	0.495652	0.385007	0	0	0	0
k107_32998607 flag=0 multi=10.1160 len=50573	50573	11.1428	0	0	0	0	0	0	0	0	0.270017	0.362922	0	0	0	0	10.4286	15.2664	0	0	0.444173	0.554218	0	0	0	0
k107_16651612 flag=1 multi=10.0000 len=37945	37945	12.2542	0	0	0	0	0	0	0	0	0.332705	0.55044	0	0	0	0	11.5199	16.0028	0.00799617	0.00907275	0.393592	0.55032	0	0	0	0
k107_22570686 flag=0 multi=31.0899 len=8135	8135	11.2812	0	0	0	0	0	0	0	0	0.404443	0.46262	0	0	0	0	10.742	19.4105	0	0	0.134814	0.161677	0	0	0	0
k107_34147106 flag=0 multi=10.1886 len=14445	14445	11.8177	0	0	0	0	0	0	0	0	0.234887	0.340251	0	0	0	0	11.3066	16.7475	0	0	0.27625	0.330997	0	0	0	0
k107_1821382 flag=0 multi=9.1827 len=3396	3396	11.4609	0	0	0	0	0	0	0	0	0.194893	0.268363	0	0	0	0	10.8953	19.2717	0	0	0.370718	0.309193	0	0	0	0
k107_29061182 flag=0 multi=10.0335 len=10600	10600	12.6405	0	0	0	0	0	0	0	0	0.0291319	0.0350717	0	0	0	0	12.6114	20.5207	0	0	0	0	0	0	0	0
k107_16584559 flag=0 multi=9.1754 len=13284	13284	11.2335	0	0	0	0	0	0	0	0	0.0814204	0.117788	0	0	0	0	10.8851	13.8272	0	0	0.266985	0.414191	0	0	0	0
k107_35519968 flag=0 multi=19.2926 len=33483	33483	11.7674	0	0	0	0	0	0	0	0	0.277177	0.492826	0	0	0	0	11.0585	15.1672	0	0	0.431723	0.555407	0	0	0	0
k107_11931619 flag=0 multi=12.3571 len=9769	9769	14.1714	0	0	0	0	0	0	0	0	0.571987	0.82363	0	0	0	0	13.1691	17.9561	0	0	0.430337	0.452534	0	0	0	0
k107_9025989 flag=0 multi=22.3072 len=3886	3886	9.7712	0	0	0	0	0	0	0	0	0.479353	0.487465	0	0	0	0	9.01311	11.1371	0	0	0.278739	0.455594	0	0	0	0
k107_18001496 flag=1 multi=9.0000 len=3129	3129	10.7952	0	0	0	0	0	0	0	0	0.2133	0.281304	0	0	0	0	9.9526	11.3889	0	0	0.629289	0.593752	0	0	0	0
k107_497718 flag=0 multi=29.3598 len=3931	3931	12.6834	0	0	0	0	0	0	0	0	0.166437	0.218161	0	0	0	0	11.8901	15.6707	0	0	0.626894	1.35088	0	0	0	0
k107_5709296 flag=0 multi=10.2373 len=8623	8623	11.0112	0	0	0	0	0	0	0	0	0.183512	0.21949	0	0	0	0	10.3009	17.9207	0	0	0.52674	0.746117	0	0	0	0
k107_4550070 flag=0 multi=11.1615 len=4112	4112	10.7076	0	0	0	0	0	0	0	0	0.315486	0.574208	0	0	0	0	10.0761	12.2974	0	0	0.316011	0.273828	0	0	0	0
k107_8055715 flag=1 multi=12.0000 len=20411	20411	11.3151	0	0	0	0	0	0	0	0	0.180168	0.303973	0	0	0	0	10.5503	17.5031	0.0150182	0.0214461	0.569645	0.871668	0	0	0	0
k107_23492528 flag=0 multi=10.0292 len=21743	21743	10.964	0	0	0	0	0	0	0	0	0.305023	0.443753	0	0	0	0	10.2226	18.9574	0	0	0.43636	0.647488	0	0	0	0
k107_28072639 flag=0 multi=15.1483 len=7126	7126	10.47	0	0	0	0	0	0	0	0	0.265387	0.659294	0	0	0	0	9.11328	13.7624	0	0	1.05891	1.87963	0	0	0.0323857	0.0351522
k107_6340893 flag=1 multi=18.0000 len=14966	14966	11.1616	0	0	0	0	0	0	0	0	0.339471	0.674942	0	0	0	0	10.5638	18.3249	0	0	0.258251	0.272993	0	0	0	0
k107_18313053 flag=0 multi=11.0136 len=15684	15684	12.6967	0	0	0	0	0	0	0	0	0.305227	0.335626	0	0	0	0	11.8174	23.2342	0	0	0.573983	0.701105	0	0	0	0
k107_3876429 flag=1 multi=11.0000 len=16528	16528	11.006	0	0	0	0	0	0	0	0	0.288241	0.379371	0	0	0	0	10.2916	14.3875	0	0	0.426168	0.644071	0	0	0	0
k107_5250541 flag=1 multi=15.0065 len=77277	77277	11.9905	0	0	0	0	0	0	0	0	0.266541	0.360108	0	0	0	0	11.1641	19.7093	0	0	0.559922	0.819762	0	0	0	0
k107_2639850 flag=0 multi=16.0257 len=24847	24847	11.5443	0	0	0	0	0	0	0	0	0.245712	0.343357	0	0	0	0	10.6841	15.0979	0	0	0.614545	0.785953	0	0	0	0
