contigName	contigLen	totalAvgDepth	Cen01_MA.bam	Cen01_MA.bam-var	Cen03_MA.bam	Cen03_MA.bam-var	Cen04_MA.bam	Cen04_MA.bam-var	Cen05_MA.bam	Cen05_MA.bam-var	Cen06_MA.bam	Cen06_MA.bam-var	Cen07_MA.bam	Cen07_MA.bam-var	Cen10_MA.bam	Cen10_MA.bam-var	Cen12_MA.bam	Cen12_MA.bam-var	Cen14_MA.bam	Cen14_MA.bam-var	Cen15_MA.bam	Cen15_MA.bam-var	Cen16_MA.bam	Cen16_MA.bam-var	Cen17_MA.bam	Cen17_MA.bam-var
k107_23260359 flag=0 multi=126.9721 len=6779	6779	173.756	0	0	0	0	0	0	0	0	0	0	0	0	0	0	0	0	0.184653	0.448763	0.383974	0.570673	173.094	487.269	0.0924811	0.0845592
k107_9478236 flag=0 multi=95.5580 len=3634	3634	173.053	0	0	0	0	0	0	0	0	0	0	0	0	0	0	0	0	0.102341	0.0926076	0.947179	1.38078	172.003	272.356	0	0
k107_28277637 flag=0 multi=90.2753 len=4909	4909	174.52	0	0	0	0	0	0	0	0	0	0	0	0	0	0	0	0	0.259171	0.262095	0.389624	0.486622	173.806	283.309	0.0653354	0.0612735
k107_18689358 flag=0 multi=123.6261 len=17675	17675	174.753	0	0	0	0	0	0	0	0	0	0	0	0	0	0	0	0	0.0778219	0.102035	0.526967	0.77711	174.097	289.823	0.0519772	0.05278
k107_27254742 flag=0 multi=119.9313 len=10540	10540	166.046	0	0	0	0	0	0	0	0	0	0	0	0	0	0	0	0	0.146415	0.189033	0.765579	0.914696	165.104	391.945	0.0294003	0.0286417
k107_15374619 flag=0 multi=136.2102 len=16008	16008	172.794	0	0	0	0	0	0	0	0	0	0	0	0	0	0	0	0	0.162677	0.236173	0.584172	0.779435	172.009	356.048	0.038202	0.0484336
k107_33276294 flag=0 multi=173.1242 len=13588	13588	156.863	0	0	0	0	0	0	0	0	0	0	0	0	0	0	0	0	0.0461388	0.0448837	0.70149	0.922075	156.081	259.651	0.0339455	0.0329338
k107_35557710 flag=0 multi=78.0000 len=2997	2997	177.058	0	0	0	0	0	0	0	0	0	0	0	0	0	0	0	0	0	0	0.571057	0.645049	176.487	315.628	0	0
k107_12114436 flag=0 multi=139.7902 len=21266	21266	178.163	0	0	0	0	0	0	0	0	0	0	0	0	0	0	0	0	0.0288113	0.0342798	0.114148	0.146892	177.998	326.699	0.0212746	0.0211377
k107_8322667 flag=0 multi=153.6234 len=5973	5973	177.307	0	0	0	0	0	0	0	0	0	0	0	0	0	0	0	0	0.238935	0.472154	0.660025	0.699661	176.382	387.438	0.0259214	0.0259194
k107_32738831 flag=0 multi=110.9821 len=25424	25424	172.899	0	0	0	0	0	0	0	0	0	0	0	0	0	0	0	0	0.123079	0.188151	0.591792	0.781823	172.113	332.741	0.0713717	0.099568
k107_20163791 flag=0 multi=129.2505 len=2993	2993	160.383	0	0	0	0	0	0	0	0	0	0	0	0	0	0	0	0	0.173913	0.200422	0.316611	0.32532	159.615	369.095	0.277964	0.258431
k107_2366487 flag=0 multi=127.4305 len=68527	68527	169.039	0	0	0	0	0	0	0	0	0	0	0	0	0	0	0	0	0.169425	0.26652	0.69649	0.992085	168.127	304.797	0.0460828	0.0529615
k107_23441762 flag=0 multi=116.7812 len=14067	14067	174.286	0	0	0	0	0	0	0	0	0	0	0	0	0	0	0	0	0.186124	0.281418	0.589321	0.862275	173.456	386.61	0.0542681	0.0518456
k107_19313508 flag=0 multi=123.3789 len=12170	12170	176.398	0	0	0	0	0	0	0	0	0	0	0	0	0	0	0	0	0.126306	0.153189	0.575244	0.600625	175.659	236.474	0.03758	0.0387434
k107_25177 flag=0 multi=83.4025 len=4209	4209	179.126	0	0	0	0	0	0	0	0	0	0	0	0	0	0	0	0	0	0	0.845918	0.983443	178.174	314.657	0.106476	0.0957697
k107_24432766 flag=0 multi=112.6307 len=10203	10203	170.054	0	0	0	0	0	0	0	0	0	0	0	0	0	0	0	0	0.030502	0.0507838	0.638117	1.4473	169.355	263.32	0.030401	0.0295736
k107_2427449 flag=0 multi=224.9025 len=4324	4324	176.868	0	0	0	0	0	0	0	0	0	0	0	0	0	0	0	0	0.075087	0.0764303	0.744406	0.571078	176.048	431.015	0	0
k107_12385429 flag=0 multi=137.8366 len=3473	3473	161.642	0	0	0	0	0	0	0	0	0	0	0	0	0.0952381	0.0861929	0	0	0	0	0.474298	0.484856	161.073	336.331	0	0
k107_15413245 flag=0 multi=163.5919 len=12846	12846	175.305	0	0	0	0	0	0	0	0	0	0	0	0	0	0	0	0	0.0955835	0.117172	0.873565	0.955505	174.288	406.215	0.0477519	0.0482279
k107_14115588 flag=0 multi=121.3638 len=18756	18756	179.29	0	0	0	0	0	0	0	0	0	0	0	0	0	0	0	0	0.016365	0.020867	0.0896825	0.191706	179.07	358.172	0.113905	0.131914
k107_16595758 flag=0 multi=103.3534 len=6163	6163	174.667	0	0	0	0	0	0	0	0	0	0	0	0	0	0	0	0	0.150998	0.211166	0.511176	0.678859	174.005	365.915	0	0
k107_1604228 flag=0 multi=125.4926 len=19058	19058	177.758	0	0	0	0	0	0	0	0	0	0	0	0	0	0	0	0	0.0850395	0.13118	0.591864	0.692651	177.057	301.538	0.0240456	0.0396798
k107_11294097 flag=0 multi=121.9084 len=9595	9595	167.521	0	0	0	0	0	0	0	0	0	0	0	0	0	0	0	0	0.162165	0.200013	0.764984	1.13018	166.578	344.732	0.015926	0.0159823
k107_4635903 flag=0 multi=140.2474 len=30626	30626	173.521	0	0	0	0	0	0	0	0	0	0	0	0	0	0	0	0	0.0792771	0.103338	0.66881	0.886449	172.711	336.76	0.0623269	0.0726143
k107_19407916 flag=0 multi=100.8114 len=3611	3611	177.611	0	0	0	0	0	0	0	0	0	0	0	0	0	0	0	0	0.0450287	0.0435617	0.313992	0.355318	177.163	558.214	0.089453	0.0884038
k107_31797768 flag=0 multi=106.9181 len=7824	7824	171.996	0	0	0	0	0	0	0	0	0	0	0	0	0	0	0	0	0	0	0.572321	0.778054	171.424	316.305	0	0
k107_29198746 flag=0 multi=143.2872 len=28239	28239	168.332	0	0	0	0	0	0	0	0	0	0	0	0	0	0	0	0	0.161399	0.247182	0.59831	0.804353	167.513	410.443	0.0588825	0.088269
k107_4858946 flag=0 multi=111.9045 len=7845	7845	163.509	0	0	0	0	0	0	0	0	0	0	0	0	0	0	0	0	0.221397	0.387111	0.662601	0.789095	162.565	376.756	0.0600557	0.0667956
k107_6880020 flag=0 multi=101.9380 len=7962	7962	162.704	0	0	0	0	0	0	0	0	0	0	0	0	0	0	0	0	0.196214	0.271878	0.643342	0.969578	161.825	259.18	0.0387728	0.0582447
k107_19171290 flag=0 multi=128.2417 len=11943	11943	174.886	0	0	0	0	0	0	0	0	0	0	0	0	0	0	0	0	0.128511	0.152935	0.734988	0.804314	173.945	314.874	0.0773989	0.102527
k107_22976602 flag=0 multi=108.7911 len=36902	36902	171.107	0	0	0	0	0	0	0	0	0	0	0	0	0	0	0	0	0.102268	0.132348	0.631038	0.978251	170.292	367.831	0.081694	0.0881882
k107_7936911 flag=0 multi=110.5404 len=4741	4741	175.465	0	0	0	0	0	0	0	0	0	0	0	0	0	0	0	0	0.101374	0.0916525	0.488849	0.881826	174.774	353.28	0.101149	0.15971
k107_19701929 flag=0 multi=118.9386 len=16145	16145	168.073	0	0	0	0	0	0	0	0	0	0	0	0	0	0	0	0	0.113678	0.11972	0.593259	0.956903	167.281	313.472	0.0852743	0.0784268
k107_25691458 flag=0 multi=122.9961 len=15379	15379	172.368	0	0	0	0	0	0	0	0	0	0	0	0	0	0	0	0	0.0198979	0.0232112	0.341381	0.419227	171.949	423.285	0.0578364	0.0628518
k107_21896563 flag=0 multi=117.6409 len=24821	24821	171.281	0	0	0	0	0	0	0	0	0	0	0	0	0	0	0	0	0.128635	0.147899	0.689139	0.843365	170.432	364.918	0.0306701	0.0330312
k107_20080966 flag=0 multi=173.6230 len=21242	21242	176.88	0	0	0	0	0	0	0	0	0.0144222	0.0264199	0	0	0	0	0	0	0.0427889	0.0513235	0.529417	0.629766	176.236	320.657	0.0571156	0.0632444
k107_17303476 flag=0 multi=179.3284 len=6641	6641	174.563	0	0	0	0	0	0	0	0	0.0476416	0.0706154	0	0	0	0	0	0	0.0809276	0.116661	0.94242	1.26044	173.445	383.325	0.0470106	0.0453692
k107_9859190 flag=0 multi=140.0694 len=18182	18182	171.45	0	0	0	0	0	0	0	0	0	0	0	0	0	0	0	0	0.226566	0.329443	0.494911	0.604155	170.711	323.342	0.0166107	0.0166033
k107_32223548 flag=0 multi=126.1641 len=20416	20416	174.039	0	0	0	0	0	0	0	0	0	0	0	0	0	0	0	0	0.119419	0.197353	0.476335	0.937357	173.407	315.926	0.0370389	0.0471627
k107_14683772 flag=0 multi=128.8960 len=9090	9090	170.69	0	0	0	0	0	0	0	0	0	0	0	0	0	0	0	0	0.0686163	0.0640044	0.59843	0.763254	169.955	265.992	0.0683887	0.0697037
k107_15304544 flag=0 multi=136.4351 len=34183	34183	171.943	0	0	0	0	0	0	0	0	0	0	0	0	0	0	0	0	0.0750863	0.0998845	0.486231	0.728704	171.311	352.332	0.0708066	0.0756447
k107_2929175 flag=0 multi=183.8067 len=10856	10856	167.503	0	0	0	0	0	0	0	0	0	0	0	0	0	0	0	0	0.0990146	0.21255	0.607921	0.938004	166.71	261.549	0.0854652	0.118086
k107_10852418 flag=0 multi=160.2848 len=6982	6982	172.146	0	0	0	0	0	0	0	0	0	0	0	0	0	0	0	0	0.13518	0.172656	0.707934	0.628246	171.146	352.368	0.156587	0.19549
k107_22102847 flag=0 multi=101.8863 len=20234	20234	173.008	0	0	0	0	0	0	0	0	0	0	0	0	0	0	0	0	0.112733	0.138538	0.641029	0.748304	172.24	371.207	0.0151013	0.0252722
k107_21621131 flag=0 multi=101.2692 len=16531	16531	166.721	0	0	0	0	0	0	0	0	0	0	0	0	0	0	0	0	0.055333	0.0622014	0.470762	0.689913	166.176	347.478	0.0184854	0.0234394
k107_493042 flag=0 multi=105.7869 len=4846	4846	168.484	0	0	0	0	0	0	0	0	0	0	0	0	0	0	0	0	0.130062	0.159737	0.649868	0.731578	167.671	299.255	0.0332306	0.0321318
k107_11580425 flag=0 multi=188.7441 len=39095	39095	179.696	0	0	0	0	0	0	0	0	0	0	0	0	0	0	0	0	0.135643	0.18738	0.671693	0.890756	178.847	344.585	0.0422499	0.0466039
k107_16072773 flag=0 multi=110.9864 len=3714	3714	191.954	0	0	0	0	0	0	0	0	0	0	0	0	0	0	0	0	0.0876319	0.121166	0.746776	1.45177	191.119	258.218	0	0
k107_11250134 flag=0 multi=130.7637 len=3467	3467	178.403	0	0	0	0	0	0	0	0	0	0	0	0	0	0	0	0	0	0	0.0992101	0.110266	178.163	226.485	0.140284	0.122677
k107_21599578 flag=0 multi=117.9761 len=5912	5912	173.369	0	0	0	0	0	0	0	0	0	0	0	0	0	0	0	0	0.0531194	0.0509439	0.546881	0.453404	172.716	338.519	0.0531194	0.0509444
k107_9816750 flag=0 multi=150.8895 len=12084	12084	165.041	0	0	0	0	0	0	0	0	0	0	0	0	0	0	0	0	0.126294	0.171698	0.267272	0.286368	164.571	269.59	0.0758785	0.0733083
k107_6142445 flag=0 multi=127.1642 len=27728	27728	170.953	0	0	0	0	0	0	0	0	0	0	0	0	0	0	0	0	0.0766791	0.108994	0.469117	0.750427	170.375	295.961	0.0328156	0.031951
k107_15047985 flag=0 multi=127.4524 len=75224	75224	175.569	0	0	0	0	0	0	0	0	0	0	0	0	0	0	0	0	0.104082	0.156549	0.591055	0.827459	174.838	315.708	0.0359307	0.0399172
k107_2051507 flag=0 multi=165.2741 len=5660	5660	168.823	0	0	0	0	0	0	0	0	0	0	0	0	0	0	0	0	0.280328	0.482064	0.718738	0.82474	167.733	269.414	0.0908921	0.0963912
k107_5663257 flag=0 multi=98.4039 len=3531	3531	172.303	0	0	0	0	0	0	0	0	0	0	0	0	0	0	0	0	0.138743	0.205526	0.459275	0.645316	171.705	368.577	0	0
k107_4870852 flag=0 multi=137.9657 len=26034	26034	169.904	0	0	0	0	0	0	0	0	0	0	0	0	0	0	0	0	0.0754702	0.108901	0.331572	0.521589	169.439	337.982	0.0579823	0.0735696
k107_28251414 flag=0 multi=195.8090 len=9403	9403	176.131	0	0	0	0	0	0	0	0	0	0	0	0	0	0	0	0	0.0860345	0.137915	0.616416	0.463731	175.396	253.818	0.0329634	0.0320842
k107_17987670 flag=0 multi=149.4006 len=27658	27658	163.525	0	0	0	0	0	0	0	0	0	0	0	0	0	0	0	0	0.0330092	0.0423337	0.0659819	0.0761895	163.393	383.689	0.0328995	0.0320248
k107_16416312 flag=0 multi=138.7191 len=23057	23057	171.339	0	0	0	0	0	0	0	0	0	0	0	0	0	0	0	0	0.131619	0.241641	0.540936	0.629047	170.64	358.142	0.0263678	0.0351672
k107_8894652 flag=0 multi=137.0572 len=18319	18319	169.555	0	0	0	0	0	0	0	0	0	0	0	0	0	0	0	0	0.0871954	0.113682	0.652162	0.936429	168.757	361.54	0.0585003	0.109906
k107_15520608 flag=0 multi=317.2603 len=5170	5170	182.008	0	0	0	0	0	0	0	0	0	0	0	0	0	0	0	0	0.123459	0.180193	1.03883	1.09128	180.754	297.666	0.092235	0.0897624
k107_18923037 flag=0 multi=156.8495 len=8393	8393	172.16	0	0	0	0	0	0	0	0	0	0	0	0	0	0	0	0	0.147324	0.161882	0.475343	0.833582	171.537	250.06	0	0
k107_10313820 flag=0 multi=122.8850 len=16876	16876	176.495	0	0	0	0	0	0	0	0	0	0	0	0	0	0	0	0	0.0904429	0.0923442	0.676119	0.980781	175.665	317.623	0.0631712	0.0700974
k107_22978056 flag=0 multi=117.1283 len=26614	26614	171.452	0	0	0	0	0	0	0	0	0	0	0	0	0	0	0	0	0.102615	0.136831	0.466327	0.588241	170.815	328.856	0.0680678	0.0868385
k107_19293869 flag=0 multi=113.9408 len=22117	22117	177.179	0	0	0	0	0	0	0	0	0	0	0	0	0	0	0	0	0.109328	0.177301	0.515288	0.631972	176.478	458.322	0.0763236	0.122464
k107_4718753 flag=0 multi=138.4509 len=26587	26587	177.657	0	0	0	0	0	0	0	0	0	0	0	0	0	0	0	0	0.148298	0.179092	0.605174	0.775565	176.818	269.147	0.0851817	0.0917489
k107_30600603 flag=0 multi=127.9535 len=9066	9066	174.642	0	0	0	0	0	0	0	0	0	0	0	0	0	0	0	0	0.136696	0.224549	0.807964	0.916004	173.663	338.192	0.0338886	0.0417221
k107_16203077 flag=0 multi=125.0045 len=8552	8552	183.953	0	0	0	0	0	0	0	0	0	0	0	0	0	0	0	0	0.0767273	0.108552	0.627879	0.706293	183.23	277.852	0.0181818	0.0179705
k107_20520858 flag=0 multi=85.7896 len=3577	3577	175.881	0	0	0	0	0	0	0	0	0	0	0	0	0	0	0	0	0.367634	0.49311	0.687939	1.31157	174.78	431.175	0.0451908	0.0439916
k107_720710 flag=0 multi=213.5481 len=7317	7317	171.741	0	0	0	0	0	0	0	0	0	0	0	0	0	0	0	0	0.106486	0.154798	0.645331	0.713008	170.925	505.3	0.0640057	0.0715446
k107_6282927 flag=0 multi=126.2569 len=33529	33529	176.679	0	0	0	0	0	0	0	0	0	0	0	0	0.00908899	0.00954918	0	0	0.0719295	0.0882686	0.612725	0.825342	175.927	391.196	0.0587173	0.0682937
k107_28181232 flag=0 multi=190.8114 len=24916	24916	176.084	0	0	0	0	0	0	0	0	0	0	0	0	0	0	0	0	0.103965	0.120103	0.580076	0.868621	175.388	355.63	0.0120663	0.0121208
k107_35797656 flag=0 multi=154.9050 len=29387	29387	178.644	0	0	0	0	0	0	0	0	0	0	0	0	0	0	0	0	0.124153	0.170377	0.742754	1.37352	177.705	342.529	0.0722022	0.119164
k107_24168762 flag=0 multi=130.7754 len=25272	25272	177.465	0	0	0	0	0	0	0	0	0	0	0	0	0	0	0	0	0.0602723	0.0818125	0.653985	1.08861	176.691	388.754	0.0598718	0.0657128
k107_35240537 flag=0 multi=119.1574 len=3791	3791	179.441	0	0	0	0	0	0	0	0	0	0	0	0	0	0	0	0	0.042419	0.0414189	0.514761	0.618405	178.847	261.651	0.03726	0.0366738
k107_31578666 flag=0 multi=120.8075 len=8883	8883	172.436	0	0	0	0	0	0	0	0	0	0	0	0	0	0	0	0	0.139378	0.254753	0.360564	0.531219	171.863	232.955	0.0729519	0.0875881
k107_27886732 flag=0 multi=185.5620 len=3879	3879	174.897	0	0	0	0	0	0	0	0	0	0	0	0	0	0	0	0	0.116578	0.121982	0.292144	0.435193	174.488	375.88	0	0
k107_30597994 flag=0 multi=146.0277 len=34311	34311	175.408	0	0	0	0	0	0	0	0	0	0	0	0	0	0	0	0	0.0927402	0.126101	0.587639	0.755301	174.666	324.142	0.0615425	0.0662577
k107_19422530 flag=0 multi=130.0936 len=9810	9810	172.108	0	0	0	0	0	0	0	0	0	0	0	0	0	0	0	0	0.0938157	0.112942	0.467606	0.623824	171.515	490.578	0.0316576	0.0391706
k107_25600903 flag=0 multi=116.9214 len=18393	18393	177.2	0	0	0	0	0	0	0	0	0	0	0	0	0	0	0	0	0.154773	0.274029	0.604942	0.760242	176.374	396.198	0.0664972	0.088529
k107_28321897 flag=0 multi=116.9607 len=20064	20064	171.087	0	0	0	0	0	0	0	0	0	0	0	0	0	0	0	0	0.121293	0.157693	0.674223	0.934566	170.254	286.608	0.0377998	0.0367496
k107_20162674 flag=0 multi=153.9103 len=15487	15487	175.733	0	0	0	0	0	0	0	0	0	0	0	0	0	0	0	0	0.158512	0.216936	0.840632	1.16362	174.626	341.626	0.107935	0.127721
k107_34919456 flag=0 multi=126.0639 len=14835	14835	167.937	0	0	0	0	0	0	0	0	0	0	0	0	0	0	0	0	0.0311704	0.0447941	0.375215	0.393755	167.479	366.181	0.0515379	0.0568127
k107_26086311 flag=0 multi=92.0220 len=3975	3975	171.435	0	0	0	0	0	0	0	0	0	0	0	0	0	0	0	0	0.0814048	0.112528	0.244759	0.37539	170.986	662.549	0.122243	0.180045
k107_25864030 flag=0 multi=151.0338 len=9351	9351	166.658	0	0	0	0	0	0	0	0	0	0	0	0	0	0	0	0	0.162559	0.274276	0.768925	0.961163	165.677	333.673	0.0492872	0.0499891
k107_30732414 flag=0 multi=159.2653 len=23015	23015	171.561	0	0	0	0	0	0	0	0	0	0	0	0	0	0	0	0	0.100911	0.117371	0.435169	0.720337	170.992	435.63	0.0330207	0.0321316
k107_28511783 flag=0 multi=138.9718 len=34955	34955	172.639	0	0	0	0	0	0	0	0	0	0	0	0	0	0	0	0	0.159813	0.173625	0.525322	0.963749	171.898	404.495	0.0565319	0.0656568
k107_26239878 flag=0 multi=129.3805 len=26510	26510	176.493	0	0	0	0	0	0	0	0	0	0	0	0	0	0	0	0	0.0570436	0.0690109	0.497749	0.767205	175.899	296.998	0.0398733	0.0394016
k107_28276429 flag=0 multi=148.9097 len=23352	23352	172.724	0	0	0	0	0	0	0	0	0	0	0	0	0	0	0	0	0.0519306	0.0688921	0.586681	0.671394	172.033	292.976	0.0521475	0.0599624
k107_33907852 flag=0 multi=209.3652 len=4324	4324	165.87	0	0	0	0	0	0	0	0	0	0	0	0	0	0	0	0	0	0	0.446793	0.56395	165.423	339.943	0	0
k107_27007411 flag=0 multi=125.9647 len=21429	21429	163.322	0	0	0	0	0	0	0	0	0	0	0	0	0	0	0	0	0.0710465	0.08068	0.578312	0.684717	162.624	417.813	0.0494154	0.068177
k107_21914531 flag=0 multi=150.0867 len=11863	11863	169.059	0	0	0	0	0	0	0	0	0	0	0	0	0	0	0	0	0.155523	0.307972	0.555488	0.786393	168.323	292.579	0.0257763	0.0254454
k107_22906703 flag=0 multi=112.2583 len=6556	6556	168.911	0	0	0	0	0	0	0	0	0	0	0	0	0	0	0	0	0.0721138	0.0851101	0.575152	0.707777	168.191	225.347	0.0722737	0.0671982
k107_21476161 flag=0 multi=117.8228 len=8593	8593	168.8	0	0	0	0	0	0	0	0	0	0	0	0	0	0	0	0	0.0363044	0.0350906	0.644434	1.09117	168.047	323.245	0.0726089	0.0675537
k107_1698783 flag=0 multi=108.9300 len=3793	3793	171.032	0	0	0	0	0	0	0	0	0	0	0	0	0	0	0	0	0.171584	0.154577	0.341449	0.322638	170.519	200.894	0	0
k107_4792282 flag=0 multi=116.8750 len=23093	23093	171.748	0	0	0	0	0	0	0	0	0	0	0	0	0	0	0	0	0.104998	0.122412	0.65188	0.89505	170.926	309.216	0.0655961	0.0764371
k107_23506062 flag=0 multi=186.3463 len=14614	14614	176.36	0	0	0	0	0	0	0	0	0	0	0	0	0	0	0	0	0.0209614	0.0356138	0.470514	0.490572	175.754	351.468	0.115008	0.117811
k107_21011083 flag=0 multi=136.8644 len=6403	6403	166.662	0	0	0	0	0	0	0	0	0	0	0	0	0	0	0	0	0.161121	0.247864	0.513686	0.635833	165.962	332.01	0.0244222	0.0241413
k107_26336547 flag=0 multi=102.7969 len=12394	12394	173.944	0	0	0	0	0	0	0	0	0	0	0	0	0	0	0	0	0.173669	0.251594	0.546146	0.747676	173.1	383.206	0.123801	0.113776
k107_1627485 flag=0 multi=100.9830 len=16148	16148	159.187	0	0	0	0	0	0	0	0	0	0	0	0	0	0	0	0	0.0284614	0.0337628	0.497034	0.866084	158.586	334.051	0.0756658	0.0819124
k107_18359707 flag=0 multi=181.9486 len=3338	3338	171.039	0	0	0	0	0	0	0	0	0	0	0	0	0	0	0	0	0.0988142	0.139031	0.641634	0.78052	170.15	203.305	0.147892	0.192237
k107_10688112 flag=0 multi=71.7994 len=2699	2699	190.009	0	0	0	0	0	0	0	0	0	0	0	0	0	0	0	0	0	0	0.916145	0.906855	189.093	545.315	0	0
k107_31344999 flag=0 multi=104.9302 len=6398	6398	157.842	0	0	0	0	0	0	0	0	0	0	0	0	0	0	0	0	0.294291	0.414348	0.614337	0.801569	156.884	417.37	0.0495407	0.0470864
k107_19313434 flag=0 multi=105.9945 len=6493	6493	161.827	0	0	0	0	0	0	0	0	0	0	0	0	0	0	0	0	0.230334	0.286694	0.707156	0.813077	160.889	355.643	0	0
k107_19257552 flag=0 multi=133.2896 len=11246	11246	167.932	0	0	0	0	0	0	0	0	0	0	0	0	0	0	0	0	0	0	0.297789	0.552419	167.579	442.028	0.0547332	0.0693326
k107_18302594 flag=0 multi=89.8032 len=4513	4513	162.478	0	0	0	0	0	0	0	0	0	0	0	0	0	0	0	0	0	0	0.431726	0.320407	161.975	288.731	0.0705296	0.0841735
k107_16158470 flag=0 multi=162.9737 len=21150	21150	164.886	0	0	0	0	0	0	0	0	0	0	0	0	0	0	0	0	0.0572717	0.0752089	0.691673	1.06472	164.08	409.17	0.0573676	0.0592146
k107_15296566 flag=0 multi=119.0873 len=11958	11958	155.113	0	0	0	0	0	0	0	0	0	0	0	0	0	0	0	0	0.0775566	0.0783858	0.696036	0.546674	154.327	223.936	0.0128689	0.012788
k107_3709733 flag=0 multi=116.4046 len=3535	3535	167.578	0	0	0	0	0	0	0	0	0	0	0	0	0	0	0	0	0.0934117	0.158971	0.695948	0.794366	166.562	150.57	0.226415	0.188982
k107_15919762 flag=0 multi=131.0195 len=4219	4219	163.178	0	0	0	0	0	0	0	0	0	0	0	0	0	0	0	0	0.152923	0.27603	0.593311	0.536822	162.355	226.615	0.0770998	0.102333
k107_4155588 flag=0 multi=125.7965 len=8072	8072	161.782	0	0	0	0	0	0	0	0	0	0	0	0	0	0	0	0	0.116474	0.147284	0.77323	1.19547	160.853	278.103	0.03861	0.0373617
k107_17920386 flag=0 multi=136.7385 len=47180	47180	178.483	0	0	0	0	0	0	0	0	0	0	0	0	0	0	0	0	0.0797389	0.167623	0.431503	0.592761	177.915	384.194	0.057447	0.0824265
k107_4849872 flag=0 multi=111.0078 len=14529	14529	171.514	0	0	0	0	0	0	0	0	0	0	0	0	0	0	0	0	0.084417	0.0820585	0.408941	0.584824	170.957	276.013	0.0631897	0.0847752
k107_23641498 flag=0 multi=160.6372 len=7805	7805	174.224	0	0	0	0	0	0	0	0	0	0	0	0	0	0	0	0	0.0995602	0.117175	0.39904	0.59206	173.625	361.471	0.100227	0.0990498
k107_12321563 flag=0 multi=109.5611 len=2572	2572	168.982	0	0	0	0	0	0	0	0	0	0	0	0	0	0	0	0	0.330396	0.222079	0.246696	0.185915	168.398	144.512	0.00704846	0.00787011
k107_4292850 flag=0 multi=140.5895 len=35006	35006	172.132	0	0	0	0	0	0	0	0	0	0	0	0	0	0	0	0	0.0820367	0.107194	0.607509	0.863894	171.373	336.822	0.0689834	0.0702062
k107_13219150 flag=0 multi=141.4879 len=31782	31782	176.527	0	0	0	0	0	0	0	0	0	0	0	0	0	0	0	0	0.0907243	0.114023	0.629479	0.917253	175.75	376.355	0.056925	0.0633175
k107_3620091 flag=0 multi=92.3217 len=5752	5752	160.779	0	0	0	0	0	0	0	0	0	0	0	0	0	0	0	0	0.0548624	0.052362	0.722385	0.994181	159.974	302.072	0.0273394	0.0269397
k107_15069197 flag=0 multi=115.6057 len=10996	10996	165.588	0	0	0	0	0	0	0	0	0	0	0	0	0	0	0	0	0.013933	0.0139213	0.490462	0.650963	165.042	343.492	0.0421732	0.0480508
k107_12745318 flag=0 multi=94.8371 len=3791	3791	165.856	0	0	0	0	0	0	0	0	0	0	0	0	0	0	0	0	0.172256	0.219446	0.429636	0.713431	165.168	210.466	0.0865578	0.123822
k107_11882213 flag=0 multi=120.9082 len=19713	19713	168.887	0	0	0	0	0	0	0	0	0	0	0	0	0	0	0	0	0.108495	0.132508	0.628149	0.833026	168.095	374.963	0.0559477	0.0818679
k107_10067196 flag=0 multi=177.1157 len=7564	7564	164.529	0	0	0	0	0	0	0	0	0	0	0	0	0	0	0	0	0.0207932	0.0203598	0.376205	0.573592	164.07	377.342	0.0623795	0.0642913
k107_13260305 flag=0 multi=199.5561 len=29138	29138	169.348	0	0	0	0	0	0	0	0	0	0	0	0	0	0	0	0	0.119607	0.134128	0.561035	0.657146	168.595	314.868	0.072791	0.0809758
k107_9100138 flag=0 multi=130.9574 len=25808	25808	176.18	0	0	0	0	0	0	0	0	0	0	0	0	0	0	0	0	0.153336	0.252376	0.494864	0.581781	175.467	387.744	0.0642202	0.076333
k107_13344495 flag=0 multi=129.1464 len=24212	24212	171.918	0	0	0	0	0	0	0	0	0	0	0	0	0	0	0	0	0.0874529	0.133298	0.800209	1.09563	170.967	275.404	0.0628607	0.0712318
k107_17582591 flag=0 multi=113.9105 len=13788	13788	169.642	0	0	0	0	0	0	0	0	0	0	0	0	0	0	0	0	0.0892036	0.0898621	0.652084	0.914568	168.812	361.622	0.0884621	0.100832
k107_2404999 flag=0 multi=89.3234 len=3100	3100	174.989	0	0	0	0	0	0	0	0	0	0	0	0	0	0	0	0	0.298427	0.404075	0.469264	0.527605	174.221	278.973	0	0
k107_1038115 flag=0 multi=122.6640 len=16960	16960	170.465	0	0	0	0	0	0	0	0	0	0	0	0	0	0	0	0	0.0357186	0.0415673	0.393745	0.663324	169.999	348.001	0.0359587	0.0474316
k107_25272825 flag=0 multi=125.8303 len=24025	24025	165.262	0	0	0	0	0	0	0	0	0	0	0	0	0	0	0	0	0.164271	0.182912	0.533069	0.797183	164.52	322.223	0.0442608	0.0444394
k107_6281227 flag=0 multi=123.9964 len=23955	23955	172.026	0	0	0	0	0	0	0	0	0	0	0	0	0	0	0	0	0.158373	0.231665	0.518623	0.506841	171.273	397.12	0.0758466	0.0922117
k107_20129374 flag=0 multi=102.9509 len=13701	13701	170.558	0	0	0	0	0	0	0	0	0	0	0	0	0	0	0	0	0.234943	0.360468	0.623032	0.708837	169.633	218.232	0.066796	0.0661875
k107_6486934 flag=0 multi=104.4916 len=10254	10254	166.962	0	0	0	0	0	0	0	0	0	0	0	0	0	0	0	0	0.12078	0.191485	0.530346	0.909044	166.236	281.987	0.0748593	0.0825684
k107_1488589 flag=0 multi=255.2311 len=6718	6718	175.166	0	0	0	0	0	0	0	0	0	0	0	0	0	0	0	0	0.181421	0.225714	0.719919	1.01319	174.195	234.9	0.0699813	0.0993116
k107_9277612 flag=0 multi=123.4750 len=22724	22724	186.892	0	0	0	0	0	0	0	0	0	0	0	0	0	0	0	0	0.153599	0.186817	0.635983	1.20184	186.021	398.879	0.0817055	0.103159
k107_8721918 flag=0 multi=135.0392 len=22875	22875	167.476	0	0	0	0	0	0	0	0	0	0	0	0	0	0	0	0	0.158907	0.195598	0.550481	0.696729	166.74	329.858	0.0262703	0.0260425
k107_1789778 flag=0 multi=138.8246 len=29154	29154	175.552	0	0	0	0	0	0	0	0	0	0	0	0	0	0	0	0	0.104291	0.127084	0.639366	0.921553	174.751	309.748	0.0570151	0.0657553
k107_13024672 flag=0 multi=109.9068 len=9223	9223	167.964	0	0	0	0	0	0	0	0	0	0	0	0	0	0	0	0	0.149983	0.1828	0.728057	1.01212	167.069	623.12	0.0168143	0.0166438
k107_29098177 flag=0 multi=132.9898 len=27641	27641	178.508	0	0	0	0	0	0	0	0	0	0	0	0	0	0	0	0	0.0707414	0.0879932	0.460039	0.805841	177.928	342.631	0.0493069	0.0530696
k107_35103335 flag=0 multi=79.7776 len=3902	3902	177.284	0	0	0	0	0	0	0	0	0	0	0	0	0	0	0	0	0.0838889	0.109666	0.5825	0.834966	176.618	270.101	0	0
k107_232278 flag=0 multi=139.9431 len=41011	41011	168.544	0	0	0	0	0	0	0	0	0	0	0	0	0	0	0	0	0.0968582	0.111991	0.523005	0.605692	167.877	375.153	0.0478027	0.0476104
k107_9605678 flag=0 multi=108.0219 len=6970	6970	166.059	0	0	0	0	0	0	0	0	0	0	0	0	0	0	0	0	0.178314	0.3787	0.338182	0.418958	165.543	182.32	0	0
k107_8040809 flag=0 multi=105.0576 len=6130	6130	166.98	0	0	0	0	0	0	0	0	0	0	0	0	0	0	0	0	0.129204	0.119994	0.591627	0.723462	166.157	175.795	0.10278	0.129983
k107_7314408 flag=0 multi=165.9535 len=12263	12263	170.537	0	0	0	0	0	0	0	0	0	0	0	0	0	0	0	0	0.0123735	0.0124602	0.487835	0.930167	169.974	416.739	0.062871	0.0663295
k107_19462807 flag=0 multi=133.4897 len=40936	40936	173.828	0	0	0	0	0	0	0	0	0	0	0	0	0	0	0	0	0.096028	0.115112	0.665256	0.915517	173.049	367.374	0.0183836	0.0200238
k107_6464561 flag=0 multi=103.9897 len=11381	11381	166.438	0	0	0	0	0	0	0	0	0	0	0	0	0	0	0	0	0.0408882	0.0444605	0.74393	1.02373	165.613	353.957	0.0401661	0.0496789
k107_25130378 flag=0 multi=156.0123 len=18855	18855	168.805	0	0	0	0	0	0	0	0	0	0	0	0	0	0	0	0	0.121328	0.144369	0.507249	0.668745	168.12	296.142	0.0563251	0.0612732
k107_1496528 flag=0 multi=107.0001 len=8631	8631	168.059	0	0	0	0	0	0	0	0	0	0	0	0	0	0	0	0	0.224397	0.230392	0.765878	1.15306	166.997	449.537	0.0715572	0.10088
k107_34198961 flag=0 multi=113.9130 len=8962	8962	171.46	0	0	0	0	0	0	0	0	0	0	0	0	0	0	0	0	0.174018	0.224813	0.693418	0.85953	170.437	370.838	0.155889	0.203694
k107_27745462 flag=0 multi=163.4960 len=44178	44178	176.584	0	0	0	0	0	0	0	0	0	0	0	0	0	0	0	0	0.102516	0.133325	0.601194	1.09189	175.839	341.348	0.0411159	0.0475275
k107_27305570 flag=0 multi=134.2336 len=14827	14827	167.354	0	0	0	0	0	0	0	0	0	0	0	0	0	0	0	0	0.0720826	0.10548	0.724337	1.15358	166.495	386.039	0.0623064	0.0648289
k107_21852135 flag=0 multi=101.9643 len=4864	4864	168.151	0	0	0	0	0	0	0	0	0	0	0	0	0	0	0	0	0.0659798	0.0618374	0.890837	0.918487	167.194	315.491	0	0
k107_6509845 flag=0 multi=112.1250 len=10445	10445	166.559	0	0	0	0	0	0	0	0	0	0	0	0	0	0	0	0	0.117914	0.231322	0.592034	0.775055	165.835	278.436	0.0147885	0.0146737
k107_5533872 flag=0 multi=125.7583 len=31786	31786	167.504	0	0	0	0	0	0	0	0	0	0	0	0	0	0	0	0	0.142517	0.179878	0.622411	0.819248	166.686	319.158	0.0533604	0.0547336
k107_2444927 flag=0 multi=111.7716 len=3741	3741	171.69	0	0	0	0	0	0	0	0	0	0	0	0	0	0	0	0	0	0	0.275371	0.345361	171.415	456.877	0	0
k107_7606483 flag=0 multi=157.9488 len=13345	13345	162.887	0	0	0	0	0	0	0	0	0	0	0	0	0	0	0	0	0.138005	0.257333	0.435789	0.6058	162.267	286.441	0.0458483	0.0439655
k107_5367471 flag=0 multi=157.4824 len=5157	5157	175.728	0	0	0	0	0	0	0	0	0	0	0	0	0	0	0	0	0.0914521	0.139008	0.283213	0.356169	175.232	571.333	0.12173	0.15141
k107_28771418 flag=0 multi=120.6150 len=18254	18254	168.164	0	0	0	0	0	0	0	0	0	0	0	0	0	0	0	0	0.1001	0.104429	0.593137	0.932985	167.413	367.042	0.0580437	0.0558691
k107_1844256 flag=0 multi=111.6897 len=18066	18066	175.309	0	0	0	0	0	0	0	0	0	0	0	0	0	0	0	0	0.0997523	0.113085	0.777471	1.01927	174.381	312.593	0.0503828	0.0577619
k107_4772538 flag=0 multi=112.1357 len=25920	25920	164.127	0	0	0	0	0	0	0	0	0	0	0	0	0	0	0	0	0.0703412	0.0896183	0.630845	0.898333	163.402	361.558	0.0234991	0.023018
k107_22395881 flag=0 multi=135.3494 len=28628	28628	157.349	0	0	0	0	0	0	0	0	0	0	0	0	0	0	0	0	0.0849749	0.106287	0.460425	0.681904	156.74	401.069	0.06344	0.0725419
k107_2051819 flag=0 multi=109.6968 len=3920	3920	177.453	0	0	0	0	0	0	0	0	0	0	0	0	0	0	0	0	0.0834715	0.121863	0.372858	0.497253	176.996	360.967	0	0
k107_24055450 flag=0 multi=97.4962 len=4355	4355	172.638	0	0	0	0	0	0	0	0	0	0	0	0	0	0	0	0	0.0740192	0.0689786	0.605971	0.758377	171.954	260.366	0.00444115	0.00466797
k107_5519000 flag=0 multi=99.2293 len=15625	15625	170.769	0	0	0	0	0	0	0	0	0	0	0	0	0	0	0	0	0.117666	0.124279	0.646479	0.920538	170.005	373.393	0	0
k107_2211012 flag=0 multi=132.3539 len=5374	5374	164.64	0	0	0	0	0	0	0	0	0	0	0	0	0	0	0	0	0.0585568	0.056005	0.619874	1.30456	163.932	1307.08	0.0295741	0.0288906
k107_19422069 flag=0 multi=82.9056 len=2680	2680	165.437	0	0	0	0	0	0	0	0	0	0	0	0	0	0	0	0	0.126997	0.121851	0.457948	0.442033	164.852	275.105	0	0
k107_17470094 flag=0 multi=141.5175 len=23729	23729	161.48	0	0	0	0	0	0	0	0	0	0	0	0	0	0	0	0	0.216887	0.243686	0.568532	0.809064	160.65	326.92	0.0445213	0.0595824
k107_2049804 flag=0 multi=111.9546 len=4977	4977	165.194	0	0	0	0	0	0	0	0	0	0	0	0	0	0	0	0	0.257112	0.276821	0.706096	1.15525	164.166	220.673	0.0645989	0.107082
k107_3366114 flag=0 multi=102.9596 len=14321	14321	155.969	0	0	0	0	0	0	0	0	0	0	0	0	0	0	0	0	0.0712604	0.114323	0.506456	0.846247	155.37	330.663	0.0213995	0.0210742
