contigName	contigLen	totalAvgDepth	Cen01_MA.bam	Cen01_MA.bam-var	Cen03_MA.bam	Cen03_MA.bam-var	Cen04_MA.bam	Cen04_MA.bam-var	Cen05_MA.bam	Cen05_MA.bam-var	Cen06_MA.bam	Cen06_MA.bam-var	Cen07_MA.bam	Cen07_MA.bam-var	Cen10_MA.bam	Cen10_MA.bam-var	Cen12_MA.bam	Cen12_MA.bam-var	Cen14_MA.bam	Cen14_MA.bam-var	Cen15_MA.bam	Cen15_MA.bam-var	Cen16_MA.bam	Cen16_MA.bam-var	Cen17_MA.bam	Cen17_MA.bam-var
k107_30190706 flag=1 multi=32.0000 len=11264	11264	11.2483	0	0	11.2215	16.3906	0	0	0.0268199	0.0543315	0	0	0	0	0	0	0	0	0	0	0	0	0	0	0	0
k107_27420484 flag=1 multi=6.0000 len=2649	2649	3.63017	0	0	3.63017	2.69824	0	0	0	0	0	0	0	0	0	0	0	0	0	0	0	0	0	0	0	0
k107_21958582 flag=0 multi=23.1649 len=5073	5073	7.99057	0	0	7.97024	8.75844	0	0	0.0203312	0.0207257	0	0	0	0	0	0	0	0	0	0	0	0	0	0	0	0
k107_20453007 flag=0 multi=229.2336 len=2782	2782	12.5528	0	0	12.5528	12.4769	0	0	0	0	0	0	0	0	0	0	0	0	0	0	0	0	0	0	0	0
k107_14743148 flag=1 multi=17.0000 len=3798	3798	10.1044	0	0	10.1044	20.0275	0	0	0	0	0	0	0	0	0	0	0	0	0	0	0	0	0	0	0	0
k107_13478408 flag=1 multi=11.4917 len=2769	2769	9.6668	0	0	9.6668	10.7603	0	0	0	0	0	0	0	0	0	0	0	0	0	0	0	0	0	0	0	0
k107_9053289 flag=1 multi=10.0000 len=2955	2955	8.66755	0	0	8.66755	6.19419	0	0	0	0	0	0	0	0	0	0	0	0	0	0	0	0	0	0	0	0
k107_8979836 flag=1 multi=5.0000 len=2845	2845	3.95989	0	0	3.84113	3.54324	0.118757	0.104695	0	0	0	0	0	0	0	0	0	0	0	0	0	0	0	0	0	0
k107_28706736 flag=1 multi=41.0000 len=30584	30584	10.1935	0.00987385	0.0118536	10.174	15.9007	0	0	0.00970874	0.0198664	0	0	0	0	0	0	0	0	0	0	0	0	0	0	0	0
k107_11440446 flag=0 multi=15.5355 len=3263	3263	12.2867	0	0	12.282	11.5462	0	0	0.00472813	0.00570973	0	0	0	0	0	0	0	0	0	0	0	0	0	0	0	0
k107_16287883 flag=0 multi=17.8008 len=30468	30468	11.47	0.0146854	0.0431041	11.4355	15.1947	0	0	0.0198568	0.0296568	0	0	0	0	0	0	0	0	0	0	0	0	0	0	0	0
k107_35145376 flag=0 multi=35.0081 len=23342	23342	10.5336	0.0128472	0.0257931	10.5142	16.2976	0	0	0.00646701	0.00651345	0	0	0	0	0	0	0	0	0	0	0	0	0	0	0	0
k107_5613499 flag=0 multi=12.0660 len=18101	18101	10.5707	0	0	10.5458	15.8359	0	0	0.024889	0.0291864	0	0	0	0	0	0	0	0	0	0	0	0	0	0	0	0
k107_24991600 flag=1 multi=37.8505 len=36260	36260	11.0621	0.00419934	0.00417964	11.033	15.8152	0	0	0.024918	0.0278256	0	0	0	0	0	0	0	0	0	0	0	0	0	0	0	0
k107_35451280 flag=0 multi=16.1186 len=17732	17732	10.386	0	0	10.3687	20.6612	0	5.73691e-05	0	0	0	0	0	0	0	0	0	0	0.0173264	0.0272408	0	0	0	0	0	0
k107_34460337 flag=0 multi=14.0281 len=27421	27421	10.1092	0.205391	0.98602	9.8872	18.5404	0	0	0.0165935	0.0186344	0	0	0	0	0	0	0	0	0	0	0	0	0	0	0	0
k107_7703020 flag=0 multi=64.5930 len=14759	14759	10.7518	0	0	10.7314	16.6977	0	0	0.0204053	0.029029	0	0	0	0	0	0	0	0	0	0	0	0	0	0	0	0
k107_12041537 flag=0 multi=19.0006 len=8818	8818	11.5649	0	0	11.5297	15.6284	0	0	0.0352278	0.0435981	0	0	0	0	0	0	0	0	0	0	0	0	0	0	0	0
k107_14115501 flag=1 multi=13.4815 len=3185	3185	10.8276	0	0	10.7246	18.4269	0	0	0.103018	0.125454	0	0	0	0	0	0	0	0	0	0	0	0	0	0	0	0
k107_12954969 flag=0 multi=49.9988 len=23298	23298	10.9302	0	0	10.9302	16.3489	0	0	0	0	0	0	0	0	0	0	0	0	0	0	0	0	0	0	0	0
k107_20429936 flag=1 multi=12.0000 len=21953	21953	11.9093	0	0	11.8956	16.4251	0	0	0.0136714	0.0137508	0	0	0	0	0	0	0	0	0	0	0	0	0	0	0	0
k107_15393255 flag=0 multi=11.0091 len=17110	17110	10.5647	0.0177297	0.0218212	10.5031	16.8643	0	0	0.0438482	0.0429017	0	0	0	0	0	0	0	0	0	0	0	0	0	0	0	0
k107_22542460 flag=1 multi=12.0000 len=16021	16021	10.4009	0	0	10.3912	11.3946	0	0	0.00966983	0.0096988	0	0	0	0	0	0	0	0	0	0	0	0	0	0	0	0
k107_18736392 flag=1 multi=45.0000 len=22029	22029	10.6125	0	0	10.5989	18.0962	0	0	0.0135776	0.0137055	0	0	0	0	0	0	0	0	0	0	0	0	0	0	0	0
k107_19287416 flag=0 multi=14.0009 len=25891	25891	11.0895	0	0	11.0895	18.1091	0	0	0	0	0	0	0	0	0	0	0	0	0	0	0	0	0	0	0	0
k107_28739695 flag=1 multi=20.0000 len=18218	18218	10.3463	0	0	10.3127	15.2	0	0	0.0336571	0.0397721	0	0	0	0	0	0	0	0	0	0	0	0	0	0	0	0
k107_21586928 flag=0 multi=17.8236 len=47869	47869	11.0487	0.00315345	0.00316738	10.9955	17.8313	0	0	0.0499716	0.0733326	0	0	0	0	0	0	0	0	0	0	0	0	0	0	0	0
k107_28228698 flag=1 multi=34.0000 len=14347	14347	11.4482	0	0	11.4482	17.8955	0	0	0	0	0	0	0	0	0	0	0	0	0	0	0	0	0	0	0	0
k107_20701095 flag=0 multi=23.0666 len=21874	21874	10.3439	0	0	10.2958	15.2778	0.00681439	0.00694823	0.0413035	0.0514472	0	0	0	0	0	0	0	0	0	0	0	0	0	0	0	0
k107_10848213 flag=1 multi=13.0000 len=34018	34018	10.8607	0	0	10.8431	15.0494	0	0	0.0175881	0.0231642	0	0	0	0	0	0	0	0	0	0	0	0	0	0	0	0
k107_6461057 flag=1 multi=35.0000 len=9653	9653	10.5797	0	0	10.5638	15.4428	0	0	0.0159341	0.0158881	0	0	0	0	0	0	0	0	0	0	0	0	0	0	0	0
k107_5499179 flag=0 multi=19.0302 len=14404	14404	10.6037	0	0	10.6037	18.4472	0	0	0	0	0	0	0	0	0	0	0	0	0	0	0	0	0	0	0	0
k107_6221250 flag=1 multi=11.0000 len=14776	14776	10.4433	0	0	10.4226	11.8084	0	0	0.0206577	0.0248529	0	0	0	0	0	0	0	0	0	0	0	0	0	0	0	0
k107_19838621 flag=0 multi=13.3825 len=18972	18972	11.8821	0	0	11.8581	17.8278	0	0	0.0240493	0.0284912	0	0	0	0	0	0	0	0	0	0	0	0	0	0	0	0
k107_25781541 flag=0 multi=12.0977 len=10271	10271	9.46183	0	0	9.44709	11.3012	0	0	0.0147457	0.0149189	0	0	0	0	0	0	0	0	0	0	0	0	0	0	0	0
k107_20675062 flag=0 multi=12.0013 len=4806	4806	11.6841	0	0	11.6841	11.0149	0	0	0	0	0	0	0	0	0	0	0	0	0	0	0	0	0	0	0	0
k107_27206140 flag=0 multi=15.0079 len=35143	35143	9.79633	0	0	9.78778	14.4598	0	0	0.00855314	0.012725	0	0	0	0	0	0	0	0	0	0	0	0	0	0	0	0
k107_25195755 flag=0 multi=19.1339 len=15628	15628	10.5982	0	0	10.5657	12.1897	0	0	0.0298186	0.0356375	0	0	0.00267519	0.00605734	0	0	0	0	0	0	0	0	0	0	0	0
k107_30021753 flag=1 multi=11.0000 len=8168	8168	9.47966	0	0	9.47966	16.5156	0	0	0	0	0	0	0	0	0	0	0	0	0	0	0	0	0	0	0	0
k107_29769079 flag=0 multi=18.0393 len=40365	40365	10.3404	0	0	10.3292	16.9455	0	0	0.0111824	0.0111742	0	0	0	0	0	0	0	0	0	0	0	0	0	0	0	0
k107_23762247 flag=0 multi=20.0336 len=28687	28687	10.498	0	0	10.4615	15.9405	0	0	0.0364629	0.0753693	0	0	0	0	0	0	0	0	0	0	0	0	0	0	0	0
k107_33502739 flag=0 multi=17.1017 len=11880	11880	10.695	0	0	10.695	17.3894	0	0	0	0	0	0	0	0	0	0	0	0	0	0	0	0	0	0	0	0
k107_35785038 flag=0 multi=33.0000 len=37084	37084	10.3437	0	0	10.3234	16.1951	0	0	0.0203632	0.0270705	0	0	0	0	0	0	0	0	0	0	0	0	0	0	0	0
k107_23985380 flag=1 multi=14.0000 len=9399	9399	9.93239	0	0	9.91613	11.7403	0	0	0.0162691	0.0163244	0	0	0	0	0	0	0	0	0	0	0	0	0	0	0	0
k107_30637838 flag=1 multi=12.0000 len=5173	5173	9.84377	0	0	9.84377	14.436	0	0	0	0	0	0	0	0	0	0	0	0	0	0	0	0	0	0	0	0
k107_29232224 flag=1 multi=13.5357 len=5959	5959	10.7394	0	0	10.7394	14.5275	0	0	0	0	0	0	0	0	0	0	0	0	0	0	0	0	0	0	0	0
k107_34444406 flag=1 multi=16.0000 len=18307	18307	10.3422	0	0	10.2848	15.6438	0	0	0.057373	0.0978963	0	0	0	0	0	0	0	0	0	0	0	0	0	0	0	0
k107_24445723 flag=1 multi=15.3303 len=9571	9571	10.4213	0	0	10.3896	16.0763	0	0	0.0317186	0.0606462	0	0	0	0	0	0	0	0	0	0	0	0	0	0	0	0
k107_25174792 flag=0 multi=37.0656 len=9448	9448	10.6756	0	0	10.6432	14.2885	0	0	0.0323639	0.0319287	0	0	0	0	0	0	0	0	0	0	0	0	0	0	0	0
k107_33140418 flag=1 multi=17.6788 len=61308	61308	10.2004	0	0	10.1833	14.9262	0	0	0.0171295	0.0226262	0	0	0	0	0	0	0	0	0	0	0	0	0	0	0	0
k107_25057768 flag=0 multi=10.5573 len=2732	2732	9.84403	0	0	9.37202	16.1569	0	0	0	0	0.472016	0.846697	0	0	0	0	0	0	0	0	0	0	0	0	0	0
k107_31476804 flag=0 multi=131.0000 len=4939	4939	9.04248	0.171663	0.465335	8.83912	15.3617	0	0	0.0317015	0.0315071	0	0	0	0	0	0	0	0	0	0	0	0	0	0	0	0
k107_34117091 flag=0 multi=12.0271 len=5789	5789	9.42355	0	0	9.42355	18.7118	0	0	0	0	0	0	0	0	0	0	0	0	0	0	0	0	0	0	0	0
k107_14441313 flag=0 multi=17.2572 len=6666	6666	10.4634	0.0230987	0.0231691	10.4403	20.6043	0	0	0	0	0	0	0	0	0	0	0	0	0	0	0	0	0	0	0	0
k107_30541305 flag=0 multi=53.7415 len=10648	10648	10.5797	0	0	10.5655	19.3464	0	0	0.0142084	0.0143837	0	0	0	0	0	0	0	0	0	0	0	0	0	0	0	0
k107_33831676 flag=0 multi=20.1855 len=16878	16878	10.1284	0	0	10.1284	15.3787	0	0	0	0	0	0	0	0	0	0	0	0	0	0	0	0	0	0	0	0
k107_30534059 flag=1 multi=11.0000 len=9966	9966	10.7612	0	0	10.7308	14.1428	0	0	0.0304222	0.0302766	0	0	0	0	0	0	0	0	0	0	0	0	0	0	0	0
k107_24087203 flag=0 multi=11.3230 len=2633	2633	10.3531	0	0	10.3492	12.7931	0	0	0.003861	0.00469842	0	0	0	0	0	0	0	0	0	0	0	0	0	0	0	0
k107_29907553 flag=0 multi=30.0161 len=25214	25214	11.0777	0.0120825	0.0239169	11.042	17.3457	0	0	0.0236031	0.0345842	0	0	0	0	0	0	0	0	0	0	0	0	0	0	0	0
k107_28486976 flag=0 multi=17.9944 len=30682	30682	10.3849	0.00994075	0.0184784	10.3357	15.484	0	0	0.0392034	0.0676602	0	0	0	0	0	0	0	0	0	0	0	0	0	0	0	0
k107_27902149 flag=0 multi=31.0665 len=11324	11324	9.39176	0	0	9.37815	12.5621	0	0	0.0136091	0.0135122	0	0	0	0	0	0	0	0	0	0	0	0	0	0	0	0
k107_22515994 flag=1 multi=14.0303 len=13616	13616	10.5294	0.0113414	0.011212	10.4035	19.1421	0	0	0	0	0	0	0	0	0	0	0	0	0	0	0	0	0	0	0.114616	0.360632
k107_27260334 flag=0 multi=26.0011 len=19464	19464	10.4601	0.0157082	0.0311679	10.4147	15.9204	0	0	0.029642	0.0347342	0	0	0	0	0	0	0	0	0	0	0	0	0	0	0	0
k107_22020911 flag=1 multi=16.0418 len=26213	26213	10.437	0	0	10.4199	15.1267	0	0	0.017097	0.0171776	0	0	0	0	0	0	0	0	0	0	0	0	0	0	0	0
k107_33284480 flag=0 multi=28.0017 len=9427	9427	9.96647	0	0	8.30652	13.4212	0	0	0	0	1.65995	2.58264	0	0	0	0	0	0	0	0	0	0	0	0	0	0
k107_26375334 flag=1 multi=13.0000 len=33973	33973	10.226	0	0	10.1995	16.9031	0	0	0.0264322	0.0341482	0	0	0	0	0	0	0	0	0	0	0	0	0	0	0	0
k107_25139305 flag=1 multi=12.0000 len=12691	12691	11.4098	0	0	11.3739	15.7267	0	0	0.035919	0.0470194	0	0	0	0	0	0	0	0	0	0	0	0	0	0	0	0
k107_18959231 flag=0 multi=34.5892 len=12007	12007	10.346	0	0	10.2505	14.9678	0	0	0.0697138	0.139174	0	0	0.0258009	0.0374419	0	0	0	0	0	0	0	0	0	0	0	0
k107_24334956 flag=0 multi=15.9782 len=13196	13196	11.1959	0	0	11.1959	16.0282	0	0	0	0	0	0	0	0	0	0	0	0	0	0	0	0	0	0	0	0
k107_24184419 flag=0 multi=15.0069 len=17445	17445	10.7117	0	0	10.6119	20.7078	0	0	0.0698244	0.0923571	0	0	0	0	0	0	0	0	0	0	0	0	0.0299248	0.0583076	0	0
k107_5179842 flag=0 multi=37.0473 len=2557	2557	11.6341	0	0	11.6341	23.6745	0	0	0	0	0	0	0	0	0	0	0	0	0	0	0	0	0	0	0	0
k107_21769055 flag=0 multi=15.0165 len=23741	23741	10.2416	0	0	10.1969	15.639	0	0	0.0446265	0.082472	0	0	0	0	0	0	0	0	0	0	0	0	0	0	0	0
k107_18111082 flag=1 multi=9.0000 len=11641	11641	10.1977	0	0	10.1977	13.0329	0	0	0	0	0	0	0	0	0	0	0	0	0	0	0	0	0	0	0	0
k107_20404759 flag=0 multi=12.1894 len=6127	6127	10.8398	0	0	10.8398	16.8252	0	0	0	0	0	0	0	0	0	0	0	0	0	0	0	0	0	0	0	0
k107_12989020 flag=1 multi=9.0000 len=7213	7213	9.90378	0	0	9.90378	19.43	0	0	0	0	0	0	0	0	0	0	0	0	0	0	0	0	0	0	0	0
k107_21898302 flag=1 multi=22.0000 len=16818	16818	9.59106	0	0	9.58216	13.7748	0	0	0.00890046	0.00905435	0	0	0	0	0	0	0	0	0	0	0	0	0	0	0	0
k107_32266626 flag=1 multi=10.0000 len=9859	9859	9.9525	0	0	9.9525	12.5587	0	0	0	0	0	0	0	0	0	0	0	0	0	0	0	0	0	0	0	0
k107_21702105 flag=0 multi=36.0051 len=37135	37135	11.1674	0.00399099	0.00408277	11.115	18.3994	0	0	0.0484077	0.0581428	0	0	0	0	0	0	0	0	0	0	0	0	0	0	0	0
k107_10049306 flag=1 multi=39.7141 len=6969	6969	10.2974	0	0	10.2974	14.4606	0	0	0	0	0	0	0	0	0	0	0	0	0	0	0	0	0	0	0	0
k107_21387597 flag=0 multi=51.7504 len=7115	7115	11.0343	0	0	10.9793	18.5749	0.0333187	0.0641359	0.0217232	0.0216747	0	0	0	0	0	0	0	0	0	0	0	0	0	0	0	0
k107_27530211 flag=0 multi=55.9849 len=12847	12847	10.006	0	0	10.006	12.6726	0	0	0	0	0	0	0	0	0	0	0	0	0	0	0	0	0	0	0	0
k107_7842352 flag=1 multi=42.0000 len=5456	5456	10.7978	0	0	10.7408	10.7033	0	0	0.0570431	0.0955823	0	0	0	0	0	0	0	0	0	0	0	0	0	0	0	0
k107_22018733 flag=1 multi=26.0000 len=6878	6878	10.6636	0	0	10.6185	15.3776	0	0	0.0451642	0.0733265	0	0	0	0	0	0	0	0	0	0	0	0	0	0	0	0
k107_18454385 flag=0 multi=67.1873 len=10035	10035	9.98829	0	0	9.97308	9.09677	0	0	0.015206	0.0152752	0	0	0	0	0	0	0	0	0	0	0	0	0	0	0	0
k107_22552712 flag=1 multi=8.0000 len=5432	5432	8.20214	0	0	8.20214	10.2091	0	0	0	0	0	0	0	0	0	0	0	0	0	0	0	0	0	0	0	0
k107_16003170 flag=1 multi=72.9562 len=18971	18971	9.52901	0	0	9.45701	11.9922	0	0	0.071991	0.127504	0	0	0	0	0	0	0	0	0	0	0	0	0	0	0	0
k107_33889613 flag=1 multi=15.9997 len=14856	14856	10.5341	0	0	10.5341	19.22	0	0	0	0	0	0	0	0	0	0	0	0	0	0	0	0	0	0	0	0
k107_19042627 flag=1 multi=16.0000 len=9342	9342	10.2156	0	0	10.2156	19.1189	0	0	0	0	0	0	0	0	0	0	0	0	0	0	0	0	0	0	0	0
k107_22841156 flag=1 multi=15.0000 len=12015	12015	10.9404	0	0	10.9404	14.4705	0	0	0	0	0	0	0	0	0	0	0	0	0	0	0	0	0	0	0	0
k107_2535761 flag=1 multi=123.0000 len=5738	5738	10.6402	2.07303	17.2002	8.13558	30.6004	0.0553716	0.0903802	0.125828	0.372109	0	0	0.0553716	0.0760292	0	0	0	0	0	0	0	0	0	0	0.194996	1.03336
k107_19301374 flag=1 multi=12.6892 len=19013	19013	9.90289	0	0	9.87077	14.9897	0.0321201	0.0857729	0	0	0	0	0	0	0	0	0	0	0	0	0	0	0	0	0	0
k107_29092379 flag=1 multi=62.0000 len=10770	10770	10.5032	0	0	10.5032	17.6318	0	0	0	0	0	0	0	0	0	0	0	0	0	0	0	0	0	0	0	0
k107_20353504 flag=1 multi=15.0000 len=15557	15557	10.7416	0	0	10.732	16.3927	0	0	0.00963619	0.00980009	0	0	0	0	0	0	0	0	0	0	0	0	0	0	0	0
k107_29244120 flag=1 multi=37.0000 len=42678	42678	9.96371	0	0	9.76154	14.5829	0	0	0.00712668	0.0139704	0.19504	0.519206	0	0	0	0	0	0	0	0	0	0	0	0	0	0
k107_17237686 flag=1 multi=24.0000 len=8394	8394	9.37951	0	0	9.37951	11.165	0	0	0	0	0	0	0	0	0	0	0	0	0	0	0	0	0	0	0	0
k107_17080142 flag=1 multi=17.0320 len=25705	25705	10.3948	0	0	10.3829	13.1662	0	0	0.0118884	0.0215006	0	0	0	0	0	0	0	0	0	0	0	0	0	0	0	0
k107_6983144 flag=1 multi=14.9707 len=4162	4162	8.52642	0	0	8.51503	13.3188	0	0	0.011399	0.0122838	0	0	0	0	0	0	0	0	0	0	0	0	0	0	0	0
k107_22201082 flag=1 multi=92.0000 len=3461	3461	10.3235	0	0	10.3235	9.43265	0	0	0	0	0	0	0	0	0	0	0	0	0	0	0	0	0	0	0	0
k107_14624101 flag=1 multi=11.0000 len=8297	8297	10.8129	0	0	10.8129	15.2272	0	0	0	0	0	0	0	0	0	0	0	0	0	0	0	0	0	0	0	0
k107_1650915 flag=1 multi=11.9648 len=23233	23233	10.9256	0	0	10.8989	19.2437	0	0	0.0120361	0.0118994	0	0	0	0	0	0	0	0	0	0	0	0	0.014609	0.0274346	0	0
k107_5993334 flag=0 multi=36.0698 len=53074	53074	10.4681	0	0	10.4342	14.5638	0	0	0.0339385	0.0611526	0	0	0	0	0	0	0	0	0	0	0	0	0	0	0	0
k107_14367387 flag=1 multi=17.0000 len=26822	26822	10.5701	0	0	10.5701	15.4362	0	0	0	0	0	0	0	0	0	0	0	0	0	0	0	0	0	0	0	0
k107_9448220 flag=1 multi=13.0000 len=3585	3585	8.7219	0	0	8.63235	13.0703	0	0	0.0895522	0.17558	0	0	0	0	0	0	0	0	0	0	0	0	0	0	0	0
k107_13565383 flag=1 multi=14.0000 len=11216	11216	10.3287	0	0	10.2604	16.1543	0	0	0.068261	0.0968215	0	0	0	0	0	0	0	0	0	0	0	0	0	0	0	0
k107_13303742 flag=0 multi=16.0000 len=7720	7720	9.08115	0.0407118	0.0555072	8.9818	12.8182	0	0	0.0586411	0.14765	0	0	0	0	0	0	0	0	0	0	0	0	0	0	0	0
k107_12732400 flag=0 multi=12.0657 len=11379	11379	10.8316	0.0102916	0.0103634	10.8081	17.6274	0	0	0.0132707	0.0134447	0	0	0	0	0	0	0	0	0	0	0	0	0	0	0	0
k107_28277758 flag=0 multi=9.8188 len=9203	9203	10.4201	0	0	10.4033	15.5208	0	0	0.0167397	0.0166798	0	0	0	0	0	0	0	0	0	0	0	0	0	0	0	0
k107_29213816 flag=0 multi=15.1689 len=5435	5435	9.27333	0	0	9.21586	10.963	0	0	0.0574713	0.111895	0	0	0	0	0	0	0	0	0	0	0	0	0	0	0	0
k107_5042464 flag=1 multi=11.0000 len=16979	16979	9.85243	0	0	9.839	13.2187	0	0	0.00881454	0.00897173	0	0	0.00461714	0.0047743	0	0	0	0	0	0	0	0	0	0	0	0
k107_985402 flag=1 multi=31.0000 len=28197	28197	10.95	0	0	10.9183	16.569	0	0	0.031762	0.0503021	0	0	0	0	0	0	0	0	0	0	0	0	0	0	0	0
k107_12357473 flag=1 multi=12.0000 len=11650	11650	10.5495	0	0	10.5495	14.9671	0	0	0	0	0	0	0	0	0	0	0	0	0	0	0	0	0	0	0	0
k107_12333204 flag=1 multi=20.0000 len=6918	6918	11.1183	0	0	11.1055	18.6884	0	0	0.0128476	0.0131247	0	0	0	0	0	0	0	0	0	0	0	0	0	0	0	0
k107_24220780 flag=1 multi=26.0000 len=55587	55587	10.03	0.141358	1.04249	9.86168	17.9495	0	0	0.0270055	0.0414242	0	0	0	0	0	0	0	0	0	0	0	0	0	0	0	0
k107_11842085 flag=1 multi=17.0000 len=22637	22637	11.5927	0	0	11.5461	19.3023	0	0	0.0465189	0.0911011	0	0	0	0	0	0	0	0	0	0	0	0	0	0	0	0
k107_5531230 flag=0 multi=23.0000 len=21213	21213	11.296	0	0	11.2815	17.9517	0	0	0.0144422	0.0196903	0	0	0	0	0	0	0	0	0	0	0	0	0	0	0	0
k107_12271428 flag=1 multi=9.0000 len=15439	15439	10.32	0	0	10.32	15.2992	0	0	0	0	0	0	0	0	0	0	0	0	0	0	0	0	0	0	0	0
k107_10220276 flag=0 multi=17.5008 len=5566	5566	9.57219	0	0	9.57219	15.6362	0	0	0	0	0	0	0	0	0	0	0	0	0	0	0	0	0	0	0	0
k107_22866294 flag=0 multi=19.5647 len=37130	37130	10.9729	0	0	10.9689	17.3141	0	0	0.00399153	0.0040824	0	0	0	0	0	0	0	0	0	0	0	0	0	0	0	0
k107_14757249 flag=1 multi=12.0000 len=11458	11458	11.0646	0	0	11.0247	16.8128	0	0	0.0398888	0.0552756	0	0	0	0	0	0	0	0	0	0	0	0	0	0	0	0
k107_1893876 flag=1 multi=20.0000 len=22172	22172	9.74486	0	0	9.74486	16.1245	0	0	0	0	0	0	0	0	0	0	0	0	0	0	0	0	0	0	0	0
k107_2699704 flag=1 multi=13.0000 len=13337	13337	10.9392	0.0231684	0.0226357	10.8932	14.4643	0	0	0.0228615	0.0226452	0	0	0	0	0	0	0	0	0	0	0	0	0	0	0	0
k107_20992176 flag=1 multi=23.0000 len=4780	4780	10.4888	0	0	10.4888	13.3679	0	0	0	0	0	0	0	0	0	0	0	0	0	0	0	0	0	0	0	0
k107_8715755 flag=1 multi=12.4672 len=36039	36039	10.2251	0	0	10.1958	14.1646	0	0	0.0293253	0.0478906	0	0	0	0	0	0	0	0	0	0	0	0	0	0	0	0
k107_8827100 flag=0 multi=14.0904 len=12003	12003	10.2161	0	0	10.2052	13.5944	0	0	0.0108538	0.0108229	0	0	0	0	0	0	0	0	0	0	0	0	0	0	0	0
k107_13327317 flag=0 multi=20.0103 len=7866	7866	12.262	0	0	12.2025	21.0921	0	0	0.0594923	0.0769427	0	0	0	0	0	0	0	0	0	0	0	0	0	0	0	0
k107_24464618 flag=1 multi=11.0000 len=5311	5311	9.41525	0	0	9.35496	11.5799	0	0	0.0602915	0.108609	0	0	0	0	0	0	0	0	0	0	0	0	0	0	0	0
k107_13608092 flag=0 multi=17.8985 len=24370	24370	10.9273	0	0	10.9088	14.8438	0	0	0.0184893	0.0208877	0	0	0	0	0	0	0	0	0	0	0	0	0	0	0	0
k107_271418 flag=1 multi=43.0744 len=16081	16081	10.681	0	0	10.653	13.9021	0	0	0.0280119	0.0418431	0	0	0	0	0	0	0	0	0	0	0	0	0	0	0	0
k107_4165866 flag=1 multi=15.9955 len=35008	35008	10.7215	0.00121017	0.00120874	10.665	18.2565	0	0	0.0259609	0.0377091	0	0	0	0	0	0	0	0	0.0172881	0.0289746	0	0	0.012044	0.015853	0	0
k107_3298078 flag=1 multi=3.0000 len=3406	3406	3.22938	0	0	3.15399	2.03309	0.0753866	0.123216	0	0	0	0	0	0	0	0	0	0	0	0	0	0	0	0	0	0
k107_23358833 flag=0 multi=23.0149 len=9103	9103	10.5322	0	0	10.5322	18.1523	0	0	0	0	0	0	0	0	0	0	0	0	0	0	0	0	0	0	0	0
k107_14533536 flag=1 multi=30.0000 len=9494	9494	10.3711	0	0	10.323	13.5909	0	0	0.0480853	0.0795094	0	0	0	0	0	0	0	0	0	0	0	0	0	0	0	0
k107_20739360 flag=0 multi=11.8596 len=3619	3619	11.8658	0	0	11.8658	17.4622	0	0	0	0	0	0	0	0	0	0	0	0	0	0	0	0	0	0	0	0
k107_7365308 flag=1 multi=11.4759 len=3217	3217	8.76912	0	0	8.63053	12.27	0	0	0.138593	0.177584	0	0	0	0	0	0	0	0	0	0	0	0	0	0	0	0
k107_23465929 flag=1 multi=23.0000 len=38946	38946	10.9319	0	0	10.9088	16.0115	0.00385571	0.0038923	0.0192527	0.0332739	0	0	0	0	0	0	0	0	0	0	0	0	0	0	0	0
k107_18787397 flag=1 multi=30.0000 len=3203	3203	9.99104	0	0	9.99104	11.4507	0	0	0	0	0	0	0	0	0	0	0	0	0	0	0	0	0	0	0	0
k107_24041034 flag=1 multi=70.0000 len=7493	7493	11.0937	0.0209985	0.0205607	11.0316	16.6132	0	0	0.0411626	0.0402434	0	0	0	0	0	0	0	0	0	0	0	0	0	0	0	0
k107_2724229 flag=0 multi=16.0040 len=5054	5054	9.65446	0	0	9.65446	8.98394	0	0	0	0	0	0	0	0	0	0	0	0	0	0	0	0	0	0	0	0
k107_10424439 flag=0 multi=10.6730 len=2963	2963	10.2815	0	0	10.2815	16.9424	0	0	0	0	0	0	0	0	0	0	0	0	0	0	0	0	0	0	0	0
k107_7145623 flag=0 multi=17.2500 len=17501	17501	10.7408	0	0	10.7062	15.5452	0	0	0.034595	0.0767967	0	0	0	0	0	0	0	0	0	0	0	0	0	0	0	0
k107_593842 flag=1 multi=12.0000 len=38826	38826	11.3988	0.00783927	0.0137485	11.3833	16.4499	0	0	0.00765756	0.00777764	0	0	0	0	0	0	0	0	0	0	0	0	0	0	0	0
k107_21350601 flag=1 multi=11.0000 len=9118	9118	11.3463	0	0	11.3295	15.2024	0	0	0.0167877	0.0168338	0	0	0	0	0	0	0	0	0	0	0	0	0	0	0	0
k107_3818449 flag=1 multi=30.2933 len=40004	40004	10.4103	0.00375296	0.0037891	10.4028	15.613	0	0	0.00372777	0.00378945	0	0	0	0	0	0	0	0	0	0	0	0	0	0	0	0
k107_13774778 flag=1 multi=29.5856 len=38321	38321	10.3243	0	0	10.2969	13.6337	0	0	0.02746	0.0271344	0	0	0	0	0	0	0	0	0	0	0	0	0	0	0	0
k107_2243769 flag=0 multi=15.1354 len=5217	5217	10.5384	0	0	10.5302	12.0432	0.00813835	0.00867395	0	0	0	0	0	0	0	0	0	0	0	0	0	0	0	0	0	0
k107_16704888 flag=0 multi=17.5764 len=6568	6568	10.5109	0	0	10.4871	13.6381	0	0	0.0237791	0.0235208	0	0	0	0	0	0	0	0	0	0	0	0	0	0	0	0
k107_1739496 flag=1 multi=33.0000 len=9659	9659	9.85102	0	0	9.7869	17.6227	0.0160308	0.0158781	0.0480923	0.0460767	0	0	0	0	0	0	0	0	0	0	0	0	0	0	0	0
k107_30147594 flag=1 multi=31.0000 len=20129	20129	10.9272	0	0	10.8896	14.4536	0	0	0.0301105	0.0483926	0	0	0.007515	0.00755851	0	0	0	0	0	0	0	0	0	0	0	0
k107_7571253 flag=1 multi=49.9119 len=12071	12071	9.28575	0	0	9.22211	15.5779	0	0	0.0636418	0.115439	0	0	0	0	0	0	0	0	0	0	0	0	0	0	0	0
k107_8616016 flag=1 multi=11.0000 len=5557	5557	9.30752	0	0	9.27935	18.4993	0	0	0.0281637	0.0279131	0	0	0	0	0	0	0	0	0	0	0	0	0	0	0	0
k107_30227075 flag=0 multi=10.7470 len=14969	14969	9.16452	0	0	9.16452	12.3106	0	0	0	0	0	0	0	0	0	0	0	0	0	0	0	0	0	0	0	0
k107_6596735 flag=1 multi=10.0000 len=21109	21109	10.6416	0	0	10.6416	18.1183	0	0	0	0	0	0	0	0	0	0	0	0	0	0	0	0	0	0	0	0
k107_8199564 flag=0 multi=30.1847 len=70378	70378	10.6611	0.00430961	0.0066118	10.6484	17.253	0.00211199	0.00214875	0.00629317	0.00641694	0	0	0	0	0	0	0	0	0	0	0	0	0	0	0	0
k107_898575 flag=1 multi=22.0000 len=65184	65184	10.8054	0	0	10.7801	16.8992	0	0	0.0253075	0.0434317	0	0	0	0	0	0	0	0	0	0	0	0	0	0	0	0
k107_946649 flag=1 multi=11.0000 len=6625	6625	9.39016	0	0	9.36691	13.2113	0	0	0.0232485	0.0233127	0	0	0	0	0	0	0	0	0	0	0	0	0	0	0	0
k107_18635909 flag=0 multi=14.0533 len=7168	7168	10.8491	0	0	10.8491	14.6443	0	0	0	0	0	0	0	0	0	0	0	0	0	0	0	0	0	0	0	0
k107_31070042 flag=1 multi=32.0000 len=60616	60616	10.9194	0.00500713	0.00621193	10.8701	17.218	0.00243725	0.00249412	0.0418477	0.0599848	0	0	0	0	0	0	0	0	0	0	0	0	0	0	0	0
k107_19270609 flag=1 multi=11.8756 len=8332	8332	10.2087	0	0	10.1903	15.9138	0	0	0	0	0	0	0.0184309	0.0184528	0	0	0	0	0	0	0	0	0	0	0	0
k107_5823499 flag=1 multi=58.5711 len=13901	13901	9.63328	0	0	9.61166	13.6314	0	0	0.0216192	0.0439227	0	0	0	0	0	0	0	0	0	0	0	0	0	0	0	0
k107_7700490 flag=1 multi=19.0000 len=22759	22759	10.8057	0	0	10.8057	16.281	0	0	0	0	0	0	0	0	0	0	0	0	0	0	0	0	0	0	0	0
k107_13634987 flag=0 multi=17.0182 len=10908	10908	8.95795	0	0	8.95795	12.5762	0	0	0	0	0	0	0	0	0	0	0	0	0	0	0	0	0	0	0	0
k107_26250244 flag=1 multi=36.0000 len=13354	13354	9.7929	0	0	9.74693	15.52	0	0	0.04597	0.183015	0	0	0	0	0	0	0	0	0	0	0	0	0	0	0	0
k107_3804396 flag=1 multi=9.0000 len=3053	3053	8.40094	0.129407	0.325682	8.27154	15.8268	0	0	0	0	0	0	0	0	0	0	0	0	0	0	0	0	0	0	0	0
k107_26761913 flag=0 multi=41.7865 len=6401	6401	11.6829	0	0	11.5373	21.6625	0	0	0.145598	0.187515	0	0	0	0	0	0	0	0	0	0	0	0	0	0	0	0
k107_4958742 flag=1 multi=18.0000 len=7469	7469	9.69918	0	0	9.69918	17.1465	0	0	0	0	0	0	0	0	0	0	0	0	0	0	0	0	0	0	0	0
k107_6635395 flag=0 multi=75.0625 len=10271	10271	11.0184	0	0	10.9437	19.6712	0	0	0.0746314	0.162904	0	0	0	0	0	0	0	0	0	0	0	0	0	0	0	0
k107_22735563 flag=0 multi=26.1691 len=6067	6067	11.0713	0	0	10.9934	16.4803	0	0	0.0778838	0.191478	0	0	0	0	0	0	0	0	0	0	0	0	0	0	0	0
k107_11946909 flag=1 multi=14.0000 len=13799	13799	10.3147	0	0	10.3147	18.2899	0	0	0	0	0	0	0	0	0	0	0	0	0	0	0	0	0	0	0	0
k107_9286445 flag=0 multi=17.1318 len=3400	3400	9.96611	0	0	9.96611	15.0372	0	0	0	0	0	0	0	0	0	0	0	0	0	0	0	0	0	0	0	0
k107_12858400 flag=0 multi=286.0639 len=2548	2548	10.163	0	0	10.163	12.8628	0	0	0	0	0	0	0	0	0	0	0	0	0	0	0	0	0	0	0	0
k107_22590366 flag=0 multi=15.9957 len=34905	34905	11.1888	0	0	11.1675	18.3986	0	0	0.0213565	0.0213538	0	0	0	0	0	0	0	0	0	0	0	0	0	0	0	0
k107_19774354 flag=1 multi=74.0000 len=8086	8086	10.5141	0	0	10.5141	12.9676	0	0	0	0	0	0	0	0	0	0	0	0	0	0	0	0	0	0	0	0
k107_19189153 flag=1 multi=34.0000 len=28008	28008	10.5918	0	0	10.5237	15.3206	0.0106114	0.0107827	0.0574244	0.0807782	0	0	0	0	0	0	0	0	0	0	0	0	0	0	0	0
k107_3278873 flag=1 multi=11.3878 len=51243	51243	10.4587	0.0146248	0.0334667	10.3974	16.1598	0.00288569	0.00295934	0.0437761	0.0758576	0	0	0	0	0	0	0	0	0	0	0	0	0	0	0	0
k107_24053343 flag=0 multi=23.0162 len=37458	37458	10.1202	0	0	10.0759	13.5479	0	0	0.0442728	0.0518287	0	0	0	0	0	0	0	0	0	0	0	0	0	0	0	0
k107_7006114 flag=0 multi=16.9098 len=38821	38821	10.0503	0	0	10.0388	13.9354	0	0	0.0115008	0.0116292	0	0	0	0	0	0	0	0	0	0	0	0	0	0	0	0
k107_7176093 flag=1 multi=119.5079 len=7219	7219	11.167	0	0	11.1243	12.8565	0	0	0.0426485	0.0417563	0	0	0	0	0	0	0	0	0	0	0	0	0	0	0	0
k107_7596926 flag=0 multi=30.7043 len=40754	40754	10.6213	0.00363394	0.00372024	10.5771	16.7618	0	0	0.0331257	0.0431195	0	0	0	0	0	0	0.0074162	0.0105293	0	0	0	0	0	0	0	0
k107_19473292 flag=1 multi=16.0000 len=5082	5082	10.7395	0	0	10.6533	17.518	0	0	0.0861925	0.110713	0	0	0	0	0	0	0	0	0	0	0	0	0	0	0	0
k107_3224203 flag=1 multi=12.0000 len=2815	2815	10.0621	0	0	10.0621	8.60318	0	0	0	0	0	0	0	0	0	0	0	0	0	0	0	0	0	0	0	0
k107_7239452 flag=1 multi=12.0000 len=8692	8692	10.6086	0	0	10.6086	14.6963	0	0	0	0	0	0	0	0	0	0	0	0	0	0	0	0	0	0	0	0
k107_4834720 flag=1 multi=22.2171 len=33713	33713	10.7509	0	0	10.7194	14.7434	0	0	0.0223878	0.0244261	0	0	0	0	0	0	0	0	0.00903894	0.0167977	0	0	0	0	0	0
k107_3719054 flag=0 multi=11.0474 len=19097	19097	11.0428	0	0	11.0271	22.9351	0	0	0.0156957	0.0231403	0	0	0	0	0	0	0	0	0	0	0	0	0	0	0	0
k107_3335500 flag=1 multi=13.0000 len=9824	9824	10.4674	0	0	10.4364	13.9571	0	0	0.0310859	0.0613698	0	0	0	0	0	0	0	0	0	0	0	0	0	0	0	0
k107_5876922 flag=1 multi=20.0000 len=6283	6283	10.6487	0	0	10.5987	13.54	0	0	0.0499916	0.047954	0	0	0	0	0	0	0	0	0	0	0	0	0	0	0	0
