contigName	contigLen	totalAvgDepth	Cen01_MA.bam	Cen01_MA.bam-var	Cen03_MA.bam	Cen03_MA.bam-var	Cen04_MA.bam	Cen04_MA.bam-var	Cen05_MA.bam	Cen05_MA.bam-var	Cen06_MA.bam	Cen06_MA.bam-var	Cen07_MA.bam	Cen07_MA.bam-var	Cen10_MA.bam	Cen10_MA.bam-var	Cen12_MA.bam	Cen12_MA.bam-var	Cen14_MA.bam	Cen14_MA.bam-var	Cen15_MA.bam	Cen15_MA.bam-var	Cen16_MA.bam	Cen16_MA.bam-var	Cen17_MA.bam	Cen17_MA.bam-var
k107_9072140 flag=0 multi=151.7843 len=2856	2856	269.579	0	0	0	0	0	0	0	0	0	0	0	0	259.834	278.226	9.56265	17.0674	0	0	0.181676	0.181636	0	0	0	0
k107_1935594 flag=0 multi=214.8193 len=9676	9676	268.47	0	0	0	0	0	0	0	0	0	0	0	0	258.887	445.486	9.08812	17.4487	0.128227	0.20509	0.367293	0.681452	0	0	0	0
k107_15388355 flag=0 multi=195.0898 len=38117	38117	263.471	0.0079598	0.00834389	0	0	0	0	0	0	0	0	0	0	254.539	498.226	8.30951	11.5473	0.152056	0.241041	0.462277	0.601888	0	0	0	0
k107_33126520 flag=0 multi=178.9446 len=9224	9224	279.517	0	0	0	0	0	0	0	0	0	0	0	0	268.296	717.744	10.751	17.0844	0.15176	0.185399	0.318426	0.353718	0	0	0	0
k107_12008269 flag=0 multi=183.8218 len=11592	11592	274.723	0	0	0	0	0	0	0	0	0	0	0	0	266.221	672.17	7.86209	11.5802	0.160319	0.188269	0.479539	0.668019	0	0	0	0
k107_8925811 flag=0 multi=184.8133 len=23179	23179	261.004	0	0	0	0	0	0	0.00651309	0.00655835	0	0	0	0	252.26	409.764	8.19705	12.1489	0.118591	0.148805	0.421865	0.626738	0	0	0	0
k107_1973733 flag=0 multi=209.9724 len=4746	4746	284.727	0	0	0	0	0	0	0	0	0	0	0	0	275.056	236.146	8.83303	8.2747	0.0679568	0.107462	0.770477	1.0865	0	0	0	0
k107_5431345 flag=0 multi=233.7704 len=9793	9793	265.948	0	0	0	0	0	0	0	0	0	0	0	0	256.504	513.943	8.949	10.3104	0.0770203	0.0775083	0.418291	0.583964	0	0	0	0
k107_5040980 flag=0 multi=220.3431 len=4762	4762	267.65	0	0	0	0	0	0	0	0	0	0	0	0	258.878	278.484	8.21323	6.15267	0.088565	0.113482	0.469955	0.52019	0	0	0	0
k107_3171617 flag=0 multi=178.8558 len=9606	9606	274.046	0	0	0	0	0	0	0	0	0	0	0	0	264.093	741.515	9.39209	15.3045	0.0757739	0.0986324	0.484845	0.554886	0	0	0	0
k107_3462530 flag=0 multi=170.2003 len=7660	7660	280.33	0	0	0	0	0	0	0	0	0	0	0	0	270.826	526.268	8.86396	11.4357	0.0820875	0.0865001	0.55776	0.805484	0	0	0	0
k107_2256884 flag=0 multi=176.3032 len=29356	29356	257.292	0	0	0.0103944	0.0180044	0	0	0	0	0	0	0	0	248.122	436.772	8.42548	12.0656	0.165795	0.265763	0.557582	0.832244	0.0103944	0.0102954	0	0
k107_9090863 flag=0 multi=178.5333 len=8568	8568	260.582	0	0	0	0	0	0	0	0	0	0	0	0	251.023	479.406	9.07126	17.325	0.0730704	0.0677322	0.378418	0.3544	0.0365352	0.0415034	0	0
k107_10652114 flag=0 multi=193.2463 len=26637	26637	271.801	0	0	0	0	0	0	0.0114676	0.0225741	0	0	0	0	262.394	576.641	8.83057	11.5471	0.125992	0.165974	0.438656	0.69376	0	0	0	0
k107_9793898 flag=0 multi=200.9458 len=23885	23885	268.001	0	0	0	0	0	0	0	0	0	0	0	0	257.981	515.266	9.22156	10.3156	0.195734	0.330588	0.602807	0.817171	0	0	0	0
k107_521225 flag=0 multi=175.1991 len=58900	58900	269.357	0	0	0.00515376	0.00819932	0	0	0	0	0	0	0	0	260.222	506.197	8.49667	11.3605	0.19301	0.287734	0.434708	0.618711	0.00515376	0.00758787	0	0
k107_24077846 flag=0 multi=203.3424 len=71686	71686	266.346	0.00846128	0.010622	0	0	0	0	0	0	0.00423064	0.00603645	0.00205929	0.00210737	256.612	440.304	9.09473	14.3142	0.107657	0.149451	0.504147	0.701052	0.0126919	0.0160479	0	0
k107_10968287 flag=0 multi=194.0000 len=11102	11102	266.056	0	0	0	0	0	0	0	0	0	0	0	0	257.277	339.633	8.20898	11.0426	0.181667	0.190613	0.389259	0.466221	0	0	0	0
k107_18241191 flag=0 multi=122.3956 len=6732	6732	267.972	0.0469673	0.044767	0	0	0	0	0	0	0	0	0.0230171	0.0229353	257.884	437.377	9.3633	11.1274	0.164075	0.212032	0.445412	0.607	0.0461897	0.091426	0	0
k107_31942216 flag=0 multi=184.9476 len=5315	5315	266.417	0	0	0	0	0	0	0	0	0	0	0	0	256.602	650.363	9.14183	14.3166	0.18073	0.253046	0.491921	0.578013	0	0	0	0
k107_167394 flag=0 multi=168.2619 len=15385	15385	274.804	0	0	0	0	0	0	0	0	0	0	0	0	264.795	504.882	9.13041	12.8045	0.220248	0.272692	0.65776	0.763856	0	0	0	0
k107_17635832 flag=0 multi=202.3158 len=52854	52854	275.663	0.00572766	0.00655026	0.00574669	0.00776871	0	0	0	0	0	0	0	0	265.653	610.581	9.29653	13.1231	0.169185	0.215214	0.533129	0.632313	0	0	0	0
k107_6683580 flag=0 multi=189.5047 len=31457	31457	258.955	0	0	0.00969347	0.0135781	0	0	0	0	0	0	0	0	249.913	434.092	8.56184	11.2031	0.0774835	0.0972428	0.393067	0.616529	0	0	0	0
k107_6414999 flag=0 multi=196.5855 len=6242	6242	267.94	0	0	0	0	0	0	0	0	0	0	0	0	259.134	340.779	7.7904	6.01815	0.203199	0.248603	0.811785	0.844473	0	0	0	0
k107_11754206 flag=0 multi=181.0580 len=13446	13446	259.561	0.0229763	0.0264061	0	0	0	0	0	0	0	0	0	0	250.132	437.056	8.6059	11.9666	0.227785	0.32499	0.572428	0.753972	0	0	0	0
k107_431993 flag=0 multi=202.1290 len=33598	33598	286.751	0.0181103	0.0279501	0	0	0	0	0	0	0.0181103	0.0259251	0	0	276.314	636.86	9.83136	13.6434	0.0725312	0.087312	0.497868	0.732567	0	0	0	0
k107_6625564 flag=0 multi=193.0868 len=11951	11951	272.758	0	0	0.0257533	0.0468898	0	0	0	0	0	0	0	0	263.217	436.29	8.88274	9.73472	0.155378	0.20243	0.47738	0.64683	0	0	0	0
k107_13031849 flag=0 multi=189.0000 len=24908	24908	271.02	0	0	0	0	0	0	0	0	0	0	0	0	261.814	461.354	8.62363	15.5079	0.134683	0.159467	0.447167	0.672984	0	0	0	0
k107_3304078 flag=0 multi=196.7663 len=37623	37623	272.821	0	0	0	0	0	0	0	0	0	0	0	0	263.332	469.752	8.79033	12.3884	0.16133	0.192984	0.53699	0.783335	0	0	0	0
k107_13887990 flag=0 multi=165.7201 len=8858	8858	263.787	0	0	0	0	0	0	0	0	0	0	0	0	254.278	368.371	8.6108	14.613	0.246611	0.432684	0.651239	0.723874	0	0	0	0
k107_20209619 flag=0 multi=201.7363 len=21370	21370	262.519	0	0	0	0	0	0	0	0	0.0143345	0.026372	0	0	253.769	520.975	8.20486	12.5602	0.129723	0.169266	0.400797	0.529108	0	0	0	0
k107_23589638 flag=0 multi=213.7988 len=93118	93118	285.91	0.00975047	0.0227659	0.00488062	0.0078845	0	0	0.00325375	0.00418679	0	0	0	0	276.068	555.045	9.15913	13.0437	0.199653	0.309147	0.458445	0.634715	0.0064644	0.00647053	0	0
k107_5083581 flag=0 multi=187.7945 len=50297	50297	266.613	0	0	0	0	0	0	0	0	0	0	0	0	256.456	513.175	9.51919	14.0226	0.165857	0.225496	0.472227	0.61441	0	0	0	0
k107_27493209 flag=0 multi=197.9462 len=17436	17436	277.176	0	0	0	0	0	0	0	0	0	0	0	0	266.975	744.194	9.45121	14.3943	0.19365	0.263823	0.538286	0.959554	0.0176258	0.0312036	0	0
k107_224808 flag=0 multi=207.2283 len=83455	83455	283.793	0.00176783	0.00178749	0.00361983	0.00524585	0	0	0.00726372	0.00926056	0.00726372	0.00957641	0	0	273.802	662.793	9.33595	15.3883	0.187005	0.320895	0.445913	0.544809	0.00176783	0.00181129	0	0
k107_6757566 flag=0 multi=216.9789 len=24855	24855	267.509	0.0245998	0.0697811	0	0	0	0	0	0	0	0	0	0	258.37	674.241	8.4184	16.0261	0.136114	0.20172	0.559402	0.676282	0	0	0	0
k107_2228743 flag=0 multi=198.7110 len=130857	130857	265.27	0.00230554	0.00239817	0.0023132	0.0024285	0	0	0	0	0.0023132	0.00296179	0	0	255.779	485.516	8.85282	12.9206	0.16436	0.243411	0.466424	0.642158	0	0	0	0
k107_30922584 flag=0 multi=184.9779 len=19744	19744	271.449	0	0	0	0	0	0	0	0	0	0	0	0	263.217	530.234	7.78644	10.2326	0.0443884	0.0648623	0.40037	0.561182	0.00041148	0.00133634	0	0
k107_15246407 flag=0 multi=172.2706 len=25610	25610	261.933	0.011933	0.0193043	0	0	0	0	0	0	0	0	0	0	252.683	402.884	8.66943	12.6122	0.131105	0.208449	0.437372	0.557889	0	0	0	0
k107_11374780 flag=0 multi=191.9825 len=6289	6289	264.136	0	0	0.100885	0.251751	0	0	0	0	0	0	0	0	255.104	470.515	8.37064	12.4732	0.0504426	0.0936915	0.51094	0.633456	0	0	0	0
k107_12562442 flag=0 multi=210.5468 len=13238	13238	269.625	0.0232684	0.027754	0	0	0	0	0	0	0	0	0	0	260.973	548.462	8.03502	9.10311	0.116729	0.152606	0.477814	0.951058	0	0	0	0
k107_129557 flag=0 multi=182.5332 len=34990	34990	274.239	0.00867735	0.00861744	0	0	0	0	0	0	0.0138953	0.0322943	0	0	264.555	535.329	9.01064	12.3282	0.182599	0.281242	0.459957	0.699897	0.00873501	0.0092953	0	0
k107_7288866 flag=0 multi=192.8921 len=22006	22006	277.11	0	0	0.0139145	0.0141784	0	0	0	0	0	0	0	0	268.16	601.779	8.19213	10.9887	0.180842	0.254602	0.562431	0.701434	0	0	0	0
k107_258818 flag=0 multi=200.8713 len=18561	18561	270.054	0	0	0	0	0	0	0	0	0.0165398	0.0222929	0	0	260.723	476.14	8.7605	11.8236	0.131935	0.156444	0.421984	0.670458	0	0	0	0
k107_2199251 flag=0 multi=203.0598 len=54166	54166	271.089	0.00560671	0.00665186	0	0	0	0	0.00560671	0.00810004	0	0	0	0	261.309	493.367	9.12311	13.1983	0.145607	0.24355	0.500538	0.539279	0	0	0	0
k107_7242879 flag=0 multi=187.6564 len=31259	31259	263.278	0	0	0	0	0	0	0	0	0	0	0	0	254.016	462.673	8.69173	12.4271	0.0877346	0.125086	0.482734	0.636926	0	0	0	0
k107_2103199 flag=0 multi=209.2171 len=21027	21027	275.99	0	0	0	0	0	0	0	0	0	0	0	0	266.298	480.121	9.21201	13.6099	0.152811	0.165995	0.327045	0.369148	0	0	0	0
k107_5864575 flag=0 multi=186.0635 len=27185	27185	273.017	0.0224677	0.0305258	0	0	0	0	0.0112339	0.0166847	0	0	0	0	263.391	511.288	8.84064	13.8868	0.218837	0.244961	0.52137	0.811302	0.0112339	0.0117758	0	0
k107_8167236 flag=0 multi=212.2969 len=17675	17675	262.375	0.0173257	0.0212276	0.0173833	0.0234146	0	0	0	0	0.0173833	0.0285958	0	0	252.634	596.768	9.07448	12.1618	0.139066	0.180386	0.47545	0.620996	0	0	0	0
k107_14311417 flag=0 multi=156.4708 len=4912	4912	254.232	0	0	0	0	0	0	0	0	0	0	0	0	246.681	521.229	7.07679	8.43997	0.0763557	0.13607	0.398048	0.345069	0	0	0	0
k107_25333936 flag=0 multi=202.9302 len=9397	9397	265.733	0.0332051	0.0492564	0	0	0	0	0	0	0	0	0	0	257.455	352.672	7.87334	10.7702	0.0663002	0.0928061	0.305443	0.454599	0	0	0	0
k107_26619925 flag=0 multi=201.0449 len=11279	11279	276.227	0	0	0	0	0	0	0	0	0	0	0	0	266.963	369.462	8.61738	11.6332	0.152865	0.170961	0.49458	0.524952	0	0	0	0
k107_26026920 flag=0 multi=223.1250 len=6499	6499	264.759	0	0	0	0	0	0	0	0	0	0	0	0	255.823	375.499	8.69308	12.5312	0	0	0.242698	0.385721	0	0	0	0
k107_26571990 flag=0 multi=194.9807 len=15642	15642	269.422	0	0	0	0	0	0	0	0	0.0196871	0.0262126	0	0	259.33	576.348	9.45345	11.4018	0.216297	0.394968	0.402151	0.536228	0	0	0	0
k107_6896646 flag=0 multi=188.0813 len=35441	35441	266.256	0.00418339	0.00427633	0	0	0	0	0	0	0	0	0	0	256.746	535.506	8.91095	14.1787	0.128774	0.16044	0.466177	0.806158	0	0	0	0
k107_13438402 flag=0 multi=227.9229 len=9668	9668	274.267	0	0	0	0	0	0	0	0	0	0	0	0	264.463	588.569	9.1246	14.0609	0.192505	0.283976	0.486761	0.608428	0	0	0	0
k107_20557208 flag=0 multi=198.0000 len=34532	34532	270.945	0.00882267	0.0144811	0.0175869	0.025979	0	0	0	0	0	0	0	0	261.08	569.829	9.00172	15.5778	0.176103	0.288664	0.660152	0.762547	0	0	0	0
k107_21139395 flag=0 multi=177.5616 len=18012	18012	265.506	0	0	0.0170525	0.022532	0	0	0	0	0	0	0	0	255.986	940.519	8.76245	12.1862	0.272671	0.380436	0.46742	0.52197	0	0	0	0
k107_13769291 flag=0 multi=176.1305 len=17126	17126	263.413	0	0	0	0	0	0	0	0	0	0	0	0	254.523	599.855	8.28459	9.0493	0.107406	0.140975	0.498573	0.602626	0	0	0	0
k107_3490825 flag=0 multi=197.4486 len=22081	22081	257.916	0	0	0	0	0	0	0	0	0.0138666	0.0136745	0	0	249.399	450.253	7.83856	14.5431	0.13839	0.170459	0.498554	0.606294	0.0277331	0.0406609	0	0
k107_16135962 flag=0 multi=166.4911 len=14419	14419	267.101	0	0	0	0	0	0	0	0	0	0	0	0	257.3	408.12	9.20528	11.9862	0.128073	0.149719	0.46823	0.541433	0	0	0	0
k107_14135193 flag=0 multi=180.0071 len=24689	24689	265.367	0	0	0.0123426	0.0203498	0	0	0	0	0	0	0	0	255.959	456.691	8.6722	15.0883	0.0619182	0.0708782	0.661131	0.768629	0	0	0	0
k107_26690101 flag=0 multi=209.1004 len=36531	36531	263.747	0	0	0	0	0	0	0	0	0	0	0	0	254.126	451.761	8.94844	11.9179	0.153799	0.252272	0.518977	0.78015	0	0	0	0
k107_6191047 flag=0 multi=164.7891 len=10948	10948	264.229	0	0	0	0	0	0	0	0	0.0283675	0.0275576	0	0	255.041	360.667	8.76301	14.733	0.0850085	0.119003	0.311666	0.418931	0	0	0	0
k107_3379875 flag=0 multi=199.7449 len=65100	65100	279.618	0	0	0	0	0	0	0	0	0.00932128	0.0132037	0	0	269.664	713.245	9.35388	12.3943	0.121115	0.148078	0.465555	0.619618	0.00466064	0.00578288	0	0
k107_17851955 flag=0 multi=191.9297 len=11754	11754	265.786	0	0	0	0	0	0	0	0	0	0	0	0	256.4	379.542	8.6226	13.4576	0.131505	0.13577	0.631243	1.03663	0	0	0	0
k107_13433447 flag=0 multi=200.9079 len=11033	11033	280.055	0	0	0	0	0	0	0	0	0	0	0	0	270.772	439.994	8.75883	15.1107	0.168857	0.199648	0.355233	0.347149	0	0	0	0
k107_17357503 flag=0 multi=189.1869 len=13138	13138	277.023	0.0234497	0.0242218	0	0	0	0	0	0	0	0	0	0	267.538	446.3	8.75148	9.64142	0.151994	0.253368	0.558274	0.723806	0	0	0	0
k107_18847868 flag=0 multi=165.2162 len=18173	18173	254.711	0	0	0.0168989	0.0166099	0	0	0	0	0	0	0	0	245.811	341.361	8.2518	9.67073	0.0952381	0.122334	0.536176	0.582015	0	0	0	0
k107_16674229 flag=0 multi=192.8674 len=16516	16516	262.913	0	0	0	0	0	0	0	0	0	0	0	0	253.879	426.469	8.43777	13.9261	0.260639	0.348509	0.335081	0.539373	0	0	0	0
k107_12659086 flag=0 multi=178.9420 len=26003	26003	268.953	0	0	0	0	0	0	0	0	0	0	0	0	259.798	401.892	8.63966	12.7855	0.117427	0.195862	0.398467	0.507456	0	0	0	0
k107_16923538 flag=0 multi=218.6292 len=39602	39602	281.628	0.00768448	0.0133773	0	0	0	0	0	0	0.00768448	0.00762703	0	0	272.099	446.861	8.89893	12.6293	0.150458	0.202773	0.456361	0.589068	0.00768448	0.00900084	0	0
k107_14172072 flag=0 multi=198.6633 len=55988	55988	263.172	0	0	0	0	0	0	0	0	0	0	0	0	253.928	544.582	8.58578	13.3008	0.160974	0.241665	0.49217	0.626309	0.00531552	0.00539464	0	0
k107_17665070 flag=0 multi=193.5194 len=36033	36033	267.936	0	0	0	0	0	0	0	0	0.00845204	0.0153772	0	0	258.616	423.841	8.56447	10.023	0.134953	0.148229	0.612857	0.933027	0	0	0	0
k107_3790605 flag=0 multi=171.7621 len=14159	14159	277.198	0	0	0	0	0	0	0	0	0.0217219	0.0229113	0	0	267.368	520.799	9.10803	14.6561	0.195713	0.299169	0.50451	0.629886	0	0	0	0
k107_14654238 flag=0 multi=178.2129 len=15338	15338	263.984	0	0	0	0	0	0	0	0	0	0	0	0	254.585	568.546	8.89445	11.8275	0.11386	0.112192	0.371043	0.438705	0.0200851	0.028459	0	0
k107_15988761 flag=0 multi=203.1986 len=23654	23654	282.466	0	0	0	0	0	0	0	0	0	0	0	0	272.601	589.566	9.18846	14.8801	0.11635	0.148783	0.560937	0.865243	0	0	0	0
k107_1935218 flag=0 multi=193.5223 len=52299	52299	265.43	0.0116161	0.0138595	0.00580803	0.0102114	0	0	0	0	0	0	0	0	256.003	470.676	8.78064	11.7574	0.127546	0.182831	0.502202	0.601378	0	0	0	0
k107_3254348 flag=0 multi=179.9296 len=18619	18619	255.399	0	0	0	0	0	0	0	0	0	0	0	0	246.054	469.555	8.6554	13.3009	0.177813	0.20352	0.512256	0.66768	0	0	0	0
k107_324250 flag=0 multi=207.1098 len=52563	52563	265.655	0.00577869	0.00811641	0.0115382	0.0174284	0	0	0	0	0.00572128	0.00654735	0	0	256.233	441.219	8.68344	11.3311	0.14441	0.200844	0.565278	0.78833	0.0031381	0.00387445	0.00283194	0.00288788
k107_9453548 flag=0 multi=184.2913 len=12308	12308	274.139	0	0	0	0	0	0	0	0	0	0	0	0	264.504	668.684	8.97801	10.7084	0.137764	0.15358	0.518491	0.684664	0	0	0	0
k107_1365731 flag=0 multi=184.7851 len=17036	17036	263.654	0	0	0	0	0	0	0	0	0	0	0	0	254.387	572.459	8.6883	11.6691	0.135293	0.220654	0.443767	0.551408	0	0	0	0
k107_2685766 flag=0 multi=198.9302 len=27091	27091	282.757	0	0	0.0112733	0.0160694	0	0	0	0	0	0	0	0	272.859	626.754	9.26847	9.9201	0.191459	0.25901	0.416104	0.553882	0.0112733	0.0159991	0	0
k107_19209307 flag=0 multi=165.3976 len=3940	3940	273.954	0	0	0	0	0	0	0	0	0	0	0	0	263.723	417.359	9.62947	15.3491	0	0	0.600605	0.967977	0	0	0	0
k107_21550862 flag=0 multi=147.0030 len=6673	6673	270.899	0	0	0	0	0	0	0	0	0	0	0	0	260.651	453.454	9.40559	13.6123	0.109559	0.153256	0.685764	1.23131	0.0469314	0.045169	0	0
k107_11044363 flag=0 multi=153.0000 len=2716	2716	264.416	0.125104	0.12359	0	0	0	0	0	0	0	0	0	0	254.753	306.514	9.1628	10.0517	0	0	0.375311	0.306665	0	0	0	0
k107_141435 flag=0 multi=171.0000 len=20475	20475	267.948	0	0	0	0	0	0	0	0	0	0	0	0	259.453	567.539	7.9194	10.358	0.194319	0.270101	0.380856	0.497296	0	0	0	0
k107_2740160 flag=0 multi=142.3959 len=2951	2951	260.564	0	0	0	0	0	0	0	0	0	0	0	0	250.612	226.94	9.10117	11.3294	0	0	0.850887	2.01198	0	0	0	0
k107_25889875 flag=0 multi=217.0000 len=14196	14196	268.865	0	0	0.0434	0.0663479	0	0	0	0	0.021736	0.027599	0	0	259.84	410.654	8.44516	10.353	0.12984	0.196229	0.36325	0.370549	0.021736	0.0277334	0	0
k107_18958178 flag=0 multi=179.0000 len=27249	27249	265.417	0	0	0	0	0	0	0	0	0	0	0	0	256.16	575.406	8.69748	12.9825	0.111849	0.187398	0.447731	0.48538	0	0	0	0
k107_5013300 flag=0 multi=202.9206 len=81714	81714	279.951	0	0	0	0	0	0	0	0	0.00370953	0.00519256	0	0	270.445	478.214	8.92268	13.6497	0.135177	0.179516	0.440414	0.595381	0.00369724	0.00368596	0	0
k107_15873330 flag=0 multi=208.1326 len=97187	97187	275.329	0.00310678	0.00456983	0.00935129	0.013542	0	0	0.00310678	0.00426125	0.0031171	0.00485903	0	0	266.009	668.277	8.67315	11.3831	0.191351	0.271806	0.433431	0.598312	0.0031171	0.00491826	0	0
k107_31007344 flag=0 multi=182.7939 len=4046	4046	272.465	0	0	0	0	0	0	0	0	0	0	0	0	262.477	338.335	9.51042	9.30747	0.161325	0.153499	0.316774	0.330932	0	0	0	0
k107_24877589 flag=0 multi=212.9627 len=25654	25654	267.231	0.0119123	0.0126486	0	0	0	0	0	0	0	0	0	0	257.373	425.826	9.18531	13.3058	0.154505	0.192786	0.506666	0.621893	0	0	0	0
k107_29136413 flag=0 multi=229.6519 len=4413	4413	265.326	0	0	0	0	0	0	0	0	0	0	0	0	256.063	334.489	8.56556	8.60868	0.293846	0.267406	0.403795	0.508981	0	0	0	0
k107_22281746 flag=0 multi=197.9869 len=43998	43998	271.925	0	0	0	0	0	0	0	0	0	0	0	0	263.777	549.922	7.54625	9.74154	0.12262	0.17783	0.469082	0.630264	0.00691139	0.00874794	0.00336415	0.00344487
k107_31817400 flag=0 multi=158.0000 len=16422	16422	263.9	0	0	0	0	0.0186725	0.0183858	0	0	0	0	0	0	254.709	514.731	8.57785	10.5989	0.112345	0.237404	0.482754	0.54805	0	0	0	0
k107_17848097 flag=0 multi=189.9538 len=17650	17650	264.934	0	0	0	0	0	0	0	0	0	0	0	0	255.048	506.644	9.1727	12.3392	0.104392	0.12617	0.608831	0.782388	0	0	0	0
k107_8278482 flag=0 multi=198.5464 len=21509	21509	263.836	0	0	0	0	0	0	0	0	0	0	0	0	254.515	471.608	8.72198	13.4737	0.0995898	0.102957	0.499788	0.687339	0	0	0	0
k107_876939 flag=0 multi=186.6732 len=40564	40564	269.602	0.00747603	0.00853848	0	0	0	0	0	0	0	0	0	0	260.554	570.055	8.44156	11.3811	0.134891	0.179418	0.463936	0.638053	0	0	0	0
k107_4294832 flag=0 multi=196.5268 len=27360	27360	260.624	0.0110134	0.0125135	0	0	0	0	0	0	0	0	0	0	251.028	440.757	8.89116	12.5936	0.175216	0.271208	0.517666	0.73081	0	0	0	0
k107_34622570 flag=0 multi=209.8823 len=12911	12911	280.58	0	0	0	0	0	0	0	0	0	0	0	0	270.939	549.36	8.88786	14.6783	0.0958046	0.119618	0.656912	0.677548	0	0	0	0
k107_18611000 flag=0 multi=181.8953 len=6640	6640	254.485	0	0	0.0476491	0.0706346	0	0	0	0	0	0	0	0	245.012	464.066	8.82992	9.12637	0.0476491	0.0453777	0.547018	0.671802	0	0	0	0
k107_5090522 flag=0 multi=214.6354 len=14180	14180	264.839	0	0	0	0	0	0	0	0	0	0	0	0	255.227	457.409	8.97211	12.3862	0.108733	0.197841	0.530984	0.643274	0	0	0	0
k107_31596534 flag=0 multi=213.7153 len=10029	10029	261.954	0	0	0	0	0	0	0	0	0	0	0	0	252.175	435.568	9.09088	12.1922	0.155238	0.180297	0.533464	1.03921	0	0	0	0
k107_7224435 flag=0 multi=201.0057 len=38244	38244	277.18	0	0	0	0	0	0	0.00795952	0.00789582	0	0	0	0	267.686	583.01	8.84279	11.8539	0.135206	0.188421	0.483949	0.787197	0.0158927	0.0482379	0.00795952	0.0107934
k107_18330692 flag=0 multi=193.9873 len=26405	26405	269.018	0	0	0	0	0	0	0	0	0.0115696	0.0138005	0	0	259.664	506.67	8.6505	11.5004	0.184845	0.222132	0.507375	0.706306	0	0	0	0
k107_166143 flag=0 multi=221.2456 len=30594	30594	277.484	0	0	0	0	0	0	0	0	0	0	0	0	267.243	640.457	9.61402	13.7749	0.154364	0.192418	0.472633	0.517186	0	0	0	0
k107_24527823 flag=0 multi=187.5155 len=22006	22006	276.49	0	0	0.027829	0.0744086	0	0	0	0	0	0	0	0	266.668	507.869	8.98231	13.9328	0.16679	0.195454	0.645181	0.878537	0	0	0	0
k107_17021622 flag=0 multi=176.1724 len=11398	11398	267.901	0	0	0	0	0	0	0	0	0	0	0	0	258.453	483.907	8.90483	13.1034	0.0679524	0.0702744	0.474676	0.554308	0	0	0	0
k107_27084369 flag=0 multi=175.6155 len=14839	14839	263.842	0	0	0	0	0	0	0	0	0	0	0	0	253.855	429.931	9.34457	14.4871	0.145422	0.234271	0.497214	0.647426	0	0	0	0
k107_20596079 flag=0 multi=178.5217 len=12138	12138	258.006	0.0254309	0.0426074	0	0	0	0	0	0	0	0	0	0	248.749	587.267	8.58305	13.2754	0.11465	0.115165	0.533964	0.771453	0	0	0	0
k107_27473959 flag=0 multi=188.0873 len=33125	33125	262.007	0	0	0	0	0	0	0	0	0	0	0	0	252.519	462.203	8.82966	10.0956	0.101179	0.125103	0.557719	0.739569	0	0	0	0
k107_10025588 flag=0 multi=186.0229 len=10271	10271	270.267	0	0	0	0	0	0	0	0	0	0	0	0	259.926	321.116	9.70659	10.8754	0.0908817	0.108315	0.543585	0.823528	0	0	0	0
k107_9906378 flag=0 multi=196.2898 len=49334	49334	273.3	0	0	0.00615924	0.00693632	0	0	0	0	0.0122777	0.0165291	0	0	263.478	455.432	9.18682	11.6643	0.159977	0.203244	0.450196	0.657864	0.00615924	0.00611566	0	0
k107_7232842 flag=0 multi=208.7216 len=39257	39257	272.418	0	0	0	0	0	0	0	0	0	0	0	0	262.636	500.643	9.17104	13.6993	0.182056	0.216835	0.428289	0.60752	0	0	0	0
k107_8183734 flag=0 multi=152.1638 len=3464	3464	263.148	0	0	0	0	0	0	0	0	0	0	0	0	255.001	404.742	7.28052	7.65309	0	0	0.865908	1.07805	0	0	0	0
k107_9637159 flag=0 multi=233.6295 len=6171	6171	260.316	0	0	0	0	0	0	0	0	0	0	0	0	251.909	431.589	7.52258	12.1164	0.217414	0.245547	0.667575	0.845844	0	0	0	0
