contigName	contigLen	totalAvgDepth	Cen01_MA.bam	Cen01_MA.bam-var	Cen03_MA.bam	Cen03_MA.bam-var	Cen04_MA.bam	Cen04_MA.bam-var	Cen05_MA.bam	Cen05_MA.bam-var	Cen06_MA.bam	Cen06_MA.bam-var	Cen07_MA.bam	Cen07_MA.bam-var	Cen10_MA.bam	Cen10_MA.bam-var	Cen12_MA.bam	Cen12_MA.bam-var	Cen14_MA.bam	Cen14_MA.bam-var	Cen15_MA.bam	Cen15_MA.bam-var	Cen16_MA.bam	Cen16_MA.bam-var	Cen17_MA.bam	Cen17_MA.bam-var
k107_34199563 flag=0 multi=11.0175 len=2907	2907	13.6952	0	0	0	0	0	0	0	0	0	0	0	0	0	0	13.6952	17.7626	0	0	0	0	0	0	0	0
k107_12963079 flag=1 multi=17.1863 len=10650	10650	18.0575	0	0	0.0583688	0.0721795	0	0	0	0	0.277155	0.367818	0	0	0.128817	1.11798	17.0106	22.0333	0.0583688	0.0731376	0.524159	0.58391	0	0	0	0
k107_20005796 flag=0 multi=16.5111 len=2539	2539	12.4497	0	0	0	0	0	0	0	0	0	0	0	0	0	0	12.3835	14.392	0.06616	0.0629767	0	0	0	0	0	0
k107_13376020 flag=1 multi=10.0000 len=2536	2536	11.0282	0	0	0	0	0	0	0	0	0	0	0	0	0	0	11.0282	16.5463	0	0	0	0	0	0	0	0
k107_12554703 flag=1 multi=10.0000 len=7268	7268	8.37525	0	0	0	0	0	0	0	0	0.0427792	0.0414879	0	0	0	0	8.33247	10.9916	0	0	0	0	0	0	0	0
k107_281271 flag=0 multi=16.3429 len=91650	91650	12.6196	0	0	0	0	0	0	0	0	0.00661208	0.00759952	0	0	0.0164645	0.0204605	12.5949	18.7098	0.00162018	0.00164851	0	0	0	0	0	0
k107_13797085 flag=0 multi=14.0006 len=66904	66904	12.7085	0	0	0	0	0	0	0	0	0.0361701	0.0446999	0	0	0.00900874	0.00898628	12.652	19.3795	0.011291	0.0149893	0	0	0	0	0	0
k107_18257233 flag=0 multi=10.1339 len=5201	5201	12.8432	0	0	0	0	0	0	0	0	0	0	0	0	0	0	12.8432	18.3839	0	0	0	0	0	0	0	0
k107_5246240 flag=1 multi=16.1219 len=46153	46153	12.4326	0	0	0	0	0	0	0	0	0.0131513	0.0152297	0	0	0.0130641	0.0139185	12.4064	17.2889	0	0	0	0	0	0	0	0
k107_29315672 flag=1 multi=17.0000 len=20122	20122	12.508	0	0	0	0	0	0	0	0	0	0	0	0	0	0	12.508	16.7604	0	0	0	0	0	0	0	0
k107_33971921 flag=1 multi=22.9471 len=60472	60472	13.0004	0	0	0	0	0	0	0	0	0.0150241	0.0184228	0	0	0.00997175	0.0118118	12.9754	18.008	0	0	0	0	0	0	0	0
k107_7801247 flag=0 multi=13.0659 len=67164	67164	12.0811	0	0	0	0	0	0	0	0	0.0179923	0.031149	0	0	0	0	12.0496	18.251	0.00897371	0.0184649	0.00451677	0.0045011	0	0	0	0
k107_19594415 flag=0 multi=15.0187 len=37400	37400	12.5544	0	0	0	0	0	0	0	0	0.00401639	0.00405267	0	0	0	0	12.5422	22.8282	0	0	0.0081406	0.0109303	0	0	0	0
k107_13261632 flag=0 multi=12.2097 len=6715	6715	13.1196	0	0	0	0	0	0	0	0	0	0	0	0	0	0	13.1196	20.9546	0	0	0	0	0	0	0	0
k107_1970301 flag=1 multi=11.0935 len=31381	31381	12.0705	0	0	0	0	0	0	0	0	0.0193378	0.0299238	0	0	0	0	12.0512	19.1932	0	0	0	0	0	0	0	0
k107_3500771 flag=1 multi=21.3253 len=62091	62091	12.3853	0	0	0	0	0	0	0	0	0.0146143	0.023183	0	0	0	0	12.3707	16.1896	0	0	0	0	0	0	0	0
k107_25196207 flag=1 multi=11.0000 len=5210	5210	13.9654	0	0	0	0	0	0	0	0	0	0	0	0	0	0	13.9654	16.1424	0	0	0	0	0	0	0	0
k107_35721128 flag=0 multi=12.0949 len=15758	15758	12.2264	0.0348732	0.050451	0	0	0.116007	0.474251	0	0	0.0194746	0.0218831	0	0	0	0	12.0463	25.5036	0.00976967	0.00967462	0	0	0	0	0	0
k107_19390586 flag=0 multi=19.1924 len=16872	16872	11.6629	0	0	0	0	0	0	0	0	0.0182257	0.0279165	0	0	0	0	11.6356	18.1482	0.00911285	0.00902693	0	0	0	0	0	0
k107_23292019 flag=1 multi=14.0000 len=40125	40125	12.1634	0	0	0	0	0	0	0	0	0.0454511	0.0901396	0	0	0	0	12.1179	15.016	0	0	0	0	0	0	0	0
k107_6154489 flag=0 multi=9.4436 len=8479	8479	10.9371	0	0	0	0	0	0	0	0	0	0	0	0	0	0	10.9371	17.6896	0	0	0	0	0	0	0	0
k107_26826742 flag=1 multi=14.4062 len=79477	79477	12.3578	0	0	0	0	0	0	0	0	0.0114051	0.0173915	0	0	0	0	12.3464	19.062	0	0	0	0	0	0	0	0
k107_18237882 flag=1 multi=21.0000 len=35473	35473	10.8767	0	0	0	0	0	0	0	0	0.00858662	0.00850465	0	0	0.0171732	0.0175129	10.8509	15.9593	0	0	0	0	0	0	0	0
k107_14317913 flag=1 multi=20.8004 len=2507	2507	7.79002	0	0	0.268934	0.309687	0.0684807	0.0638199	0.0444444	0.0424884	0	0	0	0	0	0	7.40816	9.64107	0	0	0	0	0	0	0	0
k107_14285819 flag=1 multi=23.0000 len=19426	19426	12.5762	0	0	0	0	0	0	0	0	0	0	0	0	0	0	12.5762	20.1256	0	0	0	0	0	0	0	0
k107_6013965 flag=0 multi=29.0028 len=37163	37163	12.323	0	0	0	0	0	0	0	0	0.00819294	0.0105124	0	0	0	0	12.3148	16.7802	0	0	0	0	0	0	0	0
k107_11787780 flag=0 multi=18.0071 len=26711	26711	11.7646	0	0	0	0	0	0	0	0	0	0	0	0	0	0	11.7646	13.7481	0	0	0	0	0	0	0	0
k107_3829805 flag=0 multi=105.9789 len=11058	11058	16.4464	0	0	0	0	0	0	0	0	0.117144	0.14702	1.66698	4.71846	0	0	14.6206	23.2111	0.0278914	0.0272938	0.0138527	0.013843	0	0	0	0
k107_8552847 flag=0 multi=18.2291 len=73755	73755	12.2939	0	0	0	0	0	0	0	0	0.0286578	0.047966	0	0	0.00411147	0.00494264	12.2611	17.7299	0	0	0	0	0	0	0	0
k107_24552120 flag=1 multi=26.0000 len=64167	64167	11.8576	0	0	0	0	0.000892508	0.000954242	0	0	0.0283567	0.0532909	0	0	0	0	11.8261	17.551	0.00230173	0.00235469	0	0	0	0	0	0
k107_16551697 flag=0 multi=15.0136 len=31549	31549	12.5975	0	0	0	0	0	0	0	0	0.0384037	0.0584568	0	0	0	0	12.5591	15.6598	0	0	0	0	0	0	0	0
k107_28633104 flag=1 multi=17.0000 len=73846	73846	12.569	0	0	0	0	0	0	0	0	0.014182	0.0155953	0	0	0	0	12.5548	18.8361	0	0	0	0	0	0	0	0
k107_11034617 flag=0 multi=11.5168 len=24569	24569	11.3904	0	0	0	0	0	0	0	0	0.0123625	0.01229	0	0	0	0	11.3718	18.1837	0.00622244	0.00619009	0	0	0	0	0	0
k107_12740062 flag=0 multi=13.0052 len=13854	13854	11.9651	0	0	0	0	0	0	0	0	0.0668536	0.0812891	0	0	0	0	11.8982	15.0175	0	0	0	0	0	0	0	0
k107_19559740 flag=0 multi=11.0409 len=16496	16496	10.6638	0	0	0	0	0	0	0	0	0	0	0	0	0	0	10.6638	14.0887	0	0	0	0	0	0	0	0
k107_16727491 flag=0 multi=16.0370 len=7576	7576	13.415	0	0	0	0	0	0	0	0	0.0413803	0.0551981	0	0	0	0	13.3737	27.4227	0	0	0	0	0	0	0	0
k107_22587782 flag=1 multi=21.0002 len=31568	31568	12.1703	0	0	0	0	0	0	0	0	0	0	0	0	0.00962707	0.00956521	12.1607	19.2567	0	0	0	0	0	0	0	0
k107_5209899 flag=0 multi=11.0064 len=17663	17663	13.7002	0	0	0	0	0	0	0	0	0	0	0	0	0	0	13.6993	40.0307	0	0	0	0	0	0	0.000921606	0.000978304
k107_20690671 flag=0 multi=12.0015 len=26044	26044	12.6013	0	0	0	0	0	0	0	0	0.0115376	0.017119	0.00574936	0.00582877	0	0	12.584	19.3951	0	0	0	0	0	0	0	0
k107_11753367 flag=0 multi=13.0134 len=19142	19142	13.1452	0	0	0	0	0	0	0	0	0.0160297	0.0157709	0	0	0	0	13.1292	18.4996	0	0	0	0	0	0	0	0
k107_13861891 flag=0 multi=13.1010 len=110057	110057	12.404	0	0	0	0	0	0	0	0	0.0137579	0.0195061	0	0	0	0	12.3903	16.4746	0	0	0	0	0	0	0	0
k107_8982230 flag=0 multi=16.6478 len=148918	148918	12.4128	0	0	0	0	0	0	0	0	0.0162432	0.022383	0	0	0.00406417	0.00404487	12.3915	17.5072	0.00101604	0.0010144	0	0	0	0	0	0
k107_31622631 flag=0 multi=12.5168 len=136849	136849	12.6575	0	0	0	0	0	0	0	0	0.0287154	0.0415494	0	0	0.00442339	0.00439236	12.6244	17.3753	0	0	0	0	0	0	0	0
k107_2165590 flag=0 multi=17.0036 len=30025	30025	12.4346	0	0	0	0	0	0	0	0	0.0253003	0.0322251	0	0	0	0	12.4043	18.5774	0.00508024	0.00505529	0	0	0	0	0	0
k107_31494362 flag=0 multi=13.0101 len=73387	73387	12.3494	0	0	0	0	0	0	0	0	0.0206335	0.0271654	0	0	0.00411849	0.00688129	12.3184	18.1791	0.00203872	0.00206104	0.00413217	0.00412541	0	0	0	0
k107_20007141 flag=0 multi=25.1067 len=101632	101632	12.1846	0	0	0	0	0	0	0	0	0.0148722	0.0242631	0	0	0.00595085	0.00729758	12.1608	15.8809	0.00297049	0.00449037	0	0	0	0	0	0
k107_21901486 flag=0 multi=24.4009 len=4592	4592	19.7186	0	0	0.0703963	0.100884	0	0	0	0	0.347786	0.439528	0	0	0	0	18.2935	26.851	0.417716	2.37461	0.555012	1.5424	0.0342657	0.0339669	0	0
k107_26692110 flag=1 multi=10.0047 len=92511	92511	11.9826	0	0	0	0	0	0	0	0	0.00980381	0.0128317	0	0	0	0	11.9728	16.8104	0	0	0	0	0	0	0	0
k107_6562637 flag=0 multi=11.0257 len=69984	69984	12.3957	0	0	0	0	0	0	0	0	0.0129732	0.0137349	0	0	0.00429092	0.00432534	12.3698	15.6375	0.00863925	0.0113079	0	0	0	0	0	0
k107_4977950 flag=0 multi=15.1793 len=4707	4707	15.7684	0	0	0	0	0	0	0	0	0	0	0	0	0	0	15.563	22.5016	0	0	0.205448	0.298309	0	0	0	0
k107_22203548 flag=0 multi=11.0413 len=25044	25044	12.0097	0	0	0	0	0	0	0	0	0	0	0	0	0	0	12.0097	16.3124	0	0	0	0	0	0	0	0
k107_20003904 flag=0 multi=11.0123 len=33185	33185	12.7004	0	0	0	0	0	0	0	0	0.0458292	0.0614385	0	0	0	0	12.6546	16.5346	0	0	0	0	0	0	0	0
k107_5161082 flag=0 multi=17.1303 len=89461	89461	12.5437	0	0	0	0	0	0	0	0	0.0270528	0.0511852	0	0	0.0135376	0.0141654	12.4947	17.7067	0.00168239	0.00168841	0.00677441	0.00851214	0	0	0	0
k107_31355407 flag=0 multi=12.0290 len=8730	8730	12.1032	0	0	0	0	0	0	0	0	0.0357143	0.0381109	0	0	0.0358329	0.0601843	12.0317	14.4451	0	0	0	0	0	0	0	0
k107_20620390 flag=1 multi=16.0000 len=67046	67046	12.2768	0	0	0	0	0	0	0	0	0	0	0	0	0.00452475	0.00525946	12.2723	20.1442	0	0	0	0	0	0	0	0
k107_25516837 flag=0 multi=14.0320 len=16159	16159	12.3943	0	0	0	0	0	0	0	0	0.0190452	0.0325612	0	0	0	0	12.3752	16.7273	0	0	0	0	0	0	0	0
k107_26067594 flag=0 multi=12.0366 len=23715	23715	12.7683	0	0	0	0	0	0	0	0	0.0386964	0.0440429	0	0	0	0	12.7296	14.3391	0	0	0	0	0	0	0	0
k107_27477897 flag=0 multi=18.0037 len=42629	42629	12.0421	0	0	0	0	0	0	0	0	0.0284925	0.0327843	0	0	0.0071113	0.0114851	11.9853	18.7834	0.0212866	0.0263405	0	0	0	0	0	0
k107_34260153 flag=0 multi=13.9718 len=4298	4298	16.4152	0	0	0	0	0	0	0	0	0	0	0	0	3.59685	5.13137	12.8183	22.3771	0	0	0	0	0	0	0	0
k107_33424993 flag=0 multi=13.9874 len=102400	102400	12.7569	0.00295794	0.00376992	0	0	0	0	0	0	0.0162589	0.0227867	0	0	0	0	12.7333	17.5506	0.00147897	0.00147489	0.00295794	0.00502434	0	0	0	0
k107_29139327 flag=0 multi=17.0059 len=85209	85209	12.4339	0	0	0	0	0	0	0.00175486	0.00177477	0.0158762	0.0216982	0	0	0.0142038	0.0169627	12.3985	17.4797	0	0	0.00354506	0.00353372	0	0	0	0
k107_30535271 flag=0 multi=20.0228 len=10706	10706	12.1596	0	0	0	0	0	0	0	0	0	0	0	0	0	0	12.1596	18.1896	0	0	0	0	0	0	0	0
k107_14145520 flag=0 multi=12.0068 len=24892	24892	9.97759	0	0	0	0	0.00597804	0.00609854	0.0299715	0.0524824	0	0	0	0	0.0913379	0.182641	9.76535	13.6229	0.0546564	0.0675849	0.0120781	0.0140033	0.0182188	0.0259955	0	0
k107_24904059 flag=0 multi=16.0342 len=24836	24836	11.5152	0	0	0	0	0	0	0	0	0.0122279	0.0138712	0	0	0	0	11.4907	14.469	0.0123094	0.0210401	0	0	0	0	0	0
k107_602813 flag=0 multi=11.0072 len=4521	4521	11.3804	0	0	0	0	0.0350794	0.0345183	0	0	0.105949	0.102508	0	0	0	0	11.2394	15.6363	0	0	0	0	0	0	0	0
k107_2789607 flag=0 multi=264.1352 len=4502	4502	28.5095	0	0	0	0	0	0	0	0	0	0	0	0	0.210714	0.331646	11.8433	13.3345	0.435476	0.664595	16.02	13.9043	0	0	0	0
k107_19728408 flag=1 multi=13.0000 len=89065	89065	12.3219	0	0	0	0	0	0	0	0	0.0243232	0.0430723	0	0	0.00680464	0.00915175	12.2857	18.4484	0.00168989	0.00169726	0.00340232	0.00338167	0	0	0	0
k107_24012894 flag=0 multi=12.4884 len=93708	93708	11.9383	0	0	0	0	0	0	0	0	0.00967818	0.0136345	0	0	0.0128793	0.0211519	11.9142	16.5449	0.00159519	0.00161285	0	0	0	0	0	0
k107_446108 flag=1 multi=15.0000 len=39696	39696	11.9128	0	0	0	0	0	0	0	0	0.0153323	0.0156108	0	0	0.00766614	0.00760837	11.8898	17.4681	0	0	0	0	0	0	0	0
k107_31170306 flag=0 multi=13.1566 len=122373	122373	12.2782	0	0	0	0	0	0	0	0	0.0271399	0.0445947	0	0	0	0	12.2461	17.402	0.00490698	0.00687817	0	0	0	0	0	0
k107_34448530 flag=0 multi=11.0614 len=7829	7829	13.2987	0.00425136	0.00848099	0	0	0	0	0	0	0	0	0	0	0	0	13.2944	14.5329	0	0	0	0	0	0	0	0
k107_8202794 flag=1 multi=12.0000 len=40551	40551	12.3727	0	0	0	0	0	0	0	0	0	0	0	0	0	0	12.3727	17.6427	0	0	0	0	0	0	0	0
k107_21766824 flag=0 multi=11.0164 len=19452	19452	11.0289	0	0	0	0	0	0	0	0	0	0	0	0	0.0157702	0.0155197	11.0132	14.4238	0	0	0	0	0	0	0	0
k107_31207301 flag=0 multi=14.0008 len=40803	40803	11.2183	0	0	0	0	0	0	0	0	0.0302462	0.035039	0	0	0.00745661	0.0113539	11.1797	14.0935	0	0	0	0	0.000864176	0.000962036	0	0
k107_28100153 flag=0 multi=11.0360 len=16093	16093	12.0258	0	0	0	0	0	0	0	0	0.0284972	0.0386186	0	0	0	0	11.9877	18.8131	0.00956241	0.00947162	0	0	0	0	0	0
k107_20004874 flag=0 multi=132.8691 len=3055	3055	14.6175	0	0	0	0	0	0	0	0	0	0	0	0	0	0	14.6175	16.7961	0	0	0	0	0	0	0	0
k107_3480092 flag=0 multi=126.0000 len=6450	6450	12.6345	0	0	0	0	0	0	0	0	0	0	0	0	0	0	12.6345	15.7954	0	0	0	0	0	0	0	0
k107_18871039 flag=0 multi=10.0000 len=6895	6895	12.8036	0	0	0	0	0	0	0	0	0	0	0	0	0	0	12.8036	16.0392	0	0	0	0	0	0	0	0
k107_10566972 flag=0 multi=17.1847 len=10294	10294	11.715	0	0	0	0	0	0	0	0	0	0	0	0	0	0	11.715	18.0673	0	0	0	0	0	0	0	0
k107_23169491 flag=0 multi=99.0520 len=3932	3932	30.919	0	0	0	0	0	0	0	0	0.332782	0.413333	0	0	16.811	15.3378	12.1267	17.3789	0.291185	0.340935	1.3573	1.67604	0	0	0	0
k107_12705421 flag=0 multi=21.3096 len=100690	100690	12.1544	0	0	0.00146432	0.00150115	0	0	0	0	0.0210384	0.028094	0	0	0.00299837	0.00299796	12.1274	16.5877	0.00150416	0.00150147	0	0	0	0	0	0
k107_6844847 flag=1 multi=14.0000 len=56953	56953	11.7567	0	0	0	0	0	0	0	0	0.015922	0.0266737	0	0	0.00533089	0.00530388	11.7355	20.1718	0	0	0	0	0	0	0	0
k107_25511004 flag=0 multi=9.6582 len=6496	6496	11.2026	0	0	0	0	0	0	0	0	0	0	0	0	0	0	11.2026	21.9546	0	0	0	0	0	0	0	0
k107_24537649 flag=1 multi=15.0000 len=33221	33221	12.0006	0	0	0	0	0	0	0	0	0.0183481	0.027514	0	0	0.00914366	0.0124991	11.9731	16.0272	0	0	0	0	0	0	0	0
k107_24548150 flag=0 multi=18.5449 len=141405	141405	12.5186	0	0	0	0	0	0	0	0	0.0213248	0.0451183	0	0	0.00214028	0.00213132	12.4951	16.2264	0	0	0	0	0	0	0	0
k107_4758143 flag=0 multi=18.2916 len=6960	6960	14.4833	0	0	0	0	0	0	0	0	0	0	0	0	0	0	14.3267	26.1895	0.0222289	0.0221684	0.134425	0.274418	0	0	0	0
k107_17496933 flag=0 multi=24.2803 len=5155	5155	12.5766	0	0	0.081393	0.107977	0	0	0	0	1.69565	2.4051	0	0	0	0	10.272	8.90073	0.186689	0.195971	0.092314	0.0846591	0.248506	0.255012	0	0
k107_17279101 flag=0 multi=15.1613 len=11488	11488	12.4237	0	0	0	0	0	0	0	0	0.0266404	0.0378955	0	0	0	0	12.3971	11.3217	0	0	0	0	0	0	0	0
k107_4436811 flag=1 multi=15.0000 len=14710	14710	11.8438	0	0	0	0	0	0	0	0	0.0417823	0.0401675	0	0	0	0	11.802	21.288	0	0	0	0	0	0	0	0
k107_7260029 flag=0 multi=32.3895 len=9525	9525	23.8695	0	0	0	0	0	0	0	0	0	0	0	0	0.0327442	0.0490217	23.6079	26.3909	0.0327442	0.0451194	0.196032	0.399478	0	0	0	0
k107_15045132 flag=0 multi=26.0133 len=4633	4633	10.9529	0.17825	0.609932	0	0	0	0	0	0	0.0371739	0.0752008	0.0101593	0.0100582	0	0	10.7273	18.2018	0	0	0	0	0	0	0	0
k107_35003043 flag=0 multi=11.8957 len=12393	12393	10.6806	0.0742701	0.127057	0.0121578	0.0123306	0.0620296	0.0648418	0	0	0.0981722	0.136001	0.0122405	0.0123304	0	0	10.4217	14.5532	0	0	0	0	0	0	0	0
k107_33306236 flag=0 multi=23.0135 len=9588	9588	29.4232	0	0	0	0	0	0	0	0	0	0	0	0	0	0	29.4232	40.1181	0	0	0	0	0	0	0	0
k107_28713707 flag=0 multi=39.0622 len=18057	18057	11.4198	0	0	0	0	0	0	0	0	0.0170093	0.0174956	0	0	0	0	11.4028	16.2745	0	0	0	0	0	0	0	0
k107_19984120 flag=0 multi=12.6669 len=11355	11355	12.4086	0	0	0	0	0	0	0	0	0	0	0	0	0	0	12.4086	17.7352	0	0	0	0	0	0	0	0
k107_15542097 flag=1 multi=9.0000 len=6223	6223	10.0008	0	0	0	0	0	0	0	0	0	0	0	0	0.202668	0.191713	9.74802	11.1523	0	0	0	0	0.0501604	0.0484087	0	0
k107_29579885 flag=0 multi=23.9981 len=46524	46524	12.4031	0	0	0	0	0	0	0	0	0.00653369	0.00648875	0	0	0.0130241	0.0450371	12.3836	17.918	0	0	0	0	0	0	0	0
k107_34000954 flag=1 multi=7.0000 len=4994	4994	8.57545	0	0	0	0	0	0	0	0	0.0262148	0.0255325	0	0	0.514493	0.707738	7.58568	11.7586	0.12873	0.150565	0.320332	0.306114	0	0	0	0
k107_3495928 flag=0 multi=11.2186 len=16970	16970	11.6213	0	0	0	0	0	0	0	0	0.0265779	0.068983	0	0	0	0	11.5947	14.9432	0	0	0	0	0	0	0	0
k107_11961646 flag=0 multi=17.4236 len=121783	121783	12.31	0	0	0	0	0	0	0	0	0.0111293	0.0160473	0.0012183	0.00123999	0.00740857	0.00932002	12.2903	17.5347	0	0	0	0	0	0	0	0
k107_21768654 flag=0 multi=147.7490 len=3414	3414	11.965	0	0	0	0	0	0	0	0	0.0970437	0.155169	0	0	0.096401	0.0876546	11.7715	24.7221	0	0	0	0	0	0	0	0
k107_21368339 flag=0 multi=11.0938 len=34495	34495	12.7317	0	0	0	0	0	0	0	0	0.0264089	0.0359343	0	0	0	0	12.7053	18.419	0	0	0	0	0	0	0	0
k107_16761387 flag=0 multi=12.0039 len=63332	63332	12.2122	0	0	0	0	0	0	0	0	0.0238934	0.0337753	0	0	0	0	12.1859	19.2071	0.00239568	0.00238505	0	0	0	0	0	0
k107_3262600 flag=0 multi=11.6111 len=13054	13054	12.7555	0	0	0	0	0	0	0	0	0.0234473	0.0315904	0	0	0	0	12.7204	14.5818	0.011606	0.0117008	0	0	0	0	0	0
k107_31417675 flag=1 multi=10.0000 len=10318	10318	9.46286	0.0296526	0.0292487	0	0	0	0	0.0447284	0.0527767	0	0	0	0	0.0301518	0.0292476	9.28415	15.6595	0.0445288	0.0431857	0.0296526	0.0382383	0	0	0	0
k107_3540827 flag=1 multi=15.0000 len=50845	50845	12.0484	0	0	0	0	0	0	0	0	0.0476426	0.0584812	0	0	0.00595532	0.00593514	11.9948	17.8695	0	0	0	0	0	0	0	0
k107_31101832 flag=1 multi=12.7461 len=32949	32949	11.8568	0	0	0	0	0	0	0	0	0	0	0	0	0	0	11.8568	21.0035	0	0	0	0	0	0	0	0
k107_17696424 flag=0 multi=12.1594 len=12237	12237	12.7485	0	0	0	0	0	0	0	0	0	0	0	0	0	0	12.7485	16.8508	0	0	0	0	0	0	0	0
k107_5261040 flag=0 multi=12.0481 len=44260	44260	11.6555	0	0	0	0	0	0	0	0	0.00684745	0.00697172	0	0	0.00687019	0.0073788	11.6418	15.6648	0	0	0	0	0	0	0	0
k107_9109720 flag=1 multi=17.0454 len=11588	11588	12.3291	0	0	0	0	0	0	0	0	0.0267588	0.0260345	0	0	0	0	12.3023	21.3177	0	0	0	0	0	0	0	0
k107_9855268 flag=0 multi=37.5113 len=47511	47511	18.1685	0.0156962	0.0541091	0	0	0.00311381	0.0031892	0.00311381	0.0031892	0.34199	0.484745	0	0	0	0	17.0649	25.7396	0.265733	4.70806	0.457985	0.857667	0.0159715	0.0376145	0	0
k107_26841238 flag=0 multi=13.2985 len=38649	38649	12.7854	0	0	0	0	0	0	0	0	0.0156988	0.0243156	0	0	0.00787545	0.00781345	12.7539	18.909	0	0	0.00787545	0.00781268	0	0	0	0
k107_10376861 flag=1 multi=19.9865 len=29797	29797	12.3493	0	0	0	0	0	0	0	0	0	0	0	0	0	0	12.339	17.8817	0.010239	0.0101324	0	0	0	0	0	0
k107_4740403 flag=0 multi=22.2243 len=7873	7873	23.5451	0	0	0	0	0	0	0	0	0	0	0	0	0	0	23.1569	44.9095	0.198785	0.427585	0.189407	0.223914	0	0	0	0
k107_14139850 flag=0 multi=32.2273 len=4444	4444	14.4032	0	0	0	0	0.0304201	0.0301807	0	0	0.143892	0.198476	0.512554	2.25279	0	0	13.7163	46.2684	0	0	0	0	0	0	0	0
k107_3173356 flag=0 multi=11.3319 len=13840	13840	11.8819	0	0	0.0220121	0.0414614	0	0	0	0	0.146033	0.653533	0	0	0	0	11.7138	15.1762	0	0	0	0	0	0	0	0
k107_11477119 flag=0 multi=21.0148 len=26631	26631	12.2432	0	0	0	0	0	0	0	0	0.0114702	0.0153564	0	0	0	0	12.2146	16.2214	0.00573512	0.00570091	0.0113943	0.0120183	0	0	0	0
k107_6954794 flag=0 multi=15.4532 len=35787	35787	12.7788	0	0	0	0	0	0	0	0	0.00848246	0.0133337	0	0	0	0	12.7618	18.7523	0.00851064	0.00843269	0	0	0	0	0	0
k107_16346378 flag=0 multi=76.7702 len=5634	5634	19.8372	0	0	0	0	0	0	0	0	0.856152	2.08386	0	0	0	0	12.9289	13.3252	0	0	6.05214	6.17125	0	0	0	0
k107_26568253 flag=1 multi=15.0000 len=25723	25723	12.7163	0	0	0	0	0	0	0	0	0.0118406	0.0178087	0	0	0.00361906	0.0036061	12.6771	17.2778	0.0118799	0.0201559	0.0118799	0.0130807	0	0	0	0
k107_35109799 flag=0 multi=15.0000 len=17250	17250	12.4759	0	0	0	0	0	0	0.0347534	0.134193	0.0176422	0.0174981	0	0	0	0	12.4057	12.6931	0.0178192	0.0330719	0	0	0	0	0	0
k107_34376491 flag=1 multi=36.0000 len=4660	4660	11.5138	0	0	0	0	0	0	0	0	0	0	0	0	0	0	11.5138	10.0367	0	0	0	0	0	0	0	0
k107_7258312 flag=0 multi=18.0749 len=131283	131283	12.6307	0	0	0	0	0	0	0	0	0.00922271	0.0137963	0	0	0.00689413	0.00716724	12.6146	16.1687	0	0	0	0	0	0	0	0
k107_2649437 flag=1 multi=35.0000 len=38717	38717	12.3661	0	0	0	0	0	0	0	0	0.015697	0.0263041	0.00786151	0.0108715	0.00786151	0.0089448	12.3347	16.828	0	0	0	0	0	0	0	0
k107_21053023 flag=0 multi=20.1853 len=41419	41419	11.7724	0.00357516	0.00365907	0	0	0	0	0	0	0.00732057	0.010892	0	0	0	0	11.729	16.4957	0	0	0	0	0.032517	0.0396241	0	0
