contigName	contigLen	totalAvgDepth	Cen01_MA.bam	Cen01_MA.bam-var	Cen03_MA.bam	Cen03_MA.bam-var	Cen04_MA.bam	Cen04_MA.bam-var	Cen05_MA.bam	Cen05_MA.bam-var	Cen06_MA.bam	Cen06_MA.bam-var	Cen07_MA.bam	Cen07_MA.bam-var	Cen10_MA.bam	Cen10_MA.bam-var	Cen12_MA.bam	Cen12_MA.bam-var	Cen14_MA.bam	Cen14_MA.bam-var	Cen15_MA.bam	Cen15_MA.bam-var	Cen16_MA.bam	Cen16_MA.bam-var	Cen17_MA.bam	Cen17_MA.bam-var
k107_6114338 flag=0 multi=26.6565 len=3551	3551	29.0379	29.0295	46.4631	0	0	0	0	0.00831025	0.00884931	0	0	0	0	0	0	0	0	0	0	0	0	0	0	0	0
k107_647189 flag=0 multi=42.2049 len=38947	38947	31.3482	31.2751	54.5035	0	0	0	0	0.0342865	0.0411254	0.0272739	0.0349304	0.00380386	0.0038922	0	0	0.00771122	0.0082714	0	0	0	0	0	0	0	0
k107_2690362 flag=0 multi=90.4071 len=12761	12761	32.058	31.95	49.5181	0	0	0	0	0.0357974	0.0459684	0.0722369	0.100829	0	0	0	0	0	0	0	0	0	0	0	0	0	0
k107_10415247 flag=0 multi=51.8821 len=43100	43100	30.6548	30.5505	45.3418	0.00350484	0.0035161	0	0	0.0586009	0.0798643	0.0421749	0.057097	0	0	0	0	0	0	0	0	0	0	0	0	0	0
k107_16511931 flag=0 multi=31.7969 len=12626	12626	30.7757	30.5808	57.6882	0	0	0	0	0.0597209	0.112557	0.0993184	0.149908	0	0	0	0	0.035865	0.0355684	0	0	0	0	0	0	0	0
k107_22051039 flag=0 multi=35.1847 len=22938	22938	31.8712	31.7847	56.135	0.0131649	0.0157303	0	0	0.0586234	0.150464	0.0133416	0.0131672	0.0013695	0.001853	0	0	0	0	0	0	0	0	0	0	0	0
k107_12326162 flag=0 multi=31.3760 len=30928	30928	30.1453	30.0346	53.5274	0.0048325	0.00490996	0	0	0.0764057	0.180574	0.0294194	0.039279	0	0	0	0	0	0	0	0	0	0	0	0	0	0
k107_31498089 flag=0 multi=28.3150 len=14712	14712	31.221	31.1899	40.3508	0	0	0	0	0.0102012	0.010368	0.0209577	0.0318924	0	0	0	0	0	0	0	0	0	0	0	0	0	0
k107_10913932 flag=0 multi=66.5854 len=20198	20198	30.7865	30.6518	57.7213	0.00738842	0.0075356	0	0	0.052121	0.0558067	0.0603136	0.118795	0	0	0	0	0.0149276	0.0185812	0	0	0	0	0	0	0	0
k107_9798669 flag=0 multi=43.0403 len=21776	21776	30.062	29.9988	54.5108	0.00703176	0.00698043	0	0	0	0	0.0561609	0.0620419	0	0	0	0	0	0	0	0	0	0	0	0	0	0
k107_1441684 flag=0 multi=31.5452 len=32025	32025	29.8779	29.7802	45.6006	0.00951991	0.00942977	0	0	0.0501214	0.0965514	0.0380481	0.0916226	0	0	0	0	0	0	0	0	0	0	0	0	0	0
k107_7481977 flag=0 multi=25.5726 len=6990	6990	29.3372	29.292	48.3945	0	0	0	0	0	0	0.0451555	0.0613696	0	0	0	0	0	0	0	0	0	0	0	0	0	0
k107_640382 flag=0 multi=44.1195 len=19152	19152	30.6172	30.5855	45.5605	0.00801061	0.00794638	0	0	0.00779841	0.00794416	0	0	0	0	0.0159151	0.0217056	0	0	0	0	0	0	0	0	0	0
k107_21771398 flag=0 multi=38.9931 len=43770	43770	29.0797	28.9872	59.9719	0.00347382	0.00346421	0	0	0.0544769	0.111025	0.0277676	0.0444578	0	0	0	0	0.0067636	0.00690443	0	0	0	0	0	0	0	0
k107_24000714 flag=0 multi=26.0840 len=4606	4606	32.4854	32.3464	41.2254	0	0	0	0	0	0	0.138941	0.142048	0	0	0	0	0	0	0	0	0	0	0	0	0	0
k107_11110900 flag=0 multi=62.0990 len=16550	16550	32.1153	31.8448	38.7867	0.0184023	0.018234	0	0	0.17873	0.487178	0.0643156	0.177599	0.00904727	0.00920779	0	0	0	0	0	0	0	0	0	0	0	0
k107_4343770 flag=0 multi=47.0289 len=22299	22299	31.6384	31.6048	58.6519	0	0	0	0	0.0201391	0.0288111	0.0135018	0.0188116	0	0	0	0	0	0	0	0	0	0	0	0	0	0
k107_12687182 flag=0 multi=96.4135 len=18972	18972	30.1907	30.1351	41.6779	0	0	0.0161757	0.0291885	0.0315479	0.0390134	0.00787359	0.00801958	0	0	0	0	0	0	0	0	0	0	0	0	0	0
k107_6896990 flag=0 multi=43.0967 len=25619	25619	32.7115	32.5945	57.3227	0	0	0	0	0.0523364	0.0507935	0.0530079	0.0780789	0.00580638	0.00592516	0	0	0.00580638	0.00592449	0	0	0	0	0	0	0	0
k107_17442201 flag=0 multi=56.8780 len=26427	26427	32.9094	32.8238	46.5556	0	0	0	0	0.0398086	0.0425826	0.0376268	0.042663	0	0	0	0	0.00562679	0.0057444	0	0	0	0	0.00260287	0.00274853	0	0
k107_19434420 flag=0 multi=36.0282 len=25594	25594	30.1451	30.1393	42.7337	0	0	0	0	0.00581211	0.00593248	0	0	0	0	0	0	0	0	0	0	0	0	0	0	0	0
k107_34395184 flag=0 multi=43.5787 len=24869	24869	32.7097	32.6248	49.3132	0	0	0	0	0.0544226	0.0921636	0.0304881	0.0371123	0	0	0	0	0	0	0	0	0	0	0	0	0	0
k107_6619755 flag=0 multi=30.8027 len=4460	4460	34.6159	34.6154	48.5276	0	0	0	0	0.000481	0.000961307	0	0	0	0	0	0	0	0	0	0	0	0	0	0	0	0
k107_22232418 flag=0 multi=27.8988 len=5622	5622	32.9419	32.8568	39.9724	0	0	0	0	0	0	0.0851504	0.130943	0	0	0	0	0	0	0	0	0	0	0	0	0	0
k107_34764756 flag=0 multi=45.5393 len=17316	17316	31.4606	31.3116	41.9007	0.0355002	0.0571625	0	0	0.0693546	0.113444	0.0441401	0.0659128	0	0	0	0	0	0	0	0	0	0	0	0	0	0
k107_19592255 flag=0 multi=39.9964 len=66816	66816	30.7127	30.6359	49.296	0.0068106	0.00933325	0	0	0.0311062	0.0357047	0.0389091	0.0584731	0	0	0	0	0	0	0	0	0	0	0	0	0	0
k107_1555705 flag=0 multi=46.0299 len=40569	40569	30.9835	30.9048	44.4661	0	0	0	0	0.0300991	0.049817	0.0411255	0.0754164	0	0	0.00749994	0.0109744	0	0	0	0	0	0	0	0	0	0
k107_12851220 flag=0 multi=88.6129 len=21677	21677	33.0271	32.8744	53.5587	0	0	0	0	0.124491	0.393996	0.0282105	0.0512644	0	0	0	0	0	0	0	0	0	0	0	0	0	0
k107_7936971 flag=0 multi=40.0197 len=24046	24046	29.7793	29.7097	47.4485	0	0	0.012719	0.018533	0.0186995	0.0187171	0.038157	0.0661938	0	0	0	0	0	0	0	0	0	0	0	0	0	0
k107_2802353 flag=0 multi=91.5039 len=9883	9883	31.8046	31.5572	45.5016	0.0314163	0.0305333	0	0	0.0920572	0.168088	0.123891	0.136011	0	0	0	0	0	0	0	0	0	0	0	0	0	0
k107_21124850 flag=0 multi=38.4297 len=22077	22077	30.5769	30.5354	47.4721	0	0	0	0	0	0	0.0276923	0.0356084	0.0138691	0.027266	0	0	0	0	0	0	0	0	0	0	0	0
k107_15061409 flag=0 multi=61.9764 len=11441	11441	31.1365	31.0291	49.9228	0.053775	0.0712168	0	0	0.0131969	0.0133731	0.0403986	0.088036	0	0	0	0	0	0	0	0	0	0	0	0	0	0
k107_3395975 flag=0 multi=44.1591 len=38757	38757	29.9438	29.8698	46.7476	0	0	0	0	0.0191133	0.0424951	0.046938	0.067824	0.00785333	0.0133569	0	0	0	0	0	0	0	0	0	0	0	0
k107_34988504 flag=0 multi=64.1450 len=40521	40521	32.0829	31.8716	50.9612	0.0224521	0.0298702	0	0	0.125712	0.283388	0.0484597	0.0668027	0	0	0	0	0.0147443	0.021161	0	0	0	0	0	0	0	0
k107_12550921 flag=0 multi=37.1964 len=45524	45524	31.1932	31.1298	45.8568	0.0165848	0.020547	0	0	0.0301844	0.045584	0.016607	0.019119	0	0	0	0	0	0	0	0	0	0	0	0	0	0
k107_18792524 flag=0 multi=118.4356 len=24761	24761	30.727	30.5813	56.6277	0	0	0	0	0.114845	0.293148	0.0307862	0.0444854	0	0	0	0	0	0	0	0	0	0	0	0	0	0
k107_12902186 flag=0 multi=32.0632 len=32020	32020	30.7471	30.6886	49.3409	0	0	0	0	0.0278706	0.0371999	0.030582	0.0398059	0	0	0	0	0	0	0	0	0	0	0	0	0	0
k107_4568416 flag=0 multi=43.5633 len=18567	18567	31.9004	31.7293	52.6004	0	0	0	0	0.0805365	0.0928139	0.0741856	0.118504	0	0	0	0	0.0163154	0.032787	0	0	0	0	0	0	0	0
k107_30696450 flag=0 multi=42.0093 len=6772	6772	30.9272	30.868	46.0906	0.0100464	0.00994524	0	0	0.0489954	0.0478524	0.00015456	0.000463559	0	0	0	0	0	0	0	0	0	0	0	0	0	0
k107_18791076 flag=0 multi=72.3121 len=31242	31242	32.6312	32.5526	53.048	0.0202974	0.0285548	0	0	0.00953458	0.00966319	0.0487395	0.0778072	0	0	0	0	0	0	0	0	0	0	0	0	0	0
k107_32231178 flag=0 multi=46.9836 len=2670	2670	31.6867	31.497	47.6462	0	0	0	0	0.189611	0.539569	0	0	0	0	0	0	0	0	0	0	0	0	0	0	0	0
k107_24772857 flag=0 multi=29.1612 len=41733	41733	31.8602	31.7588	56.3656	0.0145785	0.0204276	0	0	0.0214091	0.0213994	0.0581449	0.080947	0	0	0.00728923	0.0113912	0	0	0	0	0	0	0	0	0	0
k107_9792439 flag=0 multi=27.0645 len=25469	25469	32.9918	32.9019	46.7365	0.01796	0.0186333	0	0	0	0	0.0599197	0.0825292	0	0	0.0119998	0.0222597	0	0	0	0	0	0	0	0	0	0
k107_11223406 flag=0 multi=30.4445 len=34463	34463	29.8621	29.7793	45.4509	0	0	0	0	0.0519013	0.109185	0.0309124	0.0494919	0	0	0	0	0	0	0	0	0	0	0	0	0	0
k107_14148693 flag=0 multi=23.0000 len=53224	53224	28.0517	28.0176	45.2348	0.00855977	0.0135088	0.00570651	0.0113464	0.00281546	0.00284519	0	0	0	0	0.0170628	0.0218529	0	0	0	0	0	0	0	0	0	0
k107_3565823 flag=0 multi=35.1534 len=23693	23693	32.36	32.2579	40.5862	0.0192382	0.0273733	0	0	0.0377496	0.0565599	0.0451028	0.0570851	0	0	0	0	0	0	0	0	0	0	0	0	0	0
k107_3988043 flag=0 multi=69.9504 len=10146	10146	29.718	29.6725	44.4204	0.014933	0.0151033	0	0	0	0	0.030577	0.0297435	0	0	0	0	0	0	0	0	0	0	0	0	0	0
k107_9982987 flag=0 multi=37.0100 len=16953	16953	31.4515	31.3529	46.2653	0	0	0	0	0.0442616	0.0466662	0.036214	0.0401422	0	0	0.018137	0.0196129	0	0	0	0	0	0	0	0	0	0
k107_21116938 flag=0 multi=39.3092 len=11799	11799	30.4018	30.3628	47.2499	0	0	0	0	0	0	0.0390537	0.0550678	0	0	0	0	0	0	0	0	0	0	0	0	0	0
k107_21330782 flag=0 multi=38.0690 len=44848	44848	30.5692	30.4211	46.5988	0.0337853	0.057498	0	0	0.100727	0.333279	0.013559	0.0209628	0	0	0	0	0	0	0	0	0	0	0	0	0	0
k107_32972227 flag=0 multi=27.0000 len=16757	16757	30.9219	30.8944	63.4685	0	0	0	0	0	0	0.00917654	0.00909347	0	0	0.0182923	0.023122	0	0	0	0	0	0	0	0	0	0
k107_23296153 flag=0 multi=30.1205 len=24654	24654	30.3044	30.2553	50.2637	0.00620072	0.00616423	0	0	0.0120729	0.0122474	0.0307983	0.043772	0	0	0	0	0	0	0	0	0	0	0	0	0	0
k107_9282287 flag=0 multi=27.2457 len=3734	3734	31.035	30.6402	34.8081	0.0874126	0.122246	0	0	0.133741	0.197293	0.17366	0.358997	0	0	0	0	0	0	0	0	0	0	0	0	0	0
k107_25989977 flag=0 multi=38.0475 len=6253	6253	33.4436	33.3362	47.7874	0	0	0	0	0	0	0.107377	0.132507	0	0	0	0	0	0	0	0	0	0	0	0	0	0
k107_15354251 flag=0 multi=49.5169 len=57546	57546	32.281	32.1816	53.3983	0.00527566	0.00832422	0	0	0.0305185	0.0658053	0.0530885	0.0825019	0	0	0.0105513	0.0110089	1.74691e-05	8.73393e-05	0	0	0	0	0	0	0	0
k107_32917151 flag=0 multi=107.1197 len=19598	19598	32.0496	31.9169	70.0784	0	0	0	0	0.0471082	0.0724331	0.0856136	0.115322	0	0	0	0	0	0	0	0	0	0	0	0	0	0
k107_5601641 flag=0 multi=25.2919 len=8941	8941	32.6798	32.61	39.054	0	0	0	0	0	0	0.0697997	0.0849422	0	0	0	0	0	0	0	0	0	0	0	0	0	0
k107_6964276 flag=0 multi=38.0340 len=27826	27826	29.8738	29.8415	40.9239	0.016204	0.0161915	0	0	0.00534079	0.00545644	0.0107906	0.015867	0	0	0	0	0	0	0	0	0	0	0	0	0	0
k107_24561749 flag=0 multi=77.1419 len=14833	14833	32.0935	31.9805	53.3586	0	0	0	0	0.0307618	0.0463126	0.0719152	0.0958131	0	0	0	0	0.0102539	0.0102841	0	0	0	0	0	0	0	0
k107_22543114 flag=0 multi=30.6620 len=7317	7317	28.5739	28.5739	36.3905	0	0	0	0	0	0	0	0	0	0	0	0	0	0	0	0	0	0	0	0	0	0
k107_3247944 flag=0 multi=35.1800 len=11423	11423	30.7602	30.5725	56.0784	0	0	0	0	0.079759	0.172301	0.107904	0.150433	0	0	0	0	0	0	0	0	0	0	0	0	0	0
k107_13561326 flag=0 multi=53.0101 len=16083	16083	30.4197	30.2029	53.4933	0.0191369	0.022194	0	0	0.159749	0.365162	0	0	0	0	0.0191369	0.0259963	0.0187567	0.0228277	0	0	0	0	0	0	0	0
k107_4867195 flag=0 multi=76.8462 len=25863	25863	32.2084	32.0144	63.1216	0	0	0	0	0.129142	0.385688	0.0530496	0.0958029	0	0	0	0	0.0118149	0.0215346	0	0	0	0	0	0	0	0
k107_8173926 flag=0 multi=51.9554 len=12815	12815	32.1485	32.1007	49.3527	0	0	0	0	0.0477903	0.14328	0	0	0	0	0	0	0	0	0	0	0	0	0	0	0	0
k107_839871 flag=0 multi=70.0709 len=15534	15534	29.7705	29.6369	45.0113	0.0198267	0.0194351	0	0	0.0386686	0.0560823	0.075105	0.0948697	0	0	0	0	0	0	0	0	0	0	0	0	0	0
k107_20285643 flag=0 multi=29.2106 len=7660	7660	30.6817	30.6208	66.0783	0.0409079	0.0526813	0	0	0.0199783	0.0201081	0	0	0	0	0	0	0	0	0	0	0	0	0	0	0	0
k107_21377081 flag=0 multi=47.9665 len=5266	5266	33.5661	33.5661	37.0636	0	0	0	0	0	0	0	0	0	0	0	0	0	0	0	0	0	0	0	0	0	0
k107_12353778 flag=0 multi=59.0159 len=32813	32813	30.0599	29.9576	44.3183	0.00464458	0.00462031	0	0	0.01824	0.019712	0.0647473	0.12184	0	0	0.0147642	0.0158385	0	0	0	0	0	0	0	0	0	0
k107_31512565 flag=0 multi=33.3112 len=48450	48450	31.8107	31.7297	49.5494	0.01566	0.0346252	0	0	0.0341239	0.0845936	0.031237	0.0465721	0	0	0	0	0	0	0	0	0	0	0	0	0	0
k107_17882474 flag=0 multi=43.1416 len=24205	24205	31.0208	31.0085	57.1822	0	0	0	0	0.00614986	0.00627905	0.00614986	0.00628115	0	0	0	0	0	0	0	0	0	0	0	0	0	0
k107_7708524 flag=0 multi=42.8956 len=157559	157559	31.4514	31.3459	49.3167	0.0076499	0.00885505	0	0	0.0453334	0.0962527	0.0458422	0.079533	0	0	0.00576127	0.0120927	0.000947494	0.000958822	0	0	0	0	0	0	0	0
k107_9895524 flag=0 multi=41.8189 len=49454	49454	32.0823	32.0245	54.7187	0.00917562	0.0119705	0	0	0.0211995	0.0395811	0.0274251	0.042904	0	0	0	0	0	0	0	0	0	0	0	0	0	0
k107_13979679 flag=0 multi=48.0030 len=9532	9532	31.9248	31.7876	56.3007	0	0	0	0	0.0892741	0.153214	0.031961	0.031652	0	0	0	0	0.0159263	0.0160943	0	0	0	0	0	0	0	0
k107_4779861 flag=0 multi=50.0178 len=19629	19629	32.1046	32.0049	54.4273	0	0	0	0	0.0535003	0.0977791	0.0385989	0.0492345	0	0	0	0	0.00760594	0.00775226	0	0	0	0	0	0	0	0
k107_7616893 flag=0 multi=61.5007 len=6374	6374	32.6744	32.6499	47.5852	0	0	0	0	0.0245389	0.0242601	0	0	0	0	0	0	0	0	0	0	0	0	0	0	0	0
k107_32344104 flag=0 multi=34.5491 len=36714	36714	30.957	30.8011	58.3947	0.0165879	0.0167714	0	0	0.0734923	0.126662	0.049242	0.0755514	0	0	0.00829397	0.00822352	0	0	0.00829397	0.0136078	0	0	0	0	0	0
k107_12605365 flag=0 multi=81.1672 len=55941	55941	32.7755	32.7193	52.123	0.0107479	0.014371	0	0	0.0158702	0.0261835	0.0269056	0.0403831	0	0	0	0	0.00264203	0.00270173	0	0	0	0	0	0	0	0
k107_22249747 flag=0 multi=73.3665 len=8895	8895	32.6921	32.5639	52.3241	0	0	0	0	0.0929827	0.121748	0.0351449	0.0583466	0	0	0	0	0	0	0	0	0	0	0	0	0	0
k107_12558411 flag=0 multi=41.0050 len=30219	30219	30.7942	30.7078	54.4624	0.0199552	0.029201	0	0	0.0192533	0.0279349	0.0422502	0.0519444	0	0	0	0	0.00494702	0.00502617	0	0	0	0	0	0	0	0
k107_3761519 flag=0 multi=24.0176 len=8723	8723	32.0851	31.9792	43.3267	0	0	0	0	0.0700629	0.0665986	0.0358627	0.0507287	0	0	0	0	0	0	0	0	0	0	0	0	0	0
k107_9783149 flag=0 multi=36.7050 len=11744	11744	30.4094	30.3053	54.0606	0.0524384	0.0678335	0	0	0.0516518	0.0753728	0	0	0	0	0	0	0	0	0	0	0	0	0	0	0	0
k107_1842027 flag=0 multi=32.5250 len=7336	7336	31.6631	31.2889	44.1192	0.0208985	0.0210064	0	0	0.105772	0.320443	0.184106	0.670344	0.0634063	0.0830149	0	0	0	0	0	0	0	0	0	0	0	0
k107_13074009 flag=0 multi=42.4005 len=40819	40819	31.9767	31.9288	51.0787	0.00745366	0.0100183	0	0	0.0146358	0.0198818	0.025841	0.0401323	0	0	0	0	0	0	0	0	0	0	0	0	0	0
k107_19358181 flag=0 multi=77.0099 len=24531	24531	30.4349	30.2629	43.8047	0.00619093	0.00619625	0	0	0.0851459	0.235561	0.0744975	0.0867956	0	0	0	0	0.00606711	0.00619585	0	0	0	0	0	0	0	0
k107_23231706 flag=0 multi=39.1143 len=17714	17714	30.462	30.3644	49.2433	0	0	0	0	0.0717896	0.155618	0.0172869	0.0245121	0	0	0	0	0.00849988	0.00859806	0	0	0	0	0	0	0	0
k107_17873977 flag=0 multi=26.2753 len=11804	11804	31.5936	31.477	46.2724	0	0	0	0	0.0513824	0.0906292	0.0390367	0.0543587	0	0	0.0262563	0.0320151	0	0	0	0	0	0	0	0	0	0
k107_11551911 flag=0 multi=28.9263 len=14850	14850	32.9632	32.7185	40.3085	0	0	0	0	0.234534	0.31869	0	0	0	0	0	0	0.0101045	0.0102715	0	0	0	0	0	0	0	0
k107_26461334 flag=0 multi=74.7851 len=3960	3960	31.9363	31.8554	77.1157	0	0	0	0	0	0	0.0809185	0.150689	0	0	0	0	0	0	0	0	0	0	0	0	0	0
k107_11496329 flag=0 multi=28.9375 len=42282	42282	30.4807	30.4288	46.3098	0.00752739	0.0142621	0	0	0.0121725	0.0163728	0.0250357	0.0296352	0	0	0.0071939	0.00752825	0	0	0	0	0	0	0	0	0	0
k107_22233526 flag=0 multi=144.0199 len=9185	9185	32.794	32.76	48.0732	0	0	0	0	0	0	0.0339975	0.0472569	0	0	0	0	0	0	0	0	0	0	0	0	0	0
k107_10000809 flag=0 multi=42.6110 len=9380	9380	30.4719	30.2567	36.5973	0.0165235	0.016358	0	0	0.0993611	0.442731	0.0993611	0.144276	0	0	0	0	0	0	0	0	0	0	0	0	0	0
k107_4693986 flag=0 multi=21.0015 len=20849	20849	25.6983	25.6838	38.2546	0	0	0	0	0.0144547	0.0186675	0	0	0	0	0	0	0	0	0	0	0	0	0	0	0	0
k107_15717879 flag=0 multi=25.0059 len=19178	19178	33.1833	32.9859	54.8349	0.0239987	0.0234265	0	0	0.141344	0.328654	0.0319983	0.0484716	0	0	0	0	0	0	0	0	0	0	0	0	0	0
k107_4555897 flag=0 multi=30.6042 len=38474	38474	30.9452	30.8833	45.7844	0.00783297	0.010782	0	0	0.0463167	0.0861183	0.00772818	0.00784875	0	0	0	0	0	0	0	0	0	0	0	0	0	0
k107_18390684 flag=0 multi=19.8546 len=36417	36417	23.0967	23.0967	44.8682	0	0	0	0	0	0	0	0	0	0	0	0	0	0	0	0	0	0	0	0	0	0
k107_13946902 flag=0 multi=39.4681 len=110737	110737	30.168	30.1	49.5836	0.00272559	0.00272239	0	0	0.0258433	0.060132	0.0340291	0.0517115	0	0	0.00546928	0.00701307	0	0	0	0	0	0	0	0	0	0
k107_12125394 flag=0 multi=39.7988 len=113820	113820	31.3766	31.2718	49.9596	0.0052767	0.00792576	0	0	0.0640339	0.135383	0.0303036	0.0420787	0	0	0.00265156	0.00370874	0.0025899	0.00264629	0	0	0	0	0	0	0	0
k107_14287825 flag=0 multi=47.2553 len=15792	15792	32.3601	32.2071	49.8692	0.0194965	0.0215622	0	0	0.114396	0.224587	0.0191091	0.0213052	0	0	0	0	0	0	0	0	0	0	0	0	0	0
k107_22891189 flag=0 multi=28.3194 len=28473	28473	34.1995	34.1729	49.6476	0.00532462	0.00533289	0	0	0	0	0.0105428	0.0148721	0	0	0.0107202	0.0143025	0	0	0	0	0	0	0	0	0	0
k107_32059834 flag=0 multi=33.0621 len=2877	2877	32.3596	32.3596	55.1362	0	0	0	0	0	0	0	0	0	0	0	0	0	0	0	0	0	0	0	0	0	0
k107_32537203 flag=0 multi=39.0276 len=15091	15091	31.9763	31.9457	60.8748	0.0101427	0.0101092	0	0	0	0	0.0204206	0.0279863	0	0	0	0	0	0	0	0	0	0	0	0	0	0
k107_11811445 flag=0 multi=33.0017 len=18814	18814	31.6896	31.5743	61.7394	0.0160977	0.0160528	0	0	0.0159896	0.0279122	0.0831353	0.12401	0	0	0	0	0	0	0	0	0	0	0	0	0	0
k107_8238163 flag=0 multi=44.7592 len=29648	29648	30.9425	30.8304	44.6717	0.0153343	0.0209967	0	0	0.060826	0.196231	0.030873	0.0426073	0	0	0	0	0.00504328	0.00512313	0	0	0	0	0	0	0	0
k107_28162227 flag=0 multi=57.0201 len=13756	13756	34.0123	33.8022	46.7115	0.0111491	0.0110952	0	0	0.0987067	0.26523	0.100268	0.125482	0	0	0	0	0	0	0	0	0	0	0	0	0	0
k107_17705580 flag=0 multi=36.9965 len=10375	10375	30.4904	30.4168	42.072	0	0	0	0	0.0437804	0.0429468	0.0298819	0.0290807	0	0	0	0	0	0	0	0	0	0	0	0	0	0
k107_19928721 flag=0 multi=43.5067 len=6194	6194	32.2621	32.1867	37.2484	0	0	0	0	0.0753564	0.070992	0	0	0	0	0	0	0	0	0	0	0	0	0	0	0	0
k107_1577083 flag=0 multi=55.0689 len=12705	12705	33.3229	33.2242	48.6921	0.0240264	0.0360023	0	0	0.0715956	0.162085	0.00306377	0.00337506	0	0	0	0	0	0	0	0	0	0	0	0	0	0
k107_16176651 flag=0 multi=94.3482 len=21641	21641	31.0009	30.8685	46.4959	0.00707625	0.00702317	0	0	0.0833685	0.172754	0.041942	0.102426	0	0	0	0	0	0	0	0	0	0	0	0	0	0
k107_12101495 flag=0 multi=46.0334 len=21866	21866	30.8454	30.7073	47.1671	0.0138193	0.0138088	0	0	0.0823131	0.143115	0.0419681	0.0414603	0	0	0	0	0	0	0	0	0	0	0	0	0	0
k107_8025167 flag=0 multi=39.9974 len=17175	17175	28.1699	28.0718	125.113	0	0	0	0	0.0801873	0.221705	0.0178984	0.0175733	0	0	0	0	0	0	0	0	0	0	0	0	0	0
k107_35379465 flag=0 multi=63.9318 len=67350	67350	30.2594	30.2057	47.4371	0.00675635	0.010771	0	0	0.0334387	0.0467746	0.00900847	0.0122084	0	0	0.00450424	0.00448509	0	0	0	0	0	0	0	0	0	0
k107_26246311 flag=0 multi=76.0413 len=14673	14673	29.1202	29.0457	45.9441	0	0	0	0	0.0327743	0.0701482	0.0416812	0.0473666	0	0	0	0	0	0	0	0	0	0	0	0	0	0
k107_22181253 flag=0 multi=60.4140 len=22938	22938	31.3483	31.2471	55.4359	0	0	0	0	0.0747924	0.123417	0.0198798	0.0196095	0	0	0	0	0.00649408	0.00662743	0	0	0	0	0	0	0	0
k107_26038799 flag=0 multi=45.1556 len=20719	20719	31.4741	31.386	42.6557	0	0	0	0	0	0	0.0881128	0.17138	0	0	0	0	0	0	0	0	0	0	0	0	0	0
k107_33070402 flag=0 multi=30.9876 len=28746	28746	30.6546	30.5334	49.1406	0.0265082	0.0326765	0.0105822	0.010508	0.0207074	0.0276288	0.0633526	0.0721429	0	0	0	0	0	0	0	0	0	0	0	0	0	0
k107_33131583 flag=0 multi=59.6913 len=50264	50264	32.5857	32.5142	51.8159	0	0	0	0	0.0265802	0.034782	0.0449742	0.0550798	0	0	0	0	0	0	0	0	0	0	0	0	0	0
k107_25069961 flag=0 multi=31.6153 len=10607	10607	32.0944	31.7492	48.8718	0	0	0	0	0.243862	0.46637	0.10131	0.130097	0	0	0	0	0	0	0	0	0	0	0	0	0	0
k107_29076727 flag=0 multi=33.1198 len=9818	9818	29.7204	29.5484	40.272	0	0	0	0	0.108764	0.329002	0.0631568	0.0981248	0	0	0	0	0	0	0	0	0	0	0	0	0	0
k107_33880446 flag=0 multi=99.9124 len=29777	29777	29.1261	29.0851	52.5356	0.010246	0.0141402	0	0	0.01581	0.0160557	0.00997456	0.0101364	0	0	0	0	0.00498728	0.00509914	0	0	0	0	0	0	0	0
k107_2283164 flag=0 multi=59.9939 len=24756	24756	30.7651	30.6615	47.3431	0	0	0	0	0.0605218	0.168034	0.0430604	0.0591071	0	0	0	0	0	0	0	0	0	0	0	0	0	0
k107_4007005 flag=0 multi=44.0161 len=9799	9799	30.6381	30.5172	57.8911	0	0	0.0316942	0.0318443	0.0177951	0.018292	0.071391	0.0920168	0	0	0	0	0	0	0	0	0	0	0	0	0	0
k107_7685407 flag=0 multi=57.6770 len=45459	45459	31.6085	31.5389	47.7067	0.00994309	0.0130422	0	0	0.0196426	0.0196743	0.0400824	0.0651832	0	0	0	0	0	0	0	0	0	0	0	0	0	0
k107_14319781 flag=0 multi=52.0257 len=14016	14016	31.3952	31.363	43.7128	0	0	0	0	0.0322298	0.0319484	0	0	0	0	0	0	0	0	0	0	0	0	0	0	0	0
k107_5374374 flag=0 multi=127.4953 len=11539	11539	33.5888	33.352	53.7408	0.0266085	0.0261621	0	0	0.144078	0.231443	0.0661208	0.0893811	0	0	0	0	0	0	0	0	0	0	0	0	0	0
k107_19511441 flag=0 multi=68.5726 len=54597	54597	31.2938	31.2419	47.4798	0.0111244	0.0336168	0	0	0.0298554	0.048515	0.00550695	0.00932544	0	0	0	0	0.00274427	0.00277349	0	0	0.00270743	0.00277809	0	0	0	0
k107_13998648 flag=0 multi=32.7904 len=3909	3909	33.1536	33.1214	58.699	0	0	0	0	0.0321597	0.062342	0	0	0	0	0	0	0	0	0	0	0	0	0	0	0	0
k107_31325385 flag=0 multi=30.5853 len=4911	4911	30.7663	30.6691	40.1865	0	0	0	0	0.0318941	0.0316935	0.065307	0.0833875	0	0	0	0	0	0	0	0	0	0	0	0	0	0
k107_32362845 flag=0 multi=41.6957 len=7847	7847	31.3442	31.2412	65.1847	0.0393638	0.0410684	0	0	0.00410868	0.00448535	0.0194831	0.019612	0	0	0.0400265	0.0667911	0	0	0	0	0	0	0	0	0	0
k107_34393054 flag=0 multi=33.0024 len=43053	43053	30.8924	30.864	48.6201	0	0	0	0	0.0179411	0.0232655	0.00706416	0.00701605	0	0	0	0	0.00343852	0.00352207	0	0	0	0	0	0	0	0
k107_34913535 flag=0 multi=45.1445 len=33558	33558	30.7669	30.7042	47.1766	0.0135615	0.0134352	0	0	0.0266418	0.033349	0.0135314	0.0134356	0.00890065	0.0178792	0	0	0	0	0	0	0	0	0	0	0	0
k107_35135921 flag=0 multi=48.5280 len=57877	57877	31.9265	31.8692	50.348	0.00519323	0.00902965	0	0	0.0129223	0.0158682	0.0391663	0.0581113	0	0	0	0	0	0	0	0	0	0	0	0	0	0
k107_23462903 flag=0 multi=31.0016 len=31551	31551	29.9054	29.8347	44.8155	0.0144645	0.0190116	0	0	0.0175046	0.0377377	0.0386572	0.0466257	0	0	0	0	0	0	0	0	0	0	0	0	0	0
k107_4927360 flag=0 multi=31.9985 len=45596	45596	33.1872	33.1298	50.7914	0.00666755	0.00662229	0	0	0.0275533	0.0533171	0.023204	0.0282551	0	0	0	0	0	0	0	0	0	0	0	0	0	0
k107_16037683 flag=0 multi=28.5121 len=33215	33215	31.2863	31.2094	47.0996	0	0	0	0	0.036004	0.0583848	0.0318111	0.0440073	0	0	0.00911494	0.0167273	0	0	0	0	0	0	0	0	0	0
k107_22236919 flag=0 multi=25.3158 len=15096	15096	31.6864	31.6458	44.4407	0	0	0	0	0	0	0.040557	0.0448354	0	0	0	0	0	0	0	0	0	0	0	0	0	0
k107_18204583 flag=0 multi=26.8869 len=21681	21681	30.3967	30.1276	56.2913	0.00706301	0.0070101	0	0	0.185977	0.34674	0.0691333	0.103392	0	0	0	0	0	0	0	0	0	0	0.00687591	0.00700938	0	0
k107_35610385 flag=0 multi=34.9780 len=31588	31588	32.6921	32.6166	47.5993	0.00952503	0.00955911	0	0	0.066004	0.159219	0	0	0	0	0	0	0	0	0	0	0	0	0	0	0	0
k107_28145485 flag=0 multi=36.0184 len=16398	16398	29.5327	29.4955	48.4344	0.0281436	0.0361774	0	0	0.0091327	0.00929601	0	0	0	0	0	0	0	0	0	0	0	0	0	0	0	0
k107_14544339 flag=0 multi=145.8982 len=10131	10131	31.0877	30.9821	49.3982	0	0	0	0	0.105606	0.165569	0	0	0	0	0	0	0	0	0	0	0	0	0	0	0	0
k107_12601195 flag=0 multi=41.1749 len=17082	17082	30.567	30.5007	47.5255	0	0	0	0	0.0289631	0.0289095	0.0359356	0.0411312	0	0	0	0	0.00143027	0.00166597	0	0	0	0	0	0	0	0
k107_20848490 flag=0 multi=28.2495 len=21394	21394	30.4488	30.4341	41.8114	0.000426702	0.000473686	0	0	0	0	0.0143182	0.018002	0	0	0	0	0	0	0	0	0	0	0	0	0	0
k107_11065876 flag=0 multi=44.8660 len=10344	10344	33.7363	33.6326	55.8554	0	0	0	0	0.0735909	0.234454	0.0300737	0.041721	0	0	0	0	0	0	0	0	0	0	0	0	0	0
k107_5602328 flag=0 multi=54.6060 len=3361	3361	30.9993	30.7035	22.4157	0	0	0	0	0	0	0.197123	0.248782	0	0	0.0987251	0.0890017	0	0	0	0	0	0	0	0	0	0
k107_7415493 flag=0 multi=61.0229 len=7105	7105	30.5583	30.4498	44.9865	0	0	0	0	0.108482	0.224239	0	0	0	0	0	0	0	0	0	0	0	0	0	0	0	0
k107_29475532 flag=0 multi=56.0000 len=5016	5016	34.4423	34.3415	55.0644	0	0	0	0	0.0381841	0.0399933	0.0311837	0.031012	0	0	0	0	0.0313958	0.0310091	0	0	0	0	0	0	0	0
k107_35398570 flag=0 multi=108.9299 len=11640	11640	32.3513	32.3179	53.3507	0.0129652	0.013146	0	0	0.0204622	0.0207167	0	0	0	0	0	0	0	0	0	0	0	0	0	0	0	0
k107_32079822 flag=0 multi=64.6471 len=38503	38503	30.5494	30.3556	49.8331	0.0188477	0.0279511	0.0229052	0.0552714	0.0971441	0.269682	0.0431926	0.0724963	0	0	0.00790555	0.00805186	0	0	0.00384807	0.00393725	0	0	0	0	0	0
k107_14898667 flag=0 multi=83.3271 len=15782	15782	31.3917	31.2728	47.6402	0.019509	0.0352781	0.019509	0.0263583	0.0410207	0.0403445	0.0194444	0.0201628	0	0	0.0194444	0.0191219	0	0	0	0	0	0	0	0	0	0
k107_3527175 flag=0 multi=96.4618 len=7103	7103	30.5035	30.4748	40.5609	0	0	0	0	0.0286723	0.0329046	0	0	0	0	0	0	0	0	0	0	0	0	0	0	0	0
k107_6113290 flag=0 multi=26.8449 len=18140	18140	30.7657	30.6981	63.2064	0.0169301	0.0280755	0	0	0.016762	0.0166442	0	0	0	0	0.0338603	0.0327248	0	0	0	0	0	0	0	0	0	0
k107_34053030 flag=0 multi=46.1822 len=47764	47764	31.2627	31.185	50.3235	0	0	0	0	0.0366609	0.0504682	0.0410644	0.0644679	0	0	0	0	0	0	0	0	0	0	0	0	0	0
k107_5893330 flag=0 multi=52.3485 len=34367	34367	31.0123	30.9858	46.1705	0	0	0	0	0	0	0.0265375	0.0391577	0	0	0	0	0	0	0	0	0	0	0	0	0	0
k107_24919750 flag=0 multi=33.3441 len=74578	74578	30.645	30.6229	47.3825	0	0	0	0	0.00791642	0.0115375	0.0141769	0.0187519	0	0	0	0	0	0	0	0	0	0	0	0	0	0
k107_11308790 flag=0 multi=24.9983 len=25576	25576	30.2866	30.2629	54.6674	0.0178049	0.0236952	0	0	0	0	0	0	0	0	0	0	0	0	0	0	0.00589539	0.00593551	0	0	0	0
k107_26599681 flag=0 multi=34.5951 len=8517	8517	31.0307	30.9391	40.0602	0.0182593	0.0180437	0	0	0	0	0.0732806	0.0868867	0	0	0	0	0	0	0	0	0	0	0	0	0	0
k107_1180212 flag=0 multi=39.2864 len=10276	10276	32.5409	32.2538	56.8806	0.0150391	0.0149114	0	0	0.196711	0.426377	0.075396	0.100261	0	0	0	0	0	0	0	0	0	0	0	0	0	0
k107_23936953 flag=0 multi=133.6551 len=17778	17778	29.2639	29.1619	51.8944	0	0	0	0	0.0675784	0.136494	0.03439	0.0468736	0	0	0	0	0	0	0	0	0	0	0	0	0	0
k107_13157907 flag=0 multi=33.5677 len=2834	2834	31.5667	31.5667	70.0446	0	0	0	0	0	0	0	0	0	0	0	0	0	0	0	0	0	0	0	0	0	0
k107_33934507 flag=0 multi=38.6268 len=57594	57594	31.6465	31.5501	49.6442	0.013021	0.0205146	0.00527124	0.0102476	0.0335823	0.0696749	0.0445961	0.0634906	0	0	0	0	0	0	0	0	0	0	0	0	0	0
k107_31778188 flag=0 multi=31.6041 len=5624	5624	34.5224	34.4089	95.7113	0	0	0	0	0	0	0.113491	0.128067	0	0	0	0	0	0	0	0	0	0	0	0	0	0
k107_877536 flag=0 multi=28.9816 len=13876	13876	32.7451	32.6791	56.9287	0	0	0	0	0.0108295	0.011	0.055179	0.0892157	0	0	0	0	0	0	0	0	0	0	0	0	0	0
k107_30762773 flag=0 multi=27.1322 len=4509	4509	32.2631	32.256	50.2221	0	0	0	0	0.00713097	0.00801836	0	0	0	0	0	0	0	0	0	0	0	0	0	0	0	0
k107_31885053 flag=1 multi=124.9850 len=6299	6299	26.5958	26.1157	82.1729	0	0	0	0	0.475238	2.843	0	0	0	0	0	0	0	0	0	0	0	0	0.00483575	0.00497808	0	0
k107_3379449 flag=0 multi=70.8088 len=26283	26283	31.8231	31.7222	45.3723	0	0	0	0	0.0608522	0.0921208	0.0228244	0.0335651	0	0	0.0115854	0.0165656	0.00565798	0.0057752	0	0	0	0	0	0	0	0
k107_32343835 flag=0 multi=35.9598 len=24551	24551	30.8452	30.5792	48.202	0.0207431	0.0241374	0	0	0.195678	0.368716	0.0495691	0.0745327	0	0	0	0	0	0	0	0	0	0	0	0	0	0
k107_16028852 flag=0 multi=47.1746 len=23416	23416	31.557	31.4864	48.759	0	0	0	0	0.0318422	0.0527926	0.0260448	0.0268261	0.00635978	0.00649326	0	0	0.00635978	0.00649345	0	0	0	0	0	0	0	0
k107_31473865 flag=0 multi=34.0394 len=18864	18864	29.8183	29.7055	34.0386	0	0	0	0	0.0478935	0.0847973	0.0649176	0.0772242	0	0	0	0	0	0	0	0	0	0	0	0	0	0
k107_974772 flag=0 multi=47.4390 len=4886	4886	33.8957	33.4099	51.9629	0	0	0.0320681	0.0318622	0.421684	0.855836	0.0320681	0.0318619	0	0	0	0	0	0	0	0	0	0	0	0	0	0
k107_19460001 flag=0 multi=27.0772 len=3396	3396	30.0682	30.0682	33.887	0	0	0	0	0	0	0	0	0	0	0	0	0	0	0	0	0	0	0	0	0	0
k107_28974022 flag=0 multi=26.5144 len=3470	3470	28.3087	28.3087	52.8026	0	0	0	0	0	0	0	0	0	0	0	0	0	0	0	0	0	0	0	0	0	0
k107_25409696 flag=0 multi=81.6309 len=12829	12829	31.0321	30.9606	39.2159	0	0	0	0	0.0474176	0.106726	0.0241079	0.0345453	0	0	0	0	0	0	0	0	0	0	0	0	0	0
k107_8947790 flag=0 multi=40.0617 len=47758	47758	31.8604	31.7909	50.5634	0.0158673	0.0218028	0	0	0.0250759	0.0306971	0.022189	0.0276723	0	0	0.00634272	0.0090588	0	0	0	0	0	0	0	0	0	0
k107_9897405 flag=0 multi=29.4565 len=35911	35911	29.2021	29.1346	51.7923	0.00412817	0.0042204	0	0	0.0124407	0.0194525	0.050886	0.11525	0	0	0	0	0	0	0	0	0	0	0	0	0	0
k107_22113542 flag=0 multi=33.1251 len=143750	143750	30.9068	30.8442	50.3806	0.00210529	0.00329602	0	0	0.0353229	0.0905966	0.0209274	0.0355426	0	0	0.00209832	0.00209657	0.00206347	0.00420616	0	0	0	0	0	0	0	0
k107_5776372 flag=0 multi=41.0966 len=57012	57012	31.0223	30.9794	51.7664	0.0026274	0.00265409	0	0	0.00779404	0.0126828	0.0272968	0.0387708	0	0	0	0	0.00518427	0.00822642	0	0	0	0	0	0	0	0
k107_18378687 flag=0 multi=205.5304 len=2773	2773	30.7786	30.5407	46.0958	0	0	0	0	0.23796	0.290027	0	0	0	0	0	0	0	0	0	0	0	0	0	0	0	0
k107_29282957 flag=0 multi=54.3069 len=34886	34886	31.5562	31.4022	39.9179	0.00873236	0.012467	0	0	0.106292	0.250904	0.034727	0.0405348	0	0	0	0	0.00427944	0.00434441	0	0	0	0	0	0	0	0
k107_32397198 flag=0 multi=152.9443 len=6708	6708	32.0754	31.6065	48.5475	0	0	0	0	0.391508	0.821442	0.0774274	0.153554	0	0	0	0	0	0	0	0	0	0	0	0	0	0
k107_5998303 flag=0 multi=147.2820 len=11892	11892	31.2043	31.0248	52.5181	0	0	0	0	0.0893011	0.111524	0.0901639	0.115325	0	0	0	0	0	0	0	0	0	0	0	0	0	0
k107_33116561 flag=0 multi=26.0161 len=15355	15355	31.0609	30.8139	51.5944	0.0196639	0.0364041	0	0	0.167541	0.491178	0.0498904	0.0502921	0	0	0	0	0.00996479	0.0103866	0	0	0	0	0	0	0	0
k107_24188011 flag=0 multi=35.0784 len=13264	13264	30.5322	30.451	55.2277	0	0	0	0	0.0113408	0.0115162	0.0698966	0.118869	0	0	0	0	0	0	0	0	0	0	0	0	0	0
k107_24741931 flag=0 multi=55.0195 len=13379	13379	31.904	31.825	39.2739	0	0	0	0	0.0565114	0.0634288	0.0225587	0.0335698	0	0	0	0	0	0	0	0	0	0	0	0	0	0
k107_598405 flag=0 multi=43.7861 len=113162	113162	30.0269	29.9529	51.1323	0	0	0.0013025	0.00133476	0.038056	0.0917415	0.0346358	0.0716659	0	0	0	0	0	0	0	0	0	0	0	0	0	0
k107_21356117 flag=0 multi=21.0527 len=6387	6387	24.7461	24.7461	22.3867	0	0	0	0	0	0	0	0	0	0	0	0	0	0	0	0	0	0	0	0	0	0
k107_32827415 flag=0 multi=45.8330 len=47079	47079	31.0531	30.9399	45.3775	0.0192402	0.0310431	0	0	0.0491053	0.103622	0.0448939	0.0806822	0	0	0	0	0	0	0	0	0	0	0	0	0	0
k107_7084209 flag=0 multi=34.8849 len=47012	47012	31.3058	31.2159	45.0165	0.00646542	0.0104833	0	0	0.0507172	0.0818546	0.0231642	0.0293061	0.00314708	0.00317984	0.00646542	0.00761351	0	0	0	0	0	0	0	0	0	0
k107_16800706 flag=0 multi=114.3707 len=9374	9374	33.1056	32.4943	54.9492	0	0	0	0	0.52888	1.51442	0.0824515	0.112445	0	0	0	0	0	0	0	0	0	0	0	0	0	0
k107_17310629 flag=0 multi=30.9652 len=17776	17776	33.6869	33.5936	58.6024	0.0256381	0.0261688	0	0	0.0422342	0.104755	0.0254092	0.0252533	0	0	0	0	0	0	0	0	0	0	0	0	0	0
k107_11253822 flag=0 multi=32.2150 len=84568	84568	30.9386	30.9066	48.3633	0.00895972	0.0120754	0	0	0.00876985	0.00887383	0.0142406	0.0170104	0	0	0	0	0	0	0	0	0	0	0	0	0	0
k107_31662001 flag=0 multi=70.5473 len=12091	12091	30.0613	29.9483	38.1471	0	0	0	0	0.0374926	0.0369434	0.0630249	0.146645	0	0	0	0	0.0124693	0.0126486	0	0	0	0	0	0	0	0
k107_29852900 flag=0 multi=33.9936 len=35097	35097	31.2656	31.1372	42.9132	0.0216698	0.0257047	0	0	0.068142	0.105538	0.0385975	0.0681316	0	0	0	0	0	0	0	0	0	0	0	0	0	0
k107_4956498 flag=0 multi=161.7591 len=4860	4860	32.2315	31.0627	59.2004	0.032251	0.0320383	0	0	0.942519	2.66925	0.0971918	0.155362	0.032251	0.032039	0	0	0	0	0	0	0	0	0.064502	0.061883	0	0
k107_19555692 flag=0 multi=32.0438 len=8960	8960	33.1001	32.9797	48.5315	0.0518596	0.0634479	0	0	0.0686071	0.147857	0	0	0	0	0	0	0	0	0	0	0	0	0	0	0	0
k107_23946411 flag=0 multi=80.0306 len=12855	12855	29.3453	29.291	34.2229	0	0	0.024058	0.0411483	0.00613399	0.0104776	0.024058	0.0341569	0	0	0	0	0	0	0	0	0	0	0	0	0	0
k107_5107629 flag=0 multi=31.0671 len=8901	8901	32.4938	32.1654	43.5016	0	0	0	0	0.276195	0.973036	0.0522154	0.0694265	0	0	0	0	0	0	0	0	0	0	0	0	0	0
