contigName	contigLen	totalAvgDepth	Cen01_MA.bam	Cen01_MA.bam-var	Cen03_MA.bam	Cen03_MA.bam-var	Cen04_MA.bam	Cen04_MA.bam-var	Cen05_MA.bam	Cen05_MA.bam-var	Cen06_MA.bam	Cen06_MA.bam-var	Cen07_MA.bam	Cen07_MA.bam-var	Cen10_MA.bam	Cen10_MA.bam-var	Cen12_MA.bam	Cen12_MA.bam-var	Cen14_MA.bam	Cen14_MA.bam-var	Cen15_MA.bam	Cen15_MA.bam-var	Cen16_MA.bam	Cen16_MA.bam-var	Cen17_MA.bam	Cen17_MA.bam-var
k107_27111024 flag=0 multi=6.0317 len=8693	8693	7.02407	0	0	0.587534	1.20808	0	0	0	0	1.61888	2.43339	1.14563	2.38636	0.0539864	0.0522725	3.11536	4.30817	0	0	0.394709	0.402492	0.107973	0.110867	0	0
k107_25026474 flag=1 multi=5.0000 len=2561	2561	5.8278	0	0	0.632581	0.690452	0	0	0	0	0.269146	0.332519	1.13634	1.71742	0.133687	0.219503	2.87384	3.41542	0	0	0.51483	0.348218	0.267375	0.258854	0	0
k107_1664294 flag=1 multi=18.0000 len=45626	45626	12.954	0	0	1.59309	2.17613	0	0	0.00666314	0.010588	3.95998	5.4432	1.1888	2.07377	0.0897758	0.117235	3.81257	5.99738	0	0	1.58146	2.23612	0.721693	0.880428	0	0
k107_1910427 flag=0 multi=20.4625 len=69439	69439	12.2881	0.00436814	0.00760639	1.38435	1.77189	0	0	0	0	3.9523	5.15179	1.00616	1.41049	0.0505663	0.0557663	3.70457	5.01426	0	0	1.44911	2.09243	0.736653	0.844323	0	0
k107_6099204 flag=0 multi=28.0042 len=68896	68896	12.3649	0	0	1.34967	2.17067	0	0	0	0	3.73352	5.19788	1.02298	1.34972	0.083535	0.146294	3.91081	5.42423	0.00440272	0.00438754	1.44749	1.82436	0.812462	1.09181	0	0
k107_9382757 flag=1 multi=12.0000 len=26735	26735	12.8501	0	0	1.50611	2.35322	0	0	0	0	3.75977	5.29682	0.987099	1.53477	0.0914009	0.117296	4.07816	5.5188	0	0	1.68074	2.61274	0.746832	1.2482	0	0
k107_3971164 flag=0 multi=11.0161 len=8950	8950	12.09	0	0	1.34332	1.74018	0	0	0	0	3.2389	4.0261	1.22155	1.84425	0.0174607	0.0171578	3.99595	6.72112	0	0	1.45305	1.48944	0.819727	0.839953	0	0
k107_25959352 flag=0 multi=19.0010 len=44016	44016	13.009	0.00345427	0.00344288	1.44212	2.17914	0	0	0	0	4.16393	5.70398	1.18806	1.80035	0.0860594	0.107508	3.92403	4.56039	0.00690854	0.00686721	1.5487	1.83867	0.638834	0.72404	0.00688567	0.00687322
k107_79044 flag=0 multi=22.0426 len=12395	12395	12.2353	0	0	1.66443	1.98814	0.0124866	0.0123298	0.0248904	0.0242668	3.55313	5.62322	1.02729	1.49503	0.0998925	0.209172	3.47077	4.54307	0.0249731	0.042864	1.62598	1.91148	0.731498	0.869836	0	0
k107_8242645 flag=0 multi=18.4762 len=25313	25313	12.2674	0.0120747	0.0157707	1.60198	2.13103	0	0	0.0241494	0.0443049	3.15429	4.69914	1.16833	1.5599	0.0904002	0.0982261	3.6444	4.44365	0	0	1.78254	2.68291	0.789253	1.13652	0	0
k107_252669 flag=1 multi=12.0000 len=34274	34274	12.7088	0	0	1.51183	2.15103	0	0	0.0177793	0.0288749	3.92376	4.72645	1.15807	2.02275	0.0976392	0.101271	3.80593	5.31165	0.00888967	0.00881921	1.43577	1.7662	0.749176	1.09075	0	0
k107_4339519 flag=0 multi=28.0235 len=4198	4198	15.2205	0	0	2.82906	3.87995	0	0	0	0	3.11781	5.43726	1.85318	2.19104	0.192505	0.303143	4.09548	5.05604	0	0	2.13424	2.67294	0.998203	2.1481	0	0
k107_11074660 flag=0 multi=14.0024 len=137180	137180	12.5014	0	0	1.46701	2.04645	0.00218443	0.0028996	0.00219904	0.00334107	3.83233	5.54932	1.09571	1.68827	0.0914464	0.124224	3.73782	4.94816	0.00110317	0.00110145	1.43692	2.04769	0.8347	0.989364	0	0
k107_4185529 flag=1 multi=63.0000 len=28923	28923	12.9091	0	0	1.50211	1.94452	0	0	0	0	4.15066	7.16913	1.33888	2.2636	0.100101	0.104501	3.5628	5.43471	0	0	1.39349	1.91137	0.861081	1.11581	0	0
k107_517272 flag=0 multi=21.1174 len=7814	7814	13.3727	0	0	1.84119	3.15	0	0	0	0	4.55844	11.2108	0.802316	1.13802	0.0404686	0.0512891	3.92319	5.17422	0	0	1.59372	1.84977	0.613419	0.638226	0	0
k107_35247613 flag=1 multi=10.0000 len=8735	8735	12.2623	0	0	1.57038	2.03863	0	0	0	0	3.40448	3.62685	1.25234	2.35186	0.0715048	0.0871341	4.0083	3.67949	0	0	1.20811	1.57028	0.747184	1.15505	0	0
k107_4680064 flag=0 multi=29.0475 len=103610	103610	12.6167	0.00285554	0.00291833	1.49034	2.23875	0	0	0.00583691	0.00865758	3.63837	6.1377	1.19952	1.91671	0.0700333	0.0859417	3.78948	5.29799	0.0029233	0.00490322	1.67832	2.27046	0.738984	0.962317	0	0
k107_16061425 flag=1 multi=148.9989 len=5543	5543	7.65331	0	0	0.0576226	0.0726338	0	0	0.0564778	0.0943944	3.39401	4.83342	0	0	0	0	4.1452	5.31539	0	0	0	0	0	0	0	0
k107_2694600 flag=0 multi=30.7820 len=36280	36280	11.7906	0	0	1.27978	2.04359	0	0	0	0	3.56604	4.88858	1.36319	2.42988	0.0921952	0.10012	3.55973	5.4056	0.00839402	0.00832189	1.33735	2.14324	0.58394	0.702137	0	0
k107_6170191 flag=0 multi=22.0140 len=13167	13167	12.0674	0	0	1.5965	1.91137	0	0	0	0	3.33844	5.82407	1.22993	1.36929	0	0	3.63016	5.63081	0	0	1.66817	2.69423	0.604197	0.708119	0	0
k107_168457 flag=1 multi=11.0000 len=6867	6867	12.3251	0	0	1.36146	1.97416	0	0	0	0	3.62757	6.28402	1.07662	1.58902	0	0	3.8166	5.35733	0	0	1.58766	2.05193	0.855141	1.07685	0	0
k107_24295073 flag=0 multi=16.0122 len=4708	4708	12.6382	0	0	1.10962	1.08994	0	0	0	0	4.11098	6.3239	1.28484	2.08612	0	0	3.51929	4.34056	0	0	1.65275	1.99635	0.960735	1.25329	0	0
k107_6299467 flag=1 multi=19.2159 len=59546	59546	12.6059	0	0	1.42882	2.10752	0	0	0.0152927	0.021918	4.10075	5.56806	1.16722	1.77852	0.0533387	0.0672458	3.45929	4.78773	0	0	1.61422	2.01029	0.766913	1.02185	0	0
k107_23064618 flag=0 multi=74.1402 len=5564	5564	14.7087	0	0	2.08191	3.12697	0	0	0	0	4.32934	8.58325	1.25124	1.94967	0.171988	0.282079	4.48879	8.10182	0	0	1.75561	3.46113	0.629799	0.968381	0	0
k107_18325257 flag=1 multi=22.0000 len=58204	58204	12.7857	0	0	1.479	2.10644	0	0	0.00512936	0.00729684	4.05561	5.73764	1.08627	1.75474	0.0677179	0.0736223	3.76035	5.00051	0.00521571	0.00518946	1.57849	2.13595	0.747884	0.860193	0	0
k107_3205301 flag=0 multi=16.0696 len=21306	21306	12.0228	0	0	1.52695	2.02468	0	0	0.0143782	0.0205563	3.58408	5.47197	0.902304	1.04645	0.0718435	0.0758563	3.80651	5.17963	0	0	1.44077	2.42165	0.675967	0.863218	0	0
k107_3300313 flag=0 multi=14.0040 len=42771	42771	12.3477	0	0	1.38673	1.98839	0	0	0	0	3.79743	5.96484	1.06216	1.7299	0.0994137	0.14276	3.81328	5.09773	0	0	1.4787	1.76672	0.71	0.873717	0	0
k107_7976104 flag=1 multi=32.0000 len=5656	5656	12.3848	0	0	1.35095	1.9656	0	0	0	0	3.92436	6.59291	1.24001	1.37519	0.0564064	0.0745292	3.34049	2.87911	0.0564064	0.0939554	1.39485	2.71101	1.02129	1.17381	0	0
k107_17571878 flag=0 multi=16.5985 len=12255	12255	12.4468	0	0	1.45336	2.18987	0	0	0	0	3.5479	5.9123	1.34644	2.24768	0.0878441	0.0896634	3.96486	5.20039	0.0505312	0.155418	1.36568	2.1025	0.630218	0.719633	0	0
k107_5908902 flag=1 multi=12.0000 len=7237	7237	12.6865	0	0	1.20606	2.39537	0	0	0	0	3.70988	5.17357	1.28753	1.9121	0.0869502	0.0936584	3.80548	5.14215	0	0	1.71565	2.25118	0.874982	1.88431	0	0
k107_13899040 flag=0 multi=27.7154 len=244211	244211	12.5046	0.00247223	0.00248905	1.47647	2.22745	0	0	0.0111148	0.0151848	3.80032	5.40915	1.06825	1.5653	0.0630153	0.0789058	3.79699	5.48737	0.00247633	0.00288484	1.5171	1.95129	0.766372	1.05881	0	0
k107_7465669 flag=1 multi=11.0000 len=4091	4091	13.5421	0	0	2.07073	2.87017	0	0	0	0	4.34442	8.01284	1.27474	1.80334	0	0	3.07073	3.36081	0	0	2.06519	3.66955	0.716284	1.25774	0	0
k107_6557034 flag=0 multi=18.0021 len=85972	85972	12.7118	0	0	1.42499	2.23675	0	0	0.00701529	0.00822136	4.04745	5.7195	1.11328	1.55154	0.0738882	0.101243	3.76377	5.01011	0.00352515	0.0035111	1.49405	1.96914	0.783787	0.960842	0	0
k107_27663832 flag=0 multi=19.0001 len=23604	23604	12.3589	0	0	1.47923	2.16583	0	0	0	0	4.2901	6.30502	1.06605	1.30353	0.0585787	0.105695	3.32409	4.36997	0.0129603	0.0217339	1.46824	1.7936	0.659643	0.833133	0	0
k107_1081862 flag=0 multi=17.0187 len=59149	59149	12.6301	0	0	1.42803	1.98214	0	0	0	0	3.75387	5.32513	1.14607	1.9709	0.0717964	0.083514	3.90217	5.24415	0.00513195	0.00510785	1.53714	2.02905	0.785868	0.931252	0	0
k107_9451417 flag=0 multi=52.5792 len=5021	5021	13.2066	0	0	1.91799	3.39762	0	0	0	0	4.01462	3.98709	1.22462	3.2275	0	0	3.53486	5.58036	0	0	1.74846	1.79631	0.766052	0.868388	0	0
k107_7227020 flag=0 multi=14.3386 len=3291	3291	13.4262	0	0	1.68116	2.68063	0	0	0	0	4.17364	5.70735	0.873871	1.33074	0.151221	0.314027	3.26564	3.70015	0	0	2.13851	2.93476	1.14219	1.42832	0	0
k107_17993578 flag=0 multi=20.8243 len=46149	46149	12.4644	0	0	1.39512	2.27217	0	0	0.0263485	0.0733041	4.03688	5.42453	1.12522	1.69456	0.0591533	0.0703132	3.54004	4.26887	0.00966257	0.0138641	1.47698	2.00163	0.794992	0.990971	0	0
k107_28640338 flag=0 multi=26.0039 len=130700	130700	12.6403	0.00463197	0.0074037	1.35444	1.93559	0.00230832	0.00309088	0.00231599	0.00273547	3.8834	5.84121	1.12203	1.80123	0.0809598	0.107493	3.90027	5.21173	0	0	1.54617	2.01844	0.743754	0.90037	0	0
k107_11340003 flag=0 multi=54.9961 len=14111	14111	12.5983	0	0	1.51763	2.44483	0	0	0	0	4.03672	5.90275	1.00818	1.23335	0.108987	0.117392	3.69911	5.06718	0	0	1.52777	2.03879	0.699906	1.03724	0	0
k107_8094720 flag=1 multi=8.0000 len=2912	2912	6.85556	0	0	0.231418	0.345814	0	0	0	0	2.94253	3.6446	0	0	0	0	3.68161	5.52948	0	0	0	0	0	0	0	0
k107_4258921 flag=0 multi=26.1497 len=73276	73276	13.0224	0	0	1.58787	2.238	0	0	0	0	3.99797	5.75559	1.12404	1.68089	0.0578699	0.0877257	4.06345	6.36933	0	0	1.53179	1.95493	0.659413	0.817315	0	0
k107_10337291 flag=0 multi=12.0209 len=56950	56950	12.2743	0	0	1.37895	1.92627	0	0	0	0	3.72017	6.00376	0.987131	1.42095	0.069164	0.0806021	3.79694	5.20716	0	0	1.54044	2.09641	0.781493	1.02399	0	0
k107_11196589 flag=0 multi=23.0013 len=38668	38668	13.2908	0.00787155	0.0120319	1.71068	2.42618	0	0	0.0235625	0.0301134	4.07999	6.55724	1.09529	1.55623	0.0864568	0.106404	3.88404	4.70745	0	0	1.66074	2.52069	0.742115	1.0658	0	0
k107_3429211 flag=1 multi=7.0000 len=14893	14893	7.21746	0.0206977	0.0372677	0.0413954	0.0683302	0	0	0	0	3.05743	5.03477	0	0	0	0	4.09794	4.42277	0	0	0	0	0	0	0	0
k107_11605573 flag=1 multi=11.0000 len=11474	11474	12.4403	0.0270319	0.0513693	1.63892	2.57407	0	0	0.0540637	0.0806918	3.70256	4.90623	0.877372	0.969458	0.0540637	0.065293	3.85643	4.74982	0	0	1.52909	1.79003	0.70077	0.981885	0	0
k107_22524526 flag=1 multi=20.0000 len=63189	63189	12.5701	0.00480226	0.00478531	1.63543	2.45464	0	0	0	0	3.73796	6.05741	1.0602	1.54623	0.0647034	0.0710789	3.78929	5.66082	0	0	1.52248	2.16629	0.755291	1.02212	0	0
k107_14828849 flag=0 multi=20.2146 len=6118	6118	11.8716	0	0	1.21183	1.60894	0	0	0	0	2.89477	3.23295	1.08872	1.08075	0.0517538	0.0568004	4.01169	2.99202	0	0	1.95908	2.54792	0.653714	0.756964	0	0
k107_5139349 flag=1 multi=22.0000 len=21791	21791	13.0007	0	0	1.52943	2.63059	0	0	0	0	3.92238	5.57712	1.08814	1.40633	0.0702685	0.0738866	4.15101	6.54623	0.0140537	0.0217548	1.47592	2.34758	0.749453	1.08258	0	0
k107_26578377 flag=1 multi=12.0000 len=28493	28493	12.3963	0.0107126	0.0159259	1.6843	2.62776	0	0	0	0	3.98233	5.87571	0.970984	1.32414	0.0642049	0.0656209	3.35682	4.52347	0.0213898	0.020972	1.48303	1.92638	0.822567	0.976541	0	0
k107_16862540 flag=0 multi=81.6177 len=8983	8983	13.0041	0	0	1.68322	1.95964	0	0	0	0	3.34489	5.01276	1.04205	2.106	0.0752217	0.0883335	4.61491	7.70114	0	0	1.60281	1.78733	0.641055	0.794458	0	0
k107_14601838 flag=1 multi=6.0000 len=2861	2861	5.03478	0	0	0.930051	1.06341	0	0	0	0	2.04064	2.28042	0	0	0	0	0.925361	0.890707	0	0	1.13873	1.87249	0	0	0	0
k107_11839633 flag=0 multi=20.1105 len=41301	41301	13.0671	0	0	1.42538	2.00904	0.00736603	0.0143889	0.00736603	0.013319	3.81997	5.88265	1.13303	1.42808	0.0735872	0.0857234	4.072	4.95108	0.0147321	0.0279049	1.69314	2.33632	0.820557	1.10624	0	0
k107_169635 flag=0 multi=33.0074 len=62342	62342	12.22	0	0	1.48694	2.07197	0	0	0	0	3.67207	5.24606	1.09871	1.67257	0.0729368	0.0968255	3.68883	5.37071	0	0	1.47162	1.95771	0.728901	0.84693	0	0
k107_2132098 flag=0 multi=28.1865 len=44894	44894	12.2525	0.00677252	0.0096481	1.35968	1.96027	0	0	0.00677252	0.00991141	3.76855	5.69477	1.03765	1.48001	0.10152	0.137481	3.89334	6.0123	0.00677252	0.00714436	1.40245	1.84601	0.668976	0.873603	0	0
k107_14000397 flag=1 multi=29.2179 len=40235	40235	12.4791	0	0	1.71415	2.71355	0	0	0.00756267	0.0100636	3.70906	6.08712	1.21874	1.86478	0.101921	0.154873	3.57449	5.64808	0.00756267	0.00886119	1.42869	1.81803	0.716901	0.859457	0	0
k107_20189393 flag=0 multi=29.0343 len=6930	6930	12.4621	0	0	1.14212	2.01066	0	0	0	0	4.11301	7.25496	0.964243	1.28016	0.0455643	0.0434947	4.34068	6.95376	0	0	1.31744	1.5293	0.539077	0.906317	0	0
k107_10947381 flag=0 multi=13.0008 len=7300	7300	15.1165	0	0	1.57031	1.83486	0	0	0	0	4.52786	6.49128	1.11946	1.53741	0.0645899	0.0671194	4.72063	3.93105	0	0	2.2405	3.69085	0.873107	0.871342	0	0
k107_12976669 flag=0 multi=23.0005 len=101643	101643	12.2664	0	0	1.49093	2.23943	0	0	0.0119202	0.0127695	3.69527	5.65666	1.20991	1.98478	0.0906938	0.116901	3.6551	5.3102	0	0	1.32599	1.89198	0.786582	1.00194	0	0
k107_9868121 flag=0 multi=29.0878 len=9221	9221	12.0131	0	0	0.990246	1.32083	0	0	0	0	3.73259	5.47993	0.988452	1.70128	0.101581	0.0912683	4.04496	4.40076	0	0	1.5439	1.76233	0.611391	0.858096	0	0
k107_15036474 flag=1 multi=15.3184 len=56907	56907	12.2443	0.015988	0.0466962	1.42998	2.254	0	0	0.0106704	0.0105618	3.8674	5.42862	1.04125	1.58273	0.045261	0.0570608	3.72785	5.69776	0	0	1.39488	1.8411	0.71105	1.01754	0	0
k107_15787729 flag=0 multi=22.1990 len=13283	13283	11.9945	0	0	1.48717	2.31093	0	0	0	0	3.49133	4.2826	0.9262	1.48744	0.0730298	0.0822638	3.70102	5.50922	0	0	1.61166	2.53823	0.704106	0.654361	0	0
k107_1736772 flag=0 multi=13.6015 len=28774	28774	12.9232	0	0	1.3973	1.92437	0.0106069	0.0105023	0.0106069	0.0142202	4.46147	6.45855	1.11418	1.81144	0.0742133	0.123982	3.85379	5.71582	0	0	1.42442	2.08323	0.566276	0.687612	0.0103611	0.0192761
k107_8561063 flag=0 multi=24.2945 len=63191	63191	12.8677	0	0	1.56557	2.43094	0	0	0.00477031	0.0071048	3.89054	5.31191	1.18161	1.74748	0.0671819	0.0865683	3.71539	5.01072	0	0	1.5224	2.4571	0.920209	1.0906	0	0
k107_13029293 flag=0 multi=11.0017 len=11822	11822	13.2546	0	0	1.71684	2.07146	0	0	0	0	4.44705	5.34912	1.20495	2.12555	0.130729	0.187834	3.60069	6.17479	0.0131076	0.0129351	1.47361	1.47346	0.667622	0.706871	0	0
k107_22709485 flag=1 multi=31.0000 len=15838	15838	12.1423	0.0194387	0.0309051	1.04924	1.12281	0	0	0	0	3.74652	5.63888	1.21814	1.79403	0.0646885	0.0771795	3.92971	5.66486	0	0	1.5493	2.59602	0.565268	0.669594	0	0
k107_13038969 flag=0 multi=21.0027 len=24161	24161	13.3655	0	0	1.65577	2.58112	0	0	0	0	4.14498	5.98223	1.11224	1.36674	0.0884781	0.0976502	3.79953	3.87076	0	0	1.8168	2.55794	0.747726	0.835447	0	0
k107_24454205 flag=0 multi=16.1990 len=9285	9285	11.0314	0	0	1.10653	1.6696	0	0	0	0	3.51286	5.51046	1.17567	2.11019	0.0671268	0.0818701	3.72726	6.45009	0	0	0.80541	1.46005	0.636536	0.739354	0	0
k107_14586694 flag=1 multi=18.9492 len=33118	33118	12.6609	0	0	1.47501	1.86905	0	0	0	0	3.63274	4.92744	1.08663	1.5087	0.0644198	0.0808733	3.81021	5.93962	0	0	1.65441	2.28937	0.9375	1.09469	0	0
k107_3921909 flag=1 multi=25.4635 len=135797	135797	12.6627	0.00222886	0.00332875	1.39253	1.84999	0	0	0.00222886	0.00222174	3.82714	5.64604	1.20001	1.9283	0.0968523	0.138505	3.85335	5.11322	0.00222886	0.00374007	1.57364	2.00842	0.712513	0.936388	0	0
k107_22596894 flag=0 multi=31.1706 len=48801	48801	13.0866	0	0	1.51795	2.62682	0.00622693	0.00832668	0.00622693	0.00618574	4.13293	5.69423	1.28735	1.85107	0.0466814	0.048282	3.89874	6.08912	0	0	1.37254	1.84153	0.817996	1.09317	0	0
k107_34930330 flag=0 multi=26.0001 len=47207	47207	12.6718	0.00317663	0.00320926	1.56838	2.43787	0	0	0	0	4.02507	5.53723	1.1755	1.67998	0.0450059	0.0504368	3.66752	5.22522	0.00643855	0.00638996	1.52402	2.00111	0.65347	0.740998	0.00319795	0.00321138
k107_28331591 flag=1 multi=32.0000 len=22455	22455	11.8106	0	0	1.45339	1.87772	0	0	0	0	3.61269	6.22052	1.15844	1.55321	0.068072	0.0922245	3.50819	5.4552	0	0	1.4166	2.43453	0.593193	0.790414	0	0
k107_34996644 flag=0 multi=16.0203 len=67085	67085	12.5029	0	0	1.57874	2.19085	0.00221613	0.00225584	0.0066484	0.0167088	3.88266	6.27105	1.12005	1.58224	0.0904122	0.117959	3.61317	5.10962	0.00678316	0.0090244	1.39408	1.87533	0.805864	0.978216	0.00223111	0.00225198
k107_19402176 flag=0 multi=15.3265 len=53530	53530	12.5075	0.00567371	0.00917309	1.59332	2.46199	0	0	0.0169648	0.0295568	3.88747	5.58395	1.16585	1.75186	0.0677651	0.0770114	3.60662	5.33761	0.00567371	0.00830916	1.37381	2.06264	0.784362	1.00714	0	0
k107_27696949 flag=1 multi=12.0000 len=8505	8505	11.7811	0	0	1.31147	1.84654	0	0	0	0	3.57223	4.94263	1.19273	1.75825	0	0	4.02975	4.0814	0	0	1.19785	1.02132	0.477021	0.600947	0	0
k107_27447492 flag=1 multi=19.0000 len=17326	17326	12.173	0	0	1.5521	2.31556	0	0	0.0176809	0.0174195	3.66007	4.79984	1.21382	1.62867	0.0886396	0.105723	3.52955	4.4726	0	0	1.35844	1.74219	0.752702	1.08982	0	0
k107_16634636 flag=0 multi=33.9998 len=62441	62441	12.6323	0	0	1.48153	2.16978	0	0	0.00486007	0.00647934	3.96941	5.61491	1.1356	1.68961	0.0582726	0.0982206	3.77814	4.79567	0	0	1.45949	2.04169	0.745007	0.916614	0	0
k107_16391260 flag=0 multi=23.0000 len=9797	9797	13.8169	0	0	1.34471	1.73789	0	0	0	0	4.06519	8.54682	1.00369	1.25852	0.0954186	0.0951674	4.49837	5.206	0	0	2.00116	3.58939	0.80832	0.88597	0	0
k107_19218324 flag=0 multi=16.3204 len=21170	21170	11.8376	0	0	1.29744	1.82511	0	0	0.0144719	0.0230831	3.56052	4.95756	0.94216	1.28095	0.0864002	0.163178	4.06972	5.17507	0	0	1.2131	1.92094	0.653728	0.879167	0	0
k107_23402188 flag=0 multi=15.9937 len=47408	47408	12.233	0	0	1.32522	2.08203	0	0	0	0	3.64591	5.55552	1.16858	1.58245	0.0766994	0.10357	3.73952	5.48209	0	0	1.58651	2.12248	0.69057	0.847623	0	0
k107_23666760 flag=0 multi=46.0350 len=3046	3046	11.1316	0	0	1.02587	2.49953	0	0	0	0	3.67857	5.96554	0.973032	0.935895	0.383017	0.441062	3.03608	4.07667	0	0	1.35605	2.64524	0.678936	0.770053	0	0
k107_18021893 flag=1 multi=21.0000 len=6910	6910	13.0082	0	0	1.10003	1.11148	0	0	0	0	3.53178	3.52876	1.49622	1.91309	0.22836	0.301054	4.64013	9.55421	0	0	1.32067	1.6898	0.690981	0.576207	0	0
k107_18248436 flag=1 multi=17.0000 len=75790	75790	12.2344	0	0	1.35938	1.80595	0	0	0.00398739	0.00398864	3.74486	5.45163	1.19092	1.65494	0.0683287	0.0794565	3.65653	4.99912	0	0	1.45842	2.05806	0.752	0.869559	0	0
k107_4797476 flag=1 multi=14.8240 len=85770	85770	12.1639	0.00353349	0.0038903	1.43386	2.19306	0	0	0	0	3.85958	5.73881	0.98204	1.4128	0.0935555	0.127306	3.56801	4.82892	0.00348668	0.00559422	1.46347	2.11412	0.754633	0.935532	0.00174334	0.00176199
k107_19907861 flag=0 multi=39.9714 len=26836	26836	12.6726	0.0113816	0.013133	1.4876	2.20464	0	0	0.0113816	0.0185586	3.85807	6.09477	1.17845	2.05495	0.102397	0.163455	3.70423	5.25488	0	0	1.58966	2.37768	0.729479	0.978789	0	0
k107_19520504 flag=1 multi=14.0000 len=8413	8413	13.3457	0	0	1.55653	1.34614	0	0	0	0	3.74997	9.10868	1.4886	1.86664	0.0744668	0.0689306	4.09666	5.59706	0	0	1.61682	2.01268	0.762668	1.01669	0	0
k107_9841131 flag=0 multi=48.6241 len=9343	9343	13.4323	0	0	1.47063	1.81043	0	0	0	0	4.27099	5.02635	1.05132	1.25713	0.10021	0.120699	4.10242	4.97139	0	0	1.71983	1.60825	0.716845	0.91256	0	0
k107_19683555 flag=1 multi=10.0000 len=5664	5664	11.5276	0	0	1.63148	1.96105	0	0	0	0	3.20552	4.38246	0.693771	0.96327	0.0563223	0.069203	4.12607	5.21769	0	0	1.15218	1.42114	0.662253	1.02892	0	0
k107_17606705 flag=0 multi=20.6838 len=53154	53154	12.6977	0	0	1.4327	1.80617	0	0	0.0171233	0.0223331	4.05078	5.49938	1.03807	1.74021	0.0540377	0.089543	3.88784	5.80371	0	0	1.58912	2.42135	0.628018	0.684852	0	0
k107_20061672 flag=0 multi=30.0039 len=35081	35081	13.1909	0	0	1.48765	1.99667	0	0	0.00865465	0.0123448	4.06875	6.60242	1.15003	1.41392	0.043302	0.0511354	4.15774	6.57653	0.0086834	0.0143487	1.5424	1.67934	0.723741	0.983677	0	0
k107_28283094 flag=0 multi=29.0077 len=7879	7879	12.9648	0.00131978	0.00184493	1.4445	2.46127	0	0	0	0	3.98284	6.5891	1.46786	1.79405	0.0797149	0.153095	4.29853	4.00098	0	0	1.05332	1.55506	0.636664	0.822191	0	0
k107_6145100 flag=0 multi=16.0568 len=66631	66631	12.5645	0	0	1.55695	2.25187	0	0	0.00453798	0.00897751	3.88843	5.77913	1.07856	1.70858	0.0636373	0.103257	3.629	5.18921	0.00443245	0.0088114	1.59598	2.23304	0.742963	1.04814	0	0
k107_15941270 flag=0 multi=20.0364 len=12962	12962	12.5467	0	0	1.08776	1.78837	0	0	0	0	4.02362	6.08261	0.939494	1.32784	0.106951	0.310046	3.91556	5.16701	0	0	1.48412	2.18807	0.989179	1.2185	0	0
k107_20843864 flag=0 multi=29.0025 len=14804	14804	12.6358	0	0	1.31575	2.29989	0	0	0.0207558	0.0259054	3.55475	5.11964	1.16418	2.35075	0.0932285	0.134001	3.92615	5.67475	0	0	1.52027	1.97128	1.04068	1.43339	0	0
k107_13373205 flag=1 multi=20.0000 len=56989	56989	12.6774	0	0	1.54954	2.26956	0	0	0	0	3.92229	5.18294	1.18634	1.8033	0.106427	0.152231	3.70803	4.87103	0	0	1.48119	2.16886	0.723535	0.818633	0	0
k107_21430773 flag=0 multi=34.4102 len=31371	31371	12.4796	0	0	1.36136	2.12081	0	0	0	0	4.00615	5.53998	1.23448	1.66833	0.0420355	0.0560714	3.62014	4.91533	0	0	1.60987	1.85832	0.605588	0.736436	0	0
k107_22075008 flag=0 multi=17.9652 len=13328	13328	13.1102	0	0	1.35598	1.62853	0	0	0	0	4.38346	5.57681	1.37694	1.88739	0.115845	0.11354	3.71741	4.52274	0	0	1.56096	2.11897	0.588208	0.793563	0.0114387	0.0114599
k107_23002199 flag=0 multi=26.3349 len=3726	3726	13.9828	0	0	2.33645	2.35571	0	0	0	0	3.51694	5.01869	1.09842	1.16553	0	0	4.56484	5.1605	0	0	1.47371	1.78814	0.992407	1.20653	0	0
k107_25917820 flag=1 multi=17.1475 len=80143	80143	12.7329	0	0	1.52229	2.39266	0	0	0.01508	0.0240346	3.92814	6.15736	1.16187	1.92118	0.0509763	0.0601391	3.8576	5.40534	0.00376999	0.00709901	1.49558	2.20389	0.697599	0.897414	0	0
k107_8578339 flag=0 multi=18.0159 len=53229	53229	12.5168	0.00570597	0.00861903	1.4813	2.30525	0.00570597	0.00918657	0	0	3.96457	5.68976	1.08003	1.53498	0.09122	0.105047	3.58611	5.12505	0	0	1.54373	2.25282	0.758384	1.06326	0	0
k107_24418095 flag=1 multi=16.0000 len=17516	17516	12.6385	0	0	1.49832	2.16666	0	0	0	0	4.23847	5.38792	1.15557	1.85275	0.122517	0.150992	3.53201	4.09645	0	0	1.41925	1.5524	0.67236	0.987191	0	0
k107_3896970 flag=0 multi=15.0042 len=93438	93438	12.6192	0	0	1.47936	2.22035	0	0	0	0	3.88546	5.56146	1.17423	1.5643	0.0743214	0.0862025	3.77733	5.28825	0	0	1.55107	2.02621	0.677439	0.786873	0	0
k107_30955181 flag=0 multi=34.0339 len=26944	26944	12.538	0	0	1.40958	2.10355	0	0	0.0113355	0.0209659	3.78185	4.51742	1.14154	1.55986	0.0793109	0.0939336	3.9908	5.42035	0	0	1.46937	2.00534	0.65423	0.957583	0	0
k107_8834714 flag=0 multi=12.2142 len=2642	2642	15.6876	0	0	1.55299	4.24556	0	0	0	0	4.72137	5.08156	1.23291	1.28038	0	0	4.84231	11.4423	0	0	2.03462	2.52238	1.30342	1.4246	0	0
k107_17626075 flag=0 multi=82.5813 len=4428	4428	13.1983	0	0	1.93553	3.2427	0	0	0	0	2.86355	3.15576	0.677169	1.40401	0.254968	0.310842	4.95177	5.88675	0	0	1.95201	3.27613	0.563257	0.551277	0	0
k107_987013 flag=0 multi=12.0585 len=34857	34857	12.292	0.0174504	0.0270714	1.52265	2.26022	0	0	0.00873969	0.0149696	3.49333	5.72011	1.16545	1.74478	0.091651	0.0946399	3.47524	4.93598	0	0	1.7633	1.84171	0.745449	0.976254	0.00873969	0.0119073
k107_4264434 flag=0 multi=91.0658 len=4181	4181	12.1799	0	0	0.979118	1.43931	0	0	0.0778551	0.110498	3.45347	4.17524	1.29956	1.78782	0.0778551	0.110495	2.88554	4.60301	0	0	2.04795	3.49119	1.3586	1.2527	0	0
k107_11127657 flag=0 multi=13.0146 len=10904	10904	12.0484	0	0	1.25797	1.79365	0	0	0.0284852	0.0276803	3.31022	5.06481	1.27853	1.36966	0.0398981	0.0583056	3.74486	6.09666	0.0284852	0.0314597	1.41304	1.9124	0.946897	1.70653	0	0
k107_25251522 flag=0 multi=26.1577 len=31897	31897	13.5573	0	0	1.56379	1.9672	0	0	0	0	3.89872	5.28114	1.1599	1.51327	0.085868	0.104199	4.17851	5.61194	0.00952682	0.0150382	1.68542	2.04958	0.975566	1.45512	0	0
k107_23413368 flag=1 multi=20.0000 len=27447	27447	12.4279	0	0	1.33214	2.23	0	0	0.0110886	0.0152005	4.19764	5.8783	1.14294	1.48059	0.0888561	0.125839	3.42026	4.63297	0	0	1.39731	2.05436	0.837686	1.07214	0	0
k107_28520307 flag=0 multi=14.0087 len=20599	20599	13.1215	0	0	1.40957	2.32469	0	0	0	0	3.88304	4.39497	1.31532	1.94503	0.148643	0.188263	3.9125	5.35328	0	0	1.62039	2.18095	0.832093	0.961011	0	0
k107_30959269 flag=0 multi=16.1845 len=3967	3967	13.6347	0	0	1.99918	2.46423	0	0	0	0	4.2161	3.58454	0.986085	1.30634	0.0406548	0.0395122	4.6131	5.80216	0	0	1.03874	1.14281	0.740791	1.14584	0	0
k107_31854233 flag=1 multi=44.0000 len=19880	19880	13.0021	0	0	1.4028	2.3956	0	0	0	0	3.84835	5.45534	1.36429	2.44072	0.0307999	0.0298971	4.02222	5.03212	0	0	1.51691	2.36252	0.816784	0.927996	0	0
k107_17192187 flag=0 multi=12.0091 len=4493	4493	13.1649	0	0	2.04724	2.59549	0	0	0	0	4.08805	7.89812	0.799332	1.2242	0	0	3.8628	4.91134	0.0720592	0.0745166	1.53352	1.89584	0.761871	1.01019	0	0
k107_8833779 flag=0 multi=14.0099 len=3749	3749	12.9994	0	0	1.71192	2.54898	0	0	0	0	4.40586	10.1292	1.09109	1.25559	0	0	4.0821	4.48344	0	0	1.22744	1.72394	0.480998	0.569518	0	0
k107_30456686 flag=1 multi=18.0000 len=43381	43381	12.8695	0	0	1.56496	2.31833	0	0	0	0	3.88904	6.07779	1.01527	1.41144	0.0909956	0.1222	4.04213	5.49753	0	0	1.39616	2.19891	0.870935	1.03371	0	0
k107_17265164 flag=1 multi=23.3178 len=137494	137494	12.3838	0.00759519	0.0242136	1.46933	2.07685	0.00214298	0.00219165	0.00220129	0.00372273	3.77901	5.48818	1.13472	1.60155	0.0758863	0.0867197	3.58259	5.01074	0.00219401	0.00336062	1.61775	2.12491	0.710369	0.848901	0	0
k107_29540567 flag=0 multi=15.0048 len=67341	67341	12.7556	0	0	1.40388	2.13724	0	0	0	0	3.94615	5.53598	1.10847	1.72676	0.0765077	0.09124	3.81496	5.79731	0.0135145	0.0202682	1.58159	2.22718	0.810528	1.01459	0	0
k107_31231908 flag=0 multi=17.0096 len=16327	16327	13.2882	0	0	1.55563	1.92982	0	0	0	0	4.5741	6.65971	1.02103	1.14092	0.0753198	0.0748246	3.93398	5.93024	0	0	1.5147	1.86368	0.613417	0.552014	0	0
k107_31463860 flag=0 multi=26.3172 len=33068	33068	11.9381	0.00921687	0.0135285	1.43466	2.0802	0	0	0.0137032	0.0186391	3.65986	4.89097	0.998352	1.59752	0.0551791	0.069683	3.62083	4.81491	0	0	1.42901	1.93252	0.717268	0.785905	0	0
k107_27116409 flag=1 multi=76.0000 len=9193	9193	13.1377	0	0	1.39613	2.45285	0	0	0	0	3.93263	7.42908	1.33258	1.81468	0.149927	0.24451	3.96558	4.87007	0	0	1.61455	1.90898	0.74626	0.866317	0	0
k107_33779352 flag=0 multi=18.0066 len=18147	18147	12.6383	0	0	1.57557	2.53996	0	0	0	0	3.58336	5.00797	0.970244	1.18041	0.0660129	0.0758975	4.19787	4.67183	0	0	1.48109	2.24442	0.764192	0.970101	0	0
k107_14320863 flag=0 multi=45.2618 len=24960	24960	12.569	0	0	1.19864	1.54192	0	0	0.0122475	0.0200475	3.7707	6.8224	1.1258	1.56551	0.0855301	0.0983222	4.32667	6.83792	0	0	1.43402	1.74518	0.615378	0.900694	0	0
k107_27351786 flag=0 multi=71.1182 len=5961	5961	14.775	0	0	2.01997	2.98369	0	0	0	0	4.05814	6.13655	0.99841	1.35228	0.105672	0.13389	4.81463	4.17871	0	0	1.97314	3.51559	0.805089	0.832932	0	0
k107_31805518 flag=1 multi=18.0000 len=19580	19580	11.8012	0	0	1.40025	2.13199	0	0	0	0	3.45176	5.18312	0.932099	1.63424	0.0313311	0.0355335	3.69732	5.11724	0	0	1.63549	2.02591	0.652972	1.06873	0	0
k107_33427357 flag=0 multi=15.8234 len=35308	35308	12.0738	0	0	1.39453	2.36871	0	0	0.00862709	0.0115781	3.67223	5.1105	1.0901	1.57242	0.0774724	0.103711	3.79486	7.06119	0	0	1.36491	1.78597	0.671085	0.820177	0	0
k107_31819924 flag=0 multi=33.0997 len=5060	5060	11.925	0	0	1.04813	1.35606	0	0	0	0	4.02522	8.7777	0.931904	1.08919	0.0632619	0.0594557	3.32072	3.75008	0.063472	0.088045	1.41194	2.03701	1.06032	1.34273	0	0
k107_32965397 flag=0 multi=31.0001 len=42723	42723	12.0954	0.00702482	0.0100009	1.3746	1.96369	0	0	0	0	3.59228	4.84923	1.2483	1.85814	0.0995969	0.125848	3.70885	5.20918	0	0	1.45732	2.17154	0.607459	0.773946	0	0
k107_35228277 flag=0 multi=10.9996 len=19013	19013	13.0026	0	0	1.54791	2.2797	0	0	0	0	4.0241	6.39375	1.40741	2.00857	0.0483673	0.0547376	3.84971	5.46559	0	0	1.40484	1.8194	0.720272	0.851976	0	0
k107_18971148 flag=1 multi=12.0000 len=19585	19585	13.424	0	0	1.71177	2.03041	0	0	0	0	4.02681	5.54094	1.23637	1.94907	0.156252	0.226799	4.20718	6.06159	0	0	1.3221	2.21396	0.763522	0.910573	0	0
k107_22663179 flag=0 multi=15.0425 len=54581	54581	12.4966	0	0	1.38494	2.09014	0.00556385	0.00755952	0.0166178	0.0168263	3.75735	5.57312	1.17605	1.68634	0.0663977	0.103784	3.82944	5.93243	0.00550858	0.00855441	1.49441	2.07861	0.760331	0.798979	0	0
k107_32365064 flag=1 multi=24.0000 len=40305	40305	12.324	0	0	1.44837	2.15135	0	0	0	0	3.9956	4.85713	1.08369	1.5805	0.0601955	0.0700091	3.49801	5.44953	0	0	1.55223	2.24348	0.685924	0.848023	0	0
k107_28624585 flag=1 multi=63.0000 len=3578	3578	12.1352	0	0	1.1975	1.92643	0	0	0	0	3.93254	5.37841	1.03877	1.75753	0	0	3.76496	4.19309	0	0	1.18834	1.47886	1.01313	1.49112	0	0
k107_17543433 flag=0 multi=17.0012 len=26114	26114	12.8711	0	0	1.78859	2.22897	0	0	0.0234	0.0281235	3.78363	5.01155	1.0499	1.70889	0.040485	0.0591249	3.90993	5.74821	0	0	1.51697	1.90386	0.758213	0.939931	0	0
k107_20397123 flag=1 multi=7.0000 len=4650	4650	7.87649	0	0	0.472401	0.872758	0	0	0	0	1.52254	1.9509	1.48436	1.29054	0.0694572	0.0871899	3.21872	5.70659	0	0	0.970101	1.27965	0.138914	0.119639	0	0
k107_27262849 flag=0 multi=40.6028 len=14458	14458	12.4665	0	0	1.67145	2.30426	0	0	0.0103843	0.0105488	3.95733	5.43722	1.04415	1.54828	0.0424555	0.043257	3.65569	4.54062	0.0213337	0.0311966	1.40329	2.29889	0.660427	0.849154	0	0
k107_28332573 flag=0 multi=20.4713 len=5089	5089	12.1107	0	0	1.20911	2.51105	0	0	0	0	4.31523	6.50908	1.07082	1.79395	0.0307082	0.0305522	3.51264	5.12429	0	0	1.21872	1.56227	0.753499	1.10626	0	0
k107_8749232 flag=0 multi=19.3425 len=142909	142909	12.5714	0.00423542	0.00543338	1.44506	2.06644	0	0	0.00845681	0.0144445	3.81783	5.84984	1.19402	1.80009	0.0718899	0.0882333	3.75294	5.23885	0	0	1.49819	1.944	0.778777	0.950934	0	0
k107_27269110 flag=0 multi=18.0061 len=24188	24188	12.712	0	0	1.58298	2.50047	0	0	0	0	3.95412	6.18095	1.1786	1.77577	0.0379302	0.037341	3.7993	4.78733	0	0	1.42113	1.88771	0.738006	0.863256	0	0
k107_9535916 flag=1 multi=20.0000 len=7361	7361	12.1883	0	0	1.21405	1.73069	0	0	0	0	3.70817	7.09984	1.36847	3.1365	0.0427823	0.0409576	3.80054	5.69552	0	0	1.37059	1.19438	0.683666	0.756992	0	0
k107_30749001 flag=0 multi=25.0000 len=32066	32066	13.1239	0	0	1.45013	2.06481	0	0	0.00947614	0.0108028	4.35578	6.66621	1.00752	1.4347	0.0331822	0.0353112	3.98917	5.32828	0.00950762	0.0162118	1.61749	2.2325	0.651681	0.923292	0	0
k107_34458614 flag=0 multi=20.0000 len=38931	38931	12.3894	0	0	1.22589	1.65133	0	0	0	0	4.12672	6.20896	1.1195	1.52912	0.0390898	0.0475061	3.56621	4.65008	0.00779207	0.012158	1.47643	2.03617	0.827746	1.05804	0	0
k107_35183895 flag=0 multi=32.0000 len=18921	18921	12.3333	0	0	1.41817	1.73358	0	0	0.01622	0.0167139	4.04565	5.01815	1.14265	1.55508	0.11354	0.188012	3.45335	4.62764	0	0	1.5286	2.31425	0.615124	0.977482	0	0
k107_20427988 flag=1 multi=11.2322 len=7080	7080	10.6732	0	0	1.06639	1.47841	0	0	0	0	3.55385	5.27328	0.957952	1.31308	0.0889643	0.0953447	2.79522	2.87503	0	0	1.41	1.63595	0.800826	1.10608	0	0
k107_23414964 flag=1 multi=75.7320 len=10787	10787	12.8794	0	0	1.2267	1.71828	0	0	0	0	3.67487	5.48952	1.17978	2.66365	0.0430138	0.0501201	4.21831	9.49287	0	0	1.55451	2.19355	0.982165	0.910848	0	0
k107_25458610 flag=0 multi=27.0000 len=67924	67924	13.3306	0	0	1.47798	2.17588	0	0	0	0	4.30089	5.74781	1.03512	1.51668	0.0802697	0.0946414	4.06275	5.65331	0.008932	0.00891057	1.60998	2.26045	0.754636	0.882731	0	0
k107_21967699 flag=1 multi=15.0000 len=31677	31677	12.4471	0	0	1.36265	2.29922	0	0	0	0	3.68236	4.78386	1.08673	1.85822	0.0865976	0.0879222	3.80593	6.24978	0.0096255	0.0126558	1.67324	2.03691	0.739984	0.890697	0	0
k107_35777469 flag=0 multi=41.0142 len=7298	7298	11.4746	0	0	0.96841	1.08965	0	0	0	0	3.77945	5.5724	0.688679	1.08631	0.0860492	0.0966168	3.59877	6.47554	0	0	1.77044	2.1099	0.582762	0.698129	0	0
k107_700279 flag=0 multi=36.7874 len=75925	75925	12.2725	0	0	1.29145	2.04706	0	0	0.011954	0.0165534	3.78719	5.58656	1.08413	1.60021	0.0798302	0.116555	3.69749	5.85251	0.00398027	0.00554239	1.51368	1.94972	0.802785	0.969438	0	0
k107_7824433 flag=0 multi=11.8161 len=12282	12282	13.3815	0	0	1.46068	1.9549	0	0	0.0252087	0.0245791	4.38815	5.5241	1.33498	2.39421	0.0251252	0.0275822	3.90534	5.02133	0	0	1.29482	1.3451	0.947162	1.42351	0	0
k107_22974574 flag=1 multi=6.0000 len=2546	2546	5.18717	0	0	1.1836	1.56915	0	0	0	0	0.398841	0.494885	0	0	0	0	2.93494	2.67105	0	0	0.535205	0.393091	0.134581	0.163767	0	0
k107_13003200 flag=1 multi=17.0000 len=35892	35892	12.6082	0	0	1.2703	1.76246	0	0	0.00845743	0.0084133	3.99975	4.64529	1.04749	1.60486	0.126918	0.201116	3.68432	5.07459	0	0	1.73405	2.48358	0.736949	0.767369	0	0
k107_35349477 flag=0 multi=16.2151 len=21977	21977	12.2737	0	0	1.23423	2.36776	0	0	0	0	3.49449	4.31799	1.07156	1.82709	0.0696655	0.0885334	4.06021	7.88325	0	0	1.53606	2.13633	0.807474	1.05442	0	0
k107_35476225 flag=1 multi=21.2465 len=11171	11171	13.4205	0	0	1.18015	1.32828	0.0277854	0.0273811	0	0	4.08262	6.02034	1.40261	2.28381	0.0833563	0.10071	4.44015	6.00561	0	0	1.64891	2.19371	0.554881	0.700985	0	0
k107_9619967 flag=0 multi=30.0545 len=19255	19255	12.201	0.00780879	0.00790353	1.20287	1.5327	0	0	0.00775603	0.00790387	3.84251	6.88982	1.17997	1.76554	0.0316573	0.0326541	3.72954	6.852	0	0	1.50393	2.10699	0.69493	0.982997	0	0
k107_21173357 flag=1 multi=13.0000 len=6908	6908	12.658	0	0	1.61686	2.22256	0	0	0.045716	0.0602731	3.95035	4.94423	1.05011	1.49952	0	0	3.87526	6.59559	0	0	1.36664	2.46118	0.753103	0.929612	0	0
k107_29259242 flag=0 multi=104.0000 len=9059	9059	13.1418	0.0344867	0.0424383	1.4787	2.13405	0	0	0.0341441	0.0426667	3.68425	5.05339	1.03517	1.21715	0.0688592	0.0813567	4.26413	5.4825	0	0	1.78589	2.13073	0.756195	0.857147	0	0
k107_23393974 flag=0 multi=17.0014 len=109474	109474	12.5771	0.00968197	0.0146236	1.47862	2.19652	0.00276628	0.00275838	0.00549591	0.00798847	3.73597	6.22564	1.18662	1.82688	0.0759077	0.0971004	3.87789	5.2306	0.00275712	0.00275369	1.45586	2.09701	0.74553	1.00593	0	0
k107_32230448 flag=0 multi=19.9941 len=9893	9893	13.0303	0	0	1.92514	2.33883	0	0	0	0	4.06808	4.78709	0.975498	1.25128	0.268481	0.323028	3.61735	5.91729	0	0	1.53686	2.25869	0.638932	0.736538	0	0
k107_860905 flag=1 multi=5.0000 len=2568	2568	5.68138	0	0	1.39894	2.87937	0.760371	1.23614	0.681818	1.0449	1.68888	1.73342	1.15137	1.41041	0	0	0	0	0	0	0	0	0	0	0	0
