contigName	contigLen	totalAvgDepth	Cen01_MA.bam	Cen01_MA.bam-var	Cen03_MA.bam	Cen03_MA.bam-var	Cen04_MA.bam	Cen04_MA.bam-var	Cen05_MA.bam	Cen05_MA.bam-var	Cen06_MA.bam	Cen06_MA.bam-var	Cen07_MA.bam	Cen07_MA.bam-var	Cen10_MA.bam	Cen10_MA.bam-var	Cen12_MA.bam	Cen12_MA.bam-var	Cen14_MA.bam	Cen14_MA.bam-var	Cen15_MA.bam	Cen15_MA.bam-var	Cen16_MA.bam	Cen16_MA.bam-var	Cen17_MA.bam	Cen17_MA.bam-var
k107_10625714 flag=0 multi=32.0281 len=3589	3589	34.5306	0	0	0.550958	1.10809	0	0	0	0	4.51202	8.32708	1.00396	1.54071	1.2519	2.05761	6.45178	12.1547	1.25312	1.4386	6.23426	13.2166	13.2726	12.8368	0	0
k107_5156198 flag=0 multi=30.0000 len=75039	75039	36.4509	0.00404084	0.00628051	0.515728	0.789491	0	0	0.00404084	0.0077065	4.00562	5.821	0.567122	0.834743	2.06065	2.49719	7.02853	10.2702	1.02922	1.29293	6.27028	8.07049	14.9557	19.6453	0.00999505	0.0100112
k107_5203216 flag=0 multi=33.6332 len=22037	22037	38.8291	0	0	0.749436	0.937437	0	0	0	0	4.0006	5.1542	0.728916	1.03749	2.42618	2.97721	8.22356	12.2091	0.800552	0.96611	6.83717	9.64283	15.0627	20.52	0	0
k107_25947342 flag=0 multi=28.0097 len=11499	11499	35.5075	0	0	0.499866	1.14357	0	0	0	0	3.83692	4.56551	0.512369	0.753309	1.79727	2.24969	7.15549	10.5324	1.01125	1.48434	6.0952	8.38572	14.5991	18.0344	0	0
k107_33755028 flag=0 multi=30.0043 len=48074	48074	35.5572	0.00632169	0.00812148	0.501926	0.616353	0	0	0	0	3.81014	5.71206	0.654944	1.03167	1.69329	1.77859	6.53609	9.61234	1.14498	2.02485	6.12493	9.36284	15.0814	19.5624	0.00316085	0.00315409
k107_9410309 flag=0 multi=34.0125 len=71821	71821	35.6993	0	0	0.54524	0.835764	0	0	0	0	4.05754	6.27557	0.601518	0.82944	1.75009	2.30446	7.31305	11.0373	0.871139	1.34518	5.84729	7.85511	14.703	17.0391	0.0104308	0.0124108
k107_20258372 flag=0 multi=29.0498 len=25601	25601	35.5092	0	0	0.496027	0.785501	0	0	0	0	4.19297	5.8031	0.369975	0.479421	1.63058	2.68282	6.87691	9.03097	0.937191	1.24012	6.12704	9.25359	14.8785	18.4226	0	0
k107_9289980 flag=0 multi=31.6813 len=4196	4196	38.1192	0	0	0.947355	1.00299	0	0	0	0	3.74499	7.74041	0.684386	0.812861	3.37314	4.58012	6.60349	13.4212	1.14689	1.21729	6.13534	11.3933	15.4836	17.0859	0	0
k107_28392681 flag=0 multi=31.0006 len=479103	479103	34.6126	0.000630742	0.000629998	0.497766	0.672514	0.000630742	0.000964397	0.000630742	0.0011688	3.75644	5.58219	0.659767	1.00034	1.74076	2.30649	6.80772	9.8674	0.903979	1.27452	5.69308	8.04147	14.5481	19.7323	0.00312029	0.00313578
k107_30173935 flag=0 multi=29.0603 len=42167	42167	36.787	0	0	0.609531	0.721243	0	0	0	0	4.03003	5.12767	0.671086	1.09907	1.93393	2.2314	7.1517	9.50121	1.07973	1.60244	6.14394	8.23143	15.1599	20.4829	0.00711812	0.00716541
k107_21155952 flag=0 multi=32.1526 len=393800	393800	35.0937	0.0030699	0.0041103	0.484734	0.727988	0	0	0	0	3.8982	5.70597	0.637434	0.924526	1.73178	2.14348	6.82666	9.86273	0.957359	1.33757	5.70576	8.00843	14.8452	19.9561	0.0034206	0.00421065
k107_5220383 flag=0 multi=34.0015 len=51175	51175	35.577	0	0	0.439074	0.611764	0	0	0	0	4.04765	5.20297	0.703792	0.9898	1.82993	2.86152	7.19419	11.1717	1.09107	1.60789	5.56688	7.69397	14.7014	21.5462	0.00296818	0.00296369
k107_35866971 flag=0 multi=39.9444 len=41854	41854	35.1211	0.00464478	0.00737585	0.668054	1.04479	0	0	0	0	3.72148	5.42881	0.602017	0.852469	1.88761	2.06379	6.73262	8.77238	1.06919	1.494	5.50515	7.46153	14.9303	18.9325	0	0
k107_13457055 flag=0 multi=37.0018 len=202086	202086	35.0264	0.0029933	0.00362993	0.507384	0.748059	0	0	0	0	3.88938	5.74887	0.558389	0.806356	1.7788	2.39579	6.55871	9.8734	0.960344	1.34348	5.84067	7.98663	14.9283	20.0303	0.00148674	0.00149238
k107_21610678 flag=0 multi=34.9901 len=7663	7663	40.4465	0	0	0.512838	0.679201	0	0	0	0	4.97772	7.23374	0.532129	0.521734	2.17742	2.50129	10.0287	11.9086	1.06331	1.28098	6.63864	9.57969	14.4954	17.8769	0.0203777	0.0200999
k107_20222489 flag=0 multi=36.4876 len=186504	186504	35.5103	0.000789465	0.000799111	0.431129	0.630251	0	0	0	0	3.89867	5.5612	0.60443	0.939256	1.80704	2.23893	6.8956	9.92059	0.954367	1.34492	5.99499	8.6197	14.9176	20.8231	0.00565515	0.00621206
k107_11708483 flag=0 multi=29.9244 len=87685	87685	35.2228	0	0	0.53182	0.741011	0	0	0	0	3.57757	5.52694	0.718126	1.03938	1.69598	2.07997	6.61384	9.62235	0.955026	1.34765	6.0181	8.82938	15.1089	17.8984	0.00345605	0.00343911
k107_28238278 flag=0 multi=30.4263 len=329199	329199	35.0043	0.00505021	0.00631998	0.432026	0.64672	0	0	0	0	3.83377	5.48695	0.71848	1.05074	1.62105	2.0027	7.57427	11.419	0.889145	1.21465	5.58565	7.86187	14.3403	20.326	0.00453942	0.0053314
k107_26344349 flag=0 multi=32.0003 len=277067	277067	35.53	0.00326992	0.00503731	0.489596	0.710659	0	0	0.00109118	0.00134179	3.88707	5.51036	0.604404	0.92446	1.84882	2.29174	6.51622	9.18327	0.95266	1.35728	5.93916	8.43697	15.2834	19.814	0.00434303	0.00448744
k107_34227248 flag=0 multi=29.8209 len=277472	277472	35.1571	0.00217917	0.00370772	0.52361	0.773509	0	0	0	0	3.76755	5.40511	0.623715	0.910608	1.80612	2.30366	6.72439	9.2595	0.917881	1.26296	5.8872	8.28345	14.899	19.9051	0.00542627	0.00582895
k107_26636527 flag=0 multi=84.0000 len=12996	12996	20.264	0	0	0.847487	1.41707	0	0	0	0	5.70955	8.29679	0.260674	0.620004	1.57358	2.37188	7.38057	10.7712	0.0471876	0.0604462	3.94769	5.72699	0.497243	0.552989	0	0
k107_2876928 flag=0 multi=46.1889 len=6522	6522	35.455	0	0	0.558039	1.08814	0	0	0	0	3.86431	6.37211	0.611576	0.782711	1.44807	1.9872	8.23633	10.9077	1.01961	1.26327	5.22878	6.91189	14.464	16.933	0.0242765	0.0236944
k107_6565545 flag=0 multi=34.0247 len=239964	239964	34.9101	0.00188182	0.00204244	0.468856	0.662304	0	0	0	0	3.78299	5.55604	0.681618	1.04184	1.74931	2.38546	6.71055	10.1459	0.914843	1.25741	5.88728	8.44045	14.7096	19.371	0.00312941	0.00313638
k107_14174883 flag=0 multi=33.0032 len=100820	100820	36.5548	0.00600887	0.00925612	0.576295	0.908466	0.00146242	0.00149995	0	0	4.08501	6.20366	0.690573	1.07582	1.86024	2.25161	7.29962	10.9567	0.912394	1.21017	5.98721	7.74458	15.13	17.9371	0.00594918	0.00899722
k107_12612638 flag=0 multi=29.1752 len=63763	63763	35.0014	0	0	0.501647	0.813169	0	0	0	0	3.9445	6.38663	0.589023	0.916108	1.67336	2.03964	6.72673	10.6942	0.90528	1.29662	5.47078	7.25912	15.1901	20.8478	0	0
k107_9055807 flag=0 multi=32.0270 len=9523	9523	34.9849	0	0	0.327405	0.728768	0	0	0	0	4.04826	5.26194	0.261685	0.320271	1.84817	2.53456	6.50721	9.58569	1.16571	1.49848	5.96833	7.00643	14.8581	17.7502	0	0
k107_19257538 flag=0 multi=64.0711 len=7225	7225	34.9572	0	0	0.52665	0.941577	0	0	0	0	3.99957	4.24397	0.594396	0.739789	1.87144	2.43889	6.42727	8.86351	1.00159	1.78863	6.75704	6.74887	13.7793	10.0665	0	0
k107_4246842 flag=0 multi=42.0063 len=5667	5667	17.0505	0	0	0.39068	0.553119	0	0	0	0	4.07418	7.66787	0.13849	0.136616	1.77894	1.54456	6.90774	8.34302	0.0562908	0.0590999	3.50979	5.31596	0.194408	0.168855	0	0
k107_17077271 flag=0 multi=28.0000 len=54205	54205	35.4816	0	0	0.586702	0.757701	0	0	0	0	3.89106	6.43148	0.584995	0.869276	1.81626	2.12842	6.98367	9.40275	0.763928	1.0138	6.12064	7.88347	14.7343	20.5913	0	0
k107_15472278 flag=0 multi=99.3180 len=5314	5314	43.6401	0	0	0.491421	0.535377	0	0	0	0	4.84118	6.73269	0.763168	1.38231	5.81385	35.3931	8.1231	11.7523	1.94014	1.49168	7.0836	14.1158	14.5836	13.1542	0	0
k107_10251628 flag=0 multi=31.0011 len=107673	107673	35.1331	0.00281268	0.00440034	0.542381	0.80516	0	0	0	0	3.98698	6.18169	0.651703	1.01833	1.63447	1.9171	6.82279	9.78769	0.992	1.40871	5.66432	7.53349	14.8315	19.9537	0.00420039	0.0049332
k107_32340816 flag=0 multi=28.0000 len=14876	14876	35.0371	0	0	0.396391	0.624974	0	0	0	0	4.007	5.58609	0.745025	0.9935	1.37052	1.69434	6.75642	10.799	1.05812	1.42546	5.0785	6.84174	15.6252	17.2248	0	0
k107_17039974 flag=0 multi=28.3369 len=3161	3161	36.2032	0	0	0.105631	0.146995	0	0	0	0	4.28052	4.65858	0.628192	0.68457	2.11403	3.42087	6.75936	6.92788	0.924449	0.676091	5.66387	4.33345	15.7272	15.703	0	0
k107_12579699 flag=0 multi=34.8851 len=68915	68915	34.7303	0	0	0.450833	0.606164	0	0	0	0	3.89291	6.19416	0.614811	0.965941	1.6815	2.04296	6.9007	8.31966	0.877531	1.3049	5.65954	7.74043	14.6503	19.8273	0.00220075	0.00219172
k107_443334 flag=0 multi=104.1418 len=19151	19151	35.1602	0	0	0.594939	0.908456	0	0	0	0	3.65415	5.9682	0.735264	0.925806	1.86084	2.334	5.88243	8.21406	1.21741	1.50191	6.13168	9.23137	15.0835	18.562	0	0
