contigName	contigLen	totalAvgDepth	Cen01_MA.bam	Cen01_MA.bam-var	Cen03_MA.bam	Cen03_MA.bam-var	Cen04_MA.bam	Cen04_MA.bam-var	Cen05_MA.bam	Cen05_MA.bam-var	Cen06_MA.bam	Cen06_MA.bam-var	Cen07_MA.bam	Cen07_MA.bam-var	Cen10_MA.bam	Cen10_MA.bam-var	Cen12_MA.bam	Cen12_MA.bam-var	Cen14_MA.bam	Cen14_MA.bam-var	Cen15_MA.bam	Cen15_MA.bam-var	Cen16_MA.bam	Cen16_MA.bam-var	Cen17_MA.bam	Cen17_MA.bam-var
k107_11149633 flag=0 multi=37.4182 len=4947	4947	18.4611	0	0	0	0	0	0	0.0839612	0.483178	0	0	0	0	0	0	18.3455	47.143	0.0155005	0.0160968	0	0	0.0161464	0.0167225	0	0
k107_10284280 flag=0 multi=155.0000 len=2551	2551	15.1712	0	0	0	0	0	0	0	0	0	0	0	0	0	0	15.1712	23.2991	0	0	0	0	0	0	0	0
k107_1166913 flag=0 multi=27.4157 len=11806	11806	15.3244	0	0	0	0	0	0	0	0	0	0	0	0	0	0	15.3244	24.3568	0	0	0	0	0	0	0	0
k107_14546150 flag=0 multi=52.0000 len=3952	3952	16.2633	0	0	0	0	0	0	0	0	0	0	0	0	0	0	16.2633	14.0872	0	0	0	0	0	0	0	0
k107_5441403 flag=0 multi=17.0052 len=12672	12672	15.6413	0	0	0	0	0	0	0	0	0	0	0	0	0	0	15.6413	22.9904	0	0	0	0	0	0	0	0
k107_26259729 flag=0 multi=16.0007 len=9750	9750	17.2459	0	0	0	0	0	0	0	0	0	0	0	0	0	0	17.2459	32.0128	0	0	0	0	0	0	0	0
k107_25704361 flag=0 multi=14.0727 len=5403	5403	16.4023	0	0	0	0	0	0	0	0	0	0	0	0	0	0	16.3431	25.9553	0.0592041	0.0870843	0	0	0	0	0	0
k107_3434846 flag=0 multi=55.6816 len=23901	23901	16.858	0	0	0	0	0	0	0	0	0	0	0	0	0	0	16.858	25.0674	0	0	0	0	0	0	0	0
k107_13374892 flag=0 multi=16.0755 len=7361	7361	16.3122	0	0	0	0	0	0	0	0	0	0	0	0	0	0	16.3122	42.315	0	0	0	0	0	0	0	0
k107_3950820 flag=0 multi=88.7696 len=10330	10330	17.9055	0	0	0	0	0	0	0	0	0	0	0	0	0	0	17.9055	27.3284	0	0	0	0	0	0	0	0
k107_22050791 flag=0 multi=29.0000 len=25498	25498	15.6617	0	0	0	0	0	0	0	0	0	0	0	0	0	0	15.6617	24.8883	0	0	0	0	0	0	0	0
k107_7461176 flag=0 multi=20.1253 len=43945	43945	17.7629	0	0	0	0	0	0	0	0	0	0	0	0	0	0	17.7629	23.6186	0	0	0	0	0	0	0	0
k107_15682274 flag=0 multi=20.0015 len=38148	38148	15.0085	0	0	0	0	0	0	0	0	0	0	0	0	0	0	15.0085	22.9627	0	0	0	0	0	0	0	0
k107_9857940 flag=0 multi=21.0446 len=31345	31345	16.9266	0	0	0	0	0	0	0	0	0	0	0	0	0	0	16.9266	25.0936	0	0	0	0	0	0	0	0
k107_9986589 flag=0 multi=20.0012 len=23998	23998	15.042	0	0	0	0	0	0	0	0	0	0	0	0	0	0	15.042	22.9965	0	0	0	0	0	0	0	0
k107_5715485 flag=0 multi=17.0030 len=13319	13319	14.9737	0	0	0	0	0	0	0	0	0	0	0	0	0	0	14.9737	20.3658	0	0	0	0	0	0	0	0
k107_10285709 flag=0 multi=22.0166 len=6717	6717	17.6192	0	0	0	0	0	0	0	0	0	0	0	0	0	0	17.6192	30.2259	0	0	0	0	0	0	0	0
k107_21334691 flag=0 multi=26.0763 len=8927	8927	16.4904	0	0	0	0	0	0	0	0	0	0	0	0	0	0	16.4904	32.0214	0	0	0	0	0	0	0	0
k107_14153660 flag=0 multi=23.6783 len=114214	114214	16.4313	0.00264239	0.00322335	0	0	0	0	0	0	0	0	0	0	0	0	16.426	25.3811	0	0	0.00264239	0.00366065	0	0	0	0
k107_16941882 flag=0 multi=28.0184 len=76847	76847	15.8986	0	0	0	0	0	0	0	0	0	0	0	0	0	0	15.8986	22.3402	0	0	0	0	0	0	0	0
k107_6153715 flag=0 multi=28.0031 len=89551	89551	15.5194	0	0	0	0	0	0	0	0	0	0	0	0	0	0	15.516	20.9146	0.00337259	0.00448649	0	0	0	0	0	0
k107_26479534 flag=0 multi=21.0496 len=25945	25945	17.0475	0	0	0	0	0	0	0	0	0	0	0	0	0	0	17.0358	23.1608	0.0117381	0.0116473	0	0	0	0	0	0
k107_17165233 flag=1 multi=17.8803 len=87807	87807	16.6384	0	0	0	0	0	0	0	0	0	0	0	0	0	0	16.6384	23.1985	0	0	0	0	0	0	0	0
k107_5176126 flag=1 multi=23.0000 len=14283	14283	18.176	0	0	0	0	0	0	0	0	0	0	0	0	0	0	18.176	24.0711	0	0	0	0	0	0	0	0
k107_23169517 flag=1 multi=17.0118 len=14004	14004	16.0427	0	0	0	0	0	0	0	0	0	0	0	0	0	0	16.0427	30.0463	0	0	0	0	0	0	0	0
k107_12001406 flag=1 multi=31.0000 len=15780	15780	15.568	0	0	0	0	0	0	0	0	0	0	0	0	0	0	15.568	17.617	0	0	0	0	0	0	0	0
k107_23849811 flag=0 multi=16.0122 len=19743	19743	16.6128	0	0	0	0	0	0	0	0	0	0	0	0	0	0	16.6051	22.7038	0.00771565	0.00770765	0	0	0	0	0	0
k107_13775248 flag=0 multi=33.0172 len=6918	6918	16.2926	0	0	0	0	0	0	0	0	0	0	0	0	0	0	16.2926	20.304	0	0	0	0	0	0	0	0
k107_16019329 flag=0 multi=20.7267 len=45749	45749	15.5929	0	0	0	0	0	0	0	0	0	0	0	0	0	0	15.5929	20.4345	0	0	0	0	0	0	0	0
k107_13073681 flag=1 multi=22.0335 len=6373	6373	13.7895	0	0	0	0	0	0	0	0	0	0	0	0	0	0	13.7669	25.9306	0	0	0	0	0	0	0.0225663	0.02222
k107_4570184 flag=0 multi=22.4636 len=13363	13363	19.1802	0	0	0	0	0	0	0	0	0	0	0	0	0	0	19.157	30.5979	0.0231223	0.0323922	0	0	0	0	0	0
k107_15268105 flag=0 multi=15.2784 len=22333	22333	15.3045	0	0	0	0	0	0	0	0	0	0	0	0	0	0	15.2977	24.2354	0.00685398	0.00680652	0	0	0	0	0	0
k107_10234063 flag=0 multi=31.8827 len=44353	44353	16.4578	0	0	0	0	0	0	0	0	0	0	0	0	0	0	16.4408	26.1589	0.0170484	0.0210794	0	0	0	0	0	0
k107_17381705 flag=0 multi=15.6474 len=33756	33756	15.4926	0	0	0	0	0	0	0	0	0	0	0	0	0	0	15.4926	22.7026	0	0	0	0	0	0	0	0
k107_20647898 flag=0 multi=14.0803 len=15136	15136	14.4439	0	0	0	0	0	0	0	0	0	0	0	0	0	0	14.4439	20.3867	0	0	0	0	0	0	0	0
k107_27137456 flag=0 multi=24.2810 len=3548	3548	16.4251	0	0	0	0	0	0	0	0	0	0	0	0	0	0	16.4251	16.5057	0	0	0	0	0	0	0	0
k107_14347932 flag=0 multi=24.7333 len=48597	48597	16.4373	0	0	0	0	0	0	0	0	0	0	0	0	0	0	16.431	29.6002	0.00625324	0.00894471	0	0	0	0	0	0
k107_20291496 flag=0 multi=28.0292 len=12382	12382	16.4696	0	0	0	0	0	0	0	0	0	0	0	0	0	0	16.4696	25.228	0	0	0	0	0	0	0	0
k107_25712944 flag=0 multi=31.9977 len=28970	28970	17.2533	0	0	0	0	0	0	0	0	0	0	0	0	0	0	17.2533	32.2374	0	0	0	0	0	0	0	0
k107_12253114 flag=0 multi=50.0740 len=11264	11264	14.9362	0	0	0	0	0	0	0	0	0	0	0	0	0	0	14.9087	23.0481	0.0275497	0.0366486	0	0	0	0	0	0
k107_6176849 flag=0 multi=39.1764 len=43513	43513	15.1757	0	0	0	0	0	0	0	0	0	0	0	0	0	0	15.1757	20.7572	0	0	0	0	0	0	0	0
k107_313632 flag=0 multi=19.0000 len=15649	15649	15.573	0	0	0	0	0	0	0	0	0	0	0	0	0	0	15.573	22.5813	0	0	0	0	0	0	0	0
k107_27002714 flag=0 multi=14.5412 len=6411	6411	15.4772	0	0	0	0	0	0	0	0	0	0	0	0	0	0	15.4772	18.0986	0	0	0	0	0	0	0	0
k107_18245160 flag=0 multi=59.0549 len=8218	8218	17.1556	0	0	0	0	0	0	0	0	0	0	0	0	0	0	17.1556	19.3813	0	0	0	0	0	0	0	0
k107_11983616 flag=0 multi=16.0494 len=25977	25977	17.4679	0	0	0	0	0	0	0	0	0	0	0	0	0	0	17.4679	32.9314	0	0	0	0	0	0	0	0
k107_19574852 flag=0 multi=16.0298 len=20802	20802	17.472	0	0	0	0	0	0	0	0	0	0	0	0	0	0	17.4572	25.53	0.0147317	0.0182222	0	0	0	0	0	0
k107_16473414 flag=0 multi=46.9932 len=24714	24714	15.4021	0	0	0	0	0	0	0	0	0	0	0.00602163	0.00615492	0	0	15.3961	21.8324	0	0	0	0	0	0	0	0
k107_33318332 flag=0 multi=17.0239 len=2532	2532	15.9377	0	0	0	0	0	0	0	0	0	0	0	0	0	0	15.9377	11.084	0	0	0	0	0	0	0	0
k107_4633945 flag=0 multi=21.0654 len=31781	31781	16.5779	0	0	0	0	0	0	0	0	0	0	0	0	0	0	16.5779	22.2205	0	0	0	0	0	0	0	0
k107_27404405 flag=0 multi=18.0063 len=75625	75625	16.041	0	0	0	0	0	0	0	0	0	0	0	0	0	0	16.041	25.1878	0	0	0	0	0	0	0	0
k107_18459346 flag=0 multi=17.0378 len=29423	29423	16.9259	0	0	0	0	0	0	0	0	0	0	0	0	0	0	16.9259	23.6225	0	0	0	0	0	0	0	0
k107_7821338 flag=0 multi=25.2054 len=2765	2765	16.123	0	0	0	0	0	0	0	0	0	0	0	0	0	0	16.123	18.5141	0	0	0	0	0	0	0	0
k107_9156279 flag=1 multi=25.0000 len=33556	33556	15.8847	0	0	0	0	0	0	0	0	0	0	0	0	0	0	15.8847	26.8061	0	0	0	0	0	0	0	0
k107_27502947 flag=0 multi=20.0876 len=6092	6092	14.4404	0	0	0	0	0	0	0	0	0	0	0	0	0	0	14.4404	23.0653	0	0	0	0	0	0	0	0
k107_15115820 flag=0 multi=19.0175 len=24155	24155	17.1758	0	0	0	0	0	0	0	0	0	0	0	0	0	0	17.1758	20.9246	0	0	0	0	0	0	0	0
k107_5935193 flag=0 multi=102.0163 len=6606	6606	15.2602	0	0	0	0	0	0	0	0	0	0	0	0	0	0	15.2602	17.4941	0	0	0	0	0	0	0	0
k107_31600552 flag=0 multi=17.9109 len=48328	48328	16.2205	0	0	0	0	0	0	0	0	0	0	0	0	0	0	16.2205	22.5252	0	0	0	0	0	0	0	0
k107_13613036 flag=0 multi=29.2071 len=233957	233957	15.3291	0	0	0	0	0	0	0	0	0	0	0	0	0	0	15.3245	23.5675	0.00387323	0.00453602	0.000633413	0.000645482	0	0	0	0
k107_20925391 flag=0 multi=61.9795 len=12059	12059	16.6759	0	0	0	0	0	0	0	0	0	0	0	0	0	0	16.6503	29.9811	0.0256018	0.0340469	0	0	0	0	0	0
k107_27158508 flag=0 multi=25.0116 len=72258	72258	14.382	0	0	0	0	0	0	0	0	0	0	0	0	0	0	14.3779	22.0023	0.00418311	0.00418412	0	0	0	0	0	0
k107_6644449 flag=0 multi=26.5940 len=66381	66381	15.4727	0	0	0	0	0	0	0	0	0.00457029	0.00670468	0	0	0	0	15.4681	24.4187	0	0	0	0	0	0	0	0
k107_8987174 flag=0 multi=17.0516 len=28729	28729	16.1525	0	0	0	0	0	0	0	0	0	0	0	0	0	0	16.1525	24.5521	0	0	0	0	0	0	0	0
k107_10639010 flag=0 multi=27.3632 len=6004	6004	17.433	0	0	0	0	0	0	0	0	0	0	0	0	0	0	17.433	22.5162	0	0	0	0	0	0	0	0
k107_16365454 flag=0 multi=15.8678 len=51375	51375	15.0837	0	0	0	0	0	0	0	0	0	0	0	0	0	0	15.0837	23.1476	0	0	0	0	0	0	0	0
k107_15630942 flag=1 multi=27.9715 len=40349	40349	16.1756	0	0	0	0	0	0	0	0	0	0	0	0	0	0	16.1756	25.3305	0	0	0	0	0	0	0	0
k107_2813332 flag=0 multi=16.5628 len=8931	8931	15.4016	0	0	0	0	0	0	0	0	0	0	0	0	0	0	15.4016	34.0809	0	0	0	0	0	0	0	0
k107_1869760 flag=0 multi=27.0000 len=61038	61038	15.5558	0	0	0	0	0.00243678	0.00247405	0	0	0	0	0	0	0	0	15.551	23.6413	0.00243678	0.0024753	0	0	0	0	0	0
k107_10787674 flag=0 multi=17.0029 len=63698	63698	16.6948	0	0	0	0	0	0	0.00233453	0.00237618	0	0	0	0	0	0	16.6805	26.3323	0.0119093	0.0154095	0	0	0	0	0	0
k107_31573414 flag=0 multi=39.0257 len=15585	15585	15.1204	0	0	0	0	0	0	0	0	0	0	0	0	0	0	15.1204	27.0106	0	0	0	0	0	0	0	0
k107_10435722 flag=0 multi=14.9384 len=91412	91412	16.275	0	0	0	0	0	0	0	0	0	0	0	0	0	0	16.275	22.2302	0	0	0	0	0	0	0	0
k107_14506886 flag=0 multi=34.9752 len=3657	3657	15.5452	0	0	0	0	0	0	0	0	0	0	0	0	0	0	15.5452	17.7914	0	0	0	0	0	0	0	0
k107_30410213 flag=0 multi=15.0257 len=15911	15911	15.3666	0	0	0	0	0	0	0	0	0	0	0	0	0	0	15.3666	23.6614	0	0	0	0	0	0	0	0
k107_24721604 flag=1 multi=36.2828 len=123744	123744	15.1247	0	0	0	0	0	0	0	0	0	0	0	0	0	0	15.1235	21.2999	0.00119084	0.00122164	0	0	0	0	0	0
k107_16669120 flag=0 multi=40.8184 len=3329	3329	14.6964	0	0	0	0	0	0	0	0	0	0	0	0	0	0	14.6964	20.8299	0	0	0	0	0	0	0	0
k107_4296004 flag=0 multi=16.6489 len=32070	32070	16.2398	0	0	0	0	0	0	0	0	0	0	0	0	0	0	16.2398	21.325	0	0	0	0	0	0	0	0
k107_28855243 flag=0 multi=14.0623 len=35015	35015	15.6489	0	0	0.00852706	0.0144869	0.00429234	0.00432754	0	0	0	0	0	0	0	0	15.6319	22.2629	0	0	0	0	0.00423472	0.00432768	0	0
k107_4144852 flag=1 multi=22.0024 len=91174	91174	15.3516	0	0	0	0	0	0	0	0	0.00330135	0.00510826	0	0	0	0	15.34	21.9287	0.00829739	0.0128638	0	0	0	0	0	0
k107_19561842 flag=0 multi=27.0028 len=54990	54990	16.2808	0	0	0	0	0	0	0	0	0	0	0	0	0	0	16.2808	24.6871	0	0	0	0	0	0	0	0
k107_4364682 flag=0 multi=16.3944 len=36830	36830	15.3996	0	0	0	0	0	0	0	0	0	0	0	0	0	0	15.3955	21.3854	0.00413381	0.00411569	0	0	0	0	0	0
k107_26318492 flag=0 multi=30.0012 len=79093	79093	16.1954	0	0	0	0	0	0	0	0	0	0	0	0	0	0	16.1839	21.9593	0.0114607	0.0139289	0	0	0	0	0	0
k107_31315149 flag=0 multi=40.9243 len=37177	37177	15.5502	0	0	0	0	0	0	0	0	0	0	0	0	0	0	15.5502	22.7263	0	0	0	0	0	0	0	0
k107_4887527 flag=0 multi=15.0583 len=5339	5339	15.8987	0	0	0	0	0	0	0	0	0	0	0	0	0	0	15.8987	13.8518	0	0	0	0	0	0	0	0
k107_14612781 flag=0 multi=16.5873 len=3213	3213	15.788	0	0	0	0	0	0	0	0	0	0	0	0	0	0	15.788	19.1398	0	0	0	0	0	0	0	0
k107_13570342 flag=0 multi=17.4413 len=24834	24834	16.2495	0	0	0	0	0	0	0	0	0	0	0	0	0	0	16.2495	21.8705	0	0	0	0	0	0	0	0
k107_12028054 flag=0 multi=25.0000 len=53794	53794	17.0015	0	0	0	0	0	0	0	0	0	0	0	0	0	0	17.0015	22.4378	0	0	0	0	0	0	0	0
k107_20179707 flag=0 multi=22.2729 len=20339	20339	17.1917	0	0	0	0	0	0	0	0	0	0	0	0	0	0	17.1843	27.4688	0.00748615	0.00748142	0	0	0	0	0	0
k107_22671869 flag=0 multi=40.9644 len=6293	6293	15.9002	0	0	0	0	0	0	0	0	0	0	0	0	0	0	15.9002	20.8956	0	0	0	0	0	0	0	0
k107_25703040 flag=0 multi=26.9968 len=10646	10646	16.9747	0	0	0	0	0	0	0	0	0	0	0	0	0	0	16.9747	23.6898	0	0	0	0	0	0	0	0
k107_19668931 flag=0 multi=20.6596 len=41486	41486	15.8815	0	0	0	0	0	0	0	0	0	0	0	0	0	0	15.8815	19.9021	0	0	0	0	0	0	0	0
k107_32825998 flag=0 multi=26.7345 len=31075	31075	17.0893	0	0	0	0	0	0	0	0	0	0	0	0	0	0	17.0893	26.4801	0	0	0	0	0	0	0	0
k107_26471602 flag=0 multi=26.2385 len=4153	4153	16.4248	0	0	0	0	0	0	0	0	0	0	0	0	0	0	16.4248	32.9431	0	0	0	0	0	0	0	0
k107_13982100 flag=0 multi=46.0407 len=41235	41235	15.7527	0	0	0	0	0	0	0	0	0	0	0	0	0	0	15.7527	25.4541	0	0	0	0	0	0	0	0
k107_31863685 flag=0 multi=41.4268 len=3483	3483	15.5721	0	0	0	0	0.237032	0.567234	0	0	0	0	0	0	0	0	15.3351	12.807	0	0	0	0	0	0	0	0
k107_19832801 flag=0 multi=41.0656 len=49502	49502	16.2669	0	0	0	0	0	0	0	0	0	0	0	0	0	0	16.2669	22.8572	0	0	0	0	0	0	0	0
k107_13836693 flag=0 multi=24.0064 len=8237	8237	14.598	0	0	0	0	0	0	0	0	0	0	0	0	0	0	14.598	19.5482	0	0	0	0	0	0	0	0
k107_21227676 flag=0 multi=23.9171 len=36788	36788	15.9587	0	0	0	0	0	0	0	0	0	0	0	0	0	0	15.9587	19.2487	0	0	0	0	0	0	0	0
k107_12566986 flag=1 multi=16.0236 len=9380	9380	15.5901	0	0	0	0	0	0	0	0	0	0	0	0	0	0	15.5901	22.1882	0	0	0	0	0	0	0	0
k107_16637266 flag=0 multi=22.5890 len=9336	9336	16.9692	0	0	0	0	0	0	0	0	0	0	0	0	0	0	16.9692	28.5198	0	0	0	0	0	0	0	0
k107_13728284 flag=0 multi=17.2934 len=41308	41308	16.1294	0	0	0	0	0	0	0	0	0	0	0	0	0	0	16.1257	25.4101	0.00368239	0.00366969	0	0	0	0	0	0
k107_2637572 flag=0 multi=51.0040 len=37566	37566	15.8321	0	0	0	0	0	0	0	0	0	0	0	0	0	0	15.8321	22.067	0	0	0	0	0	0	0	0
k107_14827605 flag=0 multi=18.0522 len=14821	14821	15.1592	0	0	0	0	0	0	0	0	0	0	0	0	0	0	15.1592	22.1389	0	0	0	0	0	0	0	0
k107_14665539 flag=0 multi=21.0632 len=2719	2719	17.6218	0.185354	0.494254	0	0	0.0620604	0.0585962	0	0	0.0608192	0.0585959	0	0	0	0	17.3136	24.0048	0	0	0	0	0	0	0	0
k107_35008546 flag=0 multi=19.0000 len=17562	17562	16.4182	0	0	0	0	0	0	0	0	0	0	0	0	0	0	16.4182	27.2946	0	0	0	0	0	0	0	0
k107_6401383 flag=0 multi=65.6564 len=5933	5933	17.0721	0	0	0	0	0	0	0	0	1.04085	2.2826	0	0	0	0	16.0313	15.7121	0	0	0	0	0	0	0	0
k107_18027724 flag=0 multi=23.0672 len=12450	12450	15.0351	0	0	0	0	0	0	0	0	0	0	0	0	0	0	15.0351	24.0202	0	0	0	0	0	0	0	0
k107_28233864 flag=1 multi=23.0525 len=39070	39070	14.8704	0	0	0	0	0	0	0	0	0	0	0	0	0	0	14.8704	22.4297	0	0	0	0	0	0	0	0
k107_1749412 flag=0 multi=21.8865 len=211662	211662	15.5779	0	0	0	0	0.00142884	0.00196486	0	0	0	0	0	0	0	0	15.5757	22.8937	0.000714421	0.000713675	0	0	0	0	0	0
k107_8923219 flag=0 multi=18.0066 len=7383	7383	15.5139	0	0	0	0	0	0	0	0	0	0	0	0	0	0	15.5139	28.603	0	0	0	0	0	0	0	0
k107_4479340 flag=0 multi=17.0026 len=76392	76392	15.9536	0	0	0	0	0	0	0	0	0	0	0	0	0	0	15.9496	24.3681	0.00396898	0.00585582	0	0	0	0	0	0
k107_16496084 flag=0 multi=19.9451 len=62120	62120	15.4344	0	0	0	0	0	0	0	0	0	0	0	0	0	0	15.4295	22.9984	0.00488531	0.0082295	0	0	0	0	0	0
k107_28099820 flag=0 multi=14.3103 len=14682	14682	13.0111	0	0	0	0	0	0	0	0	0	0	0	0	0	0	13.0111	23.2824	0	0	0	0	0	0	0	0
k107_26286940 flag=0 multi=16.1765 len=9886	9886	14.2045	0	0	0	0	0	0	0	0	0	0	0	0	0	0	14.2045	18.0469	0	0	0	0	0	0	0	0
k107_33952275 flag=0 multi=15.0015 len=35610	35610	14.7665	0	0	0	0	0	0	0	0	0	0	0	0	0	0	14.7538	17.7819	0.00422001	0.00425571	0.00852498	0.00944029	0	0	0	0
k107_2444200 flag=0 multi=31.1794 len=5948	5948	15.1624	0	0	0	0	0	0	0	0	0	0	0	0	0	0	15.1624	23.6993	0	0	0	0	0	0	0	0
k107_24939893 flag=0 multi=14.0791 len=11849	11849	13.8426	0	0	0	0	0	0	0	0	0	0	0	0	0	0	13.8426	22.3331	0	0	0	0	0	0	0	0
k107_1537339 flag=0 multi=24.4609 len=21549	21549	16.1846	0	0	0	0	0	0	0	0	0	0	0	0	0	0	16.1846	20.8282	0	0	0	0	0	0	0	0
k107_24365814 flag=0 multi=36.9557 len=3041	3041	15.8441	0	0	0	0	0	0	0	0	0	0	0	0	0	0	15.7368	21.1813	0	0	0	0	0.107338	0.141229	0	0
k107_13738364 flag=0 multi=19.0011 len=81750	81750	16.7907	0	0	0	0	0	0	0	0	0	0	0	0	0	0	16.7907	22.5169	0	0	0	0	0	0	0	0
k107_20640590 flag=0 multi=26.9981 len=42134	42134	15.0367	0	0	0	0	0	0	0	0	0	0	0	0	0	0	15.0331	24.4623	0.00360968	0.00359766	0	0	0	0	0	0
k107_4953548 flag=0 multi=21.1559 len=48064	48064	16.515	0	0	0	0	0	0	0	0	0	0	0	0	0	0	16.515	23.9495	0	0	0	0	0	0	0	0
k107_33534124 flag=0 multi=29.0011 len=47783	47783	15.6723	0	0	0	0	0	0	0	0	0	0	0	0	0	0	15.6723	24.9312	0	0	0	0	0	0	0	0
k107_34608700 flag=0 multi=14.0119 len=24717	24717	15.1454	0	0	0	0	0	0	0	0	0	0	0	0	0	0	15.1454	23.2588	0	0	0	0	0	0	0	0
k107_4367419 flag=0 multi=12.0098 len=23406	23406	14.835	0	0	0	0	0	0	0	0	0	0	0	0	0	0	14.8219	28.045	0.0130713	0.0129014	0	0	0	0	0	0
k107_9894807 flag=0 multi=34.8863 len=34244	34244	17.2481	0	0	0	0	0	0	0	0	0	0	0	0	0	0	17.2481	21.511	0	0	0	0	0	0	0	0
k107_26408817 flag=0 multi=38.0486 len=33724	33724	17.1095	0	0	0	0	0	0	0	0	0	0	0	0	0	0	17.1095	23.0709	0	0	0	0	0	0	0	0
k107_4995452 flag=0 multi=22.0041 len=42449	42449	16.0359	0	0	0	0	0	0	0	0	0	0	0	0	0	0	16.0359	21.9693	0	0	0	0	0	0	0	0
k107_26247480 flag=0 multi=16.0032 len=11294	11294	16.1869	0	0	0	0	0	0	0	0	0	0	0	0	0	0	16.1869	26.1509	0	0	0	0	0	0	0	0
