contigName	contigLen	totalAvgDepth	Cen01_MA.bam	Cen01_MA.bam-var	Cen03_MA.bam	Cen03_MA.bam-var	Cen04_MA.bam	Cen04_MA.bam-var	Cen05_MA.bam	Cen05_MA.bam-var	Cen06_MA.bam	Cen06_MA.bam-var	Cen07_MA.bam	Cen07_MA.bam-var	Cen10_MA.bam	Cen10_MA.bam-var	Cen12_MA.bam	Cen12_MA.bam-var	Cen14_MA.bam	Cen14_MA.bam-var	Cen15_MA.bam	Cen15_MA.bam-var	Cen16_MA.bam	Cen16_MA.bam-var	Cen17_MA.bam	Cen17_MA.bam-var
k107_8688545 flag=0 multi=30.1321 len=5511	5511	17.8121	0	0	0	0	0	0	0	0	0	0	0	0	3.24861	3.87937	0.173354	0.389112	3.52217	5.02014	10.8679	18.2044	0	0	0	0
k107_6858311 flag=1 multi=9.0000 len=56222	56222	10.4056	0	0	0	0	0	0	0	0	0.00540057	0.00766169	0	0	3.18788	3.91138	0.124088	0.155197	7.07743	10.6719	0.0108011	0.0154818	0	0	0	0
k107_21661513 flag=0 multi=27.4296 len=3054	3054	19.8234	0	0	0	0	0	0	0	0	0	0	0	0	3.71621	5.26262	0	0	3.7242	3.67548	12.2751	12.6584	0.107922	0.127543	0	0
k107_16847513 flag=0 multi=22.7225 len=11041	11041	9.82456	0	0	0	0	0	0	0	0	0	0	0	0	3.03836	2.68195	0.168079	0.290769	6.61812	13.6232	0	0	0	0	0	0
k107_9993095 flag=1 multi=10.0000 len=19916	19916	10.8494	0	0	0	0	0	0	0	0	0	0	0	0	3.16896	3.9178	0.17615	0.299727	7.48894	12.2817	0.0153972	0.0190383	0	0	0	0
k107_28186285 flag=0 multi=9.8863 len=48033	48033	9.84901	0	0	0	0	0	0	0	0	0	0	0	0	3.05181	4.12474	0.196015	0.281561	6.5949	8.73662	0.00628522	0.00783367	0	0	0	0
k107_2519235 flag=1 multi=9.0000 len=19939	19939	10.7823	0	0	0	0	0	0	0	0	0	0	0	0	3.13266	3.97997	0.115293	0.136643	7.48831	9.58411	0.0460355	0.057558	0	0	0	0
k107_5786475 flag=1 multi=6.0000 len=4453	4453	7.38449	0	0	0	0	0	0	0	0	0	0	0	0	0	0	0	0	6.74127	8.78745	0.217538	0.321972	0.425681	0.599684	0	0
k107_9163291 flag=1 multi=10.0000 len=28569	28569	10.5472	0	0	0	0	0	0	0	0	0	0	0	0	3.30686	4.54978	0.189161	0.24781	7.04054	10.9212	0.0106485	0.0157386	0	0	0	0
k107_2626547 flag=0 multi=9.0046 len=59113	59113	10.2755	0	0	0	0	0	0	0	0	0.00513509	0.00609773	0	0	3.10631	3.84662	0.169237	0.288782	6.99485	9.53669	0	0	0	0	0	0
k107_27304602 flag=0 multi=14.0110 len=73658	73658	10.6546	0	0	0	0	0	0	0	0	0	0	0	0	3.31918	4.37838	0.168589	0.228321	7.16068	8.90963	0.00616173	0.0102747	0	0	0	0
k107_2023619 flag=1 multi=12.0000 len=67313	67313	10.6457	0	0	0	0	0	0	0	0	0.00901345	0.0103376	0	0	3.39846	4.80052	0.155228	0.223885	7.07399	10.019	0.0089836	0.0143954	0	0	0	0
k107_16912304 flag=0 multi=45.0564 len=11392	11392	10.1304	0	0	0	0	0	0	0	0	0	0	0	0	3.53147	4.21855	0.190352	0.253861	6.40857	8.19136	0	0	0	0	0	0
k107_31563822 flag=0 multi=22.0175 len=26263	26263	10.8006	0	0	0	0	0	0	0	0	0	0	0	0	3.29221	4.39827	0.210277	0.314063	7.2867	10.0984	0.0114402	0.0186606	0	0	0	0
k107_2607087 flag=0 multi=10.1734 len=19357	19357	10.9897	0	0	0	0	0	0	0	0	0	0	0	0	3.17219	4.60517	0.221727	0.376757	7.5958	9.96266	0	0	0	0	0	0
k107_26609898 flag=1 multi=9.0000 len=20725	20725	9.94771	0	0	0	0	0	0	0	0	0	0	0	0	3.32982	4.4505	0.0960682	0.114593	6.52181	9.61988	0	0	0	0	0	0
k107_23695050 flag=1 multi=7.0000 len=3231	3231	9.61489	0	0	0	0	0	0	0	0	0	0	0	0	3.10277	4.12247	0.103107	0.166958	6.40901	7.86378	0	0	0	0	0	0
k107_15114476 flag=1 multi=24.0000 len=10552	10552	10.4222	0.011122	0.0111917	0	0	0	0	0.0105366	0.0107103	0	0	0	0	3.59034	3.78052	0.117659	0.134814	6.69259	11.5457	0	0	0	0	0	0
k107_16908970 flag=0 multi=11.2181 len=5050	5050	12.0952	0	0	0	0	0	0	0	0	0	0	0	0	3.75	5.46114	0.196714	0.201867	8.14848	6.96506	0	0	0	0	0	0
k107_6049859 flag=1 multi=8.0000 len=11132	11132	9.69806	0	0	0.0278855	0.040211	0	0	0	0	0	0	0	0	3.31782	3.78454	0.111357	0.114442	6.241	8.18571	0	0	0	0	0	0
k107_32998420 flag=0 multi=9.1047 len=11220	11220	9.48159	0	0	0	0	0	0	0	0	0	0	0	0	2.77441	3.27989	0.185107	0.243021	6.52207	12.0979	0	0	0	0	0	0
k107_4878945 flag=1 multi=10.0000 len=4586	4586	10.5507	0	0	0	0	0	0	0	0	0	0	0	0	3.39146	5.89929	0.329132	0.504401	6.83007	8.463	0	0	0	0	0	0
k107_4404491 flag=0 multi=15.2038 len=2693	2693	12.0092	0	0	0	0	0	0	0	0	0	0	0	0	3.25763	6.62107	0.114178	0.161435	8.63739	8.55538	0	0	0	0	0	0
k107_2168091 flag=0 multi=11.0600 len=19153	19153	11.2688	0	0	0	0	0	0	0	0	0	0	0	0	3.58267	5.78231	0.144077	0.164658	7.52607	10.6863	0.0160204	0.0157611	0	0	0	0
k107_9101266 flag=1 multi=12.0000 len=29752	29752	10.8435	0	0	0	0	0	0	0	0	0	0	0	0	3.51171	4.34108	0.12292	0.16924	7.19864	11.6042	0.0102547	0.0117015	0	0	0	0
k107_5964045 flag=0 multi=18.8897 len=23174	23174	10.6598	0	0	0	0	0	0	0	0	0.0132039	0.0131261	0	0	3.50411	4.19109	0.151452	0.230179	6.99104	9.14144	0	0	0	0	0	0
k107_2238201 flag=1 multi=12.0000 len=43688	43688	9.99769	0	0	0	0	0	0	0	0	0.0139215	0.0182415	0	0	3.20477	4.1565	0.132255	0.185561	6.64675	9.43281	0	0	0	0	0	0
k107_34615511 flag=1 multi=12.2868 len=14834	14834	10.6259	0	0	0	0	0	0	0	0	0	0	0	0	3.25083	4.73315	0.249243	0.452686	7.10508	12.0665	0.0207817	0.0343871	0	0	0	0
k107_5603332 flag=1 multi=23.0000 len=41013	41013	10.3665	0	0	0	0	0	0	0	0	0	0	0	0	3.15708	3.35513	0.158974	0.226476	7.0504	8.78155	0	0	0	0	0	0
k107_2608876 flag=0 multi=13.0196 len=25084	25084	9.74296	0	0	0	0	0	0	0	0	0.0121863	0.0138153	0	0	3.08337	3.90408	0.146356	0.245862	6.50105	7.42763	0	0	0	0	0	0
k107_7635924 flag=1 multi=10.0000 len=48842	48842	10.5046	0	0	0	0	0	0	0	0	0	0	0	0	3.159	3.82017	0.193923	0.254944	7.1392	9.26808	0.0124433	0.0181861	0	0	0	0
k107_7634151 flag=1 multi=9.0000 len=13239	13239	10.1924	0	0	0	0	0	0	0	0	0	0	0	0	3.16008	3.08944	0.140063	0.192167	6.89225	9.08105	0	0	0	0	0	0
k107_9652787 flag=0 multi=27.0073 len=45408	45408	10.9888	0	0	0	0	0	0	0	0	0	0	0	0	3.23984	4.61671	0.170642	0.291752	7.56491	10.1471	0.0133907	0.021329	0	0	0	0
k107_278706 flag=1 multi=9.0000 len=13809	13809	10.9802	0	0	0	0	0	0	0	0	0	0	0	0	3.75672	5.64181	0.245724	0.393842	6.97772	7.89384	0	0	0	0	0	0
k107_4404726 flag=0 multi=11.0265 len=8459	8459	10.1824	0	0	0	0	0	0	0	0	0	0	0	0	3.1872	5.57569	0.221773	0.336854	6.77345	8.4879	0	0	0	0	0	0
k107_8474649 flag=0 multi=36.0999 len=15969	15969	10.2238	0	0	0	0	0	0	0	0	0	0	0	0	3.32929	3.37305	0.0961894	0.129346	6.76939	6.85927	0.0289143	0.0280794	0	0	0	0
k107_2403073 flag=1 multi=10.0000 len=34765	34765	10.4236	0	0	0	0	0	0	0	0	0	0	0	0	3.01903	3.26437	0.135595	0.199629	7.26898	10.9389	0	0	0	0	0	0
k107_14042281 flag=0 multi=13.0041 len=62564	62564	10.9646	0	0	0	0	0	0	0	0	0	0	0	0	3.43932	4.73583	0.164868	0.21604	7.36043	9.85278	0	0	0	0	0	0
k107_29022338 flag=0 multi=10.0159 len=47065	47065	9.69016	0	0	0	0	0	0	0	0	0	0	0	0	2.87338	3.23141	0.141864	0.265193	6.662	8.57272	0.0064581	0.00949129	0.0064581	0.00803867	0	0
k107_14359613 flag=0 multi=12.8086 len=35774	35774	10.9346	0	0	0	0	0	0	0	0	0	0	0	0	3.54116	4.68846	0.127537	0.17033	7.2659	10.3515	0	0	0	0	0	0
k107_35690140 flag=1 multi=6.0000 len=3117	3117	6.89201	0	0	0	0	0	0	0	0	0	0	0	0	0	0	0	0	6.89201	10.2757	0	0	0	0	0	0
k107_33477506 flag=1 multi=9.0000 len=7849	7849	10.8422	0	0	0	0	0	0	0	0	0	0	0	0	2.90486	3.30145	0.158209	0.219549	7.77912	13.0485	0	0	0	0	0	0
k107_22540031 flag=1 multi=15.0000 len=30733	30733	10.6091	0	0	0	0	0	0	0	0	0	0	0	0	3.57379	4.77082	0.109034	0.140647	6.91137	8.94538	0.0148861	0.0146591	0	0	0	0
k107_33720228 flag=0 multi=35.1482 len=7959	7959	9.26708	0	0	0	0	0	0	0	0	0	0	0	0	2.65313	4.1874	0.25271	0.360933	6.36124	10.1085	0	0	0	0	0	0
k107_10237571 flag=0 multi=10.0269 len=55111	55111	11.261	0	0	0	0	0	0	0	0	0	0	0	0	3.66263	5.08261	0.19256	0.33133	7.39484	10.7111	0.0110018	0.0137822	0	0	0	0
k107_5638761 flag=0 multi=9.0029 len=67134	67134	10.9555	0	0	0	0	0	0	0	0	0	0	0	0	3.27577	4.59136	0.167869	0.245707	7.49153	9.92496	0.0203046	0.0261773	0	0	0	0
k107_27952446 flag=1 multi=11.0000 len=14737	14737	9.931	0	0	0	0	0	0	0	0	0	0	0	0	3.51832	4.87543	0.302875	0.460446	6.1098	8.26776	0	0	0	0	0	0
k107_14691100 flag=1 multi=15.0000 len=21366	21366	10.7263	0	0	0	0	0	0	0	0	0	0	0	0	3.36024	4.02365	0.214822	0.277066	7.13687	9.19031	0.0143373	0.0246709	0	0	0	0
k107_34876282 flag=0 multi=26.0524 len=28349	28349	10.044	0	0	0	0	0	0	0	0	0	0	0	0	3.16469	2.87242	0.204407	0.379324	6.63729	7.91622	0.0376154	0.0449717	0	0	0	0
k107_23322596 flag=0 multi=12.0178 len=58890	58890	11.2858	0	0	0	0	0	0	0	0	0	0	0	0	3.4073	4.64464	0.180156	0.239723	7.68284	11.3617	0.0154639	0.0241364	0	0	0	0
k107_12300342 flag=1 multi=14.0000 len=28240	28240	10.3364	0	0	0	0	0	0	0	0	0	0	0	0	3.27275	3.94781	0.144355	0.189241	6.91929	8.4018	0	0	0	0	0	0
k107_3724752 flag=1 multi=8.0000 len=4759	4759	9.28943	0	0	0	0	0	0	0	0	0	0	0	0	2.91519	4.47887	0.0675342	0.0874071	6.30671	7.43679	0	0	0	0	0	0
k107_34279910 flag=1 multi=7.0000 len=2608	2608	8.56071	0	0	0	0	0	0	0	0	0	0	0	0	1.96314	4.73456	0.0654813	0.0612199	6.53209	5.47028	0	0	0	0	0	0
k107_8394457 flag=1 multi=17.8900 len=17258	17258	10.9454	0	0	0	0	0	0	0	0	0	0	0	0	3.17127	3.62359	0.21373	0.280487	7.56045	10.4086	0	0	0	0	0	0
k107_35750052 flag=0 multi=15.0354 len=8933	8933	10.7898	0	0	0	0	0	0	0	0	0	0	0	0	3.28467	5.13014	0.0348743	0.0460517	7.47028	8.31051	0	0	0	0	0	0
k107_23015972 flag=1 multi=11.0000 len=73147	73147	11.1385	0	0	0	0	0	0	0	0	0	0	0	0	3.61912	4.56006	0.177981	0.225674	7.32499	10.5617	0.0164322	0.0184369	0	0	0	0
k107_33007013 flag=0 multi=13.0180 len=56299	56299	10.1998	0	0	0	0	0	0	0	0	0	0	0	0	3.29802	3.92141	0.161741	0.266592	6.72391	9.53068	0.0161437	0.0368354	0	0	0	0
k107_13723138 flag=0 multi=15.0218 len=76816	76816	11.4863	0	0	0	0	0	0	0	0	0	0	0	0	3.45346	4.1751	0.173537	0.264047	7.84756	12.1687	0.0117364	0.0173296	0	0	0	0
k107_11826563 flag=1 multi=9.0000 len=8053	8053	10.7728	0	0	0	0	0	0	0	0	0	0	0	0	3.56367	3.60339	0.0620565	0.0966592	7.14708	11.5949	0	0	0	0	0	0
k107_14922827 flag=1 multi=12.0000 len=2663	2663	10.8873	0	0	0	0	0	0	0	0	0	0	0	0	4.05718	4.58056	0.333333	0.558897	6.49682	13.4052	0	0	0	0	0	0
k107_32240517 flag=1 multi=8.9725 len=2729	2729	10.0087	0	0	0	0	0	0	0	0	0	0	0	0	3.07911	6.03828	0.310672	0.426291	6.61887	15.1833	0	0	0	0	0	0
k107_2959099 flag=0 multi=9.0799 len=10231	10231	11.649	0	0	0	0	0	0	0	0	0	0	0	0	3.69181	4.7044	0.235069	0.308141	7.69171	8.29165	0.030416	0.0423806	0	0	0	0
k107_13361844 flag=1 multi=12.0000 len=4234	4234	10.2261	0	0	0	0	0	0	0	0	0	0	0	0	3.36928	2.51869	0	0	6.85682	7.56547	0	0	0	0	0	0
k107_15278292 flag=1 multi=11.0000 len=34844	34844	11.5407	0	0	0	0	0	0	0	0	0	0	0	0	3.35641	4.63796	0.193388	0.220171	7.9822	11.1636	0.00871403	0.0115705	0	0	0	0
k107_11405717 flag=1 multi=15.0000 len=57351	57351	10.4179	0	0	0	0	0	0	0	0	0	0	0	0	3.16251	4.13369	0.14279	0.189164	7.11259	8.7961	0	0	0	0	0	0
k107_12010965 flag=0 multi=10.2922 len=16417	16417	10.4074	0	0	0	0	0	0	0	0	0	0	0	0	3.26119	3.38369	0.0995346	0.118827	7.02792	8.4128	0.0187403	0.0183928	0	0	0	0
k107_6232872 flag=1 multi=11.0000 len=47488	47488	10.1675	0	0	0	0	0	0	0	0	0	0	0	0	2.99805	3.90203	0.268639	0.351871	6.8945	9.33368	0.00633663	0.00999576	0	0	0	0
k107_14938859 flag=0 multi=11.0162 len=15679	15679	10.8306	0	0	0	0	0	0	0	0	0	0	0	0	2.97451	3.70733	0.137478	0.209865	7.71861	10.0096	0	0	0	0	0	0
k107_15673943 flag=0 multi=25.0493 len=50010	50010	11.0667	0	0	0	0	0	0	0	0	0	0	0	0	3.72171	4.80512	0.13352	0.196517	7.18731	10.3311	0.0241812	0.0270969	0	0	0	0
k107_15651916 flag=0 multi=17.1373 len=69692	69692	10.363	0	0	0	0	0	0	0	0	0.00435221	0.00610015	0	0	3.28383	4.33277	0.132065	0.207296	6.93185	9.67679	0.0108805	0.0122929	0	0	0	0
k107_28615070 flag=1 multi=12.0000 len=47616	47616	11.2754	0	0	0	0	0	0	0	0	0	0	0	0	3.29315	4.70881	0.156296	0.218313	7.82591	10.5301	0	0	0	0	0	0
k107_25057252 flag=1 multi=24.0000 len=36537	36537	10.3009	0	0	0	0	0	0	0	0	0	0	0	0	3.19887	3.35595	0.141355	0.195943	6.96065	8.73523	0	0	0	0	0	0
k107_1337609 flag=0 multi=28.0000 len=27735	27735	10.3977	0	0	0.0014581	0.00153018	0	0	0	0	0	0	0	0	3.43502	5.50502	0.175883	0.253547	6.78533	9.12278	0	0	0	0	0	0
k107_15679952 flag=0 multi=9.0161 len=20225	20225	10.4807	0	0	0	0	0	0	0	0	0	0	0	0	3.03263	4.06408	0.105807	0.135298	7.31195	9.47606	0.0303167	0.0469642	0	0	0	0
k107_431431 flag=1 multi=7.0000 len=2588	2588	8.59143	0	0	0	0	0	0	0	0	0	0	0	0	0	0	0.131234	0.145343	8.46019	10.4161	0	0	0	0	0	0
k107_14483865 flag=1 multi=11.0000 len=120947	120947	10.6143	0	0	0	0	0	0	0	0	0	0	0	0	3.47036	4.36781	0.157321	0.24534	6.97031	9.87106	0.0162709	0.0314929	0	0	0	0
k107_16245226 flag=1 multi=11.0000 len=44959	44959	11.5974	0	0	0	0	0	0	0	0	0	0	0	0	3.49049	5.07477	0.206507	0.283748	7.88009	11.7212	0.020288	0.0347735	0	0	0	0
k107_16504202 flag=0 multi=9.6863 len=7798	7798	10.0243	0	0	0	0	0	0	0	0	0.0402882	0.0525429	0	0	3.09725	3.96554	0.0805763	0.118919	6.80616	6.879	0	0	0	0	0	0
k107_10655248 flag=0 multi=23.0088 len=18461	18461	9.72427	0	0	0	0	0	0	0	0	0	0	0	0	3.0641	3.20764	0.0830442	0.107209	6.57712	10.3765	0	0	0	0	0	0
k107_16200069 flag=0 multi=10.5921 len=10710	10710	10.4818	0	0	0	0	0	0	0	0	0	0	0	0	2.97387	3.11938	0.260953	0.480081	7.24702	9.80938	0	0	0	0	0	0
k107_1012990 flag=1 multi=33.0000 len=11117	11117	8.89394	0	0	0	0	0	0	0	0	1.51715	1.97305	0	0	0	0	0	0	6.3423	6.99719	1.03449	1.37434	0	0	0	0
k107_23390914 flag=0 multi=13.3591 len=6351	6351	12.3371	0	0	0	0	0	0	0	0	0	0	0	0	2.99273	3.74735	0.149116	0.176648	9.14631	14.6525	0	0	0.0489337	0.0474415	0	0
k107_24778858 flag=0 multi=10.0133 len=46942	46942	9.91724	0	0	0	0	0	0	0	0	0	0	0	0	3.21241	4.14501	0.24509	0.44833	6.45973	10.5214	0	0	0	0	0	0
k107_28580952 flag=0 multi=10.0202 len=21538	21538	9.88972	0	0	0	0	0	0	0	0	0	0	0	0	3.26846	3.28226	0.136513	0.174196	6.44217	8.30792	0.0425692	0.0536589	0	0	0	0
k107_18470960 flag=0 multi=12.0338 len=22396	22396	11.1621	0	0	0	0	0	0	0	0	0	0	0	0	3.40409	4.67518	0.150312	0.155566	7.58047	11.2907	0.0272472	0.0397952	0	0	0	0
k107_30103248 flag=1 multi=10.0000 len=39773	39773	10.4857	0	0	0	0	0	0	0	0	0	0	0	0	3.45385	4.32873	0.152948	0.192248	6.8789	8.97901	0	0	0	0	0	0
k107_5516073 flag=1 multi=5.0000 len=5102	5102	5.66354	0	0	0	0	0	0	0	0	0	0	0	0	0	0	0	0	5.66354	8.84381	0	0	0	0	0	0
k107_17883495 flag=1 multi=10.0000 len=31698	31698	10.6055	0	0	0	0	0	0	0	0	0	0	0	0	3.38285	3.86176	0.163397	0.267943	7.05921	10.0031	0	0	0	0	0	0
k107_5901543 flag=0 multi=11.0336 len=50371	50371	10.073	0.00603168	0.00746762	0	0	0	0	0	0	0	0	0	0	3.33346	4.2823	0.138569	0.207486	6.58893	9.84227	0.00603168	0.0059901	0	0	0	0
k107_8777035 flag=0 multi=14.0076 len=33563	33563	10.9661	0	0	0	0	0	0	0	0	0	0	0	0	3.41559	4.541	0.145275	0.209824	7.36896	9.93429	0.0362286	0.0477696	0	0	0	0
k107_13874143 flag=1 multi=8.0000 len=16079	16079	9.98041	0	0	0	0	0	0	0	0	0	0	0	0	3.15992	3.41206	0.153134	0.174437	6.66736	12.1094	0	0	0	0	0	0
k107_9075020 flag=1 multi=8.0000 len=8949	8949	9.97398	0	0	0	0	0	0	0	0	0	0	0	0	2.7036	3.39258	0.209437	0.271372	7.02625	9.30785	0.0346941	0.0337097	0	0	0	0
k107_32182873 flag=0 multi=15.0044 len=7783	7783	11.1952	0	0	0	0	0	0	0	0	0.0403689	0.0595994	0	0	3.50876	5.14231	0.121107	0.17329	7.52493	11.5692	0	0	0	0	0	0
k107_17382902 flag=1 multi=10.0000 len=28785	28785	10.2064	0	0	0	0	0	0	0	0	0	0	0	0	3.22231	4.1403	0.169505	0.202191	6.81456	9.31702	0	0	0	0	0	0
k107_23748291 flag=1 multi=10.0000 len=4391	4391	6.36219	0	0	0	0	0	0	0	0	0	0	0	0	0	0	0	0	6.36219	6.16637	0	0	0	0	0	0
k107_8780431 flag=0 multi=12.0238 len=9352	9352	9.62188	0	0	0	0	0	0	0	0	0	0	0	0	2.64497	2.95626	0.10011	0.18071	6.8768	7.69104	0	0	0	0	0	0
k107_25828891 flag=1 multi=20.0000 len=117563	117563	11.1499	0	0	0	0	0	0	0	0	0	0	0	0	3.42874	4.21949	0.176171	0.231743	7.53729	10.822	0.00772635	0.012279	0	0	0	0
k107_16203628 flag=0 multi=10.5937 len=10061	10061	9.80695	0	0	0	0	0	0	0	0	0	0	0	0	3.45076	3.97559	0.247566	0.263972	6.10862	7.78819	0	0	0	0	0	0
k107_22116499 flag=1 multi=8.0000 len=9417	9417	10.2331	0	0	0	0	0	0	0	0	0	0	0	0	3.05584	4.74017	0.141306	0.164585	7.03598	9.2883	0	0	0	0	0	0
k107_16697657 flag=0 multi=14.0223 len=71800	71800	10.6277	0	0	0	0	0.00208397	0.00210729	0	0	0.00422389	0.00712073	0	0	3.21104	3.81449	0.166564	0.240784	7.23538	9.47652	0.0084338	0.0096	0	0	0	0
k107_22322860 flag=1 multi=21.0000 len=23834	23834	10.175	0	0	0	0	0	0	0	0	0.0127486	0.0126591	0	0	3.57607	4.02594	0.153918	0.246433	6.40664	10.4488	0.0256247	0.0355598	0	0	0	0
k107_22955065 flag=0 multi=11.0156 len=25564	25564	10.066	0	0	0	0	0	0	0	0	0	0	0	0	3.10138	4.26267	0.155293	0.205578	6.80932	8.03465	0	0	0	0	0	0
k107_14020124 flag=0 multi=12.1110 len=48603	48603	11.2695	0.00304342	0.00311993	0	0	0.00304342	0.00312	0	0	0	0	0	0	3.42927	3.84064	0.135008	0.165346	7.68984	10.6121	0.00625246	0.00790652	0.00306412	0.00311993	0	0
k107_32368836 flag=0 multi=13.0060 len=33115	33115	10.3288	0	0	0	0	0	0	0	0	0.00447993	0.00454943	0	0	3.24061	3.65259	0.200073	0.321357	6.88367	8.82734	0	0	0	0	0	0
k107_22969807 flag=0 multi=10.0798 len=15673	15673	10.2472	0	0	0	0	0	0	0	0	0.0196474	0.0234364	0	0	3.30109	3.74394	0.216056	0.270795	6.71043	7.65704	0	0	0	0	0	0
k107_13290497 flag=0 multi=8.0098 len=40261	40261	9.9759	0	0	0	0	0	0	0	0	0	0	0	0	3.05996	4.17971	0.11707	0.14922	6.79144	8.64711	0.00743262	0.0108571	0	0	0	0
k107_35002234 flag=1 multi=6.0000 len=2624	2624	6.43497	0	0	0	0	0	0	0	0	0	0	0	0	0	0	0	0	6.43497	8.59587	0	0	0	0	0	0
k107_23615730 flag=0 multi=14.1006 len=24095	24095	11.2026	0	0	0.0686757	0.0773537	0	0	0	0	0.00617829	0.00630835	0	0	3.34287	4.36295	0.145505	0.186536	7.63939	11.3603	0	0	0	0	0	0
k107_23168288 flag=0 multi=10.0400 len=15721	15721	10.7228	0	0	0	0	0	0	0	0	0	0	0	0	3.28342	5.44281	0.117452	0.15809	7.32194	10.2852	0	0	0	0	0	0
k107_28169478 flag=0 multi=30.2758 len=18046	18046	10.4626	0	0	0	0	0	0	0	0	0	0	0	0	3.20875	4.64814	0.15284	0.219088	7.10099	11.2235	0	0	0	0	0	0
k107_10155743 flag=0 multi=22.0054 len=30051	30051	10.4448	0	0	0	0	0	0	0	0	0.0202696	0.0229971	0	0	3.55498	4.44966	0.172342	0.273087	6.68705	6.86381	0.0101516	0.0169023	0	0	0	0
k107_34703101 flag=0 multi=12.0241 len=10501	10501	11.2134	0	0	0	0	0	0	0	0	0	0	0	0	3.25199	4.99344	0.147858	0.187937	7.7839	13.0744	0.0296107	0.0289339	0	0	0	0
k107_20218852 flag=0 multi=12.0117 len=61810	61810	10.0484	0	0	0	0	0	0	0.00490993	0.00527932	0	0	0	0	3.00371	3.77712	0.20108	0.326584	6.82394	10.0841	0.0147298	0.0158049	0	0	0	0
k107_24964613 flag=0 multi=10.1546 len=4416	4416	9.14584	0	0	0	0	0	0	0	0	0	0	0	0	2.53597	3.40436	0.219981	0.186842	6.38989	6.27834	0	0	0	0	0	0
k107_24322850 flag=1 multi=10.0000 len=44203	44203	10.4694	0	0	0	0	0	0	0	0	0.00687911	0.00683579	0	0	3.1425	4.34154	0.233685	0.322273	7.06572	11.2397	0.0206373	0.0295331	0	0	0	0
k107_25835175 flag=1 multi=9.0000 len=11595	11595	9.41273	0	0	0	0	0	0	0	0	0	0	0	0	3.06287	3.67058	0.160188	0.19813	6.18967	10.2687	0	0	0	0	0	0
k107_30706615 flag=1 multi=9.0000 len=43963	43963	10.2608	0	0	0	0	0	0	0	0	0	0	0	0	3.3201	3.9048	0.169259	0.239946	6.7714	9.29238	0	0	0	0	0	0
k107_18226870 flag=1 multi=31.0000 len=30369	30369	9.65454	0	0	0	0	0	0	0	0	0	0	0	0	3.1644	4.58278	0.148435	0.232493	6.33176	8.44827	0.00994446	0.0111358	0	0	0	0
k107_25127597 flag=0 multi=10.1860 len=9483	9483	9.65276	0	0	0	0	0	0	0	0	0	0	0	0	3.2295	5.57788	0.262825	0.270425	6.16044	8.05121	0	0	0	0	0	0
k107_12196237 flag=0 multi=11.0903 len=22014	22014	11.0099	0	0	0	0	0	0	0	0	0	0	0	0	3.66129	5.22569	0.205877	0.270378	7.14278	12.2466	0	0	0	0	0	0
k107_16876775 flag=1 multi=22.0000 len=2695	2695	5.58797	0	0	0	0	0	0	0	0	0	0	0	0	2.60969	5.89886	0	0	2.97827	18.7975	0	0	0	0	0	0
k107_26302151 flag=0 multi=39.0347 len=25813	25813	10.8239	0	0	0	0	0	0	0	0	0	0	0	0	3.18894	3.55232	0.0947042	0.115138	7.54028	10.0248	0	0	0	0	0	0
k107_9805502 flag=0 multi=10.0351 len=11016	11016	10.9042	0	0	0	0	0	0	0	0	0	0	0	0	3.71953	5.03668	0.225406	0.239627	6.95931	12.6226	0	0	0	0	0	0
k107_6558070 flag=0 multi=11.0096 len=39862	39862	10.7518	0	0	0	0	0	0	0	0	0	0	0	0	3.29211	4.69858	0.146208	0.166322	7.3135	10.4395	0	0	0	0	0	0
k107_33421516 flag=0 multi=11.0069 len=30631	30631	10.4058	0	0	0	0	0	0	0	0	0	0	0	0	3.2914	4.34871	0.212239	0.341574	6.89218	10.8042	0.00995747	0.0125552	0	0	0	0
k107_27363637 flag=0 multi=11.2218 len=48742	48742	10.3903	0	0	0	0	0	0	0	0	0	0	0	0	3.27657	4.65432	0.157287	0.201448	6.9564	9.37495	0	0	0	0	0	0
k107_28343628 flag=0 multi=10.0606 len=29377	29377	10.4025	0	0	0	0	0	0	0	0	0	0	0	0	3.43825	4.05951	0.235426	0.282532	6.72887	9.38262	0	0	0	0	0	0
k107_23307938 flag=0 multi=9.1385 len=23701	23701	10.2371	0	0	0	0	0	0	0	0	0	0	0	0	2.92615	4.32175	0.128766	0.196634	7.16928	8.23216	0.0129065	0.0136745	0	0	0	0
k107_14944767 flag=0 multi=10.2045 len=70647	70647	10.9405	0	0	0	0	0	0	0	0	0	0	0	0	3.20408	4.47746	0.147928	0.209665	7.5799	11.36	0.00854361	0.0090471	0	0	0	0
k107_34112460 flag=0 multi=12.1387 len=13709	13709	8.31044	0	0	0	0	0	0	0	0	0	0	0	0	3.07891	3.52271	0.112479	0.161419	5.10674	6.72381	0.012307	0.0182742	0	0	0	0
k107_1198507 flag=0 multi=214.9184 len=4103	4103	10.7537	0	0	0	0	0	0	0	0	0	0	0	0	3.25257	3.18569	0	0	7.50118	12.454	0	0	0	0	0	0
k107_28594173 flag=0 multi=9.1944 len=22602	22602	11.1462	0	0	0	0	0	0	0	0	0	0	0	0	3.34247	3.96976	0.12157	0.158354	7.68215	8.30438	0	0	0	0	0	0
k107_5451567 flag=0 multi=10.0225 len=18703	18703	11.3932	0	0	0	0	0	0	0	0	0	0	0	0	3.50285	4.29298	0.0984186	0.115406	7.79191	12.9888	0	0	0	0	0	0
k107_982005 flag=1 multi=12.0000 len=3800	3800	7.91224	0	0	0	0	0	0	0	0	0	0	0	0	2.36535	4.27406	0.17267	0.176061	5.37421	7.94405	0	0	0	0	0	0
k107_27616012 flag=0 multi=8.3030 len=8757	8757	9.14382	0	0	0	0	0	0	0	0	0	0	0	0	2.67747	4.94437	0.0357185	0.0566877	6.43063	6.99581	0	0	0	0	0	0
k107_26215613 flag=1 multi=15.0000 len=35908	35908	11.2468	0	0	0	0	0	0	0	0	0	0	0	0	3.7378	4.92514	0.160816	0.17367	7.34823	9.7057	0	0	0	0	0	0
k107_2647934 flag=1 multi=10.0000 len=18355	18355	10.615	0	0	0	0	0	0	0	0	0	0	0	0	3.32432	4.87142	0.233756	0.330253	7.05689	9.53157	0	0	0	0	0	0
k107_13697235 flag=0 multi=9.0703 len=16077	16077	9.85731	0	0	0	0	0	0	0	0	0	0	0	0	2.94688	3.49453	0.248875	0.364493	6.66155	9.46183	0	0	0	0	0	0
k107_25829561 flag=0 multi=19.0110 len=54419	54419	10.6797	0	0	0	0	0	0	0	0	0	0	0	0	3.31279	3.80784	0.206109	0.296827	7.16078	9.5607	0	0	0	0	0	0
k107_16371396 flag=0 multi=11.0319 len=3085	3085	10.4254	0	0	0	0	0	0	0	0	0	0	0	0	3.6511	3.98453	0.438017	0.843679	6.33633	5.47899	0	0	0	0	0	0
k107_26379599 flag=0 multi=9.5414 len=24854	24854	10.7996	0	0	0	0	0	0	0	0	0	0	0	0	3.22344	3.61895	0.147361	0.16057	7.4165	10.8766	0.0122597	0.0232196	0	0	0	0
k107_30062898 flag=1 multi=9.0000 len=5732	5732	9.98195	0	0	0	0	0	0	0	0	0	0	0	0	2.81621	3.7886	0.0957643	0.130082	7.06998	12.9332	0	0	0	0	0	0
k107_32704183 flag=0 multi=11.6963 len=48906	48906	10.8484	0	0	0	0	0	0	0	0	0	0	0	0	3.38554	4.52755	0.144021	0.191923	7.31259	14.1547	0.00621348	0.00716052	0	0	0	0
k107_29824812 flag=0 multi=11.0182 len=82669	82669	10.7348	0	0	0	0	0	0	0	0	0.00365438	0.00534119	0	0	3.14177	3.90236	0.148324	0.193225	7.43743	9.54045	0.00363009	0.00464758	0	0	0	0
k107_30264215 flag=1 multi=14.0000 len=53668	53668	10.8501	0	0	0	0	0	0	0	0	0	0	0	0	3.25822	4.43925	0.152775	0.212178	7.42774	12.131	0.0113181	0.0127217	0	0	0	0
k107_33592237 flag=0 multi=10.0038 len=53759	53759	11.3603	0	0	0	0	0	0	0	0	0.0056494	0.00561699	0	0	2.97306	3.75033	0.220102	0.258412	8.14464	10.5477	0.016836	0.0215389	0	0	0	0
k107_17001943 flag=1 multi=6.0000 len=2773	2773	7.10846	0	0	0	0	0	0	0	0	0	0	0.122218	0.198812	0	0	0.355322	0.379079	6.63092	6.08603	0	0	0	0	0	0
k107_29010450 flag=0 multi=9.0122 len=49352	49352	10.1693	0	0	0	0	0	0	0	0	0	0	0	0	3.05413	4.62672	0.184546	0.250093	6.90599	10.8305	0.0246279	0.0270807	0	0	0	0
k107_22680235 flag=0 multi=10.5398 len=4377	4377	11.1578	0	0	0	0	0	0	0	0	0	0	0	0	3.25031	4.55505	0.073865	0.0686353	7.83362	13.0923	0	0	0	0	0	0
k107_21564387 flag=0 multi=15.0521 len=16186	16186	10.7573	0	0	0	0	0	0	0	0	0	0	0	0	3.40399	3.54946	0.212289	0.222047	7.12207	8.14084	0.0189499	0.0186554	0	0	0	0
k107_35861421 flag=0 multi=9.0067 len=4918	4918	9.49437	0	0	0	0	0	0	0	0	0	0	0	0	2.39515	4.13	0.163562	0.162839	6.93566	13.6602	0	0	0	0	0	0
k107_29570181 flag=0 multi=142.9696 len=4255	4255	9.89274	0	0	0	0	0	0	0	0	0	0	0	0	2.78194	3.04529	0	0	7.0344	10.8158	0.0763977	0.0999307	0	0	0	0
k107_34687765 flag=0 multi=9.0010 len=39835	39835	10.2648	0	0	0	0	0	0	0	0	0	0	0	0	3.31146	4.38629	0.187008	0.301797	6.75109	8.62453	0.0152531	0.0150492	0	0	0	0
k107_26566997 flag=1 multi=5.0000 len=4076	4076	6.06624	0	0	0	0	0	0	0	0	0	0	0	0	0	0	0.239799	0.533388	5.82644	7.97158	0	0	0	0	0	0
k107_35710878 flag=0 multi=9.0024 len=14933	14933	11.3264	0	0	0	0	0	0	0	0	0	0	0	0	3.44324	3.48218	0.17668	0.209805	7.70651	9.81744	0	0	0	0	0	0
k107_2940477 flag=0 multi=11.1031 len=6577	6577	10.9616	0	0	0	0	0	0	0	0	0	0	0	0	3.55649	3.95523	0.303426	0.329475	7.10167	9.48003	0	0	0	0	0	0
k107_25919149 flag=0 multi=10.2511 len=11202	11202	9.60294	0	0	0	0	0	0	0	0	0	0	0	0	3.39761	4.54416	0.110734	0.146442	6.09459	7.81537	0	0	0	0	0	0
k107_22681511 flag=0 multi=12.0805 len=3497	3497	11.2003	0	0	0	0	0	0	0	0	0	0	0	0	3.73302	6.46946	0.0945227	0.177658	7.25321	11.8115	0.119562	0.165265	0	0	0	0
k107_2858045 flag=0 multi=11.1019 len=44268	44268	11.3349	0	0	0	0	0	0	0	0	0	0	0	0	3.6651	4.74201	0.236728	0.328296	7.41932	10.2187	0.0137379	0.0167301	0	0	0	0
k107_21557408 flag=0 multi=66.0151 len=8407	8407	9.05922	0	0	0	0	0	0	0	0	0	0	0	0	3.56385	4.04611	0.0745219	0.106983	5.42085	6.28845	0	0	0	0	0	0
k107_14419709 flag=1 multi=45.0000 len=2645	2645	10.904	0	0	0	0	0	0	0	0	0	0	0	0	3.51814	1.68594	0.128895	0.179781	7.25694	12.9223	0	0	0	0	0	0
k107_2843811 flag=0 multi=10.0639 len=19850	19850	10.1296	0	0	0	0	0	0	0	0	0	0	0	0	3.01478	4.6647	0.154338	0.238707	6.96051	9.67319	0	0	0	0	0	0
k107_1827482 flag=1 multi=18.0000 len=7008	7008	10.1722	0	0	0	0	0	0	0	0	0	0	0	0	3.40412	6.10033	0.0900686	0.121345	6.67805	9.18665	0	0	0	0	0	0
k107_29545444 flag=1 multi=10.0000 len=18857	18857	10.7712	0	0	0	0	0	0	0	0	0	0	0	0	3.49868	3.4387	0.1135	0.146332	7.15904	9.62947	0	0	0	0	0	0
k107_3321201 flag=1 multi=10.0000 len=50118	50118	10.5767	0	0	0	0	0	0	0	0	0	0	0	0	3.37562	4.27861	0.187791	0.269164	7.00118	9.85683	0.0121246	0.0123375	0	0	0	0
k107_35631199 flag=0 multi=10.0179 len=20608	20608	11.1128	0	0	0	0	0	0	0	0	0	0	0	0	3.56402	4.20175	0.222841	0.296958	7.32591	9.10502	0	0	0	0	0	0
k107_7677512 flag=1 multi=7.0000 len=7267	7267	9.64465	0	0	0	0	0	0	0	0	0	0	0	0	2.99756	2.70289	0.130079	0.23152	6.43073	9.13883	0.0862886	0.0812143	0	0	0	0
k107_35704835 flag=1 multi=11.0000 len=2605	2605	3.08728	0	0	0.123317	0.136291	0	0	0	0	0.115502	0.184872	0	0	2.81806	3.79956	0.0108554	0.0111674	0	0	0	0	0.0195397	0.0204173	0	0
k107_4626818 flag=0 multi=33.1816 len=4904	4904	10.8123	0	0	0.0321599	0.0317437	0	0	0	0	0.0323772	0.0317486	0	0	2.58431	2.98176	0.262277	0.26579	7.90113	7.77939	0	0	0	0	0	0
k107_32321006 flag=1 multi=8.0000 len=3083	3083	7.85293	0	0	0	0	0	0	0	0	0	0	0	0	2.45811	3.32129	0.108594	0.10115	5.28623	6.29702	0	0	0	0	0	0
k107_16750344 flag=1 multi=11.0000 len=8641	8641	10.301	0	0	0	0	0	0	0	0	0	0	0	0	3.26298	4.95857	0.361674	0.469422	6.64024	8.70221	0.0360955	0.0349083	0	0	0	0
k107_11818777 flag=1 multi=12.0000 len=14259	14259	11.0489	0	0	0	0	0	0	0	0	0	0	0	0	3.75869	4.39255	0.0955076	0.118927	7.18385	13.2896	0.0108189	0.0107039	0	0	0	0
k107_29262849 flag=0 multi=10.0190 len=13509	13509	11.6176	0	0	0	0	0	0	0	0	0	0	0	0	3.62111	4.4443	0.150678	0.246502	7.84584	13.0127	0	0	0	0	0	0
k107_27613634 flag=1 multi=11.0000 len=53317	53317	10.6626	0	0	0	0	0	0	0	0	0.0056965	0.0056636	0	0	3.16678	4.18709	0.136509	0.177522	7.34224	10.1602	0.011393	0.0162378	0	0	0	0
k107_14249246 flag=1 multi=34.5227 len=4919	4919	8.38402	0	0	0.162227	0.177103	0.434481	0.564778	0	0	0.871128	2.2579	0.0327052	0.0316423	0	0	0	0	6.55837	6.79459	0.194932	0.216257	0.130171	0.176992	0	0
k107_32300465 flag=0 multi=16.0230 len=3677	3677	4.82074	0	0	0	0	0	0	0	0	0.357333	0.385169	0	0	3.25304	3.47698	0.418963	0.472725	0.0894815	0.081498	0.0894815	0.130698	0.612444	1.26727	0	0
k107_2430789 flag=1 multi=4.0000 len=3230	3230	3.86202	0	0	0	0	0	0	0	0	0	0	0	0	3.76093	2.74225	0	0	0	0	0	0	0.101093	0.182047	0	0
k107_5711576 flag=0 multi=10.6081 len=8469	8469	10.3027	0	0	0	0	0	0	0	0	0	0	0	0	3.26423	3.36079	0.11424	0.318905	6.90572	7.81589	0.018489	0.018147	0	0	0	0
k107_26059354 flag=0 multi=8.0955 len=8052	8052	9.25148	0	0	0	0	0	0	0	0	0	0	0	0	3.11794	3.45557	0.116516	0.113319	6.01703	7.99816	0	0	0	0	0	0
k107_20395580 flag=0 multi=14.1431 len=68165	68165	11.1536	0	0	0	0	0	0	0	0	0.00443541	0.00443072	0	0	3.38836	4.34466	0.195703	0.28657	7.56297	10.3376	0.00216613	0.00222006	0	0	0	0
k107_17950294 flag=1 multi=10.0000 len=7960	7960	11.0585	0	0	0	0	0	0	0	0	0	0	0	0	3.61387	3.47788	0.0394359	0.0420647	7.4052	10.8535	0	0	0	0	0	0
k107_22363425 flag=0 multi=18.1386 len=4002	4002	9.93432	0	0	0	0	0	0	0	0	0	0	0	0	2.51622	2.189	0.202973	0.423067	7.17514	8.07209	0.04	0.0391538	0	0	0	0
k107_24963358 flag=0 multi=10.5074 len=52623	52623	9.83112	0	0	0.00280958	0.00287835	0.00280958	0.00287837	0	0	0.00577206	0.00849112	0	0	2.87449	4.35731	0.352956	0.872952	6.3304	10.827	0.135357	0.364294	0.126527	0.29594	0	0
k107_26266521 flag=1 multi=10.0000 len=14802	14802	10.379	0	0	0.0202759	0.0377728	0	0	0	0	0	0	0	0	3.29938	4.63813	0.0725517	0.0798822	6.97255	8.98158	0.0142069	0.0140677	0	0	0	0
