contigName	contigLen	totalAvgDepth	Cen01_MA.bam	Cen01_MA.bam-var	Cen03_MA.bam	Cen03_MA.bam-var	Cen04_MA.bam	Cen04_MA.bam-var	Cen05_MA.bam	Cen05_MA.bam-var	Cen06_MA.bam	Cen06_MA.bam-var	Cen07_MA.bam	Cen07_MA.bam-var	Cen10_MA.bam	Cen10_MA.bam-var	Cen12_MA.bam	Cen12_MA.bam-var	Cen14_MA.bam	Cen14_MA.bam-var	Cen15_MA.bam	Cen15_MA.bam-var	Cen16_MA.bam	Cen16_MA.bam-var	Cen17_MA.bam	Cen17_MA.bam-var
k107_18992914 flag=0 multi=29.0000 len=18093	18093	15.4951	0	0	0	0	0	0	0	0	0	0	0	0	0.0169749	0.0166784	0	0	15.4781	27.0383	0	0	0	0	0	0
k107_17812892 flag=0 multi=13.4164 len=10819	10819	14.7634	0	0	0	0	0	0	0	0	0.0286203	0.0434885	0	0	0	0	0	0	14.7348	25.5911	0	0	0	0	0	0
k107_1941562 flag=0 multi=14.1094 len=23088	23088	14.9828	0	0	0	0	0	0	0	0	0	0	0	0	0	0	0	0	14.9828	19.9534	0	0	0	0	0	0
k107_32156255 flag=0 multi=29.7316 len=37949	37949	15.9778	0	0	0	0	0	0	0	0	0.00799533	0.0116756	0	0	0.00393126	0.00399482	0	0	15.9579	20.8489	0	0	0.00802189	0.0120469	0	0
k107_32209074 flag=0 multi=19.0392 len=16470	16470	14.6228	0	0	0	0	0	0	0	0	0	0	0	0	0	0	0.0184315	0.0367639	14.6044	19.8573	0	0	0	0	0	0
k107_19685295 flag=0 multi=33.1236 len=3043	3043	14.7304	0	0	0	0	0	0	0	0	0	0	0	0	0	0	0	0	14.7304	22.077	0	0	0	0	0	0
k107_4954897 flag=0 multi=15.0177 len=35202	35202	15.3914	0	0	0	0	0	0	0	0	0	0	0	0	0	0	0	0	15.3914	22.0516	0	0	0	0	0	0
k107_896562 flag=0 multi=17.5278 len=4425	4425	12.7019	0	0	0	0	0	0	0	0	0	0	0	0	0	0	0	0	12.7019	20.9659	0	0	0	0	0	0
k107_4317323 flag=0 multi=16.6678 len=76065	76065	15.7379	0	0	0	0	0	0	0	0	0	0	0	0	0	0	0.00388052	0.00472293	15.734	22.637	0	0	0	0	0	0
k107_14313269 flag=0 multi=62.4928 len=38179	38179	14.9689	0	0	0	0	0	0	0	0	0.00789397	0.012979	0	0	0.00789397	0.0111291	0	0	14.9531	17.8036	0	0	0	0	0	0
k107_1642378 flag=0 multi=14.2909 len=13131	13131	14.4691	0	0	0	0	0	0	0	0	0	0	0	0	0	0	0	0	14.4691	14.7112	0	0	0	0	0	0
k107_28117002 flag=0 multi=35.2558 len=63171	63171	15.739	0	0	0	0	0	0	0	0	0.0236524	0.0395191	0	0	0.00477183	0.0051029	0.00480364	0.00478147	15.7058	19.2214	0	0	0	0	0	0
k107_12314555 flag=0 multi=16.5990 len=3718	3718	15.707	0	0	0	0	0	0	0	0	0	0	0	0	0	0	0	0	15.707	24.4313	0	0	0	0	0	0
k107_15682787 flag=0 multi=14.1511 len=12679	12679	13.1702	0	0	0	0	0	0	0	0	0	0	0	0	0	0	0	0	13.1702	19.9737	0	0	0	0	0	0
k107_27663858 flag=0 multi=19.1611 len=13869	13869	16.4936	0	0	0	0	0	0	0	0	0.0218914	0.0311997	0	0	0.0219651	0.0217632	0	0	16.4497	32.2016	0	0	0	0	0	0
k107_16780933 flag=0 multi=20.0852 len=57918	57918	15.1069	0	0	0	0	0	0	0	0	0.0103791	0.016562	0	0	0	0	0	0	15.0965	21.4353	0	0	0	0	0	0
k107_20455652 flag=0 multi=21.1694 len=91484	91484	14.815	0	0	0	0	0	0	0	0	0.00163409	0.00165299	0	0	0.00330109	0.00329511	0.00161216	0.00165153	14.8084	21.2873	0	0	0	0	0	0
k107_21309340 flag=0 multi=17.2833 len=8010	8010	15.1204	0	0	0	0	0	0	0	0	0	0	0	0	0	0	0	0	15.1204	22.0319	0	0	0	0	0	0
k107_24537769 flag=0 multi=34.5844 len=24875	24875	15.8888	0	0	0	0	0	0	0	0	0	0	0	0	0	0	0	0	15.8888	20.1164	0	0	0	0	0	0
k107_34854312 flag=0 multi=20.0037 len=55061	55061	15.4505	0	0	0	0	0	0	0	0	0.0054055	0.00614227	0	0	0.00549681	0.00548481	0.00268449	0.00274873	15.4369	20.16	0	0	0	0	0	0
k107_16652561 flag=0 multi=25.1731 len=4710	4710	16.0218	0	0	0	0	0	0	0	0	0	0	0	0	0	0	0	0	16.0218	14.6281	0	0	0	0	0	0
k107_23283817 flag=0 multi=13.0671 len=27297	27297	14.9857	0	0	0	0	0	0	0	0	0.0054825	0.00556179	0	0	0	0	0.0223745	0.0329764	14.9579	20.0818	0	0	0	0	0	0
k107_27670867 flag=0 multi=15.7684 len=16647	16647	16.2097	0	0	0	0	0	0	0	0	0	0	0	0	0	0	0	0	16.2097	21.3749	0	0	0	0	0	0
k107_9925379 flag=0 multi=17.4951 len=13073	13073	14.668	0	0	0	0	0	0	0	0	0.0115888	0.0116833	0	0	0	0	0	0	14.6564	21.1486	0	0	0	0	0	0
k107_4731806 flag=0 multi=23.7259 len=20834	20834	14.8094	0	0	0	0	0	0	0	0	0	0	0	0	0	0	0	0	14.8094	19.5482	0	0	0	0	0	0
k107_4680698 flag=0 multi=16.3969 len=26464	26464	15.1635	0	0	0	0	0	0	0	0	0	0	0	0	0	0	0	0	15.1635	18.5267	0	0	0	0	0	0
k107_19838153 flag=0 multi=15.2377 len=13163	13163	15.7119	0	0	0	0	0	0	0	0	0.0232486	0.0229315	0	0	0.0233263	0.0344406	0	0	15.6419	19.5306	0	0	0.0234818	0.0229321	0	0
k107_25301023 flag=0 multi=16.0432 len=21827	21827	14.4769	0	0	0	0	0	0	0	0	0	0	0	0	0	0	0	0	14.4769	20.7057	0	0	0	0	0	0
k107_26925454 flag=0 multi=27.1243 len=75053	75053	14.9881	0	0	0	0	0	0	0	0	0.0120132	0.0144286	0	0	0.00395981	0.00616871	0	0	14.9681	21.0986	0.00404008	0.00510704	0	0	0	0
k107_27754123 flag=0 multi=17.0257 len=32649	32649	14.489	0	0	0	0	0	0	0	0	0	0	0	0	0	0	0	0	14.489	22.9626	0	0	0	0	0	0
k107_5350298 flag=0 multi=15.7006 len=58355	58355	14.5519	0	0	0	0	0	0	0	0	0.0206191	0.03032	0	0	0.00254939	0.00259281	0	0	14.5288	21.9369	0	0	0	0	0	0
k107_553841 flag=0 multi=33.0635 len=38955	38955	15.6251	0	0	0	0	0	0	0	0	0	0	0	0	0.00768375	0.00775226	0	0	15.6174	21.0264	0	0	0	0	0	0
k107_32141274 flag=0 multi=18.9649 len=86965	86965	13.5883	0.0226625	0.0285542	0	0	0	0	0	0	0.00348476	0.00591667	0	0	0.00685414	0.0111729	0.00345015	0.00559441	13.5467	20.0465	0.00340399	0.00346136	0.00174238	0.00173857	0	0
k107_16014633 flag=0 multi=14.2087 len=11661	11661	15.7844	0	0	0	0	0	0	0	0	0	0	0	0	0	0	0	0	15.7844	23.8851	0	0	0	0	0	0
k107_23882065 flag=0 multi=20.8791 len=258437	258437	15.4918	0	0	0	0	0	0	0	0	0.0017394	0.00238586	0	0	0.00233599	0.00254611	0.00116993	0.00146959	15.4866	22.1407	0	0	0	0	0	0
k107_30977842 flag=0 multi=31.0179 len=14693	14693	15.3643	0	0	0	0	0	0	0	0	0	0	0	0	0	0	0	0	15.3643	16.2912	0	0	0	0	0	0
k107_21129817 flag=0 multi=41.1505 len=34825	34825	15.8374	0	0	0	0	0	0	0	0	0	0	0	0	0.0130058	0.0166102	0.00871882	0.0148696	15.8157	23.8642	0	0	0	0	0	0
k107_28209402 flag=0 multi=22.0220 len=9152	9152	14.8337	0	0	0	0	0	0	0	0	0	0	0	0	0.0505085	0.0485759	0.0338983	0.0492357	14.7493	25.0057	0	0	0	0	0	0
k107_30161364 flag=0 multi=23.7571 len=120453	120453	15.4626	0.00122346	0.00125508	0	0	0	0	0	0	0.0111776	0.0134577	0	0	0.00125675	0.00125515	0	0	15.449	20.1315	0	0	0	0	0	0
k107_34339366 flag=0 multi=13.3458 len=21348	21348	15.2362	0	0	0	0	0	0	0	0	0	0	0	0	0.0142545	0.0141504	0	0	15.2219	23.0516	0	0	0	0	0	0
k107_17696262 flag=0 multi=26.4962 len=74263	74263	15.5772	0	0	0	0	0	0	0	0	0.00797718	0.00809849	0	0	0.00809886	0.00979989	0.00408323	0.00753991	15.557	22.3516	0	0	0	0	0	0
k107_2693526 flag=0 multi=26.0010 len=37954	37954	15.3171	0	0	0	0	0	0	0	0	0.0119781	0.0154899	0	0	0	0	0	0	15.3051	20.8351	0	0	0	0	0	0
k107_12338606 flag=0 multi=13.1694 len=3313	3313	16.0678	0	0	0	0	0	0	0	0	0	0	0	0	0	0	0	0	16.0678	13.4412	0	0	0	0	0	0
k107_12506515 flag=0 multi=17.3599 len=90455	90455	15.3172	0	0	0	0	0	0	0	0	0.00332768	0.00333632	0	0	0	0	0.00664426	0.00734908	15.3072	21.792	0	0	0	0	0	0
k107_5250832 flag=0 multi=25.4676 len=25460	25460	14.6555	0	0	0	0	0	0	0	0	0.0236108	0.0282055	0	0	0	0	0	0	14.6318	19.7131	0	0	0	0	0	0
k107_9999140 flag=0 multi=34.0052 len=58516	58516	14.6414	0.0281032	0.058063	0	0	0.00511904	0.00982263	0	0	0	0	0	0	0.00508469	0.00516392	0	0	14.6031	21.0446	0	0	0	0	0	0
k107_317267 flag=0 multi=40.0156 len=31785	31785	15.59	0	0	0	0	0	0	0	0	0.0094019	0.017082	0	0	0	0	0	0	15.571	20.5034	0	0	0.00959248	0.0174593	0	0
k107_10636035 flag=0 multi=20.5359 len=5095	5095	15.9051	0	0	0	0	0	0	0	0	0	0	0	0	0.0617567	0.0590509	0	0	15.8433	26.4645	0	0	0	0	0	0
k107_1616221 flag=0 multi=52.1712 len=33398	33398	15.7749	0	0	0	0	0	0	0	0	0.017978	0.0250452	0	0	0.00903432	0.016408	0	0	15.7479	24.5556	0	0	0	0	0	0
k107_16778110 flag=0 multi=43.8208 len=6089	6089	14.6224	0	0	0	0	0	0	0	0	0.0516675	0.0892257	0	0	0	0	0	0	14.5708	17.603	0	0	0	0	0	0
k107_4983648 flag=0 multi=18.9939 len=12820	12820	16.8368	0	0	0	0	0	0	0	0	0.0238856	0.034089	0	0	0	0	0	0	16.8129	22.534	0	0	0	0	0	0
k107_11184754 flag=0 multi=25.9996 len=96852	96852	15.7489	0	0	0	0	0	0	0	0	0.0123977	0.017684	0	0	0.007768	0.0105137	0	0	15.7287	22.9103	0	0	0	0	0	0
k107_21534782 flag=0 multi=16.3138 len=16577	16577	14.4015	0	0	0	0	0	0	0	0	0.0184946	0.0233667	0	0	0	0	0	0	14.383	16.2541	0	0	0	0	0	0
k107_32097230 flag=0 multi=20.0393 len=14307	14307	15.8801	0	0	0	0	0	0	0	0	0	0	0	0	0	0	0	0	15.8801	25.0275	0	0	0	0	0	0
k107_32220 flag=0 multi=19.1233 len=3189	3189	13.2497	0.363353	0.416494	0	0	0	0	0	0	0	0	0	0	0	0	0	0	12.8864	28.4414	0	0	0	0	0	0
k107_22707012 flag=0 multi=38.0084 len=42963	42963	15.6742	0	0	0	0	0	0	0	0	0.00696186	0.0103597	0	0	0.00703218	0.00965819	0	0	15.6602	22.6901	0	0	0	0	0	0
k107_3255967 flag=0 multi=31.9988 len=60536	60536	14.7777	0	0	0	0	0	0	0	0	0	0	0	0	0.00494737	0.00499034	0.00247369	0.00250056	14.7703	21.7756	0	0	0	0	0	0
k107_10896270 flag=0 multi=19.9194 len=7064	7064	16.0027	0	0	0	0	0	0	0	0	0	0	0	0	0	0	0	0	16.0027	22.8272	0	0	0	0	0	0
k107_27682217 flag=0 multi=19.1201 len=36736	36736	14.9687	0	0	0	0	0	0	0	0	0	0	0	0	0.00403469	0.00412575	0	0	14.9647	19.2255	0	0	0	0	0	0
k107_10780964 flag=0 multi=17.7518 len=80181	80181	15.6587	0	0	0	0	0	0	0	0	0	0	0	0	0	0	0	0	15.6587	21.8189	0	0	0	0	0	0
k107_34707314 flag=0 multi=20.0033 len=93208	93208	15.2194	0	0	0	0	0	0	0	0	0.00649043	0.00959709	0	0	0.00647967	0.0140504	0	0	15.2065	20.5731	0	0	0	0	0	0
k107_2402006 flag=0 multi=21.8790 len=108371	108371	14.3953	0.00137875	0.00139405	0	0	0	0	0	0	0.00962348	0.0127034	0	0	0.00273899	0.00278074	0.00411774	0.00620508	14.376	20.0078	0.0013695	0.00139382	0	0	0	0
k107_4526034 flag=0 multi=37.8798 len=16779	16779	14.9165	0	0	0	0	0	0	0	0	0	0	0	0	0	0	0	0	14.9165	26.5107	0	0	0	0	0	0
k107_16436284 flag=0 multi=18.4433 len=3694	3694	17.0085	0	0	0	0	0	0	0	0	0	0	0	0	0	0	0	0	17.0085	13.0519	0	0	0	0	0	0
k107_27110290 flag=0 multi=18.1138 len=22630	22630	15.9249	0	0	0	0	0	0	0	0	0	0	0	0	0.00667324	0.00671741	0	0	15.9182	24.2572	0	0	0	0	0	0
k107_15061095 flag=0 multi=22.0327 len=44397	44397	15.6689	0	0	0	0	0	0	0	0	0.0134256	0.0205844	0	0	0	0	0	0	15.6555	21.195	0	0	0	0	0	0
k107_14768994 flag=0 multi=17.0754 len=43806	43806	15.6178	0	0	0	0	0	0	0	0	0	0	0	0	0.0205958	0.0217656	0.0104128	0.0124677	15.5868	23.4212	0	0	0	0	0	0
k107_25649312 flag=0 multi=28.3417 len=85611	85611	15.4994	0	0	0	0	0	0	0	0	0	0	0	0	0.00352835	0.00351612	0.00354007	0.00352609	15.4923	21.1323	0	0	0	0	0	0
k107_32221808 flag=0 multi=57.9999 len=10813	10813	15.2606	0	0	0	0	0	0	0	0	0.0422415	0.0604634	0	0	0	0	0	0	15.2183	25.2805	0	0	0	0	0	0
k107_31886141 flag=0 multi=25.0073 len=59706	59706	15.0123	0	0	0	0	0	0	0	0	0.0276581	0.038161	0	0	0	0	0.00508383	0.0061703	14.9795	22.3991	0	0	0	0	0	0
k107_13679400 flag=0 multi=26.3822 len=31700	31700	15.1753	0	0	0	0	0	0	0	0	0.0094592	0.0131564	0	0	0.0094592	0.00952573	0.00471368	0.00479179	15.1517	23.9104	0	0	0	0	0	0
k107_35681564 flag=0 multi=17.6754 len=14126	14126	15.1968	0	0	0	0	0	0	0	0	0	0	0	0	0	0	0	0	15.1968	23.6038	0	0	0	0	0	0
k107_12905247 flag=0 multi=16.6713 len=71976	71976	15.3408	0	0	0	0	0	0	0	0	0.00828752	0.0119298	0	0	0.00205095	0.00210053	0	0	15.3305	20.16	0	0	0	0	0	0
k107_4672307 flag=0 multi=15.0428 len=25663	25663	15.0834	0	0	0	0	0	0	0	0	0	0	0	0	0.0118292	0.0117732	0	0	15.0716	18.723	0	0	0	0	0	0
k107_22591186 flag=0 multi=44.5205 len=28637	28637	15.6404	0	0	0	0	0	0	0	0	0	0	0	0	0.0105876	0.0105502	0	0	15.6299	20.046	0	0	0	0	0	0
k107_19749517 flag=0 multi=22.4532 len=35530	35530	14.7728	0	0	0	0	0	0	0	0	0.0170603	0.0219138	0	0	0	0	0	0	14.7557	23.0602	0	0	0	0	0	0
k107_4384549 flag=0 multi=32.4291 len=14788	14788	15.3	0	0	0	0	0	0	0	0	0.0207097	0.033527	0	0	0	0	0	0	15.2793	18.7366	0	0	0	0	0	0
k107_18121417 flag=0 multi=15.1070 len=9860	9860	14.1331	0	0	0	0	0	0	0	0	0.0315966	0.0617774	0	0	0	0	0	0	14.1015	20.0396	0	0	0	0	0	0
k107_22235450 flag=0 multi=16.0069 len=40991	40991	14.9877	0	0	0	0	0	0	0	0	0	0	0	0	0	0	0.00363735	0.00369884	14.984	20.2321	0	0	0	0	0	0
k107_35637626 flag=0 multi=16.0587 len=18124	18124	15.555	0	0	0	0	0	0	0	0	0	0	0	0	0	0	0	0	15.555	23.4304	0	0	0	0	0	0
k107_34289655 flag=0 multi=14.9969 len=17758	17758	15.6664	0	0	0	0	0	0	0	0	0	0	0	0	0.0169569	0.0170053	0	0	15.6494	20.7848	0	0	0	0	0	0
k107_22009973 flag=1 multi=15.0000 len=3361	3361	13.626	0	0	0	0	0	0	0	0	0	0	0	0	0	0	0	0	13.626	17.0559	0	0	0	0	0	0
k107_22526312 flag=0 multi=18.0167 len=24233	24233	15.6371	0	0	0	0	0	0	0	0	0.0252392	0.0282757	0	0	0	0	0	0	15.6119	22.8072	0	0	0	0	0	0
k107_2076085 flag=0 multi=28.7488 len=30369	30369	15.3625	0	0	0	0	0	0	0	0	0.00987794	0.00994354	0	0	0	0	0	0	15.3526	21.3556	0	0	0	0	0	0
k107_9919571 flag=0 multi=75.0000 len=7716	7716	16.3145	0	0	0	0	0	0	0	0	0.0268411	0.0266325	0	0	0	0	0	0	16.2877	21.5973	0	0	0	0	0	0
k107_12313396 flag=0 multi=12.3330 len=13416	13416	14.9009	0	0	0	0	0	0	0	0	0	0	0	0	0.0114382	0.011384	0	0	14.8895	23.1462	0	0	0	0	0	0
k107_20163525 flag=0 multi=43.2542 len=9479	9479	14.95	0	0	0	0	0	0	0	0	0.0325815	0.0318171	0	0	0	0	0	0	14.9174	18.5331	0	0	0	0	0	0
k107_2734771 flag=0 multi=41.0354 len=16115	16115	15.1442	0	0	0	0	0	0	0	0	0	0	0	0	0	0	0	0	15.1442	19.6352	0	0	0	0	0	0
k107_145062 flag=0 multi=25.2269 len=63417	63417	14.5499	0	0	0	0	0	0	0	0	0.0095223	0.0106013	0	0	0.00478492	0.00692416	0	0	14.5355	21.6578	0	0	0	0	0	0
k107_25306465 flag=0 multi=16.1267 len=16809	16809	16.811	0	0	0	0	0	0	0	0	0.0180529	0.0179622	0	0	0	0	0	0	16.7929	20.7609	0	0	0	0	0	0
k107_24115904 flag=0 multi=20.2545 len=12540	12540	15.6878	0	0	0	0	0	0	0	0	0.0482105	0.106744	0	0	0.0121752	0.0121874	0	0	15.6274	19.0951	0	0	0	0	0	0
k107_7859242 flag=0 multi=23.1230 len=10516	10516	15.8395	0	0	0	0	0	0	0	0	0	0	0	0	0	0	0	0	15.8395	35.0547	0	0	0	0	0	0
k107_22519084 flag=0 multi=19.0112 len=37059	37059	15.5359	0	0	0	0	0	0	0	0	0.0081073	0.011466	0	0	0.00402644	0.00409125	0	0	15.5156	21.9809	0.00821612	0.00814367	0	0	0	0
k107_18903102 flag=0 multi=22.0960 len=7023	7023	16.492	0	0	0	0	0	0	0	0	0	0	0	0	0.0441899	0.0429169	0	0	16.4478	24.5258	0	0	0	0	0	0
k107_1610366 flag=0 multi=22.9172 len=120968	120968	15.372	0	0	0	0	0	0	0.00122653	0.00124853	0.00619064	0.00759025	0	0	0.00249449	0.00249092	0.0012431	0.00124979	15.3609	22.2567	0	0	0	0	0	0
k107_28678764 flag=0 multi=15.0000 len=15223	15223	15.8471	0	0	0	0	0	0	0	0	0.0199048	0.0241154	0	0	0	0	0	0	15.8272	19.3718	0	0	0	0	0	0
k107_2944035 flag=0 multi=18.5181 len=72779	72779	14.9493	0	0	0	0	0	0	0	0	0.0082233	0.00916873	0	0	0	0	0.00412545	0.00468436	14.937	21.3187	0	0	0	0	0	0
k107_23519761 flag=0 multi=21.8983 len=3154	3154	12.8338	0	0	0.104137	0.135395	0	0	0	0	0	0	0	0	0	0	0	0	12.7297	15.1667	0	0	0	0	0	0
k107_1503880 flag=0 multi=33.9263 len=67567	67567	15.2032	0	0	0	0	0	0	0	0	0	0	0	0	0.00224485	0.00223549	0	0	15.1966	18.5199	0	0	0.00441537	0.00447683	0	0
k107_12402961 flag=0 multi=14.0356 len=3898	3898	15.3223	0	0	0	0	0	0	0	0	0	0	0	0	0	0	0	0	15.3223	25.4944	0	0	0	0	0	0
k107_1934798 flag=0 multi=17.0621 len=3893	3893	16.4843	0	0	0	0	0	0	0	0	0	0	0	0	0	0	0	0	16.4843	24.9387	0	0	0	0	0	0
k107_7746454 flag=0 multi=24.1934 len=9077	9077	14.2846	0	0	0	0	0	0	0	0	0	0	0	0	0	0	0	0	14.2846	17.0032	0	0	0	0	0	0
k107_30531902 flag=0 multi=19.1006 len=9834	9834	15.9401	0	0	0	0	0	0	0	0	0	0	0	0	0	0	0	0	15.9401	20.4699	0	0	0	0	0	0
k107_4899223 flag=0 multi=19.2080 len=12061	12061	16.1632	0	0	0	0	0	0	0	0	0	0	0	0	0	0	0	0	16.1632	20.5434	0	0	0	0	0	0
k107_1505265 flag=0 multi=28.3630 len=4124	4124	15.3182	0	0	0	0	0	0	0	0	0	0	0	0	0	0	0	0	15.3182	19.6244	0	0	0	0	0	0
k107_32307657 flag=0 multi=14.0021 len=16031	16031	16.3094	0	0	0	0	0	0	0	0	0	0	0	0	0	0	0	0	16.3094	24.0412	0	0	0	0	0	0
k107_4499085 flag=0 multi=22.0020 len=4192	4192	15.5761	0	0	0	0	0	0	0	0	0	0	0	0	0	0	0	0	15.5761	23.1575	0	0	0	0	0	0
k107_35580629 flag=0 multi=30.6586 len=7726	7726	15.0683	0	0	0	0	0	0	0	0	0	0	0	0	0.02007	0.0199275	0	0	15.0482	24.199	0	0	0	0	0	0
k107_9769392 flag=0 multi=19.9979 len=35568	35568	14.834	0	0	0	0	0	0	0	0	0	0	0	0	0.0169001	0.0225705	0.00856349	0.0134171	14.8086	19.2914	0	0	0	0	0	0
k107_32334228 flag=0 multi=49.8731 len=38887	38887	15.2546	0	0	0	0	0	0	0	0	0.00780096	0.00812852	0	0	0.011533	0.0116051	0	0	15.2352	24.6223	0	0	0	0	0	0
k107_24285688 flag=0 multi=20.0045 len=21843	21843	15.7957	0	0	0	0	0	0	0	0	0.0416415	0.0624784	0	0	0	0	0	0	15.7541	21.3398	0	0	0	0	0	0
k107_5893372 flag=0 multi=15.0195 len=3385	3385	15.9458	0	0	0	0	0	0	0	0	0	0	0	0	0	0	0	0	15.9458	27.8893	0	0	0	0	0	0
k107_15373687 flag=0 multi=33.0016 len=37175	37175	15.2496	0	0	0	0	0	0	0	0	0.00808179	0.0122446	0	0	0.00808179	0.0114832	0.00813603	0.00811746	15.2253	22.8244	0	0	0	0	0	0
k107_4373404 flag=0 multi=60.9869 len=10974	10974	15.0382	0	0	0	0	0	0	0	0	0	0	0	0	0	0	0	0	15.0382	16.4848	0	0	0	0	0	0
