contigName	contigLen	totalAvgDepth	Cen01_MA.bam	Cen01_MA.bam-var	Cen03_MA.bam	Cen03_MA.bam-var	Cen04_MA.bam	Cen04_MA.bam-var	Cen05_MA.bam	Cen05_MA.bam-var	Cen06_MA.bam	Cen06_MA.bam-var	Cen07_MA.bam	Cen07_MA.bam-var	Cen10_MA.bam	Cen10_MA.bam-var	Cen12_MA.bam	Cen12_MA.bam-var	Cen14_MA.bam	Cen14_MA.bam-var	Cen15_MA.bam	Cen15_MA.bam-var	Cen16_MA.bam	Cen16_MA.bam-var	Cen17_MA.bam	Cen17_MA.bam-var
k107_14575406 flag=1 multi=23.0000 len=2672	2672	3.56414	0	0	0	0	0	0	0	0	0	0	0	0	0	0	0	0	0	0	0	0	0	0	3.56414	2.50946
k107_4276715 flag=1 multi=8.0000 len=2501	2501	3.39336	0	0	0	0	0	0	0	0	0	0	0	0	0	0	0	0	0	0	0	0	0	0	3.39336	1.68601
k107_28906159 flag=3 multi=25.0006 len=39436	39436	30.435	0	0	0	0	0	0	0	0	0	0	0	0	0	0	0	0	0	0	0	0	0.00751265	0.00765885	30.4275	43.1316
k107_28738846 flag=0 multi=27.0611 len=3775	3775	16.772	0	0	0	0	0	0	0	0	0	0	0	0	0	0	0	0	0	0	0	0	0	0	16.772	15.8868
k107_22653579 flag=0 multi=155.4542 len=4319	4319	13.4924	0	0	0	0	0	0	0	0	0	0	0	0	0	0	0	0	0	0	0	0	0	0	13.4924	12.9614
k107_570609 flag=0 multi=13.0059 len=72572	72572	13.2797	0	0	0	0	0	0	0	0	0	0	0	0	0	0	0	0	0	0	0	0	0	0	13.2797	18.9751
k107_583059 flag=0 multi=16.1649 len=73254	73254	13.5253	0	0	0	0	0	0	0	0	0	0	0	0	0	0	0	0	0	0	0	0	0	0	13.5253	19.5199
k107_3316441 flag=0 multi=16.7577 len=53286	53286	13.1161	0	0	0	0	0	0	0	0	0	0	0	0	0	0	0	0	0	0	0	0	0.00281217	0.00284229	13.1133	17.8282
k107_5625199 flag=0 multi=28.0223 len=44731	44731	12.6107	0	0	0	0	0	0	0	0	0	0	0	0	0	0	0	0	0	0	0	0	0.00339868	0.00338983	12.6073	16.6826
k107_23473680 flag=0 multi=13.0628 len=9077	9077	12.3594	0	0	0	0	0	0	0	0	0	0	0	0	0	0	0	0	0	0	0	0	0	0	12.3594	15.9602
k107_2786372 flag=0 multi=15.0051 len=94506	94506	12.8667	0	0	0	0	0	0	0	0	0	0	0	0	0	0	0	0	0	0	0	0	0.0016029	0.00160008	12.8651	19.0234
k107_8887988 flag=1 multi=20.0000 len=83061	83061	12.5266	0	0	0	0	0	0	0	0	0	0	0	0	0	0	0	0	0	0	0	0	0.00538914	0.00681067	12.5212	15.5853
k107_15278020 flag=0 multi=30.5811 len=106500	106500	13.8992	0	0	0	0	0	0	0	0	0	0	0	0	0	0	0	0	0	0	0	0	0	0	13.8992	20.9996
k107_2682737 flag=0 multi=12.0431 len=10671	10671	13.7577	0	0	0	0	0	0	0	0	0	0	0	0	0	0	0	0	0	0	0	0	0	0	13.7577	17.1203
k107_15998402 flag=0 multi=38.9741 len=14102	14102	12.4466	0	0	0	0	0	0	0	0	0	0	0	0	0	0	0	0	0	0	0	0	0	0	12.4466	14.1282
k107_25091056 flag=0 multi=22.0000 len=161201	161201	13.1771	0	0	0	0	0	0	0	0	0	0	0	0	0	0	0	0	0	0	0	0	0.00370419	0.00499432	13.1734	17.5872
k107_12875831 flag=1 multi=16.0000 len=14863	14863	13.3949	0	0	0	0	0	0	0	0	0	0	0	0	0	0	0	0	0	0	0	0	0	0	13.3949	20.749
k107_8008036 flag=0 multi=12.9986 len=35218	35218	13.2875	0	0	0	0	0	0	0	0	0	0	0	0	0	0	0	0	0	0	0	0	0	0	13.2875	16.3663
k107_7023791 flag=0 multi=16.5168 len=138186	138186	12.2795	0	0	0	0	0	0	0	0	0	0	0	0	0	0	0	0	0	0	0	0	0.00108062	0.00109289	12.2784	16.365
k107_15636033 flag=0 multi=92.8956 len=3968	3968	12.4564	0	0	0	0	0	0	0	0	0	0	0	0	0	0	0	0	0	0	0	0	0	0	12.4564	9.31785
k107_8867285 flag=0 multi=16.0005 len=177034	177034	13.8495	0	0	0	0	0	0	0	0	0	0	0	0	0	0	0	0	0	0	0	0	0	0	13.8495	18.7183
k107_15453489 flag=0 multi=14.3686 len=53640	53640	13.7791	0	0	0	0	0	0	0	0	0	0	0	0	0	0	0	0	0	0	0	0	0.002831	0.00282626	13.7763	20.2229
k107_5953786 flag=0 multi=27.2272 len=54594	54594	12.4241	0	0	0	0	0	0	0	0	0	0	0	0	0	0	0	0	0	0	0.000534149	0.000588722	0	0	12.4236	16.6632
k107_9845705 flag=0 multi=18.5323 len=20149	20149	13.0513	0	0	0	0	0	0	0	0	0	0	0	0	0	0	0	0	0	0	0	0	0	0	13.0513	14.9285
k107_17562634 flag=0 multi=30.0368 len=13820	13820	13.482	0	0	0	0	0	0	0	0	0	0	0	0	0	0	0	0	0	0	0	0	0	0	13.482	18.5236
k107_10695759 flag=0 multi=17.0011 len=96237	96237	13.6956	0	0	0	0	0	0	0	0	0	0	0	0	0	0	0	0	0	0	0	0	0	0	13.6956	19.3318
k107_24233311 flag=0 multi=13.0050 len=90471	90471	13.069	0	0	0	0	0	0	0	0	0	0	0	0	0	0	0	0	0	0	0	0	0	0	13.069	17.2813
k107_17182926 flag=0 multi=20.2776 len=108773	108773	13.2802	0	0	0	0	0	0	0	0	0	0	0	0	0	0	0	0	0	0	0	0	0	0	13.2802	17.8346
k107_1674000 flag=0 multi=39.0778 len=30789	30789	12.7299	0	0	0	0	0	0	0	0	0	0	0	0	0	0	0	0	0	0	0	0	0	0	12.7299	12.6716
k107_2879944 flag=0 multi=15.0007 len=25573	25573	13.0453	0	0	0	0	0	0	0	0	0	0	0	0	0	0	0	0	0	0	0	0	0	0	13.0453	18.8488
k107_18032674 flag=0 multi=14.0376 len=8374	8374	12.9762	0	0	0	0	0	0	0	0	0	0	0	0	0	0	0	0	0	0	0	0	0	0	12.9762	15.6597
k107_340386 flag=0 multi=25.0335 len=104227	104227	12.022	0	0	0.00141448	0.00145011	0	0	0	0	0	0	0	0	0	0	0	0	0	0	0.00144335	0.00145013	0	0	12.0192	14.212
k107_20441613 flag=0 multi=27.2496 len=28955	28955	14.013	0	0	0	0	0	0	0	0	0	0	0	0	0	0	0	0	0	0	0	0	0.00516525	0.00524491	14.0079	19.7254
k107_23921585 flag=1 multi=18.0000 len=83980	83980	12.8749	0	0	0	0	0	0	0	0	0	0	0	0	0	0	0	0	0	0	0	0	0	0	12.8749	17.4332
k107_8583841 flag=0 multi=29.0000 len=90154	90154	12.4518	0	0	0	0	0	0	0	0	0	0	0	0	0	0	0	0	0	0	0	0	0	0	12.4518	17.371
k107_35569964 flag=0 multi=19.9985 len=40407	40407	13.5222	0	0	0	0	0	0	0	0	0	0	0	0	0	0	0	0	0	0	0	0	0	0	13.5222	16.4313
k107_13947037 flag=0 multi=15.2978 len=27791	27791	13.2223	0	0	0	0	0	0	0	0	0	0	0	0	0	0	0	0	0	0	0	0	0	0	13.2223	15.002
k107_12192871 flag=0 multi=24.4112 len=67182	67182	12.8881	0	0	0	0	0	0	0	0	0	0	0	0	0	0	0	0	0	0	0.00155502	0.00160965	0.00225778	0.0022515	12.8842	17.7466
k107_12152103 flag=0 multi=16.0340 len=23056	23056	13.0726	0	0	0	0	0	0	0	0	0	0	0	0	0	0	0	0	0	0	0	0	0.0132284	0.0161751	13.0594	16.8684
k107_29414497 flag=0 multi=123.0028 len=16364	16364	12.6066	0.00915204	0.00931358	0.00915204	0.00931458	0	0	0	0	0	0	0	0	0	0	0	0	0	0	0	0	0.00921429	0.00931358	12.5791	19.6992
k107_26122403 flag=0 multi=30.0047 len=10572	10572	13.2577	0	0	0	0	0	0	0	0	0	0	0	0	0	0	0	0	0	0	0	0	0	0	13.2577	15.9346
k107_11214496 flag=0 multi=16.0269 len=21386	21386	11.8872	0	0	0	0	0	0	0	0	0	0	0	0	0	0	0	0	0	0	0	0	0	0	11.8872	11.7803
k107_13631936 flag=0 multi=21.0033 len=103692	103692	12.9833	0	0	0	0	0	0	0	0	0	0	0	0	0	0	0	0	0	0	0	0	0.0014218	0.0014574	12.9819	18.2291
k107_15038194 flag=0 multi=40.0000 len=28521	28521	13.4357	0	0	0	0	0	0	0	0	0	0	0	0	0	0	0	0	0	0	0	0	0	0	13.4357	17.7879
k107_6294777 flag=0 multi=37.9624 len=24899	24899	12.6026	0	0	0	0	0	0	0	0	0	0	0	0	0	0	0	0	0	0	0	0	0	0	12.6026	17.2009
k107_986850 flag=0 multi=18.2882 len=17118	17118	12.743	0	0	0	0	0	0	0	0	0	0	0	0	0	0	0	0	0	0	0	0	0	0	12.743	14.7472
k107_26446817 flag=1 multi=33.0000 len=46011	46011	13.2552	0	0	0	0	0	0	0	0	0	0	0	0	0	0	0	0	0	0	0	0	0	0	13.2552	16.8936
k107_13071039 flag=0 multi=10.0254 len=9686	9686	12.2923	0	0	0	0	0	0	0	0	0	0	0	0	0	0	0	0	0	0	0	0	0	0	12.2923	24.3156
k107_33604423 flag=0 multi=94.9214 len=4713	4713	14.8955	0	0	0	0	0	0	0	0	0	0	0	0	0	0	0	0	0	0	0	0	0	0	14.8955	15.8543
k107_34354677 flag=0 multi=14.2241 len=32764	32764	13.3279	0	0	0	0	0	0	0	0	0	0	0	0	0	0	0	0	0	0	0	0	0	0	13.3279	16.1439
k107_11315440 flag=0 multi=11.0286 len=28473	28473	12.8934	0	0	0	0	0	0	0	0	0	0	0	0	0	0	0	0	0	0	0	0	0	0	12.8934	15.9062
k107_14293194 flag=0 multi=22.0916 len=9245	9245	12.7029	0	0	0	0	0	0	0	0	0	0	0	0	0	0	0	0	0	0	0	0	0	0	12.7029	18.7845
k107_31928297 flag=0 multi=19.0995 len=73785	73785	12.7302	0	0	0	0	0	0	0	0	0	0	0	0	0	0	0	0	0	0	0	0	0.0020549	0.00205038	12.7281	16.4156
k107_26376775 flag=0 multi=55.0871 len=23598	23598	13.4357	0	0	0	0	0	0	0	0	0	0	0	0	0	0	0	0	0	0	0	0	0	0	13.4357	18.0885
k107_34231851 flag=0 multi=22.0056 len=32528	32528	12.6119	0	0	0	0	0	0	0	0	0	0	0	0	0	0	0	0	0	0	0	0	0	0	12.6119	17.3267
k107_21181071 flag=0 multi=15.0226 len=48646	48646	13.3716	0	0	0	0	0	0	0	0	0	0	0	0	0	0	0	0	0	0	0	0	0	0	13.3716	18.1866
k107_2680942 flag=0 multi=15.0244 len=14521	14521	13.2277	0	0	0	0	0	0	0	0	0	0	0	0	0	0	0	0	0	0	0	0	0	0	13.2277	17.7811
k107_4597944 flag=0 multi=15.5826 len=56968	56968	13.9732	0	0	0	0	0	0	0	0	0	0	0	0	0	0	0	0	0	0	0	0	0	0	13.9732	21.3728
k107_1115280 flag=0 multi=14.0057 len=8955	8955	13.1599	0	0	0	0	0	0	0	0	0	0	0	0	0	0	0	0	0	0	0	0	0	0	13.1599	15.1515
k107_27608761 flag=0 multi=34.2169 len=21833	21833	12.9574	0	0	0	0	0	0	0	0	0	0	0	0	0	0	0	0	0	0	0	0	0	0	12.9574	17.5708
k107_25160133 flag=0 multi=21.9977 len=76132	76132	12.5847	0	0	0	0	0	0	0	0	0	0	0	0	0	0	0	0	0	0	0	0	0.00197811	0.0019836	12.5828	17.4602
k107_32351762 flag=0 multi=18.0006 len=48481	48481	12.9265	0	0	0	0	0	0	0	0	0	0	0	0	0	0	0	0	0	0	0	0	0.00305112	0.00312709	12.9234	16.0227
k107_16684325 flag=0 multi=15.0012 len=11388	11388	12.8423	0	0	0	0	0	0	0	0	0	0	0	0	0	0	0	0	0	0	0	0	0.0136208	0.0134359	12.8287	19.0365
k107_35004634 flag=0 multi=23.0440 len=55283	55283	12.1546	0	0	0	0	0	0	0	0	0	0	0	0	0	0	0	0	0	0	0	0	0.00271003	0.00273219	12.1519	16.4488
k107_31885134 flag=0 multi=19.9738 len=5481	5481	13.9176	0	0	0	0	0	0	0	0	0	0	0	0	0	0	0	0	0	0	0	0	0	0	13.9176	17.0219
k107_26279882 flag=1 multi=11.0000 len=8981	8981	11.7212	0	0	0	0	0	0	0	0	0	0	0	0	0	0	0	0	0	0	0	0	0	0	11.7212	16.9913
k107_593431 flag=0 multi=65.4959 len=9593	9593	11.493	0	0	0	0	0	0	0	0	0	0	0	0	0	0	0	0	0	0	0	0	0	0	11.493	17.2136
k107_15495580 flag=0 multi=77.9767 len=5053	5053	13.1753	0	0	0	0	0	0	0	0	0.0309409	0.0307775	0	0	0	0	0	0	0	0	0	0	0.0625132	0.118057	13.0819	15.6207
k107_31372979 flag=0 multi=23.0360 len=8747	8747	12.2351	0	0	0	0	0	0	0	0	0	0	0	0	0	0	0	0	0	0	0	0	0	0	12.2351	17.5145
k107_24920242 flag=0 multi=29.3753 len=65460	65460	13.1777	0	0	0	0	0	0	0	0	0	0	0	0	0	0	0	0	0	0	0	0	0	0	13.1777	18.8354
k107_9459303 flag=0 multi=48.2261 len=12356	12356	12.4412	0	0	0	0	0	0	0	0	0	0	0	0	0	0	0	0	0	0	0	0	0	0	12.4412	16.2143
k107_34459853 flag=0 multi=18.0009 len=58861	58861	12.8098	0	0	0	0	0	0	0	0	0	0	0	0	0	0	0	0	0	0	0	0	0.00256152	0.00256861	12.8072	17.301
k107_11268936 flag=0 multi=35.0713 len=6254	6254	12.2576	0	0	0	0	0	0	0	0	0	0	0	0	0	0	0	0	0	0	0	0	0	0	12.2576	11.701
k107_34527466 flag=0 multi=20.0051 len=89631	89631	12.7326	0	0	0	0	0	0	0	0	0	0	0	0	0	0	0	0	0	0	0	0	0	0	12.7326	15.9844
k107_18871105 flag=0 multi=20.6187 len=11682	11682	11.6931	0	0	0	0	0	0	0	0	0	0	0	0	0	0	0	0	0	0	0	0	0	0	11.6931	20.0504
k107_26839952 flag=0 multi=44.7832 len=18243	18243	13.7842	0	0	0	0	0	0	0	0	0	0	0	0	0	0	0	0	0	0	0	0	0	0	13.7842	18.0193
k107_27669537 flag=0 multi=35.4967 len=77902	77902	13.2069	0	0	0	0	0	0	0	0	0	0	0	0	0.00378866	0.00677965	0	0	0	0	0	0	0.00381443	0.00755276	13.1993	19.6059
k107_27788036 flag=0 multi=19.0026 len=7787	7787	14.2052	0	0	0	0	0	0	0	0	0	0	0	0	0	0	0	0	0	0	0	0	0	0	14.2052	20.9657
k107_32249906 flag=0 multi=17.1949 len=4402	4402	12.5337	0	0	0	0	0	0	0	0	0	0	0	0	0	0	0	0	0	0	0	0	0	0	12.5337	12.192
k107_34512672 flag=0 multi=14.9973 len=51126	51126	12.7948	0	0	0	0	0	0	0	0	0	0	0	0	0	0	0	0	0	0	0	0	0	0	12.7948	16.494
k107_17760524 flag=0 multi=20.0775 len=4596	4596	13.7129	0	0	0	0	0	0	0	0	0	0	0	0	0	0	0	0	0	0	0	0	0	0	13.7129	14.3838
k107_6888972 flag=0 multi=12.0196 len=3523	3523	12.1959	0	0	0	0	0	0	0	0	0	0	0	0	0	0	0	0	0	0	0	0	0	0	12.1959	10.1326
k107_763258 flag=0 multi=19.2185 len=104454	104454	14.4257	0	0	0	0	0	0	0	0	0	0	0	0	0	0	0	0	0	0	0	0	0	0	14.4257	20.0349
k107_27184752 flag=1 multi=19.0000 len=39872	39872	13.2829	0	0	0	0	0	0	0	0	0	0	0	0	0	0	0	0	0	0	0	0	0	0	13.2829	17.9726
k107_19089348 flag=0 multi=15.3407 len=3794	3794	11.2574	0	0	0	0	0	0	0	0	0	0	0	0	0	0	0	0	0	0	0	0	0	0	11.2574	19.1919
k107_4785421 flag=0 multi=24.0040 len=46481	46481	13.122	0	0	0	0	0	0	0	0	0	0	0	0	0	0	0	0	0	0	0	0	0.00324823	0.00326012	13.1188	16.6858
k107_11500638 flag=1 multi=54.7736 len=3124	3124	13.2271	0	0	0	0	0	0	0	0	0	0	0	0	0	0	0	0	0	0	0	0	0.0535082	0.0506638	13.1736	15.6169
k107_305309 flag=0 multi=47.9216 len=9677	9677	15.1904	0	0	0	0	0	0	0	0	0	0	0	0	0	0	0	0	0	0	0	0	0	0	15.1904	17.2565
k107_25688498 flag=0 multi=31.0009 len=32684	32684	13.0365	0	0	0	0	0	0	0	0	0	0	0	0	0	0	0	0	0	0	0	0	0	0	13.0365	15.0341
k107_3848226 flag=0 multi=15.5196 len=94585	94585	14.0687	0	0	0	0	0	0	0	0	0	0	0	0	0	0	0	0	0	0	0	0	0.0031607	0.0031908	14.0655	19.1432
k107_17640517 flag=0 multi=18.2478 len=28464	28464	13.5908	0	0	0	0	0	0	0	0	0	0	0	0	0	0	0	0	0	0	0	0	0	0	13.5908	16.1332
k107_19890450 flag=0 multi=15.1010 len=13565	13565	15.0216	0	0	0	0	0	0	0	0	0	0	0	0	0	0	0	0	0	0	0	0	0	0	15.0216	28.8019
k107_4421080 flag=0 multi=14.1505 len=2964	2964	15.145	0	0	0	0	0	0	0	0	0	0	0	0	0	0	0	0	0	0	0	0	0	0	15.145	14.675
k107_596392 flag=0 multi=10.0374 len=61562	61562	11.3853	0	0	0	0	0	0	0	0	0	0	0	0	0	0	0	0	0	0	0	0	0	0	11.3853	14.5534
k107_18700606 flag=0 multi=11.0121 len=25500	25500	11.8879	0	0	0	0	0	0	0	0	0	0	0	0	0	0	0	0	0	0	0	0	0	0	11.8879	15.072
k107_15419754 flag=0 multi=11.0437 len=23808	23808	13.0198	0	0	0	0	0	0	0	0	0	0	0	0	0	0	0	0	0	0	0	0	0	0	13.0198	19.9106
k107_6828281 flag=0 multi=24.0008 len=71134	71134	13.6003	0	0	0	0	0	0	0	0	0	0	0	0	0	0	0	0	0	0	0	0	0	0	13.6003	16.9532
k107_20431132 flag=0 multi=14.2665 len=3593	3593	13.4819	0	0	0	0	0	0	0	0	0	0	0	0	0	0	0	0	0	0	0	0	0	0	13.4819	13.9773
k107_17218324 flag=0 multi=18.5422 len=84065	84065	13.3988	0	0	0	0	0	0	0	0	0	0	0	0	0	0	0	0	0	0	0	0	0.00360541	0.00511188	13.3952	17.7681
k107_29323247 flag=0 multi=21.0707 len=23994	23994	13.7491	0	0	0	0	0	0	0	0	0	0	0	0	0	0	0	0	0	0	0	0	0	0	13.7491	15.9542
k107_4767188 flag=0 multi=30.0198 len=34782	34782	12.7811	0	0	0	0	0	0	0	0	0	0	0	0	0	0	0	0	0	0	0	0	0	0	12.7811	17.0369
k107_19922843 flag=0 multi=27.0151 len=95888	95888	12.7616	0	0	0	0	0	0	0	0	0	0	0	0	0	0	0	0	0.00153788	0.00157529	0	0	0.00157973	0.00157621	12.7584	15.4039
k107_3199691 flag=0 multi=20.0197 len=46437	46437	13.4851	0	0	0	0	0	0	0	0	0	0	0	0	0	0	0	0	0	0	0	0	0	0	13.4851	17.1466
