contigName	contigLen	totalAvgDepth	Cen01_MA.bam	Cen01_MA.bam-var	Cen03_MA.bam	Cen03_MA.bam-var	Cen04_MA.bam	Cen04_MA.bam-var	Cen05_MA.bam	Cen05_MA.bam-var	Cen06_MA.bam	Cen06_MA.bam-var	Cen07_MA.bam	Cen07_MA.bam-var	Cen10_MA.bam	Cen10_MA.bam-var	Cen12_MA.bam	Cen12_MA.bam-var	Cen14_MA.bam	Cen14_MA.bam-var	Cen15_MA.bam	Cen15_MA.bam-var	Cen16_MA.bam	Cen16_MA.bam-var	Cen17_MA.bam	Cen17_MA.bam-var
k107_10713021 flag=0 multi=21.0367 len=43153	43153	17.8024	0.0105015	0.0157402	16.2677	22.7202	1.51714	2.41163	0	0	0	0	0.00704768	0.00957072	0	0	0	0	0	0	0	0	0	0	0	0
k107_20919827 flag=0 multi=25.0018 len=104461	104461	16.6844	0.00289941	0.00500282	15.1779	24.1701	1.48917	2.03262	0	0	0.00289941	0.00288752	0.00865984	0.0125079	0.00289941	0.00288719	0	0	0	0	0	0	0	0	0	0
k107_831421 flag=0 multi=16.0047 len=35769	35769	17.4157	0	0	15.924	22.2999	1.49172	2.18365	0	0	0	0	0	0	0	0	0	0	0	0	0	0	0	0	0	0
k107_8917048 flag=0 multi=19.0021 len=93227	93227	16.7029	0	0	15.1324	22.153	1.56399	2.51613	0	0	0	0	0.00323917	0.00465626	0	0	0	0	0	0	0.00324993	0.00646512	0	0	0	0
k107_23780079 flag=0 multi=18.0434 len=58157	58157	16.6584	0.00520266	0.00775167	15.3119	23.6244	1.336	1.93229	0	0	0	0	0.00521995	0.00758006	0	0	0	0	0	0	0	0	0	0	0	0
k107_13051318 flag=0 multi=15.0188 len=28686	28686	17.6864	0	0	16.2708	23.3455	1.41562	2.24596	0	0	0	0	0	0	0	0	0	0	0	0	0	0	0	0	0	0
k107_28034449 flag=0 multi=27.3147 len=8401	8401	15.4338	0	0	13.8823	16.972	1.51414	1.77606	0	0	0	0	0	0	0.0372886	0.0359101	0	0	0	0	0	0	0	0	0	0
k107_33719560 flag=0 multi=19.7254 len=20897	20897	15.8668	0.0146638	0.0256203	14.4849	18.145	1.36723	2.17101	0	0	0	0	0	0	0	0	0	0	0	0	0	0	0	0	0	0
k107_14624059 flag=0 multi=30.9979 len=62732	62732	16.5331	0.00483742	0.00581051	15.2271	20.6288	1.30123	1.87151	0	0	0	0	0	0	0	0	0	0	0	0	0	0	0	0	0	0
k107_2557930 flag=0 multi=18.0505 len=135195	135195	16.2762	0.00891818	0.0137392	14.9436	22.8007	1.32371	2.22511	0	0	0	0	0	0	0	0	0	0	0	0	0	0	0	0	0	0
k107_18644218 flag=0 multi=17.0075 len=49467	49467	16.8249	0	0	15.3927	25.8392	1.42616	1.86425	0	0	0	0	0.0061019	0.00780791	0	0	0	0	0	0	0	0	0	0	0	0
k107_19784131 flag=0 multi=18.0491 len=59367	59367	17.2812	0	0	15.9462	21.3696	1.32481	2.24752	0	0	0	0	0.0102091	0.0139573	0	0	0	0	0	0	0	0	0	0	0	0
k107_24374147 flag=0 multi=15.0189 len=51485	51485	17.4645	0.0029502	0.00294794	16.0243	23.9318	1.42541	2.30587	0	0	0	0	0	0	0.0118008	0.0122501	0	0	0	0	0	0	0	0	0	0
k107_30029928 flag=0 multi=15.5437 len=2888	2888	18.4679	0	0	17.041	10.6307	1.42691	1.73069	0	0	0	0	0	0	0	0	0	0	0	0	0	0	0	0	0	0
k107_6623845 flag=0 multi=22.5170 len=149591	149591	16.5936	0	0	15.0991	23.8077	1.49238	2.19863	0	0	0	0	0	0	0.00202292	0.00228348	0	0	0	0	0	0	0	0	0	0
k107_19654265 flag=0 multi=25.0581 len=272211	272211	16.2471	0.00220662	0.00297165	14.7601	22.87	1.48373	2.28974	0	0	0	0	0.00110331	0.00110837	0	0	0	0	0	0	0	0	0	0	0	0
k107_26079760 flag=0 multi=16.9885 len=35350	35350	16.1198	0	0	14.6663	23.0811	1.45346	1.72754	0	0	0	0	0	0	0	0	0	0	0	0	0	0	0	0	0	0
k107_22794233 flag=0 multi=24.9993 len=110737	110737	16.7323	0.00545117	0.00638048	15.2969	23.5265	1.42727	2.08895	0	0	0	0	0.00272559	0.00426071	0	0	0	0	0	0	0	0	0	0	0	0
k107_28497718 flag=0 multi=27.7356 len=41370	41370	16.7689	0	0	15.3587	23.7641	1.41027	2.02429	0	0	0	0	0	0	0	0	0	0	0	0	0	0	0	0	0	0
k107_8681073 flag=0 multi=20.0071 len=94664	94664	17.0053	0.00640088	0.00981079	15.5383	21.5948	1.4606	2.18302	0	0	0	0	0	0	0	0	0	0	0	0	0	0	0	0	0	0
k107_30027649 flag=0 multi=16.3125 len=6033	6033	17.5994	0	0	16.3764	31.3796	1.223	1.49632	0	0	0	0	0	0	0	0	0	0	0	0	0	0	0	0	0	0
k107_34493936 flag=0 multi=18.9632 len=19557	19557	16.5385	0	0	15.1734	21.0991	1.3651	1.82367	0	0	0	0	0	0	0	0	0	0	0	0	0	0	0	0	0	0
k107_25348631 flag=0 multi=17.0100 len=179971	179971	16.9958	0.000834869	0.000839461	15.9056	22.3987	1.08847	2.04507	0.000834869	0.000839606	0	0	0	0	0	0	0	0	0	0	0	0	0	0	0	0
k107_24418346 flag=0 multi=15.0488 len=40997	40997	15.3582	0	0	13.8439	22.0122	1.51429	1.9559	0	0	0	0	0	0	0	0	0	0	0	0	0	0	0	0	0	0
k107_24921944 flag=0 multi=16.0125 len=51750	51750	16.4898	0	0	15.0459	20.6824	1.44389	2.06068	0	0	0	0	0	0	0	0	0	0	0	0	0	0	0	0	0	0
k107_29286214 flag=0 multi=26.0284 len=93734	93734	15.5351	0.00322159	0.004977	14.0981	19.8772	1.43058	1.96128	0.0032323	0.00321662	0	0	0	0	0	0	0	0	0	0	0	0	0	0	0	1.07029e-05
k107_10719955 flag=0 multi=18.4160 len=4886	4886	16.8462	0	0	15.6309	32.9035	1.21531	1.698	0	0	0	0	0	0	0	0	0	0	0	0	0	0	0	0	0	0
k107_18977180 flag=0 multi=16.0909 len=38259	38259	17.517	0.0237374	0.0246653	16.0211	20.5141	1.47222	2.14913	0	0	0	0	0	0	0	0	0	0	0	0	0	0	0	0	0	0
k107_8589521 flag=0 multi=19.0118 len=93561	93561	16.402	0.0015977	0.0016153	14.9051	24.2056	1.49528	2.16926	0	0	0	0	0	0	0	0	0	0	0	0	0	0	0	0	0	0
k107_12485216 flag=0 multi=17.3063 len=12458	12458	17.4512	0	0	15.6819	27.3591	1.76933	2.81553	0	0	0	0	0	0	0	0	0	0	0	0	0	0	0	0	0	0
k107_24872378 flag=0 multi=17.0344 len=83484	83484	16.4957	0.00363059	0.00503021	15.0109	22.8584	1.47758	2.20203	0	0	0	0	0	0	0.00359453	0.00361713	0	0	0	0	0	0	0	0	0	0
k107_14787622 flag=0 multi=44.0665 len=49842	49842	17.2379	0.00609608	0.00698251	15.8694	23.9469	1.36241	2.05962	0	0	0	0	0	0	0	0	0	0	0	0	0	0	0	0	0	0
k107_914317 flag=0 multi=19.9884 len=267917	267917	16.5636	0.00394223	0.00540136	15.0796	21.9436	1.48011	2.22902	0	0	0	0	0	0	0	0	0	0	0	0	0	0	0	0	0	0
k107_26473248 flag=0 multi=26.0657 len=62584	62584	17.098	0	0	15.6457	22.4826	1.45227	2.12022	0	0	0	0	0	0	0	0	0	0	0	0	0	0	0	0	0	0
k107_22344945 flag=0 multi=18.0378 len=106506	106506	17.2106	0.0027965	0.00284068	15.7346	22.1598	1.47037	2.09314	0	0	0	0	0	0	0.00284358	0.00283323	0	0	0	0	0	0	0	0	0	0
k107_17363898 flag=0 multi=67.0152 len=22353	22353	18.2784	0	0	16.6421	22.6055	1.63634	2.32369	0	0	0	0	0	0	0	0	0	0	0	0	0	0	0	0	0	0
k107_29956528 flag=0 multi=18.0057 len=46845	46845	17.0078	0	0	15.5927	24.3369	1.41508	2.25378	0	0	0	0	0	0	0	0	0	0	0	0	0	0	0	0	0	0
k107_17903140 flag=0 multi=15.0000 len=50694	50694	16.7263	0.00597317	0.00595313	15.3393	23.443	1.375	2.15229	0.00599301	0.00908923	0	0	0	0	0	0	0	0	0	0	0	0	0	0	0	0
k107_25982490 flag=0 multi=16.0549 len=99485	99485	16.5087	0.00304488	0.00317196	15.1112	22.7772	1.38533	2.05635	0.00602926	0.00813892	0	0	0	0	0.00304488	0.00302919	0	0	0	0	0	0	0	0	0	0
k107_24424299 flag=0 multi=19.0591 len=17680	17680	15.2778	0	0	13.9098	20.5993	1.35062	1.88882	0	0	0	0	0.0173783	0.0264003	0	0	0	0	0	0	0	0	0	0	0	0
k107_22235021 flag=0 multi=25.0545 len=37007	37007	17.0761	0	0	15.5732	21.7428	1.49563	2.04762	0	0	0	0	0	0	0	0	0.00730146	0.0072483	0	0	0	0	0	0	0	0
k107_30515194 flag=0 multi=15.3327 len=16319	16319	15.8709	0	0	14.6928	26.1482	1.17806	1.74327	0	0	0	0	0	0	0	0	0	0	0	0	0	0	0	0	0	0
k107_33733351 flag=0 multi=23.0225 len=49058	49058	16.9029	0.00619411	0.0082476	15.3515	22.0631	1.53901	2.39084	0	0	0	0	0	0	0.00619411	0.00623202	0	0	0	0	0	0	0	0	0	0
k107_15123474 flag=0 multi=33.0072 len=94245	94245	17.1989	0.00642943	0.00824514	15.609	23.2497	1.58034	2.31893	0.00321472	0.00558345	0	0	0	0	0	0	0	0	0	0	0	0	0	0	0	0
k107_15893421 flag=0 multi=17.0081 len=57482	57482	16.6809	0	0	15.1642	21.4011	1.50609	2.14205	0	0	0	0	0.0105456	0.0170714	0	0	0	0	0	0	0	0	0	0	0	0
k107_13539693 flag=1 multi=23.0000 len=3117	3117	6.9087	5.3659	5.49548	0	0	1.54281	2.38206	0	0	0	0	0	0	0	0	0	0	0	0	0	0	0	0	0	0
k107_1117054 flag=0 multi=17.0043 len=240508	240508	16.6816	0.00564099	0.00672182	15.822	23.2963	0.85338	1.6245	0.000616138	0.000628217	0	0	0	0	0	0	0	0	0	0	0	0	0	0	0	0
