contigName	contigLen	totalAvgDepth	Cen01_MA.bam	Cen01_MA.bam-var	Cen03_MA.bam	Cen03_MA.bam-var	Cen04_MA.bam	Cen04_MA.bam-var	Cen05_MA.bam	Cen05_MA.bam-var	Cen06_MA.bam	Cen06_MA.bam-var	Cen07_MA.bam	Cen07_MA.bam-var	Cen10_MA.bam	Cen10_MA.bam-var	Cen12_MA.bam	Cen12_MA.bam-var	Cen14_MA.bam	Cen14_MA.bam-var	Cen15_MA.bam	Cen15_MA.bam-var	Cen16_MA.bam	Cen16_MA.bam-var	Cen17_MA.bam	Cen17_MA.bam-var
k107_1273036 flag=0 multi=57.7414 len=10315	10315	26.9361	0	0	0	0	0	0	0.0301608	0.0416429	0	0	0	0	20.8811	26.5602	0	0	5.61969	7.11429	0.390492	0.398413	0.0146809	0.0148551	0	0
k107_35769699 flag=0 multi=28.4484 len=5361	5361	25.6187	0	0	0	0	0	0	0	0	0	0	0	0	19.7992	34.2712	0	0	5.58114	9.52647	0.238387	0.351823	0	0	0	0
k107_25052846 flag=0 multi=25.0200 len=2652	2652	25.8966	0	0	0	0	0	0	0	0	0	0	0	0	19.8102	27.3428	0	0	5.80894	5.88444	0.277447	0.275198	0	0	0	0
k107_23870462 flag=0 multi=23.0624 len=3568	3568	28.7379	0	0	0	0	0	0	0	0	0	0	0	0	22.2939	11.1022	0	0	6.16748	9.36603	0.276485	0.308945	0	0	0	0
k107_18891556 flag=0 multi=41.8937 len=2817	2817	16.602	0	0	0	0	0	0	0	0	0	0	0	0	11.3551	11.4762	0	0	5.14433	2.79834	0.102584	0.137448	0	0	0	0
k107_17480309 flag=0 multi=26.3049 len=6630	6630	26.9028	0	0	0	0	0	0	0	0	0	0	0	0	20.6003	34.9643	0	0	6.2549	4.92914	0.0475664	0.0454569	0	0	0	0
k107_5726795 flag=0 multi=45.5832 len=3814	3814	21.6612	0	0	0	0	0	0	0.0842825	0.164059	0	0	0.125854	0.177335	21.4089	20.4419	0	0	0	0	0	0	0.0421412	0.0411569	0	0
k107_4650062 flag=0 multi=24.9373 len=2801	2801	24.3097	0	0	0	0	0	0	0	0	0	0	0	0	19.6266	22.1833	0	0	4.32173	6.50076	0.361345	0.292846	0	0	0	0
k107_4907297 flag=0 multi=69.8878 len=3689	3689	19.3322	0	0	0	0	0	0	0	0	0	0	0	0	12.2542	11.3029	0	0	5.04163	6.80527	0.528196	1.14664	1.50812	3.14685	0	0
k107_2583387 flag=0 multi=31.0022 len=6414	6414	26.3024	0	0	0	0	0	0	0	0	0	0	0	0	20.2845	25.4744	0	0	5.67277	9.25139	0.345059	0.502507	0	0	0	0
k107_3715505 flag=0 multi=31.7894 len=14287	14287	25.7432	0	0	0	0	0	0	0	0	0	0	0	0	20.1022	19.84	0	0	5.44727	7.44098	0.193779	0.261011	0	0	0	0
k107_21948224 flag=0 multi=33.0005 len=26259	26259	27.2126	0	0	0	0	0	0	0	0	0	0	0	0	21.006	26.3062	0.00570174	0.00578058	5.95728	7.86628	0.243557	0.321643	0	0	0	0
k107_22833890 flag=0 multi=141.0000 len=3127	3127	27.635	0	0	0	0	0	0	0	0	0	0	0	0	21.4648	20.0449	0.106195	0.115331	5.95717	6.86957	0.106903	0.111788	0	0	0	0
k107_34264948 flag=0 multi=68.0000 len=9445	9445	28.4804	0	0	0	0	0	0	0	0	0	0	0	0	22.9385	31.7071	0	0	5.26228	6.225	0.279558	0.48543	0	0	0	0
k107_4749551 flag=0 multi=45.6807 len=7579	7579	27.4731	0	0	0	0	0	0	0	0	0	0	0	0	21.5917	27.0757	0.0415006	0.048021	5.6335	6.58116	0.206404	0.271943	0	0	0	0
k107_3949569 flag=0 multi=278.3894 len=4442	4442	26.0601	0	0	0	0	0	0	0	0	0	0	0	0	19.693	28.5103	0	0	6.14879	8.21082	0.218357	0.185982	0	0	0	0
k107_3244104 flag=0 multi=56.6776 len=29413	29413	27.0977	0	0	0	0	0	0	0	0	0	0	0	0	21.1627	29.617	0.0103397	0.0102703	5.7335	6.66369	0.191165	0.268235	0	0	0	0
k107_10249727 flag=0 multi=52.3990 len=6674	6674	27.1667	0	0	0	0	0	0	0	0	0	0	0	0	20.6155	25.6917	0	0	6.4752	8.74002	0.0287194	0.0278982	0.0472379	0.0699656	0	0
k107_1453404 flag=0 multi=52.0088 len=12472	12472	28.1269	0	0	0	0	0	0	0	0	0	0	0	0	21.4098	34.1614	0	0	6.40789	12.5836	0.309203	0.362394	0	0	0	0
k107_4797397 flag=0 multi=67.9971 len=25655	25655	26.714	0	0	0	0	0	0	0	0	0	0	0	0	20.9913	25.5924	0	0	5.46129	8.28197	0.261389	0.293399	0	0	0	0
k107_2168394 flag=0 multi=34.7844 len=5683	5683	26.205	0	0	0	0	0	0	0	0	0	0	0	0	20.5413	25.5718	0	0	5.37818	5.2879	0.285449	0.329605	0	0	0	0
k107_466928 flag=0 multi=53.8421 len=12917	12917	28.6522	0	0	0	0	0	0	0	0	0	0	0	0	22.4185	33.0286	0	0	5.99184	7.4211	0.241934	0.318896	0	0	0	0
k107_26540912 flag=0 multi=27.0000 len=4802	4802	26.7576	0	0	0	0	0	0	0	0	0	0	0	0	19.6829	22.8324	0	0	6.60644	8.8421	0.468222	0.711481	0	0	0	0
k107_19316940 flag=0 multi=33.8491 len=8092	8092	30.4996	0	0	0	0	0	0	0	0	0	0	0	0	23.7222	18.762	0.0379974	0.0709156	6.62336	9.19034	0.116046	0.107422	0	0	0	0
k107_3604481 flag=0 multi=27.1869 len=10490	10490	29.0725	0	0	0	0	0	0	0	0	0	0	0	0	22.712	26.9001	0.0193365	0.0241633	6.25226	9.55206	0.0889281	0.15015	0	0	0	0
k107_9381928 flag=0 multi=48.7449 len=4979	4979	26.653	0	0	0	0	0	0	0	0	0	0	0	0	21.1323	46.9999	0	0	5.29463	6.55601	0.226	0.254937	0	0	0	0
k107_14990937 flag=0 multi=19.0068 len=3064	3064	24.9041	0	0	0	0	0	0	0	0	0	0	0	0	20.1282	24.681	0	0	4.45004	9.43743	0.325851	0.348107	0	0	0	0
k107_2760139 flag=0 multi=60.5548 len=20196	20196	27.3223	0	0	0	0	0	0	0	0	0	0	0	0	21.1216	28.9195	0	0	5.99653	7.94545	0.204082	0.243971	0	0	0	0
k107_26616849 flag=0 multi=66.0000 len=22761	22761	26.7925	0	0	0	0	0	0	0	0	0	0	0	0	20.5491	25.4006	0.0402066	0.0668236	5.94176	7.71848	0.26141	0.321679	0	0	0	0
k107_11847308 flag=0 multi=24.6829 len=8206	8206	25.5283	0	0	0	0	0	0	0	0	0	0	0	0	20.1707	30.0093	0	0	5.18636	7.40873	0.171306	0.142385	0	0	0	0
k107_829042 flag=0 multi=72.9595 len=11772	11772	26.4073	0	0	0	0	0	0	0	0	0	0	0	0	20.2515	28.0917	0.0263296	0.0420376	5.97193	6.68737	0.157541	0.227349	0	0	0	0
k107_21661990 flag=0 multi=80.0000 len=14643	14643	26.3436	0	0	0	0	0	0	0	0	0	0	0	0	20.0862	36.6169	0	0	6.079	8.72464	0.17837	0.273708	0	0	0	0
k107_10237441 flag=0 multi=37.1667 len=16407	16407	26.8553	0	0	0	0	0	0	0	0	0	0	0	0	21.1407	29.9227	0	0	5.54635	8.4384	0.149519	0.255155	0.0187519	0.0247396	0	0
k107_20908596 flag=0 multi=23.0006 len=6334	6334	25.0799	0	0	0	0	0	0	0	0	0	0	0	0	19.3725	19.0102	0	0	5.46303	5.80353	0.244363	0.252989	0	0	0	0
k107_2680944 flag=0 multi=41.0000 len=21106	21106	27.779	0	0	0	0	0	0	0	0	0	0	0	0	21.8383	31.6273	0.0145164	0.0182501	5.80393	8.40775	0.122332	0.144559	0	0	0	0
k107_14953508 flag=0 multi=47.3443 len=14465	14465	26.3244	0	0	0	0	0	0	0	0	0	0	0	0	20.5927	24.1082	0	0	5.54021	6.52151	0.191414	0.220772	0	0	0	0
k107_422178 flag=0 multi=66.5387 len=17751	17751	27.7557	0	0	0	0	0	0	0	0	0	0	0	0	21.4275	26.3925	0	0	6.04126	6.86169	0.286951	0.42612	0	0	0	0
k107_17511330 flag=0 multi=36.6788 len=16755	16755	26.7383	0	0	0	0	0	0	0	0	0	0	0	0	21.1674	31.2358	0	0	5.39446	9.16137	0.176381	0.226127	0	0	0	0
k107_6162274 flag=0 multi=51.8065 len=12612	12612	24.258	0	0	0	0	0	0	0	0	0	0	0	0	18.5179	30.0873	0	0	5.45955	9.75552	0.280585	0.291101	0	0	0	0
k107_23108500 flag=0 multi=26.9941 len=21960	21960	18.7716	0	0	0	0	0	0	0	0	0	0	0	0	12.6198	14.3115	0	0	5.93637	8.42607	0.21544	0.231507	0	0	0	0
k107_34035878 flag=0 multi=30.7182 len=13086	13086	26.7352	0	0	0	0	0	0	0	0	0	0	0	0	20.8144	30.9285	0.0369212	0.0496115	5.62484	8.12267	0.259074	0.311741	0	0	0	0
k107_1665440 flag=0 multi=78.3889 len=23348	23348	27.0834	0	0	0	0	0	0	0	0	0	0	0	0	20.9989	25.651	0.0131042	0.0163282	5.80387	8.27746	0.267552	0.342228	0	0	0	0
k107_23065612 flag=0 multi=87.7470 len=10185	10185	27.5744	0	0	0	0	0	0	0	0	0	0	0	0	22.165	30.4967	0	0	5.28746	5.9682	0.121927	0.121862	0	0	0	0
k107_23191916 flag=0 multi=29.0000 len=6344	6344	26.4826	0	0	0	0	0	0	0	0	0	0	0	0	21.3787	31.3306	0	0	4.78153	4.5369	0.32241	0.571666	0	0	0	0
k107_23677446 flag=0 multi=57.0072 len=17356	17356	26.7228	0	0	0	0	0	0	0	0	0	0	0	0	20.4578	27.4501	0.0176498	0.0267735	6.00557	10.078	0.24182	0.253675	0	0	0	0
k107_2346397 flag=0 multi=84.4104 len=20121	20121	26.7043	0	0	0	0	0	0	0	0	0	0	0	0	20.9551	29.2657	0.0228569	0.0372893	5.58515	7.7569	0.141178	0.175446	0	0	0	0
k107_26311924 flag=0 multi=41.0000 len=12248	12248	25.8133	0	0	0	0	0	0	0	0	0	0	0	0	20.6112	26.0368	0	0	4.87452	6.486	0.327641	0.494707	0	0	0	0
k107_10579379 flag=0 multi=41.7621 len=7067	7067	27.7072	0	0	0	0	0	0	0	0	0	0	0	0	20.7945	29.0161	0	0	6.64508	8.09309	0.267554	0.377088	0	0	0	0
k107_395699 flag=0 multi=87.1005 len=16120	16120	28.0472	0	0	0	0	0	0	0	0	0	0	0	0	22.0459	25.4	0	0	5.8228	7.34289	0.178468	0.237627	0	0	0	0
k107_346460 flag=0 multi=71.8869 len=4326	4326	27.7085	0	0	0	0	0	0	0	0	0	0	0	0	21.1397	27.5652	0	0	5.78305	5.25085	0.785785	0.970507	0	0	0	0
k107_33623422 flag=0 multi=26.1522 len=3293	3293	29.2885	0	0	0	0	0	0	0	0	0	0	0	0	23.3634	48.1143	0	0	5.6222	14.5345	0.302909	0.566417	0	0	0	0
k107_7339274 flag=0 multi=100.8470 len=14742	14742	27.5271	0	0	0	0	0	0	0	0	0	0	0	0	21.6092	27.7606	0	0	5.71974	7.04963	0.198199	0.258967	0	0	0	0
k107_13959536 flag=0 multi=33.7349 len=32228	32228	27.1963	0	0	0	0	0	0	0	0	0	0	0	0	21.4601	26.8752	0.00936541	0.0138185	5.53433	8.10684	0.192539	0.253863	0	0	0	0
k107_12119792 flag=0 multi=29.4043 len=36672	36672	26.5087	0	0	0	0	0	0	0	0	0	0	0	0	20.4845	28.6296	0.00830355	0.0136741	5.83772	8.12158	0.178086	0.259054	0	0	0	0
k107_6526246 flag=0 multi=34.9089 len=15215	15215	26.5338	0	0	0	0	0	0	0	0	0	0	0	0	20.409	24.8765	0	0	5.9935	6.30624	0.131295	0.19092	0	0	0	0
k107_29839687 flag=0 multi=23.0277 len=4436	4436	24.7845	0	0	0	0	0	0	0	0	0	0	0	0	19.9337	21.281	0	0	4.6686	3.76515	0.182148	0.322049	0	0	0	0
k107_11945325 flag=0 multi=170.8923 len=4240	4240	27.6813	0	0	0	0	0	0	0	0	0	0	0	0	20.8509	48.2618	0.0766887	0.0830215	6.67725	5.89744	0.0764347	0.1008	0	0	0	0
k107_5438769 flag=0 multi=43.0000 len=37828	37828	27.359	0	0	0	0	0	0	0	0	0	0	0	0	21.7758	30.3017	0.0160955	0.0259538	5.32655	7.07998	0.24058	0.291685	0	0	0	0
k107_11544544 flag=0 multi=98.4326 len=34806	34806	25.9664	0	0	0	0	0	0	0	0	0	0	0	0	20.5649	30.3285	0.0174762	0.0211979	5.218	7.0066	0.165981	0.229983	0	0	0	0
k107_3956736 flag=0 multi=53.0915 len=43538	43538	27.1007	0	0	0	0	0	0	0	0	0	0	0	0	21.0432	26.4197	0	0	5.81157	7.64315	0.245929	0.334637	0	0	0	0
k107_445257 flag=0 multi=43.5816 len=8860	8860	27.6506	0	0	0	0	0	0	0	0	0	0	0	0	21.8587	29.287	0.105866	0.283067	5.58051	6.05088	0.105515	0.138625	0	0	0	0
k107_7227937 flag=0 multi=65.4564 len=18610	18610	26.5185	0.0164955	0.0162257	0	0	0	0	0	0	0	0	0	0	20.8021	24.6535	0	0	5.51966	6.44376	0.180249	0.26197	0	0	0	0
k107_2564696 flag=0 multi=49.2624 len=22736	22736	27.0632	0	0	0	0	0	0	0	0	0	0	0	0	21.4252	31.8611	0.0269234	0.0417195	5.44348	8.29108	0.167558	0.26016	0	0	0	0
k107_4395770 flag=0 multi=71.1114 len=11092	11092	26.0445	0	0	0	0	0	0	0	0	0	0	0	0	20.3464	24.7971	0.0278035	0.0548312	5.50677	7.57865	0.163485	0.188783	0	0	0	0
k107_15410031 flag=0 multi=37.0949 len=13365	13365	26.8271	0	0	0	0	0	0	0	0	0	0	0	0	21.1579	25.9926	0.0461609	0.0597202	5.43841	8.2763	0.18472	0.255314	0	0	0	0
k107_24727285 flag=0 multi=26.1849 len=3687	3687	27.4245	0	0	0	0	0	0	0	0	0	0	0	0	22.3043	38.4541	0	0	4.94239	4.14633	0.177843	0.182698	0	0	0	0
k107_18425592 flag=0 multi=77.4750 len=22736	22736	27.4051	0	0	0	0	0	0	0	0	0	0	0	0	21.6549	29.3705	0	0	5.56009	7.23147	0.190113	0.372239	0	0	0	0
k107_311571 flag=0 multi=43.3605 len=32279	32279	26.6613	0	0	0	0	0	0	0	0	0	0	0	0	20.6836	25.8187	0.0141352	0.019774	5.76108	7.64742	0.202427	0.277431	0	0	0	0
k107_4762280 flag=0 multi=33.0037 len=7627	7627	29.7174	0	0	0	0	0	0	0	0	0	0	0	0	23.0304	16.7847	0.0819113	0.0934087	6.44082	6.20696	0.164232	0.19209	0	0	0	0
k107_8031461 flag=0 multi=33.1497 len=7374	7374	27.5283	0	0	0	0	0	0	0	0	0	0	0	0	21.8217	22.2195	0.0854072	0.163552	5.36538	9.58551	0.255798	0.270378	0	0	0	0
k107_5919492 flag=1 multi=6.0000 len=2649	2649	6.22965	0	0	0	0	0	0	0	0	0	0	0	0	0	0	0	0	6.22965	7.80786	0	0	0	0	0	0
k107_11522762 flag=0 multi=40.0000 len=19259	19259	27.7813	0	0	0	0	0	0	0	0	0	0	0	0	21.5242	29.4111	0.015878	0.0156757	6.01867	7.37303	0.222504	0.310982	0	0	0	0
k107_190127 flag=0 multi=85.0000 len=10859	10859	26.0216	0	0	0	0	0	0	0	0	0	0	0	0	20.2223	26.0254	0	0	5.6283	5.78993	0.170977	0.176102	0	0	0	0
k107_28807126 flag=0 multi=74.9024 len=3797	3797	26.4901	0	0	0	0	0	0	0	0	0	0	0	0	20.0549	16.8292	0	0	6.17682	14.5403	0.258369	0.335733	0	0	0	0
k107_4963106 flag=0 multi=98.5932 len=12383	12383	28.0017	0	0	0	0	0	0	0	0	0	0	0	0	21.8451	34.3088	0	0	5.95696	8.59435	0.19957	0.285874	0	0	0	0
k107_3058275 flag=1 multi=31.0714 len=4379	4379	6.08707	0	0	0	0	0	0	0	0	0	0	0	0	0	0	0	0	6.08707	6.94382	0	0	0	0	0	0
k107_12330955 flag=0 multi=69.1637 len=35906	35906	26.0567	0	0	0	0	0	0	0	0	0	0	0	0	20.5348	26.8743	0.0169644	0.0271919	5.30196	8.29336	0.202927	0.250517	0	0	0	0
k107_5291879 flag=0 multi=67.2642 len=39165	39165	27.0321	0	0	0	0	0	0	0	0	0	0	0	0	21.1371	30.7368	0.0153617	0.0386656	5.6667	8.74111	0.212876	0.28834	0	0	0	0
k107_3470604 flag=0 multi=35.9485 len=27352	27352	26.7631	0	0	0	0	0	0	0	0	0	0	0	0	21.0377	24.8645	0	0	5.56414	6.23828	0.161257	0.241355	0	0	0	0
k107_1354495 flag=0 multi=42.5489 len=23422	23422	28.1367	0	0	0	0	0	0	0	0	0.013019	0.020517	0	0	21.7427	22.1499	0.0260813	0.0335698	6.12686	8.4039	0.227984	0.32635	0	0	0	0
k107_6027279 flag=0 multi=27.0000 len=15879	15879	25.8378	0	0	0	0	0	0	0	0	0	0	0	0	19.9314	34.506	0.0193876	0.0190038	5.61694	7.23659	0.270013	0.41646	0	0	0	0
k107_622075 flag=0 multi=119.0000 len=15508	15508	27.9868	0	0	0	0	0	0	0	0	0	0	0	0	22.0545	27.7837	0.0197948	0.0202574	5.709	10.6087	0.203538	0.219669	0	0	0	0
k107_5834665 flag=0 multi=37.0000 len=32605	32605	26.8249	0	0	0	0	0	0	0	0	0	0	0	0	20.6212	26.2333	0.0233724	0.0414879	6.00313	8.24908	0.177166	0.237812	0	0	0	0
k107_12919716 flag=0 multi=41.5045 len=37201	37201	26.2004	0	0	0	0	0	0	0	0	0	0	0	0	20.336	25.5257	0.0081845	0.0107136	5.61555	7.21792	0.2325	0.287105	0.0081574	0.0107683	0	0
k107_9324150 flag=0 multi=54.5623 len=46480	46480	28.1323	0	0	0	0	0	0	0	0	0	0	0	0	21.8665	34.6044	0.0130365	0.0176785	6.01356	9.42096	0.239205	0.377004	0	0	0	0
k107_18508410 flag=0 multi=64.6124 len=23273	23273	26.6039	0.013147	0.0222047	0	0	0	0	0	0	0	0	0	0	20.9114	25.2674	0.0130599	0.0129812	5.38479	7.6988	0.281529	0.357028	0	0	0	0
k107_1239522 flag=0 multi=98.9240 len=38253	38253	27.2607	0	0	0	0	0	0	0	0	0	0	0	0	21.1844	24.5768	0.00389977	0.00396278	5.8682	8.74652	0.204211	0.295592	0	0	0	0
k107_33415723 flag=0 multi=51.0000 len=41867	41867	27.5423	0	0	0.00726573	0.00942858	0	0	0	0	0	0	0	0	21.0883	27.5288	0.0185252	0.0218852	6.21831	8.70447	0.209912	0.257769	0	0	0	0
k107_6594488 flag=0 multi=59.0000 len=7909	7909	26.409	0	0	0	0	0	0	0	0	0	0	0	0	20.105	18.8453	0	0	6.03812	8.88933	0.265808	0.527745	0	0	0	0
k107_4796961 flag=0 multi=48.0067 len=6702	6702	27.5666	0	0	0	0	0	0	0	0	0	0	0	0	22.3292	31.0437	0	0	5.19016	7.44398	0.0471875	0.0718476	0	0	0	0
k107_510507 flag=0 multi=72.7129 len=46809	46809	28.4236	0	0	0	0	0	0	0	0	0	0	0	0	22.1999	32.5613	0.00649365	0.00769718	5.99725	8.98966	0.219967	0.251291	0	0	0	0
k107_9959440 flag=0 multi=61.0000 len=11427	11427	29.3927	0	0	0	0	0	0	0	0	0	0	0	0	22.9898	33.2134	0	0	6.11937	10.1386	0.283506	0.354378	0	0	0	0
k107_21953543 flag=0 multi=35.9023 len=7004	7004	27.2739	0	0	0	0	0	0	0	0	0	0	0	0	21.2953	17.2976	0	0	5.73112	7.85589	0.247538	0.408814	0	0	0	0
k107_1315350 flag=0 multi=54.0018 len=6871	6871	26.1303	0	0	0	0	0	0	0	0	0	0	0	0	20.4409	25.4518	0.0459735	0.0517787	5.41422	7.67763	0.229259	0.499807	0	0	0	0
k107_17472850 flag=0 multi=25.9251 len=3698	3698	27.2789	0	0	0	0	0	0	0	0	0	0	0	0	21.2974	23.7438	0	0	5.98145	9.10786	0	0	0	0	0	0
k107_12215230 flag=0 multi=44.8423 len=10230	10230	26.3996	0	0	0	0	0	0	0	0	0	0	0	0	20.5754	27.9582	0.030419	0.0433907	5.64283	8.63346	0.150886	0.220329	0	0	0	0
k107_12318421 flag=0 multi=49.1429 len=31624	31624	27.0929	0	0	0	0	0	0	0	0	0	0	0	0	21.4952	28.5813	0.00964179	0.00954802	5.36246	7.54399	0.225592	0.293147	0	0	0	0
k107_11403851 flag=0 multi=23.0000 len=9118	9118	25.4348	0	0	0	0	0	0	0	0	0	0	0	0	20.0732	24.6092	0	0	5.18795	5.04428	0.173662	0.271021	0	0	0	0
k107_9068714 flag=0 multi=31.0000 len=20569	20569	26.4272	0	0	0	0	0	0	0	0	0	0	0	0	20.0437	23.0496	0.0298021	0.0373093	6.1389	8.43712	0.214832	0.249528	0	0	0	0
k107_7687708 flag=0 multi=42.9146 len=4145	4145	25.3843	0	0	0	0	0	0	0	0	0	0	0	0	20.434	16.616	0	0	4.91387	7.28541	0.0364299	0.0431582	0	0	0	0
k107_1957505 flag=0 multi=20.3600 len=3115	3115	25.2332	0	0	0	0	0	0	0	0	0	0	0	0	20.0505	12.9655	0	0	4.96801	5.99263	0.214717	0.625306	0	0	0	0
k107_28103702 flag=0 multi=31.8292 len=24772	24772	26.5551	0	0	0	0	0	0	0	0	0	0	0	0	20.7501	24.2908	0	0	5.58353	6.99312	0.221537	0.405319	0	0	0	0
k107_31413961 flag=1 multi=4.0000 len=3575	3575	4.97036	0	0	0	0	0	0	0	0	0	0	0	0	0	0	0	0	4.97036	4.4502	0	0	0	0	0	0
k107_6988583 flag=0 multi=39.0913 len=29203	29203	26.9009	0	0	0	0	0	0	0	0	0	0	0	0	21.0206	27.0829	0	0	5.65652	6.37839	0.213384	0.288414	0.0104495	0.0108378	0	0
k107_18413357 flag=0 multi=27.0430 len=4156	4156	28.2071	0	0	0	0	0	0	0	0	0	0	0	0	22.4253	28.6267	0	0	5.70342	7.97868	0.0783601	0.101302	0	0	0	0
k107_25161646 flag=0 multi=31.0312 len=9210	9210	27.8739	0	0	0	0	0	0	0	0	0	0	0	0	21.612	39.2142	0.0339021	0.0581327	6.10945	6.67135	0.118545	0.129968	0	0	0	0
k107_937100 flag=0 multi=39.4170 len=4296	4296	28.2847	0	0	0	0	0	0	0	0	0	0	0	0	21.6174	17.9101	0.0756134	0.0699123	6.44116	9.43081	0.150476	0.339754	0	0	0	0
k107_21009695 flag=0 multi=61.0575 len=18836	18836	26.2792	0	0	0	0	0	0	0	0	0	0	0	0	20.6981	24.455	0	0	5.36835	5.67694	0.204705	0.256267	0.00798532	0.00808034	0	0
k107_3620062 flag=0 multi=37.9843 len=11482	11482	26.5013	0	0	0	0	0	0	0	0	0	0	0	0	20.5592	26.6487	0	0	5.6483	7.09127	0.293828	0.334784	0	0	0	0
k107_1680509 flag=0 multi=54.5476 len=35783	35783	28.2969	0	0	0	0	0	0	0	0	0	0	0	0	22.0493	26.8159	0.0085116	0.0151405	6.04095	7.97671	0.198162	0.282545	0	0	0	0
k107_8811416 flag=0 multi=134.7993 len=12766	12766	27.952	0	0	0	0	0	0	0	0	0	0	0	0	21.3956	37.3086	0	0	6.44801	10.7329	0.108392	0.11721	0	0	0	0
k107_22352268 flag=0 multi=68.1119 len=10732	10732	27.5977	0	0	0	0	0	0	0	0	0	0	0	0	21.4711	24.1066	0.0430489	0.0835511	5.91055	7.56351	0.172963	0.164849	0	0	0	0
k107_1571253 flag=0 multi=43.8957 len=31535	31535	26.7409	0	0	0	0	0	0	0	0	0	0	0	0	21.0442	27.7287	0	0	5.45084	8.644	0.24583	0.390984	0	0	0	0
k107_8600872 flag=0 multi=56.9992 len=18645	18645	26.1719	0	0	0	0	0	0	0	0	0	0	0	0	20.2597	21.6248	0	0	5.67372	7.41211	0.238511	0.294343	0	0	0	0
k107_9292037 flag=0 multi=48.6230 len=21520	21520	27.2983	0	0	0	0	0	0	0	0	0	0	0	0	21.0358	27.1374	0.0140918	0.0140366	5.95791	8.19281	0.290508	0.458724	0	0	0	0
k107_18442433 flag=0 multi=70.2967 len=33564	33564	26.5487	0	0	0	0	0	0	0	0	0	0	0	0	20.4727	25.8139	0.00907943	0.0159654	5.85434	8.13439	0.212555	0.376164	0	0	0	0
k107_18676204 flag=1 multi=4.0000 len=4366	4366	4.84252	0	0	0	0	0	0	0	0	0	0	0	0	0	0	0	0	4.84252	5.58092	0	0	0	0	0	0
k107_4954053 flag=0 multi=28.0867 len=16831	16831	28.2438	0	0	0	0	0	0	0	0	0	0	0	0	22.1866	28.2035	0	0	5.83895	8.59448	0.218283	0.262306	0	0	0	0
k107_20651260 flag=0 multi=22.2234 len=12240	12240	26.0912	0	0	0	0	0	0	0	0	0	0	0	0	20.3683	24.5583	0	0	5.49556	6.39644	0.227341	0.328943	0	0	0	0
k107_22766979 flag=0 multi=55.5198 len=15488	15488	25.7151	0	0	0	0	0	0	0	0	0	0	0	0	20.5201	27.6623	0	0	5.06552	6.01393	0.129395	0.157691	0	0	0	0
k107_29631658 flag=0 multi=78.0000 len=10799	10799	25.8453	0	0	0	0	0	0	0	0	0	0	0	0	19.9379	25.7951	0	0	5.71849	7.52711	0.188911	0.323517	0	0	0	0
k107_8777382 flag=0 multi=28.0889 len=5304	5304	25.0888	0	0	0	0	0	0	0	0	0	0	0	0	19.5498	26.0256	0	0	5.44902	7.9297	0.089964	0.0899817	0	0	0	0
k107_9749099 flag=0 multi=23.1879 len=10339	10339	25.9713	0	0	0	0	0	0	0	0	0	0	0	0	20.5101	28.537	0	0	5.17784	8.49761	0.283352	0.32621	0	0	0	0
k107_5859001 flag=0 multi=114.9482 len=19973	19973	25.1268	0	0	0	0	0	0	0	0	0	0	0	0	20.0151	21.8277	0.00594784	0.0078398	4.89131	7.69144	0.214478	0.31344	0	0	0	0
k107_9045234 flag=0 multi=75.0935 len=45526	45526	26.7959	0	0	0	0	0	0	0	0	0	0	0	0	20.9758	26.7354	0.00665576	0.0118201	5.58714	7.97577	0.226274	0.25428	0	0	0	0
k107_12267104 flag=0 multi=46.2768 len=77308	77308	27.3624	0	0	0	0	0	0	0	0	0	0	0	0	21.1948	26.1015	0.00196089	0.00195541	5.94693	7.82257	0.218736	0.277246	0	0	0	0
k107_4352198 flag=0 multi=39.5968 len=4985	4985	27.2063	0	0	0	0	0	0	0	0	0	0	0	0	20.9827	29.7929	0	0	5.87017	7.61591	0.353406	0.334441	0	0	0	0
k107_20574826 flag=0 multi=22.0312 len=3691	3691	28.4647	0	0	0	0	0	0	0	0	0	0	0	0	22.2688	32.4922	0	0	5.73768	9.65505	0.458247	0.721281	0	0	0	0
k107_10443894 flag=0 multi=37.3932 len=8161	8161	26.5824	0	0	0	0	0	0	0	0	0	0	0	0	20.701	28.9322	0.0758366	0.230246	5.44204	7.00638	0.363532	0.377414	0	0	0	0
k107_12097890 flag=0 multi=144.1621 len=5147	5147	25.8332	0	0	0	0	0	0	0	0	0	0	0	0	20.2198	18.6521	0.120124	0.135668	5.19319	5.80062	0.300103	0.422478	0	0	0	0
k107_35779016 flag=0 multi=154.0000 len=13654	13654	25.8189	0	0	0	0	0	0	0	0	0	0	0	0	20.4142	30.582	0	0	5.22454	6.61818	0.180198	0.211564	0	0	0	0
k107_7610631 flag=0 multi=42.9439 len=18244	18244	25.6053	0	0	0	0	0	0	0	0	0	0	0	0	19.9059	25.8945	0	0	5.54007	9.47884	0.159347	0.200157	0	0	0	0
k107_928154 flag=0 multi=49.5683 len=24731	24731	26.8651	0	0	0	0	0	0	0	0	0	0	0	0	20.8814	34.7285	0	0	5.79921	8.00163	0.184535	0.252829	0	0	0	0
k107_2504965 flag=0 multi=101.7753 len=31076	31076	27.8548	0	0	0	0	0	0	0	0	0	0	0	0	21.5263	31.2006	0.00974849	0.0113414	6.04946	7.2722	0.269318	0.462574	0	0	0	0
k107_12635818 flag=0 multi=60.1471 len=7365	7365	25.1944	0	0	0	0	0	0	0	0	0	0	0	0	19.019	28.968	0.0426165	0.0417874	6.0051	8.51039	0.127708	0.368075	0	0	0	0
k107_9479020 flag=0 multi=46.4865 len=38139	38139	24.8889	0	0	0	0	0	0	0	0	0	0	0	0	19.6429	24.0663	0.0314507	0.0427167	5.03697	6.66113	0.177551	0.244229	0	0	0	0
k107_9202510 flag=0 multi=39.2352 len=10337	10337	25.1307	0	0	0	0	0	0	0	0	0	0	0	0	18.9097	25.4328	0.0300947	0.0291956	6.01136	9.6467	0.179571	0.224913	0	0	0	0
k107_24139406 flag=0 multi=17.9557 len=11027	11027	20.6654	0	0	0	0	0	0	0	0	0	0	0	0	14.2048	16.0684	0.0281585	0.0338959	6.09538	7.66037	0.33697	0.370723	0	0	0	0
k107_115823 flag=0 multi=55.8333 len=23403	23403	26.9821	0.013073	0.0199174	0	0	0	0	0	0	0	0	0	0	21.2668	24.7597	0.013073	0.0214859	5.43115	7.84201	0.245141	0.364056	0.0128566	0.0148958	0	0
k107_25928643 flag=0 multi=26.0000 len=7520	7520	27.8871	0	0	0	0	0	0	0	0	0	0	0	0	21.6151	19.8805	0	0	5.95913	9.09696	0.312829	0.497988	0	0	0	0
k107_33769958 flag=0 multi=77.0038 len=2721	2721	24.4961	0	0	0	0	0	0	0	0	0	0	0	0	18.9256	17.0085	0	0	5.25961	7.3215	0.310872	0.280128	0	0	0	0
k107_9591432 flag=0 multi=85.2088 len=14102	14102	27.3586	0	0	0	0	0	0	0	0	0	0	0	0	21.5039	23.2348	0	0	5.74529	7.36886	0.0875362	0.122504	0.0218841	0.0334425	0	0
k107_2930408 flag=0 multi=23.0543 len=3752	3752	27.2151	0	0	0	0	0	0	0	0	0	0	0	0	21.1881	39.7477	0	0	5.80841	9.13708	0.218551	0.266686	0	0	0	0
k107_18625536 flag=1 multi=11.8145 len=5394	5394	5.71642	0	0	0	0	0.0644148	0.182181	0	0	0	0	0	0	0	0	0	0	5.652	6.29669	0	0	0	0	0	0
k107_7349620 flag=0 multi=79.7197 len=20718	20718	25.6239	0	0	0	0	0	0	0	0	0	0	0	0	19.6049	20.3982	0.0294377	0.037626	5.64278	6.53874	0.346836	0.448105	0	0	0	0
k107_9728254 flag=0 multi=83.6494 len=24029	24029	26.0219	0	0	0	0	0	0	0	0	0	0	0	0	20.2404	26.6654	0.0254562	0.0392324	5.54651	8.05485	0.209508	0.272603	0	0	0	0
k107_4540580 flag=0 multi=23.1278 len=5552	5552	20.8773	0	0	0	0	0	0	0	0	0.323429	0.691634	0.0542857	0.0592265	13.48	25.3873	0	0	6.54686	8.23371	0.472762	0.451378	0	0	0	0
k107_10252224 flag=0 multi=31.0163 len=9582	9582	27.9444	0	0	0	0	0	0	0	0	0	0	0	0	20.9498	26.8872	0	0	6.80022	9.8386	0.194397	0.238171	0	0	0	0
k107_24678151 flag=0 multi=31.0015 len=18998	18998	27.4557	0	0	0	0	0	0	0	0	0	0	0	0	21.8749	27.3262	0.00802311	0.00800905	5.30787	6.28964	0.264869	0.451335	0	0	0	0
k107_10151718 flag=0 multi=73.2931 len=38273	38273	27.6527	0	0	0	0	0	0	0.00795344	0.0109434	0	0	0	0	21.7231	33.0277	0.00787443	0.0127882	5.67196	8.00281	0.241816	0.346939	0	0	0	0
k107_7455912 flag=0 multi=34.3718 len=24488	24488	25.7699	0	0	0	0	0	0	0	0	0	0	0	0	20.1582	29.7478	0.0249731	0.0290563	5.38373	6.04397	0.20301	0.230556	0	0	0	0
k107_2306372 flag=0 multi=28.7247 len=24986	24986	27.6044	0	0	0	0	0	0	0	0	0	0	0	0	21.5944	27.8902	0	0	5.86343	8.83526	0.146573	0.193863	0	0	0	0
k107_17558061 flag=0 multi=26.0819 len=4260	4260	28.4363	0	0	0	0	0	0	0	0	0	0	0	0	22.3221	28.2585	0	0	5.9237	7.95648	0.1905	0.189783	0	0	0	0
k107_3838654 flag=0 multi=97.1272 len=19104	19104	25.1312	0	0	0	0	0	0	0	0	0	0	0	0	19.4419	19.8912	0	0	5.5292	7.18742	0.160036	0.227925	0	0	0	0
k107_865166 flag=0 multi=32.8568 len=32882	32882	26.4323	0	0	0	0	0	0	0	0	0	0	0	0	20.7083	27.1563	0.00926949	0.00918588	5.53008	7.58016	0.184561	0.257693	0	0	0	0
k107_26065783 flag=0 multi=64.0175 len=6854	6854	26.7625	0	0	0	0	0	0	0	0	0	0	0	0	21.5379	29.9931	0	0	5.04121	5.89768	0.183455	0.219964	0	0	0	0
k107_21772644 flag=0 multi=19.0209 len=22093	22093	20.9855	0	0	0	0	0	0	0	0	0	0	0	0	15.1515	18.4191	0.0138589	0.0136637	5.59892	7.7352	0.221192	0.29974	0	0	0	0
k107_6916136 flag=0 multi=77.5386 len=11170	11170	27.3289	0	0	0	0	0	0	0	0	0	0	0	0	20.4516	27.7638	0	0	6.82214	8.98309	0.0551159	0.0570911	0	0	0	0
k107_6297555 flag=0 multi=36.0218 len=12244	12244	27.5562	0	0	0	0	0	0	0	0	0	0	0	0	21.8138	25.4051	0	0	5.52671	7.1826	0.215709	0.325477	0	0	0	0
k107_10398598 flag=0 multi=38.0195 len=3691	3691	27.0847	0	0	0	0	0	0	0	0	0	0	0	0	21.1862	44.5942	0	0	5.45618	11.0839	0.442313	0.597741	0	0	0	0
k107_5362441 flag=0 multi=33.0000 len=26905	26905	26.1175	0	0	0	0	0	0	0	0	0	0	0	0	20.3733	22.7836	0.0340563	0.0532198	5.51776	6.64865	0.192422	0.266192	0	0	0	0
k107_17816429 flag=0 multi=106.0000 len=6999	6999	27.2213	0	0	0	0	0	0	0	0	0	0	0	0	21.8032	32.1896	0	0	5.21846	7.65702	0.199642	0.322734	0	0	0	0
k107_22012254 flag=0 multi=44.9813 len=20404	20404	26.8592	0	0	0	0	0	0	0	0	0	0	0	0	21.2103	24.0374	0.0375585	0.0444042	5.39429	7.85131	0.217043	0.354215	0	0	0	0
k107_4162204 flag=0 multi=39.6183 len=29452	29452	27.1431	0	0	0	0	0	0	0	0	0	0	0	0	21.5397	27.9838	0.0103259	0.0112147	5.37633	7.62152	0.216775	0.273531	0	0	0	0
k107_19060695 flag=0 multi=95.3999 len=12787	12787	26.6128	0	0	0	0	0	0	0	0	0	0	0	0	21.2557	26.0698	0	0	5.10581	8.17755	0.251262	0.293729	0	0	0	0
k107_31354735 flag=0 multi=56.0012 len=13360	13360	27.5768	0	0	0	0	0	0	0	0	0	0	0	0	21.8011	22.7891	0	0	5.59106	6.4191	0.184638	0.246963	0	0	0	0
k107_21423455 flag=0 multi=54.5798 len=20766	20766	26.0254	0.0147576	0.0187421	0	0	0	0	0	0	0	0	0	0	19.7139	24.4531	0.0294664	0.0384221	5.90715	7.5169	0.360047	0.475835	0	0	0	0
k107_3261395 flag=0 multi=33.2087 len=11586	11586	26.0502	0	0	0	0	0	0	0	0	0	0	0	0	20.3743	21.4462	0.0263205	0.0522891	5.42184	7.84083	0.227667	0.268902	0	0	0	0
k107_11521785 flag=0 multi=48.0859 len=32084	32084	26.2733	0	0	0	0	0	0	0	0	0	0	0	0	20.5799	28.0012	0.00950223	0.0109861	5.49924	8.59341	0.184696	0.349007	0	0	0	0
k107_11484902 flag=0 multi=78.8543 len=2941	2941	27.8427	0	0	0	0	0	0	0	0	0	0	0	0	23.2679	30.0896	0	0	4.57484	3.87575	0	0	0	0	0	0
k107_24957246 flag=0 multi=106.7386 len=6461	6461	29.602	0	0	0	0	0	0	0	0	0	0	0	0	22.6235	22.1096	0	0	6.73405	7.23852	0.24452	0.372816	0	0	0	0
k107_27512063 flag=0 multi=92.1605 len=9758	9758	25.1437	0	0	0	0	0	0	0	0	0	0	0	0	19.6185	22.2164	0.0319374	0.0309097	5.39763	6.42935	0.0956007	0.125343	0	0	0	0
k107_11158915 flag=0 multi=25.0041 len=10353	10353	26.7625	0	0	0	0	0	0	0	0	0	0	0	0	20.4747	26.4788	0.0300468	0.0387054	5.97533	6.57201	0.282459	0.442134	0	0	0	0
k107_11483733 flag=0 multi=59.5679 len=62703	62703	26.5455	0	0	0.00483967	0.00735282	0	0	0	0	0	0	0	0	21.02	25.3621	0.0144709	0.0152856	5.36382	8.08284	0.142305	0.176569	0	0	0	0
k107_33648762 flag=0 multi=23.0025 len=7391	7391	25.6816	0	0	0	0	0	0	0	0	0	0	0	0	20.3738	24.0257	0	0	4.99252	6.46627	0.315277	0.4253	0	0	0	0
k107_8755090 flag=0 multi=26.3709 len=14963	14963	26.3198	0	0	0	0	0	0	0	0	0	0	0	0	20.6131	23.7841	0.0205307	0.0208584	5.46047	7.14757	0.225769	0.307027	0	0	0	0
k107_12346038 flag=0 multi=54.8907 len=32143	32143	26.7566	0	0	0	0	0	0	0	0	0	0	0	0	20.7041	32.4008	0	0	5.84919	7.71401	0.20326	0.272529	0	0	0	0
k107_15878145 flag=0 multi=65.0860 len=8666	8666	27.5528	0	0	0	0	0	0	0	0	0	0	0	0	21.4049	24.9723	0	0	5.95026	7.132	0.197633	0.331149	0	0	0	0
k107_27695906 flag=0 multi=46.0000 len=26570	26570	27.9682	0	0	0	0	0	0	0	0	0	0	0	0	22.0812	33.4748	0.0229557	0.0224807	5.68642	9.4014	0.177554	0.248688	0	0	0	0
k107_2000453 flag=0 multi=29.9086 len=27760	27760	26.5708	0	0	0	0	0	0	0	0	0	0	0	0	20.5612	30.0248	0.0109986	0.0108787	5.84504	7.59242	0.153544	0.18608	0	0	0	0
k107_18066062 flag=0 multi=54.0047 len=13449	13449	27.6277	0	0	0	0	0	0	0	0	0	0	0	0	21.5107	32.3164	0	0	5.96843	10.6421	0.148627	0.236902	0	0	0	0
k107_1206862 flag=0 multi=27.1546 len=9396	9396	27.7329	0	0	0	0	0	0	0	0	0	0	0	0	21.9605	28.5038	0	0	5.44128	6.35421	0.297889	0.293389	0.0332087	0.0321059	0	0
k107_14888163 flag=0 multi=140.3860 len=15244	15244	26.8957	0	0	0	0	0	0	0	0	0	0	0	0	21.0372	25.295	0	0	5.59684	8.38036	0.261678	0.291853	0	0	0	0
k107_7337888 flag=0 multi=38.8896 len=9047	9047	28.9875	0	0	0	0	0	0	0	0	0	0	0	0	22.9278	27.6983	0	0	5.95712	7.52896	0.102573	0.169601	0	0	0	0
k107_23954690 flag=0 multi=31.6707 len=12872	12872	25.1597	0	0	0	0	0	0	0	0	0	0	0	0	19.876	27.8613	0	0	5.0206	6.86149	0.263166	0.34754	0	0	0	0
k107_6780310 flag=0 multi=57.5631 len=33957	33957	27.2547	0	0	0	0	0	0	0	0	0	0	0	0	21.4835	29.3503	0.00897341	0.0157818	5.5521	7.10559	0.210132	0.289181	0	0	0	0
k107_16449386 flag=0 multi=54.0544 len=29220	29220	26.8181	0	0	0	0	0	0	0	0	0	0	0	0	21.0496	22.2982	0	0	5.57594	7.46762	0.19251	0.251193	0	0	0	0
k107_1538129 flag=0 multi=45.0000 len=10561	10561	27.3081	0	0	0	0	0	0	0	0	0	0	0	0	21.5609	28.0629	0	0	5.57335	8.67505	0.173896	0.226791	0	0	0	0
k107_730392 flag=0 multi=66.5053 len=33651	33651	26.2297	0	0	0	0	0	0	0	0	0	0	0	0	20.6017	26.2002	0.00905574	0.00999927	5.40334	7.18236	0.202075	0.235697	0.0135536	0.0224552	0	0
k107_25154916 flag=0 multi=22.4326 len=3230	3230	27.6486	0	0	0	0	0	0	0	0	0	0	0	0	22.2859	16.2523	0	0	5.3627	7.95741	0	0	0	0	0	0
k107_15114842 flag=0 multi=25.0000 len=6425	6425	27.9373	0	0	0	0	0	0	0	0	0	0	0	0	21.326	33.0104	0	0	6.41532	9.83043	0.195982	0.266535	0	0	0	0
k107_15605810 flag=0 multi=106.0000 len=8920	8920	25.6841	0	0	0	0	0	0	0	0	0	0	0	0	20.1602	25.9522	0	0	5.31388	8.85479	0.210026	0.285585	0	0	0	0
k107_3609818 flag=0 multi=109.2712 len=8585	8585	26.1871	0	0	0	0	0	0	0	0	0	0	0	0	19.2353	21.135	0.00338042	0.0033694	6.8212	10.0267	0.127249	0.155752	0	0	0	0
k107_7549633 flag=0 multi=54.9496 len=27842	27842	26.7704	0.0218591	0.0325699	0	0	0	0	0	0	0	0	0	0	20.8287	29.0457	0	0	5.71747	8.37679	0.202324	0.235405	0	0	0	0
k107_10710165 flag=0 multi=54.9963 len=54996	54996	27.0041	0	0	0	0	0	0	0	0	0	0	0	0	21.1884	30.8523	0.00552163	0.00549125	5.61473	7.08347	0.195451	0.257282	0	0	0	0
k107_12552895 flag=0 multi=33.0000 len=18000	18000	27.2974	0	0	0	0	0	0	0	0	0	0	0	0	21.7955	35.9326	0.0340151	0.0955806	5.2806	6.63051	0.187253	0.217105	0	0	0	0
k107_6511130 flag=0 multi=54.8768 len=34596	34596	27.1977	0	0	0	0	0	0	0	0	0	0	0	0	21.3301	31.2015	0.00880621	0.0137553	5.70091	7.20813	0.157899	0.191558	0	0	0	0
k107_1844997 flag=0 multi=71.6361 len=24064	24064	25.6489	0	0	0	0	0	0	0	0	0	0	0	0	20.0643	26.0184	0.0127094	0.0163295	5.40699	6.88801	0.164927	0.254373	0	0	0	0
k107_16540003 flag=0 multi=116.0000 len=18632	18632	27.8126	0	0	0	0	0	0	0	0	0	0	0	0	22.3268	31.1326	0.0163666	0.0162069	5.3048	7.47676	0.164594	0.205035	0	0	0	0
k107_16657883 flag=0 multi=54.4893 len=27738	27738	27.0278	0	0	0	0	0	0	0	0	0	0	0	0	21.0625	25.7524	0.0110074	0.0136571	5.78984	7.1748	0.164455	0.191467	0	0	0	0
k107_265319 flag=0 multi=38.3554 len=6032	6032	19.4115	0	0	0	0	0	0	0	0	0	0	0	0	13.3764	18.8795	0.052356	0.086591	5.93002	6.52917	0.0527051	0.0562193	0	0	0	0
k107_399309 flag=0 multi=283.0560 len=2910	2910	27.6745	0	0	0	0	0	0	0	0	0	0	0	0	21.0265	23.2978	0	0	6.35851	11.2801	0.289494	0.72284	0	0	0	0
k107_16743735 flag=0 multi=119.6549 len=22422	22422	26.7919	0	0	0	0	0	0	0	0	0.0273056	0.0791819	0	0	20.9476	28.6937	0.0136528	0.013467	5.62649	8.80738	0.176899	0.231359	0	0	0	0
k107_3990747 flag=0 multi=36.9935 len=7641	7641	27.5893	0	0	0	0	0	0	0	0	0	0	0	0	21.8268	29.2498	0	0	5.47595	5.48711	0.286551	0.424791	0	0	0	0
k107_8207860 flag=0 multi=37.4850 len=32206	32206	26.7676	0	0	0	0	0	0	0	0	0	0	0	0	21.0401	26.9143	0.0094659	0.0133266	5.46775	8.35082	0.250282	0.340365	0	0	0	0
k107_17157223 flag=0 multi=36.4392 len=21414	21414	28.104	0	0	0	0	0	0	0	0	0	0	0	0	22.181	36.1178	0	0	5.58701	7.40978	0.335923	0.553981	0	0	0	0
k107_17778243 flag=0 multi=84.0331 len=6604	6604	25.9837	0	0	0	0	0	0	0	0	0	0	0	0	19.9322	21.4468	0	0	5.68375	10.1141	0.367661	0.560836	0	0	0	0
k107_10662693 flag=0 multi=54.0755 len=50820	50820	26.9864	0	0	0	0	0	0	0	0	0	0	0	0	21.0443	31.041	0.0119363	0.0156419	5.74308	7.48176	0.181044	0.252858	0.00597807	0.00708562	0	0
k107_17240041 flag=0 multi=125.1859 len=3528	3528	27.5167	0	0	0	0	0	0	0	0	0	0	0	0	20.6014	17.4117	0	0	6.58834	11.1955	0.32703	0.33323	0	0	0	0
k107_15525981 flag=0 multi=74.0000 len=21824	21824	26.0545	0	0	0	0	0	0	0	0	0	0	0	0	19.8554	26.8494	0	0	5.93114	7.94875	0.267912	0.41608	0	0	0	0
k107_33626342 flag=1 multi=8.0000 len=7211	7211	9.37704	0	0	0	0	0	0	0	0	0	0	0	0	3.56086	5.50333	0.327399	0.380766	5.48878	7.2337	0	0	0	0	0	0
k107_16723863 flag=0 multi=77.5087 len=3673	3673	21.4186	0	0	0	0	0	0	0	0	0	0	0	0	14.4453	30.778	0	0	6.75734	7.12803	0.21596	0.266196	0	0	0	0
k107_7449067 flag=0 multi=36.0366 len=7000	7000	25.0437	0	0	0	0	0	0	0	0	0	0	0	0	19.6363	26.5134	0.0449388	0.0565038	5.27083	9.27135	0.0916692	0.105375	0	0	0	0
k107_10098835 flag=1 multi=18.0000 len=9257	9257	6.30251	0	0	0	0	0	0	0	0	0	0	0	0	0	0	0	0	6.30251	7.83856	0	0	0	0	0	0
k107_3892935 flag=0 multi=64.8645 len=31432	31432	27.1501	0	0	0	0	0	0	0	0	0	0	0	0	21.089	30.9384	0.00970125	0.0145527	5.79971	8.68486	0.251654	0.325865	0	0	0	0
k107_18750457 flag=0 multi=68.2005 len=20610	20610	26.6778	0	0	0	0	0	0	0	0	0	0	0	0	20.9367	25.7164	0	0	5.57125	6.44777	0.169835	0.213606	0	0	0	0
k107_16525936 flag=0 multi=60.9842 len=16619	16619	26.9051	0	0	0	0	0	0	0	0	0	0	0	0	21.1143	25.1094	0.0185083	0.0257659	5.54183	7.08451	0.230496	0.347227	0	0	0	0
k107_18713712 flag=0 multi=37.0681 len=4130	4130	25.7983	0	0	0	0	0	0	0	0	0	0	0	0	20.2153	19.6193	0	0	5.19044	12.2431	0.392633	0.458949	0	0	0	0
k107_21053898 flag=0 multi=56.0000 len=13457	13457	25.1124	0	0	0.022653	0.0336798	0	0	0	0	0	0	0	0	19.6667	22.6422	0	0	5.14823	8.04524	0.274876	0.345967	0	0	0	0
k107_2436953 flag=0 multi=60.9182 len=61501	61501	26.6083	0	0	0	0	0	0	0	0	0	0	0	0	20.809	26.2638	0.0098531	0.0141568	5.51878	8.92983	0.270642	0.407601	0	0	0	0
k107_1227489 flag=0 multi=78.1343 len=34425	34425	25.7749	0	0	0	0	0	0	0	0	0	0	0	0	20.0542	28.7788	0	0	5.49119	8.04075	0.229493	0.431105	0	0	0	0
k107_10615555 flag=0 multi=53.0827 len=30683	30683	26.8876	0	0	0	0	0	0	0	0	0	0	0	0	21.1822	24.7201	0.00994042	0.0178278	5.46917	9.29197	0.226293	0.327355	0	0	0	0
k107_23190875 flag=0 multi=59.9906 len=30287	30287	27.8936	0	0	0	0	0	0	0	0	0	0	0	0	21.4638	31.7232	0.0100717	0.0136311	6.21908	8.60277	0.200667	0.319192	0	0	0	0
k107_12006652 flag=0 multi=83.0000 len=12582	12582	26.4783	0	0	0	0	0	0	0	0	0	0	0	0	21.3196	26.5763	0	0	5.0728	7.66708	0.085912	0.088125	0	0	0	0
k107_6038717 flag=0 multi=52.1662 len=31791	31791	26.2665	0	0	0	0	0	0	0	0	0	0	0	0	20.3079	27.6692	0.0191813	0.0274515	5.72435	8.16344	0.215027	0.254879	0	0	0	0
k107_26769599 flag=0 multi=31.9419 len=13456	13456	27.518	0	0	0	0	0	0	0	0	0	0	0	0	21.827	38.681	0	0	5.46206	6.71054	0.228904	0.272701	0	0	0	0
k107_26809167 flag=0 multi=93.4648 len=23861	23861	26.855	0	0	0	0	0	0	0	0	0	0	0	0	20.7871	26.4698	0.0126491	0.025492	5.85173	8.30799	0.203447	0.24537	0	0	0	0
k107_25809102 flag=0 multi=56.0000 len=10293	10293	27.1188	0	0	0	0	0	0	0	0	0	0	0	0	20.8763	30.1658	0	0	5.83635	6.9707	0.406166	0.613749	0	0	0	0
k107_9721290 flag=0 multi=60.1312 len=20802	20802	28.6492	0	0	0	0	0	0	0	0	0	0	0	0	22.141	28.236	0	0	6.31361	9.76038	0.194585	0.343351	0	0	0	0
k107_26935578 flag=0 multi=33.0377 len=36761	36761	26.8627	0	0	0	0	0	0	0	0	0	0	0	0	21.1232	27.2615	0.0165117	0.0211742	5.50849	6.83304	0.21457	0.356075	0	0	0	0
k107_25747745 flag=0 multi=46.1258 len=9004	9004	25.737	0	0	0	0	0	0	0	0	0	0	0	0	20.2841	20.4086	0	0	5.31453	9.70291	0.138359	0.28461	0	0	0	0
k107_8360836 flag=0 multi=22.0034 len=8245	8245	26.246	0	0	0	0	0	0	0	0	0	0	0	0	20.4048	31.6791	0.0371396	0.0670608	5.76634	8.86435	0.0377691	0.0501757	0	0	0	0
k107_10365096 flag=0 multi=98.1545 len=19397	19397	25.0178	0	0	0	0	0	0	0	0	0	0	0	0	19.9685	40.9139	0	0	4.90741	9.78537	0.141922	0.165664	0	0	0	0
k107_25292931 flag=0 multi=68.0085 len=8597	8597	26.8699	0	0	0	0	0	0	0	0	0	0	0	0	21.5497	28.1787	0.0364075	0.0350763	5.12791	5.80762	0.155877	0.148887	0	0	0	0
k107_1653441 flag=0 multi=21.4768 len=2559	2559	21.6163	0	0	0	0	0	0	0	0	0	0	0	0	21.6163	33.2341	0	0	0	0	0	0	0	0	0	0
k107_25249849 flag=0 multi=88.1104 len=35360	35360	25.9759	0	0	0	0	0	0	0	0	0	0	0	0	20.2992	27.4758	0.0086143	0.0101335	5.40051	8.25977	0.267557	0.385758	0	0	0	0
k107_7645691 flag=0 multi=51.0000 len=16397	16397	27.1592	0	0	0	0	0	0	0.0187636	0.0235115	0	0	0	0	21.2385	36.0176	0.0374029	0.0367421	5.7616	10.3919	0.102951	0.133734	0	0	0	0
k107_31274622 flag=0 multi=27.0005 len=12949	12949	27.1489	0	0	0	0	0	0	0	0	0	0	0	0	21.2971	22.3838	0	0	5.69716	6.54902	0.154661	0.175434	0	0	0	0
k107_1338371 flag=1 multi=5.0000 len=5873	5873	6.39706	0	0	0	0	0	0	0	0	0	0	0	0	0	0	0	0	6.39706	10.6158	0	0	0	0	0	0
k107_8544896 flag=0 multi=50.4061 len=5751	5751	29.1264	0	0	0	0	0	0	0	0	0	0	0	0	23.0859	23.5829	0	0	5.80969	7.69611	0.230868	0.218677	0	0	0	0
k107_13743268 flag=0 multi=51.7042 len=39826	39826	27.1593	0	0	0	0	0	0	0	0	0	0	0	0	21.3008	27.3376	0.01513	0.0461199	5.62615	8.61636	0.21721	0.242991	0	0	0	0
k107_18419771 flag=0 multi=61.3566 len=18489	18489	25.9479	0	0	0	0	0	0	0	0	0	0	0	0	20.4775	25.1771	0	0	5.29648	6.13061	0.17397	0.197775	0	0	0	0
k107_2401786 flag=0 multi=54.2284 len=17472	17472	27.2047	0.0756552	0.249595	0	0	0	0	0	0	0	0	0	0	21.1923	45.2804	0.00879441	0.00871749	5.64741	8.24076	0.262959	0.361155	0.0175306	0.0242662	0	0
k107_33029736 flag=1 multi=10.0000 len=2594	2594	5.93281	0	0	0	0	0	0	0	0	0	0	0	0	0	0	0	0	5.93281	8.49877	0	0	0	0	0	0
k107_779371 flag=0 multi=83.0000 len=5215	5215	26.6652	0	0	0	0	0	0	0	0	0	0	0	0	20.2931	20.0271	0	0	6.06513	7.43961	0.306941	0.388422	0	0	0	0
k107_30913262 flag=0 multi=95.0865 len=6074	6074	27.6745	0	0	0	0	0	0	0	0	0	0	0	0	20.9562	33.0615	0	0	6.3536	10.3257	0.364692	0.430348	0	0	0	0
k107_2184127 flag=0 multi=26.0035 len=6469	6469	27.0264	0	0	0	0	0	0	0	0	0	0	0	0	20.3981	16.5625	0	0	6.52311	7.98452	0.105238	0.163071	0	0	0	0
k107_32335639 flag=0 multi=83.9876 len=15401	15401	26.9085	0	0	0	0	0	0	0	0	0	0	0	0	21.2683	25.0318	0.0398702	0.0383953	5.4289	7.1712	0.171468	0.209453	0	0	0	0
k107_26061573 flag=0 multi=45.0892 len=15528	15528	28.0971	0	0	0	0	0	0	0	0	0	0	0	0	21.2825	32.0234	0	0	6.597	8.41041	0.217523	0.23457	0	0	0	0
k107_28323994 flag=0 multi=86.3729 len=20394	20394	27.5618	0	0	0	0	0	0	0	0	0	0	0	0	21.681	35.9887	0	0	5.7165	6.71796	0.164344	0.236174	0	0	0	0
k107_26978052 flag=0 multi=44.0074 len=19630	19630	26.8913	0	0	0	0	0	0	0	0	0	0	0	0	20.8298	23.1804	0	0	5.79724	11.0889	0.26428	0.467967	0	0	0	0
k107_24968713 flag=0 multi=46.9032 len=33425	33425	27.5353	0	0	0	0	0	0	0	0	0	0	0	0	21.3261	27.1456	0	0	5.94626	9.49064	0.262869	0.37567	0	0	0	0
k107_13337925 flag=0 multi=42.2320 len=24881	24881	27.3842	0	0	0	0	0	0	0	0	0	0	0	0	21.4465	28.3076	0	0	5.72936	8.30055	0.208389	0.299485	0	0	0	0
k107_27761151 flag=0 multi=24.0901 len=3682	3682	27.9905	0	0	0	0	0	0	0	0	0	0	0	0	21.9734	32.9921	0	0	5.48284	8.10978	0.53432	1.47761	0	0	0	0
k107_2131489 flag=0 multi=42.4968 len=5254	5254	28.4113	0	0	0	0	0	0	0	0	0	0	0	0	22.9869	30.7344	0	0	5.05957	9.85753	0.364903	0.336303	0	0	0	0
k107_20592693 flag=0 multi=32.5301 len=37709	37709	26.8244	0	0	0	0	0	0	0	0	0	0	0	0	20.9151	28.9907	0	0	5.70821	7.70482	0.201139	0.252863	0	0	0	0
k107_29078492 flag=0 multi=39.0000 len=13934	13934	27.4974	0	0	0	0	0	0	0	0	0	0	0	0	21.1451	35.8548	0.0443075	0.0552521	6.13124	9.17565	0.176717	0.314598	0	0	0	0
k107_33089264 flag=0 multi=25.5017 len=5864	5864	20.3109	0.0266091	0.0264122	0	0	0	0	0	0	0	0	0	0	14.2943	24.7342	0	0	5.58756	6.82867	0.378821	0.593896	0.0235527	0.042029	0	0
k107_324103 flag=0 multi=176.3623 len=5536	5536	24.6731	0	0	0	0	0	0	0	0	0	0	0	0	19.035	37.3184	0	0	5.46504	5.55914	0.173099	0.24253	0	0	0	0
k107_21237026 flag=0 multi=22.0272 len=4591	4591	28.8631	0	0	0	0	0	0	0	0	0	0	0	0	23.1208	37.6571	0	0	5.46095	5.41669	0.281418	0.542397	0	0	0	0
k107_2370363 flag=0 multi=30.1104 len=40625	40625	18.3974	0	0	0	0	0	0	0	0	0.00734072	0.0141836	0.00729112	0.0142828	13.0259	14.3763	0.0521043	0.0693363	5.18501	7.1499	0.119758	0.169821	0	0	0	0
k107_22339592 flag=0 multi=59.0791 len=4631	4631	27.6013	0	0	0	0	0	0	0	0	0	0	0	0	22.0018	55.3018	0.0693001	0.0648978	5.28667	10.0895	0.243474	0.336612	0	0	0	0
k107_24052303 flag=0 multi=56.0000 len=7847	7847	28.9939	0	0	0	0	0	0	0	0	0	0	0	0	22.4991	22.3134	0	0	6.41206	6.77474	0.0827038	0.155168	0	0	0	0
k107_34565129 flag=1 multi=6.8564 len=7049	7049	5.77664	0	0	0	0	0	0	0	0	0	0	0	0	0	0	0	0	5.77664	6.97278	0	0	0	0	0	0
k107_31593513 flag=0 multi=72.0465 len=22355	22355	26.2757	0	0	0	0	0	0	0	0	0	0	0	0	20.284	22.4632	0.0205414	0.0226641	5.76629	7.03921	0.204825	0.240776	0	0	0	0
k107_30441381 flag=0 multi=28.0456 len=4606	4606	24.836	0	0	0	0	0	0	0	0	0	0	0	0	18.944	18.5107	0	0	5.57598	7.13385	0.315985	0.590005	0	0	0	0
k107_30483155 flag=0 multi=31.4876 len=18105	18105	26.4586	0	0	0	0	0	0	0	0	0	0	0	0	20.9464	21.9694	0	0	5.27563	9.67815	0.236533	0.364992	0	0	0	0
k107_21334589 flag=0 multi=27.0046 len=26040	26040	22.9782	0	0	0	0	0	0	0	0	0	0	0	0	16.4918	23.0325	0.0234284	0.0298329	6.22306	9.22121	0.239956	0.33226	0	0	0	0
k107_3993774 flag=0 multi=32.0040 len=7898	7898	26.6166	0	0	0	0	0	0	0	0	0	0	0	0	21.8744	31.0616	0	0	4.67022	5.21198	0.0720116	0.10303	0	0	0	0
k107_35714029 flag=0 multi=36.0000 len=4469	4469	27.4164	0	0	0	0	0	0	0	0	0	0	0	0	21.7631	23.3957	0.0163187	0.016057	5.56444	8.69009	0.0724742	0.098921	0	0	0	0
k107_32395505 flag=0 multi=54.0000 len=3393	3393	27.703	0	0	0	0	0	0	0	0	0	0	0	0	22.4193	31.647	0	0	5.04141	6.8513	0.242316	0.259089	0	0	0	0
k107_30657482 flag=0 multi=35.1507 len=4698	4698	27.8305	0	0	0	0	0	0	0	0	0	0	0	0	21.2702	26.1955	0	0	6.28594	10.4905	0.27434	0.324472	0	0	0	0
k107_10590917 flag=0 multi=100.8262 len=7160	7160	27.3629	0	0	0	0	0	0	0	0	0	0	0	0	21.5194	23.5966	0	0	5.5592	7.31467	0.284339	0.578923	0	0	0	0
k107_669731 flag=0 multi=637.7739 len=2659	2659	23.2724	0	0	0	0	0	0	0	0	0	0	0	0	17.983	14.387	0	0	4.9109	5.37535	0.378447	0.812277	0	0	0	0
k107_29097354 flag=0 multi=34.8924 len=15577	15577	27.3029	0	0	0	0	0	0	0	0	0	0	0	0	21.3394	25.3588	0	0	5.80589	7.58617	0.157643	0.17938	0	0	0	0
k107_28013268 flag=0 multi=36.9869 len=7713	7713	25.5083	0	0	0	0	0	0	0	0	0	0	0	0	19.9235	16.7699	0	0	5.42288	7.61492	0.161921	0.189633	0	0	0	0
k107_4857547 flag=0 multi=23.0000 len=2740	2740	24.9311	0	0	0	0	0	0	0	0	0	0	0	0	20.7945	36.9551	0	0	3.88925	7.77701	0.247334	0.293135	0	0	0	0
k107_7968172 flag=0 multi=32.0075 len=2503	2503	26.134	0	0	0	0	0	0	0	0	0	0	0	0	19.5843	19.5714	0	0	6.47615	8.15372	0.0736029	0.117421	0	0	0	0
k107_8096558 flag=0 multi=26.0022 len=7492	7492	27.1861	0	0	0	0	0	0	0	0	0	0	0	0	21.0193	34.4616	0	0	6.02142	11.3481	0.145341	0.16742	0	0	0	0
k107_33356893 flag=1 multi=6.0000 len=3367	3367	6.3801	0	0	0	0	0	0	0	0	0	0	0	0	0	0	0	0	6.3801	10.5623	0	0	0	0	0	0
k107_26467949 flag=0 multi=45.9807 len=11700	11700	26.5206	0	0	0	0	0	0	0	0	0	0	0	0	20.8809	18.6384	0	0	5.35322	9.77179	0.286541	0.315035	0	0	0	0
k107_8674445 flag=0 multi=72.1912 len=9753	9753	26.677	0	0	0	0	0	0	0	0	0	0	0	0	21.4953	28.3618	0	0	5.05417	7.42412	0.1275	0.142189	0	0	0	0
k107_24105598 flag=0 multi=46.2083 len=4811	4811	23.3438	0	0	0	0	0	0	0	0	0	0	0	0	19.1275	19.6898	0	0	3.95121	6.97484	0.265025	0.313748	0	0	0	0
k107_4682019 flag=0 multi=123.0362 len=26886	26886	26.4648	0	0	0	0	0	0	0	0	0	0	0	0	20.7302	22.6463	0	0	5.64388	8.80287	0.0907689	0.098665	0	0	0	0
k107_22136490 flag=0 multi=31.2235 len=9349	9349	26.1416	0	0	0	0	0	0	0	0	0	0	0	0	20.5708	28.1644	0	0	5.43749	7.80754	0.133304	0.12897	0	0	0	0
k107_27393025 flag=0 multi=22.0661 len=2983	2983	23.8519	0	0	0	0	0	0	0	0	0	0	0	0	18.9239	9.91294	0	0	4.59605	4.8329	0.331966	0.547367	0	0	0	0
k107_13885066 flag=0 multi=47.8851 len=3581	3581	22.8475	0	0	0	0	0	0	0	0	0	0	0	0	17.3626	35.2279	0	0	5.19427	5.28608	0.290637	0.387597	0	0	0	0
k107_23630016 flag=0 multi=97.0000 len=12363	12363	25.5726	0	0	0	0	0	0	0	0	0	0	0	0	19.3584	28.8781	0	0	5.92679	6.50465	0.287373	0.396822	0	0	0	0
k107_25911098 flag=0 multi=49.9867 len=30795	30795	26.8674	0	0	0	0	0	0	0	0	0	0	0	0	20.6548	26.1587	0.00990391	0.0101309	5.9412	7.72306	0.261568	0.368236	0	0	0	0
k107_25958188 flag=0 multi=35.8308 len=4740	4740	25.2974	0	0	0	0	0	0	0	0	0	0	0	0	19.1302	20.5153	0	0	5.96305	8.42244	0.204146	0.29051	0	0	0	0
k107_17122209 flag=0 multi=36.4274 len=4695	4695	29.9181	0	0	0	0	0	0	0	0	0	0	0	0	23.7061	20.9095	0	0	5.75643	9.24355	0.455497	0.543221	0	0	0	0
k107_22735239 flag=0 multi=131.6849 len=6766	6766	21.4726	0	0	0	0	0	0	0	0	0	0	0	0	17.1295	44.3305	0.0465656	0.0680642	4.29657	9.38812	0	0	0	0	0	0
k107_34778001 flag=0 multi=21.0000 len=3019	3019	23.5039	0	0	0	0	0	0	0	0	0	0	0	0	18.4612	20.4114	0	0	4.82076	4.8125	0.221936	0.260584	0	0	0	0
k107_10870633 flag=0 multi=263.1998 len=2675	2675	27.0249	0	0	0	0	0	0	0	0	0	0	0	0	21.0042	11.5676	0	0	5.96671	4.66352	0.0539402	0.0514257	0	0	0	0
k107_17632785 flag=0 multi=41.7216 len=13043	13043	26.9566	0	0	0	0	0	0	0	0	0	0	0	0	20.5537	29.2757	0	0	6.14049	7.61673	0.262381	0.329614	0	0	0	0
k107_15832071 flag=0 multi=56.0070 len=15056	15056	27.2201	0	0	0	0	0	0	0	0	0	0	0	0	21.5859	24.9701	0.0204012	0.0246684	5.53253	8.36412	0.0813339	0.140113	0	0	0	0
k107_14956938 flag=0 multi=30.1921 len=8905	8905	27.0657	0	0	0	0	0	0	0	0	0	0	0	0	21.0695	25.2319	0	0	5.67616	7.90334	0.320005	0.428753	0	0	0	0
k107_9171069 flag=0 multi=57.7831 len=6050	6050	24.8744	0	0	0	0	0	0	0	0	0	0	0	0	18.9965	29.9058	0	0	5.5428	5.9287	0.335073	0.311763	0	0	0	0
k107_12837541 flag=0 multi=29.4951 len=6990	6990	30.0592	0	0	0	0	0	0	0	0	0	0	0	0	24.5202	37.43	0	0	5.47144	6.03109	0.0675837	0.10054	0	0	0	0
k107_1598617 flag=0 multi=67.1108 len=3267	3267	27.7278	0	0	0	0	0	0	0	0	0	0	0	0	21.4668	27.2915	0	0	6.1602	5.83659	0.100843	0.180582	0	0	0	0
k107_23308070 flag=0 multi=47.6101 len=6749	6749	29.3909	0	0	0	0	0	0	0	0	0	0	0	0	22.7444	32.015	0	0	6.44269	9.36841	0.203816	0.233319	0	0	0	0
k107_16799977 flag=0 multi=63.6991 len=18841	18841	25.805	0	0	0	0	0	0	0	0	0	0	0	0	20.4846	27.6645	0	0	5.11306	7.0841	0.207347	0.24925	0	0	0	0
k107_15829298 flag=0 multi=27.7238 len=15152	15152	26.4246	0	0	0	0	0	0	0	0	0	0	0	0	20.5727	26.6809	0	0	5.63286	6.8454	0.219057	0.247235	0	0	0	0
k107_4410544 flag=0 multi=25.6050 len=13738	13738	22.6629	0	0	0	0	0	0	0	0	0	0	0	0	16.3116	25.3519	0	0	6.18711	8.5246	0.164186	0.182094	0	0	0	0
k107_20553708 flag=0 multi=44.0000 len=11989	11989	26.2669	0	0	0	0	0	0	0	0	0	0	0	0	20.5414	20.9788	0	0	5.60931	8.31015	0.116197	0.150535	0	0	0	0
k107_1824863 flag=0 multi=91.0000 len=7481	7481	27.1752	0	0	0	0	0	0	0	0	0	0	0	0	21.2467	28.5897	0	0	5.76111	8.49401	0.167433	0.195425	0	0	0	0
k107_33498955 flag=0 multi=35.0044 len=4466	4466	27.0879	0	0	0	0	0	0	0	0	0	0	0	0	21.4275	30.8973	0	0	5.26201	5.73404	0.398415	0.583331	0	0	0	0
k107_16193888 flag=1 multi=7.0000 len=5625	5625	5.74807	0	0	0	0	0	0	0	0	0	0	0	0	0	0	0	0	5.74807	6.83623	0	0	0	0	0	0
k107_656839 flag=0 multi=47.1677 len=15670	15670	26.2182	0	0	0	0	0	0	0	0	0	0	0	0	20.0799	25.8441	0	0	6.02336	8.44666	0.095393	0.103637	0.0195862	0.0226541	0	0
k107_35046222 flag=0 multi=25.0000 len=12271	12271	25.9897	0	0	0	0	0	0	0	0	0	0	0	0	19.7525	28.0512	0	0	5.94745	9.0304	0.289749	0.266331	0	0	0	0
k107_9814862 flag=0 multi=27.3180 len=5048	5048	27.54	0	0	0	0	0	0	0	0	0	0	0	0	21.4579	28.844	0	0	5.90603	6.32934	0.176148	0.279023	0	0	0	0
k107_8803708 flag=0 multi=26.1579 len=7352	7352	27.8552	0	0	0	0	0	0	0	0	0	0	0	0	22.2112	18.7687	0.0428369	0.07165	5.38823	7.53277	0.212908	0.297156	0	0	0	0
k107_7243279 flag=0 multi=20.0401 len=3945	3945	26.7928	0	0	0	0	0	0	0	0	0	0	0	0	21.7192	46.6466	0.0828987	0.130959	4.90777	3.16524	0.0828987	0.123822	0	0	0	0
k107_30194644 flag=0 multi=34.0063 len=13627	13627	27.3755	0	0	0	0	0	0	0	0	0	0	0	0	21.1929	33.4154	0	0	5.97899	7.2658	0.203602	0.307154	0	0	0	0
k107_2995241 flag=0 multi=104.7946 len=6281	6281	23.0933	0	0	0	0	0	0	0	0	0	0	0	0	17.0375	26.5278	0	0	6.00535	8.8355	0.0505101	0.0479732	0	0	0	0
k107_16228077 flag=0 multi=22.0132 len=4938	4938	25.4047	0	0	0	0	0	0	0	0	0	0	0	0	20.102	26.0527	0	0	5.22261	7.35077	0.0800259	0.0865864	0	0	0	0
k107_7444698 flag=1 multi=4.0000 len=4238	4238	5.66845	0	0	0	0	0	0	0	0	0	0	0	0	0	0	0	0	5.66845	6.84901	0	0	0	0	0	0
k107_2390922 flag=0 multi=61.3640 len=9712	9712	25.1123	0	0	0	0	0	0	0	0	0	0	0	0	19.1892	21.6384	0	0	5.76716	9.6492	0.156004	0.157137	0	0	0	0
k107_10508725 flag=0 multi=53.9996 len=13483	13483	27.79	0	0	0	0	0	0	0	0	0	0	0	0	21.6649	37.4551	0	0	5.95296	11.3595	0.172142	0.232464	0	0	0	0
k107_6164108 flag=0 multi=27.0432 len=6315	6315	26.7376	0	0	0	0	0	0	0	0	0	0	0	0	21.3499	17.8651	0	0	5.31033	5.37598	0.0773324	0.104299	0	0	0	0
k107_15755080 flag=0 multi=27.0025 len=8909	8909	27.7091	0	0	0	0	0	0	0	0	0	0	0	0	21.3418	20.8215	0	0	6.09899	9.04313	0.26827	0.318689	0	0	0	0
k107_4734451 flag=0 multi=113.3678 len=6811	6811	27.1079	0	0	0	0	0	0	0	0	0	0	0	0	20.0499	31.6368	0	0	6.66523	13.2551	0.392687	0.400823	0	0	0	0
k107_22619749 flag=0 multi=28.1728 len=7370	7370	27.5316	0	0	0	0	0	0	0	0	0	0	0	0	21.6272	26.1763	0.0427278	0.0697784	5.73132	5.22121	0.130306	0.196473	0	0	0	0
k107_11272392 flag=0 multi=28.1018 len=8282	8282	27.5387	0	0	0	0	0	0	0	0	0	0	0	0	21.0183	21.4633	0	0	6.19975	10.4766	0.320677	0.57869	0	0	0	0
k107_103948 flag=0 multi=67.0000 len=8788	8788	26.0384	0	0	0	0	0	0	0	0	0	0	0	0	20.1221	26.2423	0.035588	0.0515469	5.66828	9.21963	0.212468	0.280403	0	0	0	0
k107_5992625 flag=0 multi=42.0000 len=12603	12603	28.7082	0	0	0	0	0	0	0	0	0	0	0	0	22.6456	32.0177	0.0245508	0.0387537	5.76929	11.0415	0.268759	0.387554	0	0	0	0
k107_7499941 flag=0 multi=126.3039 len=17255	17255	26.3717	0	0	0	0	0	0	0	0	0	0	0	0	20.0704	27.0037	0.0355099	0.0488828	6.07072	7.84905	0.195128	0.225602	0	0	0	0
k107_32893393 flag=0 multi=115.4809 len=7739	7739	26.8015	0	0	0	0	0	0	0	0	0	0	0	0	20.6543	34.6139	0.0404733	0.0389637	5.96477	6.40427	0.141993	0.189177	0	0	0	0
k107_7650578 flag=0 multi=26.3603 len=6713	6713	24.6352	0	0	0	0	0	0	0	0	0	0	0	0	18.815	13.519	0	0	5.58587	6.14727	0.234285	0.231855	0	0	0	0
k107_18080446 flag=0 multi=55.0129 len=21736	21736	25.7108	0	0	0	0	0	0	0	0	0	0	0	0	19.9104	26.243	0.0140898	0.017543	5.59634	7.21292	0.190025	0.231653	0	0	0	0
k107_34231583 flag=0 multi=44.0428 len=3497	3497	24.3246	0	0	0	0	0	0	0	0	0	0	0	0	18.1405	25.5023	0	0	5.66573	5.04843	0.51831	1.73381	0	0	0	0
k107_948932 flag=0 multi=60.7226 len=34950	34950	26.0435	0	0	0	0	0	0	0	0	0	0	0	0	20.1155	25.5229	0.0174036	0.0234792	5.74622	8.75366	0.16431	0.187908	0	0	0	0
k107_27487102 flag=0 multi=76.9696 len=8761	8761	25.9472	0	0	0	0	0	0	0	0	0	0	0	0	20.3243	33.1692	0.0355834	0.0500395	5.4802	5.50277	0.107105	0.0956464	0	0	0	0
k107_26196349 flag=0 multi=91.2026 len=3750	3750	26.6244	0	0	0	0	0	0	0	0	0	0	0	0	21.2416	21.3168	0	0	5.25174	6.73987	0.13109	0.14491	0	0	0	0
k107_775913 flag=0 multi=47.0294 len=3846	3846	25.7065	0	0	0	0	0	0	0	0	0	0	0	0	19.4828	19.2847	0	0	5.99012	9.46006	0.233634	0.280885	0	0	0	0
k107_8014939 flag=0 multi=40.2272 len=10007	10007	27.6466	0	0	0	0	0	0	0	0	0	0	0	0	20.8345	43.4753	0	0	6.43143	10.6208	0.380629	0.58838	0	0	0	0
k107_10359616 flag=0 multi=59.5558 len=32223	32223	27.4013	0	0	0	0	0	0	0	0	0	0	0	0	21.1908	28.0419	0.0187964	0.0228281	5.90461	7.84956	0.287115	0.437724	0	0	0	0
k107_15888970 flag=0 multi=88.0000 len=12094	12094	27.3234	0	0	0	0	0	0	0	0	0	0	0	0	21.4834	26.7193	0	0	5.54791	8.44527	0.292147	0.317828	0	0	0	0
k107_2640531 flag=0 multi=53.6548 len=5858	5858	24.178	0	0	0	0	0	0	0	0	0	0	0	0	18.2464	22.653	0.0543557	0.0607756	5.7689	7.47277	0.108351	0.184772	0	0	0	0
k107_1068974 flag=0 multi=49.2993 len=13206	13206	26.711	0	0	0	0	0	0	0	0	0	0	0	0	20.7948	32.7561	0.0467297	0.0599694	5.68273	8.81658	0.186764	0.252194	0	0	0	0
k107_12681419 flag=0 multi=41.0000 len=8044	8044	26.6175	0	0	0	0	0	0	0	0	0	0	0	0	21.4399	30.2481	0	0	4.94407	6.44325	0.233531	0.226069	0	0	0	0
k107_17983827 flag=0 multi=34.0783 len=14287	14287	26.2292	0	0	0	0	0	0	0	0	0	0	0	0	20.1341	20.6328	0	0	5.91255	6.89358	0.182553	0.276588	0	0	0	0
k107_20743502 flag=0 multi=39.8355 len=7583	7583	25.8475	0	0	0	0	0	0	0	0	0	0	0	0	19.6873	35.67	0	0	5.9967	7.66583	0.163576	0.194916	0	0	0	0
k107_33867861 flag=0 multi=34.0056 len=6499	6499	29.6138	0	0	0	0	0	0	0	0	0	0	0	0	23.375	49.5624	0	0	5.8985	6.78338	0.340326	1.03556	0	0	0	0
k107_15730557 flag=0 multi=37.0987 len=14025	14025	27.1332	0	0	0	0	0	0	0	0	0	0	0	0	21.1717	32.0259	0	0	5.84085	10.0393	0.120673	0.15114	0	0	0	0
k107_6532178 flag=0 multi=24.5469 len=10837	10837	25.5952	0	0	0	0	0	0	0	0	0	0	0	0	19.3709	24.2446	0.00598007	0.0120162	5.89929	7.36296	0.319032	0.552819	0	0	0	0
k107_17014854 flag=0 multi=24.7681 len=5584	5584	24.4682	0	0	0	0	0	0	0	0	0	0	0	0	18.5138	31.7125	0	0	5.66906	6.79006	0.285309	0.726824	0	0	0	0
k107_22227840 flag=0 multi=31.2230 len=8108	8108	26.7716	0	0	0	0	0	0	0	0	0	0	0	0	21.462	25.9499	0	0	5.11696	7.09697	0.192672	0.250103	0	0	0	0
k107_23668208 flag=0 multi=41.2651 len=21394	21394	26.4609	0	0	0	0	0	0	0	0	0	0	0	0	20.9401	23.51	0.0143182	0.0210367	5.29243	6.61889	0.214015	0.324587	0	0	0	0
k107_10206397 flag=0 multi=67.5563 len=10436	10436	17.7283	0	0	0	0	0	0	0	0	0	0	0	0	12.3807	18.5	0	0	5.13943	7.2921	0.20821	0.260423	0	0	0	0
k107_3543847 flag=0 multi=61.7011 len=24878	24878	25.5799	0	0	0	0	0	0	0	0	0	0	0	0	19.8359	27.5511	0.0245768	0.0316298	5.49276	7.61804	0.226685	0.275721	0	0	0	0
k107_35172574 flag=0 multi=132.9455 len=3136	3136	25.458	0	0	0	0	0	0	0	0	0	0	0	0	19.7279	24.6374	0	0	5.50706	4.31461	0.117149	0.197625	0.105857	0.0952404	0	0
k107_21758752 flag=1 multi=5.0000 len=2965	2965	5.36988	0	0	0	0	0	0	0	0	0	0	0	0	0	0	0	0	5.36988	7.01599	0	0	0	0	0	0
k107_3255050 flag=0 multi=25.0714 len=8823	8823	26.2885	0	0	0	0	0	0	0	0	0	0	0	0	20.1854	25.356	0	0	5.90917	6.97035	0.158549	0.198136	0.0353245	0.0344217	0	0
k107_29848351 flag=0 multi=80.0133 len=6179	6179	27.4223	0	0	0	0	0	0	0	0	0	0	0	0	21.5069	28.1705	0	0	5.73609	8.67246	0.179343	0.193483	0	0	0	0
k107_134163 flag=0 multi=45.9267 len=3519	3519	28.6851	0.0938763	0.129869	0	0	0	0	0	0	0	0	0	0	20.8666	21.4956	0	0	7.5959	6.29848	0.128691	0.112392	0	0	0	0
k107_18678712 flag=0 multi=49.0138 len=18563	18563	26.4359	0	0	0	0	0	0	0	0	0	0	0	0	20.4825	28.0795	0	0	5.7723	8.4621	0.181096	0.238786	0	0	0	0
k107_3288014 flag=0 multi=32.3165 len=11429	11429	28.4006	0	0	0	0	0	0	0	0	0	0	0	0	21.9131	24.6329	0	0	6.29819	6.47771	0.189269	0.229964	0	0	0	0
k107_16509605 flag=0 multi=44.0225 len=28134	28134	27.2683	0	0	0	0	0	0	0	0	0	0	0	0	21.224	28.7462	0.0324087	0.0463094	5.77382	7.91526	0.238107	0.320581	0	0	0	0
k107_5731794 flag=0 multi=37.3521 len=6111	6111	24.996	0	0	0	0	0	0	0	0	0	0	0	0	19.2797	21.7456	0	0	5.50852	7.67237	0.207781	0.227074	0	0	0	0
k107_33323957 flag=0 multi=43.0000 len=32420	32420	27.3476	0	0	0	0	0	0	0	0	0	0	0	0	21.2368	31.6771	0	0	5.89037	7.3745	0.220437	0.328321	0	0	0	0
k107_23345074 flag=0 multi=21.9944 len=5101	5101	21.7266	0	0	0	0	0	0	0.0629298	0.0589863	0	0	0	0	21.6637	30.5744	0	0	0	0	0	0	0	0	0	0
k107_25781 flag=0 multi=24.6265 len=10081	10081	25.8145	0	0	0	0	0	0	0	0	0	0	0	0	20.4348	25.0266	0	0	5.31813	6.60557	0.0615605	0.0849774	0	0	0	0
k107_23444659 flag=0 multi=43.0142 len=6320	6320	24.6216	0	0	0	0	0	0	0	0	0	0	0	0	19.4442	34.6076	0.0493519	0.0593164	4.82735	6.66989	0.300764	0.337122	0	0	0	0
k107_33912847 flag=0 multi=35.0048 len=7674	7674	28.2722	0	0	0	0	0	0	0	0	0	0	0	0	23.1268	22.2363	0	0	5.04314	7.29462	0.102279	0.119889	0	0	0	0
k107_5356575 flag=0 multi=79.4707 len=15077	15077	26.2512	0	0	0	0	0	0	0	0	0	0	0	0	20.6948	25.7386	0	0	5.28102	6.52336	0.275398	0.484773	0	0	0	0
k107_12214234 flag=0 multi=75.1075 len=12372	12372	27.4242	0	0	0	0	0	0	0	0	0	0	0	0	21.4814	29.6939	0.0250207	0.0263933	5.60688	7.6973	0.310853	0.354145	0	0	0	0
k107_15500297 flag=0 multi=18.7023 len=8917	8917	17.2189	0	0	0	0	0	0	0	0	0	0	0	0	12.5454	11.7708	0.0350551	0.0435769	4.52676	7.20312	0.111666	0.12381	0	0	0	0
k107_4632271 flag=0 multi=29.0000 len=4234	4234	28.4448	0	0	0	0	0	0	0	0	0	0	0	0	21.5534	24.5143	0	0	6.81485	6.04474	0.0765514	0.102467	0	0	0	0
k107_33807546 flag=0 multi=20.4969 len=3021	3021	20.2277	0	0	0	0	0	0	0	0	0	0	0	0	14.4744	9.72243	0	0	5.69768	4.66365	0.0555351	0.0524699	0	0	0	0
k107_26925688 flag=0 multi=63.0000 len=13101	13101	27.7216	0	0	0	0	0	0	0	0	0	0	0	0	21.5499	22.9811	0	0	5.87772	7.08806	0.294007	0.258129	0	0	0	0
k107_19125851 flag=0 multi=99.5439 len=9340	9340	27.7985	0	0	0	0	0	0	0	0	0	0	0	0	21.6393	31.646	0	0	6.04293	7.1248	0.116287	0.174102	0	0	0	0
k107_2212295 flag=0 multi=30.9449 len=2594	2594	25.8224	0	0	0	0	0	0	0	0	0	0	0	0	20.1832	24.8444	0	0	5.21291	3.40864	0.426265	0.679806	0	0	0	0
k107_988079 flag=0 multi=34.0803 len=8642	8642	27.8502	0	0	0	0	0	0	0	0	0	0	0	0	22.0258	35.9833	0	0	5.67986	7.09734	0.144604	0.179289	0	0	0	0
k107_27597878 flag=0 multi=42.0131 len=16310	16310	27.5827	0	0	0	0	0	0	0	0	0	0	0	0	22.2053	24.0671	0.0188656	0.0185126	5.17085	8.87146	0.187719	0.256436	0	0	0	0
k107_8234718 flag=0 multi=24.0105 len=14123	14123	26.5427	0	0	0	0	0	0	0	0	0	0	0	0	20.7417	28.0817	0	0	5.60531	7.81915	0.195717	0.289936	0	0	0	0
k107_13254683 flag=0 multi=57.5858 len=5785	5785	26.9719	0	0	0	0	0	0	0	0	0	0	0	0	21.3345	34.1246	0	0	5.39103	7.36403	0.246398	0.340398	0	0	0	0
k107_12501834 flag=0 multi=183.6046 len=3122	3122	26.1457	0	0	0	0	0	0	0	0	0	0	0	0	20.8851	22.9813	0	0	5.17908	6.99105	0.0815603	0.153875	0	0	0	0
k107_11691188 flag=0 multi=22.0337 len=3310	3310	25.9997	0	0	0	0	0	0	0	0	0	0	0	0	20.6416	27.0872	0	0	5.15791	5.02389	0.200133	0.26031	0	0	0	0
k107_142601 flag=0 multi=25.0510 len=4712	4712	27.0814	0	0	0	0	0	0	0	0	0	0	0	0	21.232	28.2391	0	0	5.57619	7.23663	0.273243	0.399447	0	0	0	0
k107_843364 flag=0 multi=115.5519 len=14625	14625	25.4887	0	0	0	0	0	0	0	0	0	0	0	0	20.1761	28.1791	0	0	5.11241	8.66638	0.200168	0.240158	0	0	0	0
k107_1156464 flag=0 multi=40.7442 len=13192	13192	25.1776	0	0	0	0	0	0	0	0	0	0	0	0	19.4244	23.7241	0.023429	0.0228822	5.47277	8.12966	0.257021	0.290623	0	0	0	0
k107_1694112 flag=0 multi=117.8846 len=5879	5879	25.2665	0	0	0	0	0	0	0	0	0	0	0	0	19.4431	28.3561	0	0	5.63529	12.5333	0.188094	0.233269	0	0	0	0
