contigName	contigLen	totalAvgDepth	Cen01_MA.bam	Cen01_MA.bam-var	Cen03_MA.bam	Cen03_MA.bam-var	Cen04_MA.bam	Cen04_MA.bam-var	Cen05_MA.bam	Cen05_MA.bam-var	Cen06_MA.bam	Cen06_MA.bam-var	Cen07_MA.bam	Cen07_MA.bam-var	Cen10_MA.bam	Cen10_MA.bam-var	Cen12_MA.bam	Cen12_MA.bam-var	Cen14_MA.bam	Cen14_MA.bam-var	Cen15_MA.bam	Cen15_MA.bam-var	Cen16_MA.bam	Cen16_MA.bam-var	Cen17_MA.bam	Cen17_MA.bam-var
k107_8017370 flag=0 multi=97.7930 len=3107	3107	31.4189	0.316578	0.64955	0.31943	0.31503	0	0	0.579679	1.00832	0	0	0.383957	0.751117	0	0	0	0	0	0	0.107665	0.128922	29.7116	37.1987	0	0
k107_1835357 flag=1 multi=11.0000 len=2528	2528	4.10332	0.0305481	0.0313129	0	0	0	0	0	0	0	0	0	0	0	0	0.0660377	0.0632651	0	0	0.133872	0.117314	3.87287	2.23808	0	0
k107_30972645 flag=0 multi=25.0287 len=34165	34165	28.8471	0	0	0	0	0	0	0	0	0	0	0	0	0	0	0	0	0	0	0.899773	1.36277	27.9384	39.6577	0.00888876	0.00884128
k107_10245606 flag=0 multi=111.3336 len=3563	3563	32.7998	0	0	0.405704	0.950855	0	0	1.25912	1.70001	0	0	0	0	0	0	0	0	0	0	0.112236	0.0999063	31.0227	24.9579	0	0
k107_2685609 flag=0 multi=54.2268 len=6700	6700	32.9617	0.0592373	0.174656	0.162551	0.184221	0.0459519	0.0887623	0.208346	0.232351	0	0	0.533604	1.08817	0	0	0	0	0	0	0.392935	0.453543	31.5591	54.9447	0	0
k107_5101811 flag=0 multi=39.7750 len=81440	81440	29.1733	0	0	0	0	0	0	0	0	0	0	0.00364811	0.00623712	0	0	0	0	0	0	0.820208	1.23275	28.3477	39.4981	0.00183638	0.00185431
k107_7199400 flag=0 multi=30.9816 len=16004	16004	32.1974	0	0	0	0	0	0	0	0	0	0	0	0	0	0	0	0	0	0	0.772577	1.12044	31.4152	53.5819	0.00961661	0.00952405
k107_28451346 flag=0 multi=24.2750 len=20771	20771	28.1919	0	0	0	0	0	0	0	0	0	0	0	0	0	0	0	0	0	0	0.677659	0.929916	27.5142	35.9101	0	0
k107_6881353 flag=0 multi=28.7186 len=153505	153505	28.904	0	0	0	0	0	0	0	0	0	0	0.00484325	0.00581164	0	0	0	0	0	0	0.990692	1.46647	27.9036	43.6905	0.00486283	0.00489362
k107_5972600 flag=0 multi=39.0365 len=26148	26148	28.434	0	0	0	0	0	0	0	0	0	0	0	0	0	0	0	0	0	0	0.74232	1.24958	27.6568	45.15	0.0348603	0.0362183
k107_34339550 flag=0 multi=25.4141 len=96961	96961	28.8642	0	0	0	0	0	0	0	0	0	0	0.00612462	0.0103066	0	0	0	0	0	0	0.898902	1.46179	27.9452	40.3297	0.0139977	0.0167693
k107_33726718 flag=0 multi=24.0001 len=42898	42898	30.658	0	0	0	0	0	0	0	0	0	0	0	0	0	0	0	0	0	0	0.98683	1.36804	29.6606	43.6483	0.0104939	0.0105298
k107_18650181 flag=0 multi=24.0426 len=5415	5415	29.2099	0	0	0	0	0	0	0	0	0	0	0	0	0	0	0	0	0	0	0.7301	0.933053	28.4798	37.3434	0	0
k107_12096090 flag=0 multi=38.9991 len=7764	7764	27.4922	0	0	0	0	0	0	0	0	0	0	0	0	0	0	0	0	0	0	1.41048	1.64377	26.0817	33.7111	0	0
k107_25241146 flag=0 multi=23.3310 len=32018	32018	29.3557	0	0	0	0	0	0	0	0	0	0	0	0	0	0	0	0	0	0	0.142483	0.19041	29.2132	55.8959	0	0
k107_34422295 flag=0 multi=27.0000 len=135468	135468	29.6511	0	0	0	0	0	0	0	0	0	0	0.00440199	0.00675849	0	0	0	0	0	0	0.886872	1.40045	28.7541	43.2259	0.00573369	0.00712763
k107_35857669 flag=0 multi=31.8564 len=52007	52007	27.4965	0	0	0	0	0	0	0	0	0	0	0	0	0	0	0	0	0	0	0.792419	1.06164	26.6895	39.1199	0.0145634	0.0213117
k107_23832932 flag=0 multi=25.0051 len=38475	38475	29.0883	0.00791135	0.00962896	0	0	0	0	0	0	0	0	0	0	0	0	0	0	0	0	0.824902	1.02896	28.2399	40.1	0.0156393	0.0168778
k107_26944887 flag=0 multi=26.0109 len=26897	26897	28.9232	0	0	0	0	0	0	0	0	0	0	0	0	0	0	0	0	0	0	0.798421	1.07223	28.1248	40.6882	0	0
k107_17601685 flag=0 multi=23.0343 len=18249	18249	28.7149	0	0	0	0	0	0	0	0	0	0	0	0	0	0	0	0	0	0	0.731933	0.888723	27.983	37.1161	0	0
k107_27969842 flag=0 multi=25.2248 len=12263	12263	26.9201	0	0	0	0	0	0	0	0	0	0	0	0	0	0	0	0	0	0	0.780453	1.36612	26.1272	33.5478	0.0124572	0.0124599
k107_26429036 flag=0 multi=37.0112 len=104521	104521	30.1361	0	0	0	0	0.00141049	0.00144628	0	0	0	0	0	0	0	0	0	0	0	0	0.848204	1.26893	29.2779	41.5117	0.00860688	0.00881514
k107_25142402 flag=0 multi=25.2713 len=170573	170573	27.9534	0	0	0	0	0	0	0	0	0	0	0.00348268	0.00635505	0	0	0	0	0	0	0.735827	1.16363	27.2018	36.8702	0.0123392	0.0133121
k107_10444229 flag=0 multi=24.0430 len=17542	17542	29.2024	0	0	0	0	0	0	0	0	0	0	0	0	0	0	0	0	0	0	1.00574	1.48232	28.1705	32.1143	0.0261021	0.0288363
k107_33560159 flag=0 multi=27.3845 len=150259	150259	28.6287	0	0	0	0	0	0	0	0	0	0	0	0	0	0	0	0	0	0	0.910614	1.47529	27.7061	39.9465	0.0119968	0.0132789
k107_28505765 flag=0 multi=25.8007 len=15166	15166	29.8416	0	0	0	0	0	0	0	0	0	0	0	0	0	0	0	0	0	0	0.988092	1.88232	28.8333	42.5732	0.020183	0.0247532
k107_33288331 flag=0 multi=23.2351 len=32892	32892	28.5831	0	0	0	0	0	0	0	0	0	0	0.00926665	0.0116383	0	0	0	0	0	0	0.815342	1.44072	27.74	38.7689	0.0184412	0.0263508
k107_1791032 flag=0 multi=22.0000 len=44380	44380	27.7994	0	0	0	0	0	0	0	0	0	0	0	0	0	0	0	0	0	0	0.834906	1.21394	26.9509	39.238	0.0136122	0.0155545
k107_9356679 flag=0 multi=42.5584 len=29683	29683	30.3856	0	0	0	0	0	0	0	0	0	0	0	0	0	0	0	0	0	0	0.83714	1.16236	29.5382	39.6121	0.0102107	0.0101646
k107_7077964 flag=0 multi=217.4119 len=7773	7773	32.7176	0.0393522	0.0663811	0.368358	1.12693	0.0199438	0.0198084	1.06773	2.30083	0	0	0.0401553	0.0418758	0	0	0.00160621	0.0021375	0	0	0.213224	0.246798	30.9672	49.7048	0	0
k107_17441645 flag=0 multi=38.8455 len=176261	176261	28.1486	0	0	0	0	0	0	0	0	0	0	0.00167653	0.00231295	0	0	0	0	0	0	0.7414	1.08497	27.3979	38.7143	0.00766088	0.0089597
k107_18652646 flag=0 multi=23.9901 len=5079	5079	31.152	0	0	0	0	0	0	0	0	0	0	0	0	0	0	0	0	0	0	1.36739	1.68733	29.7846	37.6887	0	0
k107_34670840 flag=0 multi=29.0074 len=27624	27624	30.3327	0	0	0	0	0	0	0	0	0	0	0.00541688	0.00549632	0	0	0	0	0	0	1.14146	1.74766	29.1639	36.1921	0.0219969	0.0284267
k107_30967097 flag=0 multi=36.3079 len=73115	73115	29.2076	0	0	0	0	0	0	0.00414761	0.0041411	0	0	0.00201887	0.00206605	0	0	0.00412014	0.00413242	0	0	0.780163	1.1264	28.411	46.0625	0.00615275	0.00748343
k107_7564087 flag=0 multi=24.3057 len=5753	5753	27.4869	0	0	0	0	0	0	0	0	0	0	0	0	0	0	0	0	0	0	0.819116	1.15281	26.6678	52.2395	0	0
k107_5643361 flag=0 multi=31.9984 len=50171	50171	29.6294	0	0	0	0	0	0	0.00603581	0.00822128	0	0	0.0178468	0.0287394	0	0	0	0	0	0	0.937957	1.46428	28.6675	41.2523	0	0
k107_3003622 flag=0 multi=40.5836 len=125936	125936	30.417	0	0	0	0	0	0	0	0	0	0	0	0	0	0	0	0	0	0	0.965646	1.47962	29.4443	50.5566	0.00711591	0.00721552
k107_25278695 flag=0 multi=27.0526 len=15817	15817	30.6524	0	0	0	0	0	0	0	0	0	0	0.00960361	0.0096382	0	0	0	0	0	0	0.702997	1.14806	29.9301	41.8757	0.00973252	0.00963544
k107_34359645 flag=0 multi=25.0317 len=25272	25272	27.9304	0	0	0	0	0	0	0	0	0	0	0	0	0	0	0	0	0	0	0.952623	1.71624	26.9778	38.3807	0	0
k107_12560753 flag=0 multi=27.1259 len=54160	54160	29.8033	0	0	0.00274797	0.00280126	0	0	0.00274797	0.00280125	0	0	0.00276653	0.00280113	0	0	0	0	0	0	0.949404	1.37993	28.8291	34.6645	0.0165992	0.0322204
k107_14293496 flag=0 multi=24.0008 len=22341	22341	30.9284	0	0	0	0	0	0	0	0	0	0	0	0	0	0	0	0	0	0	1.03716	1.65096	29.8777	40.1993	0.0135669	0.0155098
k107_12618379 flag=0 multi=113.9040 len=7541	7541	28.0836	0	0	0	0	0	0	0	0	0	0	0	0	0	0	0	0	0	0	1.17862	1.47106	26.905	27.2706	0	0
k107_28920417 flag=0 multi=31.0032 len=48863	48863	28.5491	0	0	0	0	0	0	0	0	0	0	0	0	0	0	0	0	0	0	0.695373	1.02296	27.8352	45.8471	0.0184922	0.0222325
k107_7031836 flag=0 multi=28.9679 len=19326	19326	34.504	0	0	0	0	0	0	0	0	0	0	0	0	0	0	0	0	0	0	0.518923	0.828839	33.9695	87.6319	0.0156644	0.0224559
k107_5176007 flag=0 multi=29.7970 len=131358	131358	28.6381	0	0	0	0	0	0	0	0	0	0	0.00224332	0.00306177	0	0	0	0	0	0	0.902629	1.31464	27.7252	41.4637	0.00797369	0.0113115
k107_25558495 flag=0 multi=25.1555 len=38666	38666	28.4166	0	0	0	0	0	0	0	0	0.00787196	0.00780942	0	0	0	0	0	0	0	0	0.824992	1.27072	27.576	35.0602	0.00771557	0.0132836
k107_12106528 flag=0 multi=22.0535 len=34168	34168	28.9613	0	0	0	0	0	0	0	0	0	0	0	0	0	0	0	0	0	0	0.965629	1.45806	27.9778	43.4513	0.017835	0.0178684
k107_13398327 flag=0 multi=24.0005 len=110839	110839	28.6205	0	0	0.00132987	0.00136351	0	0	0.00265974	0.00545414	0	0	0	0	0	0	0	0	0	0	0.968924	1.37672	27.6408	42.0286	0.00680315	0.00679139
k107_5775898 flag=0 multi=31.6118 len=166660	166660	29.2587	0	0	0.000883636	0.000906635	0	0	0	0	0	0	0.00179132	0.00301138	0	0	0	0	0	0	0.962286	1.52179	28.2874	39.6268	0.00632972	0.00631583
k107_11478088 flag=0 multi=33.6525 len=19272	19272	30.3751	0	0	0	0	0	0	0	0	0	0	0	0	0	0	0	0	0	0	0.851819	1.41805	29.5232	49.536	0	0
k107_22840085 flag=0 multi=30.5188 len=154251	154251	28.8739	0	0	0.000954862	0.000979651	0	0	0	0	0	0	0.0019422	0.00350163	0	0	0	0	0	0	0.913491	1.58555	27.9468	38.1309	0.0107438	0.0120154
k107_16491673 flag=0 multi=43.0111 len=28155	28155	29.6925	0	0	0	0	0	0	0	0	0	0	0	0	0	0	0	0	0	0	0.815029	1.3447	28.8668	34.3464	0.010699	0.0198472
k107_14826718 flag=0 multi=30.0117 len=86193	86193	29.9994	0	0	0	0	0	0	0	0	0.00351608	0.00569201	0	0	0	0	0	0	0	0	0.916476	1.31437	29.0777	40.1641	0.00175804	0.0017535
k107_348672 flag=0 multi=37.2698 len=167524	167524	30.6722	0	0	0	0	0	0	0	0	0.00180598	0.00328543	0.00446114	0.0121201	0	0	0	0	0	0	0.911519	1.48376	29.7427	40.419	0.0116671	0.0134406
k107_10570825 flag=0 multi=27.0357 len=36480	36480	31.5198	0	0	0	0	0	0	0	0	0	0	0	0	0	0	0	0	0	0	0.835397	1.37514	30.6802	41.6769	0.00417381	0.00415567
k107_9345530 flag=0 multi=28.5945 len=247143	247143	28.5516	0	0	0	0	0	0	0	0	0	0	0	0	0	0	0	0	0	0	0.863216	1.25376	27.6769	40.8999	0.0115297	0.0130204
k107_7609779 flag=0 multi=24.2226 len=4527	4527	29.2892	0	0	0	0	0	0	0	0	0	0	0	0	0	0	0	0	0	0	0.752899	1.45903	28.5363	35.0158	0	0
k107_610783 flag=0 multi=30.7178 len=110709	110709	28.8796	0	0	0	0	0	0	0	0	0	0	0	0	0	0	0	0	0	0	0.905586	1.37538	27.9672	42.0814	0.00677493	0.00680082
k107_10484326 flag=0 multi=67.9658 len=21446	21446	28.3576	0	0	0	0	0.00695233	0.00709045	0	0	0	0	0	0	0	0	0	0	0	0	0.882425	1.34434	27.4613	34.4612	0.00695233	0.00708775
k107_3698592 flag=0 multi=29.1119 len=94408	94408	27.6068	0	0	0	0	0	0	0	0	0	0	0	0	0	0	0	0	0	0	0.78469	1.10035	26.8078	40.4861	0.0143455	0.0163882
k107_32087642 flag=0 multi=24.5753 len=197793	197793	27.9428	0	0	0	0	0	0	0	0	0	0	0.00452173	0.00621114	0	0	0	0	0	0	0.843902	1.27576	27.0837	40.2334	0.010598	0.0105911
k107_4333299 flag=0 multi=22.9989 len=37472	37472	28.6917	0	0	0	0	0	0	0	0	0	0	0	0	0	0	0	0	0	0	0.828921	1.17631	27.8627	43.6897	0	0
k107_35696141 flag=0 multi=54.8487 len=5844	5844	32.8818	0	0	0.189101	0.330156	0.0804764	0.123433	0.928546	1.64273	0	0	0.106099	0.25557	0	0	0	0	0	0	0.0880549	0.0882544	31.4895	35.6571	0	0
k107_14461792 flag=0 multi=28.0008 len=126843	126843	30.3112	0	0	0	0	0	0	0	0	0	0	0.00474945	0.00670436	0	0	0	0	0	0	0.944619	1.60831	29.3547	46.6205	0.00714393	0.00711644
k107_2060881 flag=0 multi=27.4647 len=25693	25693	29.6258	0	0	0	0	0	0	0	0	0	0	0.00586822	0.00590915	0	0	0	0	0	0	0.759127	1.06229	28.8608	44.4038	0	0
k107_25089334 flag=0 multi=59.9695 len=16371	16371	29.0859	0	0	0	0	0	0	0	0	0	0	0	0	0	0	0	0	0	0	0.130998	0.219571	28.9456	36.5255	0.00933474	0.00931135
k107_1209225 flag=0 multi=25.1097 len=5241	5241	31.1851	0	0	0	0	0	0	0	0	0	0	0	0	0	0	0	0	0	0	0.638591	0.672841	30.5465	41.3106	0	0
k107_28914383 flag=0 multi=36.6879 len=77102	77102	28.9213	0	0	0	0	0	0	0	0	0	0	0.00191406	0.00196133	0	0	0	0	0	0	0.494102	0.914767	28.4135	40.6315	0.0117448	0.0142344
k107_6468110 flag=0 multi=31.0182 len=51181	51181	27.6485	0	0	0	0	0	0	0	0	0	0	0.014505	0.0176334	0	0	0	0	0	0	0.711256	0.896739	26.9139	36.4889	0.00888382	0.0106974
k107_8606964 flag=0 multi=26.0048 len=106998	106998	30.5956	0	0	0	0	0	0	0	0	0	0	0	0	0	0	0	0	0	0	0.657569	1.01613	29.9298	45.4642	0.00820087	0.00925223
k107_2129946 flag=0 multi=36.0310 len=16954	16954	29.8942	0	0	0	0	0	0	0.0127913	0.0128624	0	0	0.00888782	0.00898615	0	0	0	0	0	0	0.786692	1.01934	29.077	42.2602	0.00888782	0.00898372
k107_624372 flag=0 multi=51.0082 len=29798	29798	28.8533	0	0	0	0	0	0	0	0	0	0	0	0	0	0	0	0	0	0	0.856184	1.04522	27.992	32.5702	0.00511934	0.00509589
k107_3195194 flag=0 multi=31.7989 len=58721	58721	29.3529	0	0	0	0	0	0	0	0	0	0	0	0	0	0	0	0	0	0	0.896523	1.38518	28.4461	37.817	0.0102535	0.0129082
k107_8789506 flag=0 multi=24.8386 len=73350	73350	29.6327	0	0	0.00609188	0.00976776	0.00407951	0.00412742	0.0101988	0.0141027	0	0	0.00405213	0.00607291	0	0	0	0	0	0	0.731327	1.19301	28.8688	42.2262	0.00822747	0.00819346
k107_7790747 flag=0 multi=26.0261 len=45809	45809	29.49	0	0	0.000351594	0.000395396	0.000373569	0.000417353	0	0	0	0	0	0	0	0	0	0	0	0	0.623728	1.04988	28.8589	42.3552	0.00657042	0.00659164
k107_22933265 flag=0 multi=47.9960 len=73164	73164	30.0145	0.00410365	0.00575374	0	0	0	0	0	0	0	0	0	0	0	0	0	0	0	0	0.958771	1.63104	29.0455	42.1156	0.00617606	0.00617593
k107_1438576 flag=0 multi=34.9987 len=179341	179341	30.774	0	0	0	0	0	0	0	0	0.00168678	0.00262106	0.0016421	0.00200671	0	0	0	0	0	0	0.847039	1.35773	29.9111	40.4958	0.0125336	0.0161856
k107_1607981 flag=0 multi=27.0004 len=49994	49994	29.8661	0	0	0	0	0	0	0	0	0	0	0	0	0	0	0	0	0	0	0.872193	1.28553	28.9758	43.2413	0.0180713	0.018826
k107_8587117 flag=0 multi=30.3356 len=191883	191883	28.8263	0	0	0	0	0	0	0	0	0	0	0	0	0	0	0	0	0	0	0.942463	1.4556	27.8698	38.4114	0.0140672	0.0161503
k107_14112894 flag=0 multi=25.1328 len=111982	111982	28.5249	0	0	0	0	0	0	0	0	0	0	0.00133417	0.00134908	0	0	0	0	0	0	0.798182	1.12877	27.7186	38.3841	0.00674248	0.00671943
k107_12569713 flag=0 multi=26.9473 len=41294	41294	27.3181	0	0	0	0	0	0	0	0	0	0	0	0	0	0	0	0	0	0	0.958163	1.3921	26.3599	31.4036	0	0
k107_4646675 flag=0 multi=26.7695 len=3313	3313	26.6373	0	0	0	0	0	0	0	0	0	0	0	0	0	0	0	0	0	0	0.791764	1.44568	25.8456	19.1021	0	0
k107_5826921 flag=0 multi=25.4205 len=101920	101920	29.4647	0	0	0	0	0	0	0	0	0	0	0.00294239	0.00348848	0	0	0	0	0	0	0.796886	1.19295	28.6531	43.8665	0.0117794	0.0120577
k107_10082813 flag=0 multi=22.0293 len=11554	11554	26.9764	0	0	0	0	0	0	0	0	0	0	0	0	0	0	0	0	0	0	0.705475	1.03973	26.2576	36.6991	0.013331	0.0132438
k107_18920227 flag=0 multi=38.0000 len=34347	34347	28.8434	0	0	0	0	0	0	0	0	0	0	0	0	0	0	0	0	0	0	1.02226	1.76542	27.8123	44.2484	0.00887061	0.0149039
k107_8261742 flag=0 multi=30.2804 len=89278	89278	28.31	0	0	0	0	0	0	0	0	0.0033717	0.00486215	0	0	0	0	0	0	0	0	0.894612	1.31468	27.4086	40.2958	0.00339417	0.00338132
k107_12585908 flag=0 multi=29.5034 len=14687	14687	30.6341	0	0	0	0	0	0	0	0	0	0	0	0	0	0	0	0	0	0	1.01439	1.88866	29.6197	49.8621	0	0
k107_8799386 flag=0 multi=34.0316 len=19339	19339	28.8107	0	0	0	0	0	0	0	0	0	0	0.00772181	0.007869	0	0	0	0	0	0	1.081	1.4614	27.7141	30.447	0.00782686	0.00786849
k107_27518205 flag=0 multi=28.4377 len=12159	12159	31.5877	0	0	0	0	0	0	0	0	0	0	0	0	0	0	0	0	0	0	0.828709	1.2457	30.759	42.3594	0	0
k107_1905843 flag=0 multi=23.9950 len=10705	10705	29.8083	0	0	0	0	0	0	0	0	0	0	0	0	0	0	0	0	0	0	0.860713	1.40556	28.9335	36.4793	0.0141305	0.0143073
k107_30978355 flag=0 multi=37.0021 len=37590	37590	31.1695	0	0	0	0	0	0	0	0	0	0	0.00399592	0.00403234	0	0	0	0	0.00809912	0.0134471	0.688854	1.30218	30.4645	46.8113	0.00404956	0.00403286
k107_15478823 flag=0 multi=29.0053 len=19011	19011	28.1556	0	0	0	0	0	0	0	0	0	0	0	0	0	0	0	0	0	0	0.716554	0.962846	27.4312	40.1792	0.00791063	0.00800588
k107_25993163 flag=0 multi=23.0062 len=18801	18801	29.4504	0	0	0	0	0	0	0	0	0	0	0	0	0	0	0	0	0	0	0.145467	0.197319	29.3049	43.1991	0	0
k107_16845980 flag=0 multi=30.0130 len=22575	22575	30.6691	0	0	0	0	0	0	0	0	0	0	0.0133794	0.0226244	0	0	0	0	0	0	1.08715	1.89652	29.5686	44.9082	0	0
k107_29082354 flag=0 multi=28.8110 len=102518	102518	29.2825	0	0	0	0	0	0	0	0	0.00295453	0.0040804	0	0	0	0	0	0	0	0	0.935294	1.40249	28.3428	38.3365	0.00147726	0.00147371
k107_2217039 flag=0 multi=25.8974 len=107200	107200	29.8616	0.00419091	0.00498756	0	0	0.00414414	0.00988473	0.00137514	0.00141013	0	0	0.00419091	0.00581947	0	0	0.00140321	0.00141013	0	0	0.847228	1.45641	28.9893	40.8667	0.00979438	0.0101628
k107_8364197 flag=0 multi=25.6142 len=93492	93492	29.8225	0.00158815	0.00161512	0	0	0	0	0.00908896	0.047882	0.00311192	0.0061073	0.00632042	0.0109884	0	0	0.00312265	0.00549551	0	0	0.861798	1.23396	28.9327	40.1493	0.00483957	0.00508014
k107_32115108 flag=0 multi=25.4151 len=24084	24084	29.0278	0	0	0	0	0	0	0	0	0	0	0	0	0	0	0	0	0	0	0.922126	1.43719	28.0993	37.1999	0.00630729	0.00631089
k107_14418447 flag=0 multi=23.0134 len=25858	25858	27.5693	0	0	0	0	0	0	0	0	0	0	0	0	0	0	0	0	0	0	0.590703	0.968052	26.9786	33.7687	0	0
k107_290992 flag=0 multi=35.3236 len=12387	12387	29.2621	0	0	0	0	0	0	0	0	0	0	0	0	0	0	0	0	0	0	1.14994	2.18245	28.1122	47.9596	0	0
k107_12505187 flag=0 multi=335.9432 len=2958	2958	32.9657	0.419804	1.58799	0.167922	0.212053	0.110693	0.214569	0.612199	1.17975	0	0	0.277108	0.696194	0	0	0	0	0	0	0.232304	0.406723	31.1457	18.5419	0	0
k107_316785 flag=0 multi=27.2730 len=93043	93043	28.8413	0	0	0	0	0	0	0	0	0	0	0	0	0	0	0	0	0	0	0.807496	1.42128	28.0274	38.7654	0.0064912	0.00741468
k107_8416525 flag=0 multi=33.2558 len=209395	209395	29.6599	0	0	0	0	0	0	0	0	0	0	0.0021378	0.00272378	0	0	0	0	0	0	0.915459	1.41028	28.7337	40.9607	0.00859426	0.00890697
k107_11986853 flag=0 multi=28.0000 len=35842	35842	32.3882	0	0	0	0	0	0	0	0	0	0	0	0	0	0	0	0	0	0	0.769162	1.02928	31.6149	52.9626	0.00419246	0.00422892
k107_34681787 flag=0 multi=27.0143 len=37360	37360	29.5422	0	0	0	0	0	0	0	0	0	0	0	0	0	0	0	0	0	0	0.865832	1.50893	28.6723	41.5537	0.00399374	0.00405722
k107_34962023 flag=0 multi=33.0026 len=167536	167536	28.5481	0	0	0	0	0	0	0	0	0	0	0.00177595	0.00180063	0	0	0	0	0	0	0.883247	1.4064	27.6515	39.6706	0.0116065	0.0135857
k107_5625610 flag=0 multi=31.0223 len=32485	32485	29.8528	0	0	0	0	0	0	0	0	0	0	0	0	0	0	0	0	0	0	0.918622	1.61251	28.9342	45.0594	0	0
k107_7843521 flag=0 multi=25.0004 len=130108	130108	29.9622	0	0	0	0	0	0	0	0	0	0	0.00113246	0.00116164	0	0	0	0	0	0	0.664314	1.15541	29.2841	40.5219	0.0126496	0.0155831
k107_7514389 flag=0 multi=33.9452 len=39207	39207	30.5963	0	0	0	0	0	0	0	0	0	0	0	0	0	0	0	0	0	0	0.884257	1.19855	29.7043	45.058	0.00773679	0.010736
k107_27965782 flag=0 multi=28.0565 len=209116	209116	28.2395	0.00144626	0.00197086	0	0	0	0	0	0	0	0	0	0	0	0	0	0	0	0	0.893982	1.46577	27.3355	35.4008	0.00859138	0.0105331
k107_432262 flag=0 multi=41.0204 len=37284	37284	28.706	0	0	0	0	0	0	0	0	0	0	0	0	0	0	0	0	0	0	0.746661	1.25241	27.9512	35.8513	0.00813909	0.00809491
k107_25736840 flag=0 multi=30.6617 len=7719	7719	27.8332	0	0	0.0199542	0.0199451	0.040178	0.0797806	0.0396387	0.0514636	0.040178	0.0425632	0	0	0	0	0	0	0	0	0.352164	0.514889	27.0593	38.6036	0.281785	0.538806
