contigName	contigLen	totalAvgDepth	Cen01_MA.bam	Cen01_MA.bam-var	Cen03_MA.bam	Cen03_MA.bam-var	Cen04_MA.bam	Cen04_MA.bam-var	Cen05_MA.bam	Cen05_MA.bam-var	Cen06_MA.bam	Cen06_MA.bam-var	Cen07_MA.bam	Cen07_MA.bam-var	Cen10_MA.bam	Cen10_MA.bam-var	Cen12_MA.bam	Cen12_MA.bam-var	Cen14_MA.bam	Cen14_MA.bam-var	Cen15_MA.bam	Cen15_MA.bam-var	Cen16_MA.bam	Cen16_MA.bam-var	Cen17_MA.bam	Cen17_MA.bam-var
k107_7999669 flag=1 multi=92.0000 len=5128	5128	8.77621	0	0	0	0	0	0	0	0	0	0	0	0	8.77621	16.6868	0	0	0	0	0	0	0	0	0	0
k107_10546560 flag=1 multi=11.0000 len=33339	33339	9.90338	0	0	0	0	0	0	0	0	0	0	0	0	9.90338	13.8733	0	0	0	0	0	0	0	0	0	0
k107_2385488 flag=1 multi=10.0000 len=48670	48670	9.98439	0	0	0	0	0	0	0	0	0	0	0	0	9.98439	12.9239	0	0	0	0	0	0	0	0	0	0
k107_35375347 flag=0 multi=9.0123 len=25700	25700	9.34932	0	0	0	0	0	0	0	0	0	0	0	0	9.34932	9.36627	0	0	0	0	0	0	0	0	0	0
k107_1359053 flag=0 multi=29.0010 len=120825	120825	9.8454	0.00250575	0.00332883	0	0	0	0	0	0	0	0	0	0	9.84289	11.9606	0	0	0	0	0	0	0	0	0	0
k107_5941314 flag=1 multi=12.0000 len=34416	34416	9.87861	0	0	0	0	0	0	0	0	0	0	0	0	9.87861	11.332	0	0	0	0	0	0	0	0	0	0
k107_5720995 flag=1 multi=8.9265 len=12298	12298	9.2971	0	0	0	0	0	0	0	0	0	0	0	0	9.2971	9.10785	0	0	0	0	0	0	0	0	0	0
k107_24096120 flag=1 multi=8.0000 len=37584	37584	9.90894	0	0	0	0	0	0	0	0	0	0	0	0	9.90894	11.4609	0	0	0	0	0	0	0	0	0	0
k107_9896043 flag=1 multi=15.0000 len=19497	19497	9.72373	0	0	0	0	0	0	0	0	0	0	0	0	9.72373	12.3833	0	0	0	0	0	0	0	0	0	0
k107_11945715 flag=1 multi=10.0000 len=2619	2619	9.81873	0	0	0	0	0	0	0	0	0	0	0	0	9.81873	18.9362	0	0	0	0	0	0	0	0	0	0
k107_6421966 flag=0 multi=28.0006 len=18763	18763	9.79719	0	0	0	0	0	0	0	0	0	0	0	0	9.79719	11.3772	0	0	0	0	0	0	0	0	0	0
k107_14696792 flag=0 multi=9.0897 len=10689	10689	9.7572	0	0	0	0	0	0	0	0	0	0	0	0	9.7572	10.866	0	0	0	0	0	0	0	0	0	0
k107_4439456 flag=0 multi=11.8507 len=80132	80132	10.7905	0	0	0	0	0	0	0	0	0	0	0	0	10.7905	13.1424	0	0	0	0	0	0	0	0	0	0
k107_5467289 flag=1 multi=11.0000 len=33427	33427	10.1143	0	0	0	0	0	0	0	0	0	0	0	0	10.0835	14.705	0	0	0	0	0	0	0.0263849	0.0704601	0.00443774	0.00453242
k107_6687801 flag=0 multi=16.1195 len=7027	7027	9.47807	0	0	0	0	0	0	0	0	0	0	0	0	9.47807	10.9545	0	0	0	0	0	0	0	0	0	0
k107_1457055 flag=1 multi=10.0000 len=7889	7889	10.875	0	0	0	0	0	0	0	0	0	0	0	0	10.875	14.3554	0	0	0	0	0	0	0	0	0	0
k107_10450800 flag=1 multi=25.0016 len=82125	82125	10.5132	0	0	0	0	0	0	0	0	0	0	0	0	10.5132	14.9188	0	0	0	0	0	0	0	0	0	0
k107_10031147 flag=0 multi=9.0551 len=13888	13888	9.57971	0	0	0	0	0	0	0	0	0	0	0	0	9.57971	13.9477	0	0	0	0	0	0	0	0	0	0
k107_13376943 flag=1 multi=11.0000 len=2778	2778	9.21082	0	0	0	0	0	0	0	0	0	0	0	0	9.21082	10.612	0	0	0	0	0	0	0	0	0	0
k107_30769244 flag=0 multi=21.0058 len=21626	21626	9.90551	0	0	0	0	0	0	0	0	0	0	0	0	9.90551	11.8357	0	0	0	0	0	0	0	0	0	0
k107_18676458 flag=1 multi=20.0000 len=29718	29718	9.93177	0	0	0	0	0	0	0	0	0	0	0	0	9.93177	12.5047	0	0	0	0	0	0	0	0	0	0
k107_8076677 flag=0 multi=10.0474 len=41565	41565	10.1855	0	0	0	0	0	0	0	0	0	0	0	0	10.1855	11.79	0	0	0	0	0	0	0	0	0	0
k107_1942885 flag=0 multi=13.4142 len=8290	8290	11.3787	0	0	0	0	0	0	0	0	0	0	0	0	11.3409	19.3434	0	0	0	0	0	0	0.0378067	0.0363862	0	0
k107_10347793 flag=0 multi=13.1502 len=123393	123393	10.1311	0	0	0	0	0	0	0	0	0	0	0	0	10.1311	13.3628	0	0	0	0	0	0	0	0	0	0
k107_12403300 flag=0 multi=60.9772 len=19516	19516	9.89549	0	0	0	0	0	0	0	0	0	0	0	0	9.89549	12.7828	0	0	0	0	0	0	0	0	0	0
k107_17088597 flag=1 multi=11.0000 len=7115	7115	10.3763	0	0	0	0	0	0	0	0	0	0	0	0	10.3763	8.01862	0	0	0	0	0	0	0	0	0	0
k107_5170266 flag=1 multi=49.0000 len=17630	17630	10.6141	0	0	0	0	0	0	0	0	0	0	0	0	10.6141	12.3511	0	0	0	0	0	0	0	0	0	0
k107_17146758 flag=0 multi=13.1037 len=4679	4679	10.3064	0	0	0	0	0	0	0	0	0	0	0	0	10.3064	15.3588	0	0	0	0	0	0	0	0	0	0
k107_12997578 flag=1 multi=9.0000 len=20428	20428	9.42299	0	0	0	0	0	0	0	0	0	0	0	0	9.42299	14.6579	0	0	0	0	0	0	0	0	0	0
k107_28402707 flag=0 multi=25.0128 len=13789	13789	9.75591	0	0	0	0	0	0	0	0	0	0	0	0	9.75591	11.0245	0	0	0	0	0	0	0	0	0	0
k107_19325822 flag=1 multi=19.8541 len=43668	43668	9.82834	0	0	0	0	0	0	0	0	0	0	0	0	9.82834	12.2435	0	0	0	0	0	0	0	0	0	0
k107_14066142 flag=0 multi=14.0880 len=21249	21249	9.83902	0	0	0	0	0	0	0	0	0	0	0	0	9.83902	11.5918	0	0	0	0	0	0	0	0	0	0
k107_24700346 flag=1 multi=29.0000 len=66009	66009	10.5894	0	0	0	0	0	0	0	0	0	0	0	0	10.5894	14.7088	0	0	0	0	0	0	0	0	0	0
k107_23003065 flag=0 multi=26.4017 len=14417	14417	9.96762	0	0	0	0	0	0	0	0	0	0	0	0	9.96762	16.5553	0	0	0	0	0	0	0	0	0	0
k107_10034788 flag=0 multi=8.6845 len=9853	9853	10.0553	0	0	0	0	0	0	0	0	0	0	0	0	10.0553	16.6389	0	0	0	0	0	0	0	0	0	0
k107_24665614 flag=1 multi=20.0000 len=50923	50923	9.98007	0	0	0	0	0	0	0	0	0.00223228	0.00518489	0	0	9.97784	13.4268	0	0	0	0	0	0	0	0	0	0
k107_25796576 flag=1 multi=27.0000 len=37750	37750	10.1083	0	0	0	0	0	0	0	0	0	0	0	0	10.1083	12.3774	0	0	0	0	0	0	0	0	0	0
k107_14928995 flag=1 multi=13.2405 len=6103	6103	10.9071	0	0	0	0	0	0	0	0	0	0	0	0	10.9071	13.2579	0	0	0	0	0	0	0	0	0	0
k107_11827122 flag=1 multi=12.3482 len=48517	48517	10.4935	0	0	0	0	0	0	0	0	0	0	0	0	10.4935	14.6359	0	0	0	0	0	0	0	0	0	0
k107_17688725 flag=0 multi=12.9403 len=4660	4660	11.9461	0	0	0	0	0	0	0	0	0	0	0	0	11.9461	15.9005	0	0	0	0	0	0	0	0	0	0
k107_12691267 flag=0 multi=18.0027 len=34478	34478	9.77709	0	0	0	0	0	0	0	0	0	0	0	0	9.77709	12.3735	0	0	0	0	0	0	0	0	0	0
k107_3543723 flag=1 multi=9.0000 len=18124	18124	10.5227	0	0	0	0	0	0	0	0	0	0	0	0	10.5227	11.5796	0	0	0	0	0	0	0	0	0	0
k107_19029381 flag=1 multi=53.0000 len=18698	18698	9.88286	0	0	0	0	0	0	0	0	0	0	0.00478365	0.00492252	9.87807	16.1946	0	0	0	0	0	0	0	0	0	0
k107_22127153 flag=0 multi=25.0115 len=35762	35762	9.85257	0	0	0	0	0	0	0	0	0	0	0	0	9.85257	11.4666	0	0	0	0	0	0	0	0	0	0
k107_16500500 flag=1 multi=9.0000 len=11412	11412	9.61323	0	0	0	0	0	0	0	0	0	0	0	0	9.61323	11.8361	0	0	0	0	0	0	0	0	0	0
k107_28417624 flag=0 multi=21.0039 len=50416	50416	9.8754	0	0	0	0	0	0	0	0	0	0	0	0	9.8754	12.8009	0	0	0	0	0	0	0	0	0	0
k107_2612322 flag=1 multi=8.0000 len=6655	6655	8.10121	0	0	0	0	0	0	0	0	0	0	0	0	8.10121	9.75115	0	0	0	0	0	0	0	0	0	0
k107_34780227 flag=1 multi=10.0000 len=11795	11795	10.5604	0	0	0	0	0	0	0	0	0	0	0	0	10.5604	13.064	0	0	0	0	0	0	0	0	0	0
k107_29617762 flag=0 multi=25.0283 len=4874	4874	10.8559	0	0	0	0	0	0	0	0	0	0	0	0	10.8559	14.9567	0	0	0	0	0	0	0	0	0	0
k107_35840214 flag=0 multi=13.0114 len=27269	27269	9.91267	0	0	0	0	0	0	0	0	0	0	0	0	9.91267	12.4026	0	0	0	0	0	0	0	0	0	0
k107_28333106 flag=1 multi=8.0000 len=6411	6411	9.03585	0	0	0	0	0	0	0	0	0	0	0	0	9.03585	12.3236	0	0	0	0	0	0	0	0	0	0
k107_31011275 flag=1 multi=14.0000 len=43025	43025	9.43503	0	0	0	0	0	0	0	0	0	0	0	0	9.43503	11.3858	0	0	0	0	0	0	0	0	0	0
k107_21365581 flag=1 multi=19.0000 len=8543	8543	10.761	0	0	0	0	0	0	0	0	0	0	0.0178376	0.0179894	10.7431	15.5468	0	0	0	0	0	0	0	0	0	0
k107_9392022 flag=1 multi=201.0000 len=3819	3819	10.8081	0	0	0	0	0	0	0	0	0	0	0	0	10.8081	15.0802	0	0	0	0	0	0	0	0	0	0
k107_18119830 flag=0 multi=13.0587 len=13673	13673	10.0794	0	0	0	0	0	0	0	0	0	0	0	0	10.0794	12.5397	0	0	0	0	0	0	0	0	0	0
k107_33393370 flag=0 multi=12.0007 len=23369	23369	10.2414	0	0	0	0	0	0	0	0	0	0	0	0	10.2414	13.8121	0	0	0	0	0	0	0	0	0	0
k107_25703024 flag=1 multi=13.0000 len=18544	18544	10.2393	0	0	0	0	0	0	0	0	0	0	0	0	10.2393	10.6957	0	0	0	0	0	0	0	0	0	0
k107_1716643 flag=0 multi=18.0000 len=26245	26245	10.5011	0	0	0	0	0	0	0	0	0	0	0	0	10.5011	16.2539	0	0	0	0	0	0	0	0	0	0
k107_33402530 flag=1 multi=8.0000 len=8958	8958	9.70171	0	0	0	0	0	0	0	0	0	0	0	0	9.70171	11.3304	0	0	0	0	0	0	0	0	0	0
k107_10151762 flag=0 multi=10.2376 len=3756	3756	10.2765	0	0	0	0	0	0	0	0	0	0	0	0	10.2765	10.1403	0	0	0	0	0	0	0	0	0	0
k107_34980639 flag=1 multi=8.9030 len=14767	14767	9.40014	0	0	0	0	0	0	0	0	0	0	0	0	9.40014	10.7646	0	0	0	0	0	0	0	0	0	0
k107_14603300 flag=0 multi=21.1132 len=52092	52092	9.95202	0	0	0	0	0	0	0	0	0	0	0	0	9.95202	11.5882	0	0	0	0	0	0	0	0	0	0
k107_20662438 flag=0 multi=13.1956 len=3098	3098	8.24177	0	0	0	0	0	0	0	0	0	0	0	0	8.24177	13.2652	0	0	0	0	0	0	0	0	0	0
k107_6010648 flag=1 multi=36.0000 len=16201	16201	9.75678	0	0	0	0	0	0	0	0	0	0	0	0	9.75678	12.3626	0	0	0	0	0	0	0	0	0	0
k107_7407540 flag=1 multi=11.0000 len=48194	48194	9.86672	0	0	0	0	0	0	0	0	0	0	0	0	9.86672	12.5202	0	0	0	0	0	0	0	0	0	0
k107_35086972 flag=0 multi=13.0254 len=48066	48066	11.0567	0	0	0	0	0	0	0	0	0	0	0	0	11.0567	13.1772	0	0	0	0	0	0	0	0	0	0
k107_9830002 flag=1 multi=11.0000 len=51370	51370	9.99387	0	0	0	0	0	0	0	0	0	0	0	0	9.99387	12.2653	0	0	0	0	0	0	0	0	0	0
k107_4270003 flag=1 multi=8.0000 len=3313	3313	10.4354	0	0	0	0	0	0	0	0	0	0	0	0	10.4354	13.8436	0	0	0	0	0	0	0	0	0	0
k107_14085436 flag=1 multi=20.0000 len=50748	50748	10.2921	0	0	0	0	0	0	0	0	0	0	0	0	10.2921	13.4952	0	0	0	0	0	0	0	0	0	0
k107_25048712 flag=1 multi=8.0000 len=3211	3211	9.89137	0	0	0	0	0	0	0	0	0	0	0	0	9.89137	12.5337	0	0	0	0	0	0	0	0	0	0
k107_23347576 flag=1 multi=26.6296 len=12622	12622	10.0218	0	0	0	0	0	0	0	0	0	0	0	0	10.0218	10.0822	0	0	0	0	0	0	0	0	0	0
k107_6219730 flag=1 multi=11.0103 len=64470	64470	10.4247	0	0	0	0	0	0	0	0	0	0	0	0	10.4247	15.1887	0	0	0	0	0	0	0	0	0	0
k107_27401829 flag=1 multi=7.0000 len=11167	11167	8.7896	0	0	0	0	0	0	0	0	0	0	0	0	8.7896	9.28297	0	0	0	0	0	0	0	0	0	0
k107_14371614 flag=1 multi=13.0000 len=24301	24301	9.53119	0	0	0	0	0	0	0	0	0	0	0	0	9.53119	10.1975	0	0	0	0	0	0	0	0	0	0
k107_18901401 flag=1 multi=12.0000 len=3236	3236	10.8309	0	0	0	0	0	0	0	0	0	0	0	0	10.8309	19.3756	0	0	0	0	0	0	0	0	0	0
k107_32647181 flag=1 multi=17.7603 len=7200	7200	10.382	0	0	0	0	0	0	0	0	0	0	0	0	10.382	11.756	0	0	0	0	0	0	0	0	0	0
k107_18103836 flag=1 multi=15.0000 len=129437	129437	10.5208	0	0	0	0	0	0	0	0	0	0	0	0	10.5208	12.61	0	0	0	0	0	0	0	0	0	0
k107_29110407 flag=1 multi=8.0000 len=5687	5687	9.44587	0	0	0	0	0	0	0	0	0	0	0	0	9.44587	12.7492	0	0	0	0	0	0	0	0	0	0
k107_25933163 flag=1 multi=53.7108 len=16654	16654	10.4631	0	0	0	0	0	0	0	0	0	0	0	0	10.4631	13.1036	0	0	0	0	0	0	0	0	0	0
k107_3722047 flag=1 multi=10.8581 len=25344	25344	9.71963	0	0	0	0	0	0	0	0	0	0	0	0	9.71963	11.304	0	0	0	0	0	0	0	0	0	0
k107_34488078 flag=1 multi=11.0000 len=7077	7077	11.6357	0	0	0	0	0	0	0	0	0	0	0	0	11.6357	18.7526	0	0	0	0	0	0	0	0	0	0
k107_18174350 flag=1 multi=14.0000 len=42580	42580	10.3034	0	0	0	0	0	0	0	0	0	0	0	0	10.3034	11.8539	0	0	0	0	0	0	0	0	0	0
k107_12066459 flag=1 multi=13.0236 len=10309	10309	9.67813	0	0	0	0	0	0	0	0	0	0	0	0	9.67813	10.7355	0	0	0	0	0	0	0	0	0	0
k107_19337553 flag=0 multi=11.3533 len=21547	21547	10.0084	0	0	0	0	0	0	0	0	0	0	0	0	10.0084	11.5496	0	0	0	0	0	0	0	0	0	0
k107_13715612 flag=1 multi=25.2695 len=4274	4274	8.79557	0	0	0	0	0	0	0	0	0	0	0	0	8.78776	11.319	0	0	0	0	0	0	0	0	0.00780463	0.00774579
k107_34747894 flag=0 multi=10.0270 len=7317	7317	10.0651	0	0	0	0	0	0	0	0	0	0	0	0	10.0651	13.2735	0	0	0	0	0	0	0	0	0	0
k107_25943552 flag=1 multi=10.0000 len=3855	3855	10.6763	0	0	0	0	0	0	0	0	0	0	0	0	10.6763	17.6296	0	0	0	0	0	0	0	0	0	0
k107_7621836 flag=1 multi=5.0000 len=4013	4013	5.91323	0	0	0	0	0	0	0	0	0	0	0	0	5.91323	7.75602	0	0	0	0	0	0	0	0	0	0
k107_34319754 flag=0 multi=54.9997 len=10231	10231	10.9733	0	0	0	0	0	0	0	0	0	0	0	0	10.9733	15.8515	0	0	0	0	0	0	0	0	0	0
k107_11167297 flag=0 multi=27.0031 len=3685	3685	9.33077	0	0	0	0	0	0	0	0	0	0	0	0	9.33077	17.6326	0	0	0	0	0	0	0	0	0	0
k107_34775713 flag=0 multi=10.0210 len=7642	7642	8.86921	0	0	0	0	0	0	0	0	0	0	0	0	8.86921	6.64632	0	0	0	0	0	0	0	0	0	0
k107_16333481 flag=1 multi=11.0000 len=125721	125721	10.2911	0	0	0	0	0	0	0	0	0	0	0	0	10.2887	12.5438	0	0	0	0	0	0	0.00240793	0.00335872	0	0
k107_8312540 flag=1 multi=9.0000 len=22637	22637	10.5653	0	0	0	0	0	0	0	0	0	0	0	0	10.5653	14.6401	0	0	0	0	0	0	0	0	0	0
k107_33450790 flag=1 multi=14.0000 len=7647	7647	10.4547	0	0	0	0	0	0	0	0	0	0	0	0	10.4547	13.2046	0	0	0	0	0	0	0	0	0	0
k107_4650449 flag=0 multi=9.1908 len=6590	6590	10.3232	0	0	0	0	0	0	0	0	0	0	0	0	10.3232	13.9504	0	0	0	0	0	0	0	0	0	0
k107_12676032 flag=0 multi=17.0301 len=10104	10104	9.39665	0	0	0	0	0	0	0	0	0	0	0	0	9.39665	16.6299	0	0	0	0	0	0	0	0	0	0
k107_27301114 flag=1 multi=19.0000 len=11505	11505	10.1976	0	0	0	0	0	0	0	0	0	0	0	0	10.1976	11.186	0	0	0	0	0	0	0	0	0	0
k107_1501199 flag=1 multi=10.0000 len=56695	56695	10.7813	0	0	0	0	0	0	0	0	0	0	0	0	10.7813	13.8587	0	0	0	0	0	0	0	0	0	0
k107_18295172 flag=1 multi=16.0000 len=10425	10425	9.59182	0	0	0	0	0	0	0	0	0	0	0	0	9.59182	9.21322	0	0	0	0	0	0	0	0	0	0
k107_3906498 flag=0 multi=12.5078 len=53816	53816	10.4578	0	0	0	0	0	0	0	0	0	0	0	0	10.4578	13.6909	0	0	0	0	0	0	0	0	0	0
k107_1152413 flag=1 multi=8.0000 len=8790	8790	9.6468	0	0	0	0	0	0	0	0	0	0	0	0	9.6468	11.1065	0	0	0	0	0	0	0	0	0	0
k107_34213379 flag=1 multi=9.0000 len=16547	16547	10.3368	0	0	0	0	0	0	0	0	0	0	0	0	10.3368	13.2471	0	0	0	0	0	0	0	0	0	0
k107_10196961 flag=1 multi=10.0000 len=58451	58451	10.3549	0	0	0	0	0	0	0	0	0	0	0	0	10.3549	13.739	0	0	0	0	0	0	0	0	0	0
k107_15036658 flag=1 multi=11.0000 len=22096	22096	10.4346	0	0	0	0	0	0	0	0	0	0	0	0	10.4346	13.845	0	0	0	0	0	0	0	0	0	0
k107_9596306 flag=0 multi=11.0140 len=14834	14834	10.8909	0	0	0	0	0	0	0	0	0	0	0	0	10.8909	15.0796	0	0	0	0	0	0	0	0	0	0
k107_5551845 flag=0 multi=13.0177 len=26335	26335	10.8425	0	0	0	0	0	0	0	0	0	0	0	0	10.8425	11.9394	0	0	0	0	0	0	0	0	0	0
k107_10299632 flag=0 multi=10.0324 len=23784	23784	10.0974	0	0	0	0	0	0	0	0	0	0	0	0	10.0974	11.6424	0	0	0	0	0	0	0	0	0	0
k107_15766999 flag=1 multi=10.0000 len=11000	11000	9.46196	0	0	0	0	0	0	0	0	0	0	0	0	9.46196	10.2516	0	0	0	0	0	0	0	0	0	0
k107_32076522 flag=1 multi=7.0000 len=7267	7267	8.55032	0	0	0	0	0	0	0	0	0	0	0	0	8.55032	11.5326	0	0	0	0	0	0	0	0	0	0
k107_10172360 flag=0 multi=15.2524 len=66111	66111	10.6466	0	0	0.00452826	0.00655079	0	0	0	0	0	0	0	0	10.6421	13.9824	0	0	0	0	0	0	0	0	0	0
k107_9492326 flag=1 multi=8.0000 len=14255	14255	9.90418	0	0	0	0	0	0	0	0	0	0	0	0	9.90418	13.3444	0	0	0	0	0	0	0	0	0	0
k107_16932978 flag=1 multi=9.0000 len=44184	44184	9.20646	0	0	0	0	0	0	0	0	0	0	0	0	9.20646	10.2793	0	0	0	0	0	0	0	0	0	0
k107_25597243 flag=1 multi=8.0000 len=4912	4912	8.95835	0	0	0	0	0	0	0	0	0	0	0	0	8.95835	6.44843	0	0	0	0	0	0	0	0	0	0
k107_6677226 flag=1 multi=18.5780 len=38269	38269	10.1337	0	0	0	0	0	0	0	0	0	0	0	0	10.1337	13.5623	0	0	0	0	0	0	0	0	0	0
k107_16575440 flag=0 multi=9.9153 len=5539	5539	9.75578	0	0	0	0	0	0	0	0	0	0	0	0	9.75578	18.1128	0	0	0	0	0	0	0	0	0	0
k107_3532691 flag=1 multi=9.0000 len=4064	4064	10.3278	0	0	0	0	0	0	0	0	0	0	0	0	10.3278	13.4368	0	0	0	0	0	0	0	0	0	0
k107_34544915 flag=1 multi=28.0000 len=3470	3470	7.16004	0	0	0	0	0	0	0	0	0	0	0	0	7.16004	15.1465	0	0	0	0	0	0	0	0	0	0
k107_23110633 flag=1 multi=9.0000 len=3993	3993	9.21972	0	0	0	0	0	0	0	0	0	0	0	0	9.21972	10.9471	0	0	0	0	0	0	0	0	0	0
k107_7922702 flag=0 multi=16.0076 len=46383	46383	9.92515	0	0	0	0	0	0	0	0	0	0	0	0	9.92515	12.3082	0	0	0	0	0	0	0	0	0	0
k107_5829359 flag=0 multi=27.6918 len=64693	64693	10.679	0	0	0.000931807	0.000991968	0	0	0	0	0	0	0	0	10.6781	13.392	0	0	0	0	0	0	0	0	0	0
k107_9386337 flag=0 multi=11.0179 len=26876	26876	10.5668	0	0	0	0	0	0	0	0	0	0	0	0	10.5668	12.5944	0	0	0	0	0	0	0	0	0	0
k107_25412436 flag=1 multi=9.0000 len=4345	4345	9.65768	0	0	0	0	0	0	0	0	0	0	0	0	9.65768	13.2568	0	0	0	0	0	0	0	0	0	0
k107_14702185 flag=1 multi=8.0000 len=6640	6640	9.95345	0	0	0	0	0	0	0	0	0	0	0.0168823	0.0169047	9.93657	13.8989	0	0	0	0	0	0	0	0	0	0
k107_894824 flag=1 multi=21.0000 len=5308	5308	9.8338	0	0	0	0	0	0	0	0	0	0	0	0	9.8338	12.511	0	0	0	0	0	0	0	0	0	0
k107_11858316 flag=1 multi=14.0000 len=44228	44228	10.3463	0	0	0	0	0	0	0	0	0	0	0	0	10.3463	12.1464	0	0	0	0	0	0	0	0	0	0
k107_26631444 flag=1 multi=13.0000 len=35271	35271	10.6915	0	0	0.00863622	0.0126688	0	0	0	0	0	0	0	0	10.6829	14.0809	0	0	0	0	0	0	0	0	0	0
k107_17734508 flag=1 multi=12.0000 len=31528	31528	10.1084	0	0	0	0	0	0	0	0	0	0	0	0	10.1084	16.6097	0	0	0	0	0	0	0	0	0	0
k107_14059874 flag=0 multi=28.0765 len=9938	9938	10.0419	0	0	0	0	0	0	0	0	0	0	0	0	10.0419	8.8234	0	0	0	0	0	0	0	0	0	0
