contigName	contigLen	totalAvgDepth	Cen01_MA.bam	Cen01_MA.bam-var	Cen03_MA.bam	Cen03_MA.bam-var	Cen04_MA.bam	Cen04_MA.bam-var	Cen05_MA.bam	Cen05_MA.bam-var	Cen06_MA.bam	Cen06_MA.bam-var	Cen07_MA.bam	Cen07_MA.bam-var	Cen10_MA.bam	Cen10_MA.bam-var	Cen12_MA.bam	Cen12_MA.bam-var	Cen14_MA.bam	Cen14_MA.bam-var	Cen15_MA.bam	Cen15_MA.bam-var	Cen16_MA.bam	Cen16_MA.bam-var	Cen17_MA.bam	Cen17_MA.bam-var
k107_34736905 flag=1 multi=8.0000 len=3824	3824	9.87195	0	0	0.685974	1.01747	0	0	0	0	9.18597	11.024	0	0	0	0	0	0	0	0	0	0	0	0	0	0
k107_27108753 flag=1 multi=9.0000 len=50848	50848	10.7869	0.00597476	0.00731895	0.825624	1.09452	0	0	0.0014838	0.00151876	9.95386	15.1292	0	0	0	0	0	0	0	0	0	0	0	0	0	0
k107_26030569 flag=1 multi=9.0000 len=15323	15323	10.2914	0.0201052	0.0392892	0.79309	1.13261	0	0	0	0	9.45836	14.0922	0.0198389	0.0204956	0	0	0	0	0	0	0	0	0	0	0	0
k107_23693277 flag=0 multi=8.6950 len=25466	25466	9.49475	0.0120013	0.0173436	0.77889	1.11559	0	0	0	0	8.69194	12.8723	0	0	0	0	0.0119218	0.0201273	0	0	0	0	0	0	0	0
k107_18016781 flag=1 multi=8.0000 len=5609	5609	9.52007	0	0	0.795553	1.48431	0	0	0	0	8.72451	13.7819	0	0	0	0	0	0	0	0	0	0	0	0	0	0
k107_7161620 flag=0 multi=13.1051 len=7262	7262	10.4513	0	0	0.603592	1.0185	0	0	0.0216954	0.02123	9.74569	12.7091	0.0155172	0.0156937	0	0	0.0647989	0.0841352	0	0	0	0	0	0	0	0
k107_3636946 flag=1 multi=7.0000 len=4002	4002	8.84622	0	0	0.570811	1.31344	0	0	0	0	8.2754	9.31681	0	0	0	0	0	0	0	0	0	0	0	0	0	0
k107_33896355 flag=1 multi=20.0000 len=3811	3811	7.61983	0.0860644	0.116315	0.740382	0.977112	0	0	0	0	6.79339	14.337	0	0	0	0	0	0	0	0	0	0	0	0	0	0
k107_31716818 flag=0 multi=9.0161 len=4889	4889	10.6488	0	0	0.936124	1.56265	0	0	0	0	9.71267	10.6896	0	0	0	0	0	0	0	0	0	0	0	0	0	0
k107_31107902 flag=1 multi=10.0000 len=21497	21497	10.4206	0.0142486	0.0231128	0.871149	1.12539	0	0	0	0	9.53517	13.4327	0	0	0	0	0	0	0	0	0	0	0	0	0	0
k107_34132197 flag=1 multi=13.0000 len=4460	4460	10.3516	0	0	0.762867	0.968614	0	0	0	0	9.58874	9.76439	0	0	0	0	0	0	0	0	0	0	0	0	0	0
k107_28905105 flag=1 multi=18.0000 len=3416	3416	11.1586	0	0	0.872832	1.0002	0	0	0	0	10.0918	14.0743	0	0	0	0	0.193963	0.494322	0	0	0	0	0	0	0	0
k107_28512524 flag=1 multi=8.0000 len=10979	10979	10.179	0	0	0.842184	1.20484	0	0	0	0	9.3368	11.1198	0	0	0	0	0	0	0	0	0	0	0	0	0	0
k107_25815110 flag=1 multi=7.0000 len=5724	5724	8.28237	0	0	0.778679	0.764673	0	0	0	0	7.50369	8.46526	0	0	0	0	0	0	0	0	0	0	0	0	0	0
k107_16970889 flag=1 multi=11.0000 len=3097	3097	7.85939	0	0	0.952057	1.56126	0	0	0	0	6.90733	8.01996	0	0	0	0	0	0	0	0	0	0	0	0	0	0
k107_14201160 flag=1 multi=9.0000 len=3792	3792	10.2779	0	0	0.691977	0.806403	0	0	0	0	9.58596	11.1931	0	0	0	0	0	0	0	0	0	0	0	0	0	0
k107_15113785 flag=0 multi=10.4311 len=2733	2733	9.09338	0	0	0.496092	0.640221	0	0	0.111065	0.161458	8.48622	16.7957	0	0	0	0	0	0	0	0	0	0	0	0	0	0
k107_8860390 flag=1 multi=9.0000 len=11335	11335	9.16242	0	0	0.724372	1.02439	0	0	0	0	8.43805	12.8561	0	0	0	0	0	0	0	0	0	0	0	0	0	0
k107_268086 flag=1 multi=25.0000 len=28393	28393	11.0076	0.0322523	0.041124	0.971806	1.50208	0	0	0	0	9.99829	16.7894	0.00526859	0.00534755	0	0	0	0	0	0	0	0	0	0	0	0
k107_1168143 flag=1 multi=9.0000 len=33692	33692	10.2519	0.00904462	0.0142379	1.02776	1.82721	0	0	0	0	9.21512	12.8729	0	0	0	0	0	0	0	0	0	0	0	0	0	0
k107_28164557 flag=1 multi=9.0000 len=17687	17687	9.8918	0.0172563	0.0170712	0.942134	1.51397	0	0	0	0	8.93241	11.0604	0	0	0	0	0	0	0	0	0	0	0	0	0	0
k107_17165272 flag=1 multi=10.0000 len=4769	4769	8.89769	0	0	1.01343	1.04772	0	0	0	0	7.88426	10.0254	0	0	0	0	0	0	0	0	0	0	0	0	0	0
k107_3825466 flag=1 multi=9.0000 len=4465	4465	7.62287	0	0	0.492674	0.588264	0	0	0	0	7.13019	15.1802	0	0	0	0	0	0	0	0	0	0	0	0	0	0
k107_13467433 flag=1 multi=9.0000 len=21166	21166	10.2145	0.0360429	0.0446562	0.972968	1.70606	0	0	0	0	9.17662	11.834	0	0	0	0	0.0289015	0.063201	0	0	0	0	0	0	0	0
k107_33283833 flag=1 multi=12.0022 len=114505	114505	11.2672	0.00793324	0.00976537	0.915887	1.28517	0	0	0	0	10.3355	16.4923	0.00527132	0.00623594	0	0	0.00263566	0.0038277	0	0	0	0	0	0	0	0
k107_3475307 flag=1 multi=9.0000 len=34585	34585	9.77231	0.00880903	0.00926931	0.93119	1.26399	0	0	0	0	8.8235	12.8582	0	0	0	0	0.00880903	0.0164226	0	0	0	0	0	0	0	0
k107_541439 flag=1 multi=10.0000 len=11340	11340	11.5043	0.0133176	0.013493	0.978438	1.8586	0	0	0	0	10.5125	13.7852	0	0	0	0	0	0	0	0	0	0	0	0	0	0
k107_25375104 flag=0 multi=11.0045 len=36137	36137	11.0805	0	0	1.2233	1.57471	0	0	0	0	9.85723	15.6313	0	0	0	0	0	0	0	0	0	0	0	0	0	0
k107_27050019 flag=0 multi=9.4244 len=6705	6705	9.72716	0	0	0.470873	0.736259	0	0	0	0	9.25629	11.0892	0	0	0	0	0	0	0	0	0	0	0	0	0	0
k107_7879473 flag=1 multi=9.0000 len=11996	11996	9.35163	0	0	0.822815	1.35872	0	0	0	0	8.52882	12.8399	0	0	0	0	0	0	0	0	0	0	0	0	0	0
k107_6606517 flag=0 multi=9.0298 len=15916	15916	9.8014	0	0	0.840592	1.03158	0	0	0	0	8.94146	14.1193	0.0193416	0.024477	0	0	0	0	0	0	0	0	0	0	0	0
k107_13327070 flag=1 multi=7.0000 len=7708	7708	9.20497	0	0	0.650959	1.23101	0	0	0	0	8.55401	14.121	0	0	0	0	0	0	0	0	0	0	0	0	0	0
k107_30492730 flag=1 multi=7.0000 len=5311	5311	7.89	0	0	0.468357	0.475157	0	0	0.0602915	0.0762337	7.11819	21.92	0.14993	0.241042	0	0	0	0	0	0	0	0	0.0932322	0.192759	0	0
k107_19923278 flag=1 multi=10.0000 len=4437	4437	11.4989	0	0	1.42273	1.39769	0	0	0	0	10.0762	10.0612	0	0	0	0	0	0	0	0	0	0	0	0	0	0
k107_32070858 flag=0 multi=27.0293 len=7855	7855	11.4823	0.0794386	0.0775616	0.878194	1.15571	0	0	0	0	10.5052	16.133	0	0	0	0	0.0194625	0.0195936	0	0	0	0	0	0	0	0
k107_20624277 flag=1 multi=15.0000 len=8832	8832	10.0954	0	0	1.17995	2.36511	0	0	0	0	8.91547	15.6343	0	0	0	0	0	0	0	0	0	0	0	0	0	0
k107_34501549 flag=1 multi=19.7694 len=5957	5957	8.6603	0.159151	0.341494	0.650398	0.963897	0	0	0	0	7.85075	14.6852	0	0	0	0	0	0	0	0	0	0	0	0	0	0
k107_6471554 flag=1 multi=10.0000 len=7369	7369	9.42154	0	0	1.18721	2.06256	0	0	0	0	8.23433	12.3884	0	0	0	0	0	0	0	0	0	0	0	0	0	0
k107_9882599 flag=1 multi=10.0000 len=30835	30835	10.6223	0	0	0.874562	1.14212	0	0	0	0	9.73291	15.7064	0.0148364	0.0238725	0	0	0	0	0	0	0	0	0	0	0	0
k107_17222721 flag=1 multi=21.0000 len=67849	67849	11.1697	0.00199861	0.00406719	0.877863	1.3321	0	0	0	0	10.2809	15.1031	0	0	0	0	0.00892712	0.0127383	0	0	0	0	0	0	0	0
k107_213986 flag=1 multi=8.0000 len=4916	4916	10.8201	0	0	1.01279	1.22113	0	0	0	0	9.75943	11.1943	0.0478977	0.049949	0	0	0	0	0	0	0	0	0	0	0	0
k107_19509022 flag=0 multi=9.0243 len=6689	6689	9.30327	0.0472835	0.0707309	0.841083	1.30153	0	0	0	0	8.41491	16.5196	0	0	0	0	0	0	0	0	0	0	0	0	0	0
k107_16453959 flag=1 multi=8.0000 len=13785	13785	9.28807	0	0	0.830305	1.37425	0	0	0	0	8.43551	11.677	0.0222502	0.0262779	0	0	0	0	0	0	0	0	0	0	0	0
k107_7043709 flag=1 multi=8.0000 len=7478	7478	9.51826	0	0	0.925167	1.15329	0	0	0	0	8.59309	14.2228	0	0	0	0	0	0	0	0	0	0	0	0	0	0
k107_13157124 flag=1 multi=11.0000 len=26913	26913	11.3043	0	0	0.950321	1.62698	0	0	0	0	10.3314	15.2387	0	0	0	0	0.0225471	0.034185	0	0	0	0	0	0	0	0
k107_32957785 flag=1 multi=12.0216 len=14478	14478	9.84544	0	0	0.671064	1.1272	0	0	0.0103696	0.0105355	9.15336	12.3768	0.0106518	0.0105342	0	0	0	0	0	0	0	0	0	0	0	0
k107_17913561 flag=1 multi=8.0000 len=3671	3671	9.97655	0	0	0.93648	1.03959	0	0	0	0	8.95043	7.9343	0	0	0	0	0.0896408	0.0816263	0	0	0	0	0	0	0	0
k107_469300 flag=1 multi=39.0000 len=18133	18133	9.76597	0.0084684	0.00839892	0.71886	0.967911	0	0	0	0	9.03017	12.5068	0.0084684	0.00839893	0	0	0	0	0	0	0	0	0	0	0	0
k107_21648 flag=1 multi=8.0000 len=45774	45774	9.06356	0	0	0.795874	1.20593	0	0	0	0	8.24776	12.194	0	0	0	0	0.0199243	0.0236575	0	0	0	0	0	0	0	0
k107_32653483 flag=1 multi=16.0000 len=11752	11752	10.1968	0.0262882	0.0443778	1.15852	1.88412	0	0	0.0129258	0.01301	8.99904	20.0867	0	0	0	0	0	0	0	0	0	0	0	0	0	0
k107_12683915 flag=1 multi=9.0000 len=19921	19921	9.83429	0.0153932	0.0151607	1.01534	1.5208	0	0	0	0	8.78816	14.4823	0.0153932	0.025355	0	0	0	0	0	0	0	0	0	0	0	0
k107_6514869 flag=1 multi=8.0000 len=12915	12915	8.93618	0	0	0.682153	1.55656	0	0	0	0	8.25402	9.02927	0	0	0	0	0	0	0	0	0	0	0	0	0	0
k107_4719954 flag=0 multi=11.0000 len=28258	28258	10.2306	0.00486479	0.0048413	0.900522	1.27948	0	0	0	0	9.3092	14.372	0.0159894	0.0262271	0	0	0	0	0	0	0	0	0	0	0	0
k107_27153245 flag=0 multi=22.0036 len=72260	72260	9.65181	0.00623975	0.0084052	0.850885	1.29665	0	0	0	0	8.79049	13.3158	0	0	0	0	0.00419689	0.00602265	0	0	0	0	0	0	0	0
k107_28385379 flag=1 multi=8.0000 len=17067	17067	9.38562	0	0	0.933731	1.12167	0	0	0	0	8.43436	10.2426	0.0175365	0.03569	0	0	0	0	0	0	0	0	0	0	0	0
k107_7799838 flag=1 multi=8.0000 len=14078	14078	9.62994	0.0219222	0.03263	0.927555	1.19969	0	0	0	0	8.68046	9.44592	0	0	0	0	0	0	0	0	0	0	0	0	0	0
k107_24419434 flag=1 multi=8.0000 len=6528	6528	9.53871	0.0483456	0.0532276	0.65371	0.735602	0	0	0	0	8.83665	10.9552	0	0	0	0	0	0	0	0	0	0	0	0	0	0
k107_16561822 flag=1 multi=10.0000 len=10117	10117	9.57606	0	0	0.791034	1.34192	0	0	0	0	8.76964	12.1662	0.0153846	0.0151552	0	0	0	0	0	0	0	0	0	0	0	0
k107_34177326 flag=1 multi=10.0000 len=4804	4804	9.23812	0	0	0.600178	0.567903	0	0	0	0	8.60529	8.96916	0	0	0	0	0.0326522	0.0324257	0	0	0	0	0	0	0	0
k107_6247637 flag=1 multi=12.4438 len=104909	104909	10.0439	0.00141482	0.00143994	0.870525	1.24288	0	0	0.00281052	0.00530007	9.16333	13.6969	0	0	0	0	0.00577399	0.00922411	0	0	0	0	0	0	0	0
k107_23367907 flag=0 multi=8.0196 len=14348	14348	9.58743	0	0	0.813612	1.27795	0	0	0	0	8.77381	12.2688	0	0	0	0	0	0	0	0	0	0	0	0	0	0
k107_23264896 flag=1 multi=10.0000 len=10672	10672	9.98756	0	0	0.769238	1.27089	0	0	0	0	9.21832	11.3719	0	0	0	0	0	0	0	0	0	0	0	0	0	0
k107_15307398 flag=1 multi=8.0000 len=25502	25502	9.61083	0.00599206	0.00595633	0.781865	1.27391	0	0	0	0	8.82298	10.8811	0	0	0	0	0	0	0	0	0	0	0	0	0	0
k107_4408377 flag=0 multi=10.9970 len=9831	9831	10.2551	0	0	1.04366	1.45398	0	0	0	0	9.17977	14.8666	0	0	0	0	0.0316927	0.0306917	0	0	0	0	0	0	0	0
k107_31350484 flag=1 multi=9.0000 len=4194	4194	9.73099	0.0382837	0.0373032	0.774409	0.842116	0	0	0	0	8.91829	9.66156	0	0	0	0	0	0	0	0	0	0	0	0	0	0
k107_14346308 flag=1 multi=8.0000 len=12020	12020	9.7107	0	0	0.936679	1.28146	0	0	0	0	8.77402	11.2602	0	0	0	0	0	0	0	0	0	0	0	0	0	0
k107_26878106 flag=1 multi=12.6798 len=2880	2880	13.4329	0	0	0.609775	0.762439	0	0	0	0	12.8231	23.1051	0	0	0	0	0	0	0	0	0	0	0	0	0	0
k107_30555258 flag=1 multi=10.0000 len=5892	5892	11.2753	0	0	1.16333	1.98921	0	0	0	0	10.112	16.9211	0	0	0	0	0	0	0	0	0	0	0	0	0	0
k107_33326102 flag=1 multi=12.0000 len=23787	23787	10.7122	0	0	0.779561	1.19047	0	0	0	0	9.93268	17.5892	0	0	0	0	0	0	0	0	0	0	0	0	0	0
k107_34226114 flag=1 multi=13.0000 len=4980	4980	8.08935	0	0	0.709277	0.993583	0	0	0	0	7.3012	10.9374	0	0	0	0	0.0788799	0.221098	0	0	0	0	0	0	0	0
k107_26788014 flag=0 multi=15.8248 len=18355	18355	9.77239	0	0	0.718496	0.950787	0	0	0	0	9.0539	13.3921	0	0	0	0	0	0	0	0	0	0	0	0	0	0
k107_23698364 flag=1 multi=8.0000 len=7134	7134	9.65369	0.0221019	0.0216165	0.718238	0.933134	0	0	0	0	8.91335	14.1756	0	0	0	0	0	0	0	0	0	0	0	0	0	0
k107_5931509 flag=0 multi=8.0630 len=14655	14655	9.13858	0	0	0.966348	1.04893	0	0	0	0	8.17223	12.7749	0	0	0	0	0	0	0	0	0	0	0	0	0	0
k107_15805822 flag=1 multi=9.0000 len=10195	10195	10.621	0.0422521	0.0783547	0.810573	1.61744	0	0	0	0	9.70757	15.9163	0.0302234	0.0409202	0	0	0.0304256	0.0498173	0	0	0	0	0	0	0	0
k107_20130652 flag=1 multi=12.0000 len=7093	7093	8.70593	0	0	0.783537	1.1317	0	0	0	0	7.9224	13.1664	0	0	0	0	0	0	0	0	0	0	0	0	0	0
k107_4905018 flag=1 multi=13.0000 len=16320	16320	8.82201	0	0	0.753652	1.19791	0	0	0.0215383	0.0396156	8.02759	13.4825	0.0192284	0.0305939	0	0	0	0	0	0	0	0	0	0	0	0
k107_22152815 flag=1 multi=8.0000 len=9465	9465	8.92186	0.0329586	0.0403936	1.1685	1.78604	0	0	0	0	7.7204	11.2482	0	0	0	0	0	0	0	0	0	0	0	0	0	0
k107_34819012 flag=1 multi=9.0000 len=6417	6417	9.73001	0.0493868	0.0832663	0.863123	1.06374	0	0	0	0	8.8175	10.0585	0	0	0	0	0	0	0	0	0	0	0	0	0	0
k107_16462351 flag=1 multi=12.6901 len=40236	40236	11.8803	0.0150248	0.0186517	0.970276	1.24362	0	0	0	0	10.8875	17.594	0	0	0	0	0.00756248	0.0117632	0	0	0	0	0	0	0	0
k107_963064 flag=1 multi=8.0000 len=10022	10022	10.587	0	0	0.667901	0.995598	0	0	0	0	9.91914	12.9002	0	0	0	0	0	0	0	0	0	0	0	0	0	0
k107_25479215 flag=1 multi=9.0000 len=30801	30801	9.42021	0.00495098	0.00492727	0.899997	1.26351	0	0	0	0	8.50559	14.2461	0.00967245	0.0159632	0	0	0	0	0	0	0	0	0	0	0	0
k107_22890050 flag=1 multi=8.0000 len=16666	16666	9.49114	0	0	0.929113	1.19865	0	0	0	0	8.54357	11.4967	0	0	0	0	0.0184551	0.0203155	0	0	0	0	0	0	0	0
k107_19460928 flag=0 multi=15.0584 len=6372	6372	10.2504	0	0	1.11005	1.44952	0	0	0	0	9.11598	12.7818	0.0243822	0.0242668	0	0	0	0	0	0	0	0	0	0	0	0
k107_15308142 flag=1 multi=13.0000 len=35144	35144	10.9857	0.0344986	0.0520687	1.11196	1.51144	0	0	0	0	9.83055	13.6815	0.0086677	0.0145586	0	0	0	0	0	0	0	0	0	0	0	0
k107_31661036 flag=1 multi=8.0000 len=3522	3522	10.5997	0	0	1.21677	1.40089	0	0	0	0	9.38292	7.10293	0	0	0	0	0	0	0	0	0	0	0	0	0	0
k107_13329808 flag=1 multi=8.0242 len=39423	39423	9.2356	0.00771964	0.00950205	0.902048	1.28419	0	0	0	0	8.31814	11.9595	0.00769408	0.00766139	0	0	0	0	0	0	0	0	0	0	0	0
k107_20240637 flag=0 multi=10.0155 len=20872	20872	8.70141	0	0	0.895576	1.34167	0	0	0	0	7.7912	10.3482	0.014633	0.0212721	0	0	0	0	0	0	0	0	0	0	0	0
k107_34952287 flag=1 multi=10.8211 len=12217	12217	10.6786	0	0	1.17684	1.62498	0	0	0	0	9.50172	14.5106	0	0	0	0	0	0	0	0	0	0	0	0	0	0
k107_27703911 flag=1 multi=8.0000 len=12263	12263	8.53173	0	0	0.729538	0.926232	0	0	0	0	7.80219	11.1081	0	0	0	0	0	0	0	0	0	0	0	0	0	0
k107_15935316 flag=1 multi=10.0000 len=5656	5656	9.45237	0	0	0.450691	0.60709	0	0	0	0	9.00168	12.7613	0	0	0	0	0	0	0	0	0	0	0	0	0	0
k107_31207072 flag=1 multi=10.0000 len=19634	19634	10.0598	0.0156218	0.0242762	0.95448	1.19527	0	0	0.00713842	0.00713882	9.07501	15.1917	0	0	0	0	0	0	0	0	0	0	0	0	0.00755225	0.00764842
k107_3084660 flag=1 multi=10.0000 len=5755	5755	8.45938	0	0	0.884834	0.979853	0	0	0	0	7.57455	6.22277	0	0	0	0	0	0	0	0	0	0	0	0	0	0
k107_5634587 flag=1 multi=13.0000 len=8733	8733	8.38394	0.0358202	0.0345408	0.700391	1.00123	0	0	0	0	7.61238	8.0367	0	0	0	0	0.0353457	0.0589776	0	0	0	0	0	0	0	0
k107_32538498 flag=1 multi=9.0000 len=7071	7071	10.1618	0	0	0.914168	1.07604	0	0	0	0	9.2476	9.8894	0	0	0	0	0	0	0	0	0	0	0	0	0	0
k107_19478356 flag=1 multi=26.0000 len=3390	3390	8.91613	0	0	0.791775	0.878692	0	0	0	0	8.12435	12.6846	0	0	0	0	0	0	0	0	0	0	0	0	0	0
k107_33995812 flag=0 multi=9.0093 len=38475	38475	10.1041	0	0	0.869437	1.12299	0.00395568	0.00394013	0.00775417	0.0141887	9.19388	16.7947	0	0	0	0	0.0290258	0.106948	0	0	0	0	0	0	0	0
k107_32439000 flag=1 multi=10.0000 len=11474	11474	9.73514	0	0	0.985052	1.60781	0	0	0	0	8.72306	13.7766	0	0	0	0	0.0270319	0.0422384	0	0	0	0	0	0	0	0
k107_25960854 flag=1 multi=24.0000 len=32833	32833	9.83527	0.00925271	0.0106158	1.02508	1.54346	0	0	0	0	8.77772	13.0711	0.00464173	0.00461976	0	0	0.0185669	0.0219166	0	0	0	0	0	0	0	0
k107_16697839 flag=1 multi=14.0000 len=24339	24339	9.60195	0.012564	0.0173146	0.809044	1.32168	0	0	0	0	8.78034	13.7505	0	0	0	0	0	0	0	0	0	0	0	0	0	0
k107_2055110 flag=1 multi=11.0000 len=38983	38983	9.35464	0	0	0.7104	0.987919	0	0	0	0	8.64424	13.2943	0	0	0	0	0	0	0	0	0	0	0	0	0	0
k107_32949066 flag=1 multi=9.0000 len=19342	19342	9.80152	0	0	0.664338	0.848801	0	0	0	0	9.11891	14.0259	0	0	0	0	0.0182773	0.0239324	0	0	0	0	0	0	0	0
k107_22859791 flag=1 multi=8.0000 len=10388	10388	9.19681	0.0299425	0.0359839	1.04571	1.85387	0	0	0	0	8.12116	10.2493	0	0	0	0	0	0	0	0	0	0	0	0	0	0
k107_17856707 flag=1 multi=8.0000 len=23268	23268	9.22398	0.0195942	0.0252466	0.755595	1.02671	0	0	0	0	8.44239	15.243	0.00640077	0.00653443	0	0	0	0	0	0	0	0	0	0	0	0
k107_30413781 flag=0 multi=10.0000 len=2776	2776	11.8634	0	0	1.53961	2.70782	0	0	0	0	10.3238	9.98806	0	0	0	0	0	0	0	0	0	0	0	0	0	0
k107_16241202 flag=0 multi=11.2153 len=15475	15475	10.0084	0	0	0.805971	1.00309	0	0	0	0	9.20247	14.9317	0	0	0	0	0	0	0	0	0	0	0	0	0	0
k107_8181094 flag=1 multi=8.0000 len=6817	6817	8.29547	0	0	0.622717	0.579177	0	0	0	0	7.67276	8.25411	0	0	0	0	0	0	0	0	0	0	0	0	0	0
k107_666453 flag=1 multi=13.0000 len=37688	37688	10.0822	0.0120098	0.0133668	0.817258	1.37968	0	0	0	0	9.25298	12.0904	0	0	0	0	0	0	0	0	0	0	0	0	0	0
k107_480548 flag=1 multi=14.0000 len=4161	4161	10.9572	0	0	0.904639	1.18571	0	0	0	0	9.97512	23.9753	0.038611	0.0376066	0	0	0.0142524	0.0143047	0	0	0.0246178	0.0250026	0	0	0	0
k107_2358497 flag=1 multi=9.0000 len=46943	46943	9.25797	0.0193821	0.0474847	0.898716	1.39299	0	0	0	0	8.33987	13.5092	0	0	0	0	0	0	0	0	0	0	0	0	0	0
k107_25153019 flag=1 multi=11.0000 len=3350	3350	9.84285	0	0	0.915026	1.74674	0	0	0	0	8.92782	18.5407	0	0	0	0	0	0	0	0	0	0	0	0	0	0
k107_32624769 flag=1 multi=9.0000 len=21825	21825	8.71909	0	0	0.684849	1.0348	0	0	0	0	8.03424	11.4755	0	0	0	0	0	0	0	0	0	0	0	0	0	0
k107_3560017 flag=1 multi=17.0000 len=9032	9032	10.2333	0	0	0.793356	1.48188	0	0	0.0168385	0.0169996	9.42314	15.1938	0	0	0	0	0	0	0	0	0	0	0	0	0	0
k107_30482443 flag=1 multi=8.0000 len=2885	2885	9.56098	0	0	0.818428	0.958119	0	0	0	0	8.74255	11.4399	0	0	0	0	0	0	0	0	0	0	0	0	0	0
k107_3399117 flag=1 multi=11.0000 len=25377	25377	10.6665	0.0120439	0.0154892	0.895234	1.19928	0	0	0	0	9.73515	14.4809	0	0	0	0	0.0240877	0.0285364	0	0	0	0	0	0	0	0
k107_10343305 flag=0 multi=132.1449 len=5229	5229	9.97301	0	0	0.684392	0.93847	0	0	0	0	9.28861	14.4804	0	0	0	0	0	0	0	0	0	0	0	0	0	0
k107_26801206 flag=1 multi=22.7975 len=6133	6133	8.40559	0	0	0.828331	1.17799	0	0	0	0	7.39702	13.7725	0	0	0	0	0	0	0	0	0.180244	0.819326	0	0	0	0
k107_34574569 flag=0 multi=22.0269 len=17085	17085	8.92224	0	0	0.772746	0.997015	0	0	0	0	8.1495	10.505	0	0	0	0	0	0	0	0	0	0	0	0	0	0
k107_450453 flag=0 multi=11.1439 len=8136	8136	11.1832	0	0	0.723002	0.832561	0	0	0	0	10.4602	15.0853	0	0	0	0	0	0	0	0	0	0	0	0	0	0
k107_17156521 flag=1 multi=9.0000 len=9637	9637	9.4662	0	0	0.642957	0.765553	0	0	0	0	8.791	14.1988	0.0322442	0.0426643	0	0	0	0	0	0	0	0	0	0	0	0
k107_11280055 flag=1 multi=9.0000 len=2710	2710	10.8198	0	0	0.530731	0.608886	0	0	0	0	10.289	13.0305	0	0	0	0	0	0	0	0	0	0	0	0	0	0
k107_7586150 flag=1 multi=13.0000 len=11545	11545	10.8704	0	0	0.947078	1.36608	0	0	0	0	9.92333	15.4522	0	0	0	0	0	0	0	0	0	0	0	0	0	0
k107_27076598 flag=1 multi=8.0000 len=9407	9407	9.15706	0	0	0.655794	0.684094	0	0	0	0	8.50126	11.8125	0	0	0	0	0	0	0	0	0	0	0	0	0	0
k107_7795486 flag=1 multi=7.9588 len=10125	10125	9.17663	0.0307442	0.0582963	0.905324	1.54641	0	0	0	0	8.24056	12.7937	0	0	0	0	0	0	0	0	0	0	0	0	0	0
k107_31032227 flag=0 multi=8.0248 len=11382	11382	8.58727	0	0	0.498646	0.824655	0	0	0	0	8.08863	13.5474	0	0	0	0	0	0	0	0	0	0	0	0	0	0
k107_16115340 flag=1 multi=7.0000 len=6992	6992	9.12242	0	0	0.942451	0.923646	0	0	0	0	8.17997	12.5151	0	0	0	0	0	0	0	0	0	0	0	0	0	0
k107_12003106 flag=1 multi=8.0000 len=4040	4040	9.85313	0	0	0.725522	0.968073	0	0	0	0	9.12761	11.3886	0	0	0	0	0	0	0	0	0	0	0	0	0	0
k107_21389335 flag=0 multi=10.0559 len=6336	6336	9.82267	0	0	0.750414	1.01355	0	0	0	0	9.07226	11.3231	0	0	0	0	0	0	0	0	0	0	0	0	0	0
k107_21184554 flag=1 multi=13.0000 len=9244	9244	9.56274	0	0	0.808991	1.04714	0	0	0	0	8.75375	16.5365	0	0	0	0	0	0	0	0	0	0	0	0	0	0
k107_29887287 flag=1 multi=8.0000 len=15852	15852	10.419	0.0194212	0.025728	0.57254	0.900118	0	0	0	0	9.82707	11.8265	0	0	0	0	0	0	0	0	0	0	0	0	0	0
k107_20255746 flag=1 multi=12.0000 len=9038	9038	9.73214	0	0	0.746337	0.892847	0	0	0	0	8.95124	15.5502	0	0	0	0	0.0345696	0.0601699	0	0	0	0	0	0	0	0
k107_33821110 flag=1 multi=19.0000 len=13235	13235	9.13462	0	0	0.849996	2.04195	0	0	0	0	8.28462	9.90361	0	0	0	0	0	0	0	0	0	0	0	0	0	0
k107_30170086 flag=1 multi=24.0000 len=15033	15033	11.8473	0	0	1.00312	1.25975	0	0	0	0	10.8442	16.4813	0	0	0	0	0	0	0	0	0	0	0	0	0	0
k107_35204624 flag=1 multi=11.0000 len=9672	9672	8.72924	0.0161153	0.015857	0.773106	1.13774	0	0	0	0	7.94002	11.569	0	0	0	0	0	0	0	0	0	0	0	0	0	0
k107_33182919 flag=0 multi=43.9868 len=11752	11752	9.43493	0.0131878	0.013015	0.744803	0.995817	0	0	0.0129258	0.013011	8.61223	14.0888	0.0128384	0.0130124	0	0	0.038952	0.0640394	0	0	0	0	0	0	0	0
k107_963051 flag=1 multi=9.0000 len=8671	8671	10.1864	0	0	0.862947	1.61894	0	0	0	0	9.32346	9.18339	0	0	0	0	0	0	0	0	0	0	0	0	0	0
k107_24605878 flag=1 multi=8.0000 len=11713	11713	10.0975	0.0264657	0.0455727	1.05381	1.65471	0	0	0	0	9.01726	10.6623	0	0	0	0	0	0	0	0	0	0	0	0	0	0
k107_29867052 flag=1 multi=9.1907 len=10616	10616	10.0072	0	0	1.22872	1.86977	0	0	0	0	8.74918	14.5133	0	0	0	0	0.0292806	0.0419998	0	0	0	0	0	0	0	0
k107_29589969 flag=1 multi=23.0000 len=16618	16618	8.95697	0.0185094	0.0211083	0.865776	1.08393	0	0	0	0	8.07269	12.6544	0	0	0	0	0	0	0	0	0	0	0	0	0	0
k107_8585080 flag=1 multi=10.4472 len=25496	25496	10.4609	0.00583472	0.00595415	0.933595	1.38067	0	0	0.011987	0.0219956	9.4975	13.0202	0	0	0	0	0.0119473	0.0118468	0	0	0	0	0	0	0	0
k107_35072747 flag=1 multi=8.0000 len=4125	4125	8.86137	0	0	0.85718	0.856343	0	0	0	0	8.00418	9.15565	0	0	0	0	0	0	0	0	0	0	0	0	0	0
k107_26379858 flag=1 multi=9.0000 len=17501	17501	9.90046	0	0	0.994767	1.37556	0	0	0	0	8.90569	12.1198	0	0	0	0	0	0	0	0	0	0	0	0	0	0
k107_20347116 flag=1 multi=11.0000 len=19613	19613	9.78903	0	0	0.971726	1.35875	0	0	0	0	8.81731	11.6331	0	0	0	0	0	0	0	0	0	0	0	0	0	0
k107_23854173 flag=1 multi=8.0000 len=9306	9306	9.36895	0	0	0.983896	1.21052	0	0	0	0	8.38505	13.2202	0	0	0	0	0	0	0	0	0	0	0	0	0	0
k107_12414349 flag=1 multi=10.1713 len=16640	16640	10.775	0.0184845	0.0181424	0.923124	1.16346	0	0	0	0	9.8334	13.3791	0	0	0	0	0	0	0	0	0	0	0	0	0	0
k107_28988518 flag=0 multi=11.0471 len=11060	11060	10.271	0	0	0.672802	1.08094	0	0	0	0	9.57009	15.0621	0	0	0	0	0.0280721	0.0339834	0	0	0	0	0	0	0	0
k107_5300946 flag=1 multi=8.0000 len=5843	5843	9.56145	0.0545028	0.0872811	1.0074	1.58043	0	0	0	0	8.49955	10.708	0	0	0	0	0	0	0	0	0	0	0	0	0	0
k107_2815877 flag=1 multi=10.0000 len=12995	12995	9.96731	0	0	0.771764	1.09717	0	0	0	0	9.19554	12.7713	0	0	0	0	0	0	0	0	0	0	0	0	0	0
k107_31735899 flag=1 multi=10.5588 len=5476	5476	10.2489	0.116544	0.145268	1.47874	2.11862	0	0	0	0	8.65365	12.7716	0	0	0	0	0	0	0	0	0	0	0	0	0	0
k107_31329057 flag=1 multi=8.0000 len=15144	15144	9.56744	0	0	0.819364	1.13907	0	0	0	0	8.74808	13.7993	0	0	0	0	0	0	0	0	0	0	0	0	0	0
k107_13409748 flag=1 multi=9.0000 len=6566	6566	9.68439	0	0	1.01133	1.34104	0	0	0	0	8.62484	18.3248	0	0	0	0	0.048212	0.0787855	0	0	0	0	0	0	0	0
k107_31202551 flag=0 multi=11.0740 len=7901	7901	9.40584	0.0101329	0.0105479	0.952494	1.40629	0	0	0	0	8.44322	12.7149	0	0	0	0	0	0	0	0	0	0	0	0	0	0
k107_3119450 flag=1 multi=10.0000 len=5631	5631	11.3428	0	0	0.789642	1.57428	0	0	0	0	10.5532	15.0573	0	0	0	0	0	0	0	0	0	0	0	0	0	0
k107_16043451 flag=1 multi=34.0000 len=27685	27685	12.932	0.0215462	0.0244204	1.16992	1.511	0	0	0.00544133	0.00548416	11.7136	18.9459	0.0214732	0.070801	0	0	0	0	0	0	0	0	0	0	0	0
k107_19203958 flag=1 multi=8.0000 len=2800	2800	9.02922	0	0	0.371898	0.406689	0	0	0	0	8.65733	9.34945	0	0	0	0	0	0	0	0	0	0	0	0	0	0
k107_14501651 flag=1 multi=8.0000 len=7895	7895	9.88318	0	0	0.868036	1.13613	0	0	0	0	9.01515	12.7379	0	0	0	0	0	0	0	0	0	0	0	0	0	0
k107_18817430 flag=0 multi=12.0286 len=6044	6044	10.6085	0.0525949	0.0759668	0.930164	1.71092	0	0	0	0	9.62574	9.69959	0	0	0	0	0	0	0	0	0	0	0	0	0	0
k107_23729328 flag=1 multi=8.0000 len=19972	19972	9.51744	0	0	0.674886	0.793629	0	0	0	0	8.81195	13.9565	0	0	0	0	0.030605	0.0400326	0	0	0	0	0	0	0	0
k107_30745243 flag=1 multi=14.0000 len=21469	21469	9.47437	0.0142675	0.018701	0.876411	1.39616	0	0	0	0	8.58369	12.0162	0	0	0	0	0	0	0	0	0	0	0	0	0	0
k107_12391454 flag=1 multi=9.0000 len=12352	12352	10.6228	0	0	1.14697	1.57687	0	0	0	0	9.47585	15.012	0	0	0	0	0	0	0	0	0	0	0	0	0	0
k107_21644719 flag=0 multi=17.5093 len=12808	12808	9.81121	0	0	0.940748	1.24274	0	0	0	0	8.87046	17.0186	0	0	0	0	0	0	0	0	0	0	0	0	0	0
k107_12539350 flag=1 multi=9.0000 len=32711	32711	9.45824	0.00456663	0.00463262	0.860749	1.27561	0	0	0	0	8.5836	11.2844	0.0093184	0.0177392	0	0	0	0	0	0	0	0	0	0	0	0
k107_942360 flag=1 multi=11.0000 len=7132	7132	9.81537	0	0	0.986823	1.53436	0	0	0	0	8.82855	9.3357	0	0	0	0	0	0	0	0	0	0	0	0	0	0
k107_28695477 flag=1 multi=11.0000 len=33498	33498	10.3648	0	0	0.735902	1.19509	0	0	0	0	9.6289	13.8604	0	0	0	0	0	0	0	0	0	0	0	0	0	0
k107_1681834 flag=1 multi=7.0000 len=6752	6752	8.50388	0	0	0.702171	1.04389	0	0	0	0	7.75597	18.7292	0	0	0	0	0	0	0	0	0.0457364	0.0907208	0	0	0	0
k107_8533413 flag=1 multi=10.0000 len=21800	21800	9.50968	0	0	0.905247	1.47838	0	0	0	0	8.60443	13.3723	0	0	0	0	0	0	0	0	0	0	0	0	0	0
k107_32939771 flag=0 multi=12.9995 len=11150	11150	11.2413	0.0135509	0.0137314	1.04287	1.86639	0	0	0	0	10.1849	12.8637	0	0	0	0	0	0	0	0	0	0	0	0	0	0
k107_4621188 flag=1 multi=13.0000 len=6610	6610	9.63649	0	0	0.998573	1.69143	0	0	0	0	8.63792	13.2466	0	0	0	0	0	0	0	0	0	0	0	0	0	0
k107_2991379 flag=1 multi=15.0000 len=13211	13211	9.88667	0	0	1.05918	1.45289	0	0	0	0	8.82749	11.7962	0	0	0	0	0	0	0	0	0	0	0	0	0	0
k107_1144906 flag=0 multi=8.0507 len=10667	10667	9.65933	0.0291365	0.0402581	0.885383	1.10861	0	0	0	0	8.74481	14.2336	0	0	0	0	0	0	0	0	0	0	0	0	0	0
k107_28348485 flag=1 multi=24.0000 len=18928	18928	9.47869	0	0	0.801407	0.834034	0	0	0	0	8.67728	10.7796	0	0	0	0	0	0	0	0	0	0	0	0	0	0
k107_32414030 flag=1 multi=83.0000 len=10922	10922	9.9451	0	0	0.913277	1.79618	0	0	0	0	9.03183	10.9879	0	0	0	0	0	0	0	0	0	0	0	0	0	0
k107_4251547 flag=1 multi=15.0000 len=15159	15159	9.25766	0	0	0.826546	1.29067	0	0	0	0	8.41078	9.32008	0.0203271	0.0199284	0	0	0	0	0	0	0	0	0	0	0	0
k107_24772032 flag=1 multi=10.0000 len=49787	49787	10.248	0.00911387	0.0124047	0.709811	0.918034	0	0	0	0	9.52911	14.2405	0	0	0	0	0	0	0	0	0	0	0	0	0	0
k107_3064765 flag=0 multi=16.0048 len=38186	38186	10.7749	0	0	0.932109	1.40081	0	0	0	0	9.84276	15.7403	0	0	0	0	0	0	0	0	0	0	0	0	0	0
k107_7222688 flag=1 multi=9.0000 len=8672	8672	9.8675	0	0	1.17085	1.35618	0	0	0	0	8.69665	13.9915	0	0	0	0	0	0	0	0	0	0	0	0	0	0
k107_14666407 flag=1 multi=9.0000 len=17726	17726	9.98095	0	0	0.889578	1.38322	0	0	0	0	9.09137	11.3926	0	0	0	0	0	0	0	0	0	0	0	0	0	0
k107_31416662 flag=1 multi=12.0000 len=24266	24266	9.27871	0.0126022	0.0124416	0.634994	0.984905	0	0	0	0	8.62498	11.4857	0	0	0	0	0.0061342	0.00626365	0	0	0	0	0	0	0	0
k107_11463277 flag=1 multi=17.0000 len=7890	7890	10.3965	0	0	1.0087	1.09031	0	0	0	0	9.38785	13.3577	0	0	0	0	0	0	0	0	0	0	0	0	0	0
k107_2523897 flag=1 multi=8.0000 len=7597	7597	9.04304	0	0	0.847704	0.95699	0	0	0	0	8.15394	12.7972	0	0	0	0	0.0413982	0.0780762	0	0	0	0	0	0	0	0
k107_13705754 flag=1 multi=12.0000 len=13981	13981	10.0044	0.0662329	0.106601	1.02047	1.66248	0	0	0	0	8.90694	19.7527	0	0	0	0	0.0107464	0.0109178	0	0	0	0	0	0	0	0
k107_5890648 flag=0 multi=13.0033 len=16496	16496	9.78084	0.00926269	0.0092404	0.830431	1.07384	0	0	0.00907744	0.00923871	8.93207	15.0633	0	0	0	0	0	0	0	0	0	0	0	0	0	0
k107_16379570 flag=1 multi=8.0000 len=3755	3755	9.35158	0	0	1.0417	2.41978	0	0	0	0	8.30988	13.3494	0	0	0	0	0	0	0	0	0	0	0	0	0	0
k107_17697563 flag=0 multi=9.0518 len=5533	5533	10.7893	0	0	0.904607	0.920335	0	0	0	0	9.87803	11.8051	0	0	0	0	0.00669088	0.00740301	0	0	0	0	0	0	0	0
k107_6185949 flag=1 multi=12.0000 len=5843	5843	11.1675	0	0	1.20556	2.13401	0	0	0	0	9.96192	21.3405	0	0	0	0	0	0	0	0	0	0	0	0	0	0
k107_34887357 flag=0 multi=17.4276 len=3587	3587	11.0785	0	0	0.577473	0.509552	0	0	0	0	10.5011	12.9991	0	0	0	0	0	0	0	0	0	0	0	0	0	0
k107_32003646 flag=0 multi=56.5587 len=10111	10111	10.9311	0	0	0.958507	1.39416	0	0	0	0	9.97258	12.5286	0	0	0	0	0	0	0	0	0	0	0	0	0	0
k107_11069051 flag=1 multi=10.0000 len=6246	6246	10.6018	0	0	1.41386	2.1141	0	0	0	0	9.18792	10.9691	0	0	0	0	0	0	0	0	0	0	0	0	0	0
k107_11523445 flag=0 multi=10.0005 len=8587	8587	12.0532	0	0	1.01171	1.283	0	0	0	0	11.0415	12.9401	0	0	0	0	0	0	0	0	0	0	0	0	0	0
k107_32718727 flag=1 multi=12.0001 len=32772	32772	10.4004	0.00930089	0.011064	0.733877	1.18976	0	0	0	0	9.65725	12.8019	0	0	0	0	0	0	0	0	0	0	0	0	0	0
k107_11831784 flag=1 multi=15.0000 len=58330	58330	9.28035	0.00520438	0.00831496	0.732853	1.05922	0	0	0	0	8.53709	12.318	0.00520438	0.00807402	0	0	0	0	0	0	0	0	0	0	0	0
k107_8746150 flag=0 multi=13.0187 len=4914	4914	6.84128	0	0	0.563096	0.887361	0	0	0	0	5.6173	11.7466	0	0	0	0	0.660885	2.46196	0	0	0	0	0	0	0	0
k107_28961458 flag=1 multi=11.0000 len=17257	17257	10.688	0.0356237	0.117157	1.02324	1.33183	0	0	0	0	9.62914	13.9011	0	0	0	0	0	0	0	0	0	0	0	0	0	0
k107_21865293 flag=1 multi=8.0000 len=7020	7020	8.75275	0	0	0.590652	1.01228	0	0	0	0	8.1621	6.74603	0	0	0	0	0	0	0	0	0	0	0	0	0	0
k107_22451385 flag=1 multi=8.4252 len=18331	18331	8.86766	0.0167508	0.02501	0.890953	1.46125	0	0	0	0	7.95995	12.9961	0	0	0	0	0	0	0	0	0	0	0	0	0	0
k107_20063933 flag=0 multi=8.4495 len=7476	7476	9.2484	0.0209088	0.0206076	1.1136	1.51682	0	0	0	0	8.11388	13.1216	0	0	0	0	0	0	0	0	0	0	0	0	0	0
k107_1042399 flag=1 multi=10.0000 len=19688	19688	10.9334	0	0	1.13174	1.68703	0	0	0	0	9.78608	14.4796	0	0	0	0	0.0155783	0.0153367	0	0	0	0	0	0	0	0
k107_15364430 flag=1 multi=7.0000 len=5802	5802	8.44164	0	0	0.930909	1.2172	0	0	0	0	7.09436	12.6469	0	0	0	0	0	0	0	0	0	0	0.416364	1.62855	0	0
k107_13385933 flag=1 multi=12.0000 len=16524	16524	9.99236	0	0	0.863519	1.32741	0	0	0	0	9.10763	14.5622	0	0	0	0	0	0	0	0	0.00258908	0.00338151	0.0186167	0.0340726	0	0
k107_26885931 flag=1 multi=12.0000 len=23464	23464	10.8692	0	0	0.796477	1.07263	0	0	0	0	10.0727	14.8218	0	0	0	0	0	0	0	0	0	0	0	0	0	0
k107_15839139 flag=1 multi=14.0000 len=38624	38624	10.5505	0.00767183	0.00781769	0.984161	1.48453	0	0	0	0	9.54982	14.1339	0	0	0	0	0	0	0	0	0	0	0.00882	0.0175423	0	0
k107_8688442 flag=1 multi=8.0000 len=8368	8368	9.22031	0	0	0.747954	0.789904	0	0	0	0	8.47235	11.2362	0	0	0	0	0	0	0	0	0	0	0	0	0	0
k107_12407500 flag=0 multi=24.2493 len=5485	5485	9.17326	0	0	1.08181	1.24159	0	0	0	0	8.09145	9.25288	0	0	0	0	0	0	0	0	0	0	0	0	0	0
k107_14918019 flag=1 multi=9.0000 len=4567	4567	9.36835	0	0	0.629777	0.696664	0	0	0	0	8.73857	15.795	0	0	0	0	0	0	0	0	0	0	0	0	0	0
k107_8023527 flag=1 multi=9.0000 len=12412	12412	8.68365	0	0	0.729315	0.749439	0	0	0.0121387	0.0123134	7.9422	8.99968	0	0	0	0	0	0	0	0	0	0	0	0	0	0
k107_5196047 flag=1 multi=9.0000 len=4505	4505	9.83179	0	0	0.733286	0.829769	0	0	0	0	9.0985	11.7965	0	0	0	0	0	0	0	0	0	0	0	0	0	0
k107_8468706 flag=1 multi=8.0000 len=2934	2934	8.80547	0	0	1.08853	1.47688	0	0	0	0	7.71695	8.99521	0	0	0	0	0	0	0	0	0	0	0	0	0	0
k107_28325843 flag=1 multi=7.0000 len=6954	6954	8.75451	0	0	0.906645	1.15158	0	0	0	0	7.84787	12.4122	0	0	0	0	0	0	0	0	0	0	0	0	0	0
k107_13790645 flag=1 multi=10.0000 len=32287	32287	9.53006	0.0187588	0.0222232	0.655182	0.819809	0	0	0	0	8.85612	15.8734	0	0	0	0	0	0	0	0	0	0	0	0	0	0
k107_17924320 flag=0 multi=14.0270 len=32721	32721	9.93347	0.00456522	0.00463592	0.776736	1.31115	0	0	0	0	9.14297	12.6816	0.00919214	0.0144746	0	0	0	0	0	0	0	0	0	0	0	0
k107_4138606 flag=1 multi=9.0000 len=15273	15273	9.41741	0	0	0.745976	1.12384	0	0	0	0	8.67143	15.3352	0	0	0	0	0	0	0	0	0	0	0	0	0	0
k107_12667599 flag=1 multi=14.0000 len=61363	61363	9.44004	0	0	0.969555	1.37197	0	0	0	0	8.47048	11.6871	0	0	0	0	0	0	0	0	0	0	0	0	0	0
k107_28295757 flag=1 multi=8.0000 len=7180	7180	9.2146	0	0	1.1326	1.23506	0	0	0	0	8.082	13.4817	0	0	0	0	0	0	0	0	0	0	0	0	0	0
k107_1464010 flag=1 multi=12.9494 len=24528	24528	10.8612	0	0	0.840337	1.02466	0	0	0	0	10.0148	16.9336	0.00606786	0.00620073	0	0	0	0	0	0	0	0	0	0	0	0
k107_10397260 flag=0 multi=9.0039 len=15923	15923	10.4742	0	0	0.811856	1.5197	0	0	0	0	9.66238	17.3993	0	0	0	0	0	0	0	0	0	0	0	0	0	0
k107_10282718 flag=0 multi=17.0132 len=6025	6025	9.61454	0	0	0.843788	1.3101	0	0	0	0	8.77075	10.9328	0	0	0	0	0	0	0	0	0	0	0	0	0	0
k107_35655765 flag=1 multi=16.0000 len=24258	24258	10.9306	0.0126064	0.0213761	1.10098	1.5381	0	0	0	0	9.81074	15.6885	0	0	0	0	0.00630322	0.00626427	0	0	0	0	0	0	0	0
k107_7623546 flag=1 multi=10.0000 len=27293	27293	9.01141	0	0	0.732059	1.11589	0	0	0	0	8.26816	11.6551	0	0	0	0	0.0111889	0.011062	0	0	0	0	0	0	0	0
k107_19721061 flag=1 multi=9.0000 len=4280	4280	11.2803	0	0	0.299397	0.287965	0	0	0	0	10.9809	14.9773	0	0	0	0	0	0	0	0	0	0	0	0	0	0
k107_33141270 flag=1 multi=8.0000 len=4927	4927	9.35978	0	0	0.520865	1.20892	0	0	0	0	8.83892	11.0366	0	0	0	0	0	0	0	0	0	0	0	0	0	0
k107_9960047 flag=1 multi=8.0000 len=7993	7993	8.67612	0	0	0.58848	0.654333	0	0	0	0	8.08764	8.63605	0	0	0	0	0	0	0	0	0	0	0	0	0	0
k107_34886366 flag=0 multi=8.0113 len=8969	8969	9.96008	0	0	0.696204	0.633822	0	0	0	0	9.26387	9.38003	0	0	0	0	0	0	0	0	0	0	0	0	0	0
k107_18745898 flag=1 multi=20.0000 len=10533	10533	10.3075	0	0	1.00137	1.32491	0	0	0	0	9.27661	20.3913	0	0	0	0	0.0295181	0.0347123	0	0	0	0	0	0	0	0
k107_20305549 flag=1 multi=14.0000 len=8170	8170	8.99225	0.00851551	0.00844406	1.16891	1.52921	0	0	0	0	7.81482	7.3294	0	0	0	0	0	0	0	0	0	0	0	0	0	0
k107_3433051 flag=1 multi=11.0000 len=4921	4921	9.6627	0	0	1.17948	1.18278	0	0	0	0	8.48322	7.84971	0	0	0	0	0	0	0	0	0	0	0	0	0	0
k107_22226787 flag=1 multi=10.0000 len=2621	2621	12.0862	0	0	0.9116	1.01073	0	0	0	0	11.1746	21.1076	0	0	0	0	0	0	0	0	0	0	0	0	0	0
k107_15099233 flag=1 multi=9.0000 len=32287	32287	9.12987	0.0188526	0.0384137	0.719619	1.07862	0	0	0	0	8.37252	12.6874	0.00944193	0.0133568	0	0	0.00944193	0.0137941	0	0	0	0	0	0	0	0
k107_3011760 flag=1 multi=17.0000 len=17648	17648	10.0926	0	0	0.759887	0.956876	0	0	0	0	9.33276	15.2084	0	0	0	0	0	0	0	0	0	0	0	0	0	0
k107_30942164 flag=0 multi=11.1840 len=19591	19591	10.1625	0.0156566	0.0214263	0.883198	1.44632	0	0	0	0	9.26362	15.7004	0	0	0	0	0	0	0	0	0	0	0	0	0	0
