contigName	contigLen	totalAvgDepth	Cen01_MA.bam	Cen01_MA.bam-var	Cen03_MA.bam	Cen03_MA.bam-var	Cen04_MA.bam	Cen04_MA.bam-var	Cen05_MA.bam	Cen05_MA.bam-var	Cen06_MA.bam	Cen06_MA.bam-var	Cen07_MA.bam	Cen07_MA.bam-var	Cen10_MA.bam	Cen10_MA.bam-var	Cen12_MA.bam	Cen12_MA.bam-var	Cen14_MA.bam	Cen14_MA.bam-var	Cen15_MA.bam	Cen15_MA.bam-var	Cen16_MA.bam	Cen16_MA.bam-var	Cen17_MA.bam	Cen17_MA.bam-var
k107_25078219 flag=1 multi=9.2404 len=179616	179616	11.2621	0	0	0	0	0	0	0	0	0	0	0	0	7.49693	9.97023	0.123655	0.174877	0.00167862	0.00248309	3.63984	5.07612	0	0	0	0
k107_9950721 flag=0 multi=15.0019 len=104621	104621	11.0446	0	0	0	0	0	0	0	0	0	0	0	0	7.38695	9.06885	0.10835	0.153574	0	0	3.54927	4.19288	0	0	0	0
k107_15210001 flag=0 multi=11.1138 len=38798	38798	11.6789	0	0	0	0	0	0	0	0	0	0	0	0	7.68472	10.0476	0.207606	0.320547	0	0	3.78652	5.52157	0	0	0	0
k107_26604866 flag=1 multi=18.0000 len=130046	130046	10.8301	0	0	0	0	0	0	0	0	0.00232766	0.00256882	0	0	7.23469	9.5895	0.156909	0.229225	0.00232766	0.00384608	3.43155	4.85517	0.00232766	0.00247385	0	0
k107_22953993 flag=1 multi=10.0000 len=7874	7874	11.7917	0	0	0	0	0	0	0	0	0	0	0	0	7.78407	10.5992	0.0796355	0.23243	0	0	3.92802	6.85909	0	0	0	0
k107_5069054 flag=1 multi=9.6444 len=198337	198337	11.1346	0.00152498	0.00209694	0	0	0	0	0	0	0	0	0	0	7.4696	9.54511	0.145505	0.203867	0	0	3.51645	4.96134	0.00152498	0.00152211	0	0
k107_29894691 flag=1 multi=15.0000 len=45527	45527	10.5746	0	0	0	0	0	0	0	0	0	0	0	0	6.92338	8.45292	0.120022	0.178733	0	0	3.53119	5.30781	0	0	0	0
k107_19222155 flag=1 multi=9.0000 len=98807	98807	10.8103	0	0	0	0	0	0	0	0	0	0	0	0	7.18936	9.24216	0.0903304	0.13127	0	0	3.53065	4.85971	0	0	0	0
k107_31765722 flag=1 multi=10.0000 len=221891	221891	11.4919	0.00134483	0.00262362	0	0	0	0	0	0	0	0	0	0	7.75891	10.4601	0.129321	0.196127	0.00408865	0.0052982	3.59824	5.15277	0	0	0	0
k107_19403478 flag=0 multi=15.2639 len=4536	4536	11.3196	0	0	0	0	0	0	0	0	0	0	0	0	7.19013	9.22997	0	0	0	0	4.12943	5.69825	0	0	0	0
k107_16185435 flag=1 multi=15.0000 len=117726	117726	10.8659	0	0	0	0	0	0	0	0	0	0	0	0	7.16925	8.93172	0.141198	0.230751	0	0	3.55541	4.53589	0	0	0	0
k107_8026809 flag=1 multi=9.0000 len=12254	12254	10.619	0	0	0	0	0	0	0	0	0	0	0	0	7.12969	8.64528	0.188671	0.267077	0	0	3.30062	3.68413	0	0	0	0
k107_7727413 flag=1 multi=9.0000 len=10601	10601	10.5731	0	0	0	0	0	0	0	0	0	0	0	0	6.45587	7.07755	0.263812	0.369264	0	0	3.85338	5.05974	0	0	0	0
k107_34723455 flag=0 multi=10.0029 len=54788	54788	11.256	0	0	0	0	0	0	0	0	0	0	0	0	7.34592	9.56836	0.138513	0.221652	0	0	3.77159	5.3238	0	0	0	0
k107_34707115 flag=0 multi=8.0133 len=11298	11298	10.5071	0	0	0	0	0	0	0	0	0	0	0	0	6.89651	10.7699	0.175973	0.249428	0	0	3.43461	4.44819	0	0	0	0
k107_25031520 flag=1 multi=9.0000 len=36815	36815	10.6908	0	0	0	0	0	0	0	0	0	0	0	0	6.97938	9.64511	0.0909813	0.122384	0.00821625	0.0138447	3.61219	5.23064	0	0	0	0
k107_29898115 flag=0 multi=8.0278 len=5940	5940	10.3604	0	0	0	0	0	0	0	0	0	0	0	0	6.41628	6.82	0.212841	0.226208	0	0	3.73129	4.40716	0	0	0	0
k107_16390577 flag=1 multi=21.0000 len=70357	70357	11.1768	0	0	0	0	0	0	0	0	0	0	0	0	7.40275	9.12612	0.152866	0.207759	0.0043109	0.00430329	3.61689	4.99815	0	0	0	0
k107_11101568 flag=1 multi=9.0000 len=7142	7142	11.0985	0	0	0	0	0	0	0	0	0	0	0	0	7.33553	10.8769	0.176316	0.161243	0	0	3.5867	4.74388	0	0	0	0
k107_4918315 flag=0 multi=12.2874 len=7244	7244	13.173	0	0	0	0	0	0	0	0	0	0	0	0	8.65817	14.9754	0.13051	0.208874	0	0	4.38433	3.87936	0	0	0	0
k107_27101773 flag=0 multi=9.0882 len=15024	15024	10.2084	0	0	0	0	0	0	0	0	0	0	0	0	6.36347	7.41813	0.143527	0.171199	0	0	3.7014	5.29313	0	0	0	0
k107_7689976 flag=1 multi=9.0000 len=30598	30598	10.662	0	0	0	0	0	0	0	0	0	0	0	0	7.03542	8.50598	0.0745643	0.0910449	0	0	3.55205	6.10661	0	0	0	0
k107_34642008 flag=0 multi=10.0055 len=5968	5968	10.1846	0	0	0	0	0	0	0	0	0	0	0	0	6.95888	10.2853	0.141723	0.167199	0	0	3.08401	5.27462	0	0	0	0
k107_9504785 flag=1 multi=10.0000 len=6716	6716	11.9302	0	0	0	0	0	0	0	0	0	0	0	0	8.10992	10.1477	0.0470845	0.066395	0	0	3.77315	3.25673	0	0	0	0
k107_14563838 flag=1 multi=9.0000 len=26522	26522	11.2518	0	0	0	0	0	0	0	0	0	0	0	0	7.35187	10.6608	0.0805492	0.128613	0.0115179	0.0113852	3.80782	4.64058	0	0	0	0
