contigName	contigLen	totalAvgDepth	Cen01_MA.bam	Cen01_MA.bam-var	Cen03_MA.bam	Cen03_MA.bam-var	Cen04_MA.bam	Cen04_MA.bam-var	Cen05_MA.bam	Cen05_MA.bam-var	Cen06_MA.bam	Cen06_MA.bam-var	Cen07_MA.bam	Cen07_MA.bam-var	Cen10_MA.bam	Cen10_MA.bam-var	Cen12_MA.bam	Cen12_MA.bam-var	Cen14_MA.bam	Cen14_MA.bam-var	Cen15_MA.bam	Cen15_MA.bam-var	Cen16_MA.bam	Cen16_MA.bam-var	Cen17_MA.bam	Cen17_MA.bam-var
k107_34229339 flag=1 multi=26.0000 len=2783	2783	9.18218	0	0	0	0	9.18218	15.1835	0	0	0	0	0	0	0	0	0	0	0	0	0	0	0	0	0	0
k107_33014088 flag=1 multi=9.0000 len=2884	2884	9.57126	0.116964	0.181582	0	0	9.4543	14.6229	0	0	0	0	0	0	0	0	0	0	0	0	0	0	0	0	0	0
k107_32769269 flag=1 multi=112.0000 len=2593	2593	6.42209	0	0	0	0	6.42209	5.82976	0	0	0	0	0	0	0	0	0	0	0	0	0	0	0	0	0	0
k107_25154280 flag=0 multi=124.0000 len=3541	3541	8.00865	0	0	0	0	8.00865	5.46879	0	0	0	0	0	0	0	0	0	0	0	0	0	0	0	0	0	0
k107_22548527 flag=1 multi=8.0000 len=2661	2661	5.47563	1.38321	1.60441	0	0	3.97245	7.16377	0	0	0	0	0	0	0	0	0	0	0	0	0	0	0	0	0.119966	0.178886
k107_17589441 flag=1 multi=16.0000 len=6577	6577	8.59124	0.096255	0.121122	0	0	8.49498	15.7527	0	0	0	0	0	0	0	0	0	0	0	0	0	0	0	0	0	0
k107_12350807 flag=0 multi=15.0370 len=3514	3514	8.48132	0	0	0	0	8.48132	12.1625	0	0	0	0	0	0	0	0	0	0	0	0	0	0	0	0	0	0
k107_11826416 flag=0 multi=23.2627 len=3971	3971	11.556	0	0	0	0	11.556	14.984	0	0	0	0	0	0	0	0	0	0	0	0	0	0	0	0	0	0
k107_9732798 flag=1 multi=113.9542 len=2966	2966	7.00751	0	0	0	0	7.00751	8.076	0	0	0	0	0	0	0	0	0	0	0	0	0	0	0	0	0	0
k107_5188980 flag=1 multi=7.0000 len=2716	2716	6.66446	0.707125	1.08322	0	0	2.07664	9.53288	0	0	0	0	0	0	0	0	0	0	0	0	0	0	3.8807	15.433	0	0
k107_27884364 flag=0 multi=21.0000 len=6305	6305	7.90471	0	0	0	0	7.90471	14.1377	0	0	0	0	0	0	0	0	0	0	0	0	0	0	0	0	0	0
k107_13539622 flag=0 multi=61.9844 len=3696	3696	9.10695	0.0447849	0.0669592	0	0	9.06217	11.0536	0	0	0	0	0	0	0	0	0	0	0	0	0	0	0	0	0	0
k107_23981617 flag=1 multi=11.0000 len=5776	5776	9.0844	0	0	0	0	9.0844	9.42835	0	0	0	0	0	0	0	0	0	0	0	0	0	0	0	0	0	0
k107_24680071 flag=1 multi=8.0000 len=3141	3141	7.45861	0	0	0	0	7.45861	6.53356	0	0	0	0	0	0	0	0	0	0	0	0	0	0	0	0	0	0
k107_9539626 flag=0 multi=12.0018 len=5643	5643	9.24958	0	0	0	0	9.24958	16.9757	0	0	0	0	0	0	0	0	0	0	0	0	0	0	0	0	0	0
k107_26528032 flag=1 multi=11.0000 len=2629	2629	8.71852	0	0	0	0	8.71852	10.095	0	0	0	0	0	0	0	0	0	0	0	0	0	0	0	0	0	0
k107_7016411 flag=1 multi=48.0000 len=10941	10941	10.1606	0.0567723	0.076124	0	0	10.1039	14.6508	0	0	0	0	0	0	0	0	0	0	0	0	0	0	0	0	0	0
k107_9596435 flag=0 multi=13.8067 len=4245	4245	9.77428	0	0	0	0	9.7228	14.7408	0	0	0	0	0	0	0.0514836	0.0630559	0	0	0	0	0	0	0	0	0	0
k107_21970556 flag=0 multi=57.9970 len=6867	6867	8.20411	0.0913938	0.259336	0	0	8.11272	10.6411	0	0	0	0	0	0	0	0	0	0	0	0	0	0	0	0	0	0
k107_22284517 flag=1 multi=9.0000 len=3208	3208	8.15451	0.103579	0.131711	0	0	7.94701	12.5846	0	0	0.103923	0.128269	0	0	0	0	0	0	0	0	0	0	0	0	0	0
k107_26233492 flag=1 multi=32.0000 len=13549	13549	9.50864	0.0455952	0.142265	0	0	9.46305	11.8514	0	0	0	0	0	0	0	0	0	0	0	0	0	0	0	0	0	0
k107_8175642 flag=0 multi=9.0246 len=2826	2826	7.38906	0	0	0	0	7.38906	10.9827	0	0	0	0	0	0	0	0	0	0	0	0	0	0	0	0	0	0
k107_7372062 flag=1 multi=19.2374 len=4374	4374	8.42608	0	0	0	0	8.42608	12.4144	0	0	0	0	0	0	0	0	0	0	0	0	0	0	0	0	0	0
k107_8416189 flag=1 multi=7.0000 len=6873	6873	7.79257	0.0459595	0.0505504	0	0	7.74661	11.9726	0	0	0	0	0	0	0	0	0	0	0	0	0	0	0	0	0	0
k107_4652628 flag=1 multi=15.0000 len=19039	19039	9.0895	0.0480867	0.064589	0	0	9.0254	12.7808	0	0	0	0	0	0	0.0160111	0.0158641	0	0	0	0	0	0	0	0	0	0
k107_3337900 flag=0 multi=35.6443 len=7261	7261	8.7103	0.043397	0.0573349	0	0	8.66691	12.5706	0	0	0	0	0	0	0	0	0	0	0	0	0	0	0	0	0	0
k107_28474130 flag=0 multi=69.4813 len=3479	3479	7.23041	0	0	0	0	7.23041	7.89015	0	0	0	0	0	0	0	0	0	0	0	0	0	0	0	0	0	0
k107_16836579 flag=1 multi=161.5369 len=14443	14443	8.58659	0.0212856	0.0343392	0	0	8.54437	12.6935	0	0	0	0	0	0	0.0103953	0.0105616	0	0	0	0	0	0	0	0	0.0105367	0.0105578
k107_34457635 flag=1 multi=15.0000 len=6452	6452	8.00407	0	0	0	0	7.95496	7.26584	0	0	0	0	0	0	0.0491057	0.0652412	0	0	0	0	0	0	0	0	0	0
k107_3423089 flag=0 multi=32.0000 len=7281	7281	9.70311	0	0	0	0	9.70311	19.141	0	0	0	0	0	0	0	0	0	0	0	0	0	0	0	0	0	0
k107_28593077 flag=0 multi=7.0463 len=3174	3174	9.26462	0	0	0	0	9.26462	14.7522	0	0	0	0	0	0	0	0	0	0	0	0	0	0	0	0	0	0
k107_981440 flag=1 multi=38.0000 len=3446	3446	9.85751	0	0	0	0	9.85751	11.336	0	0	0	0	0	0	0	0	0	0	0	0	0	0	0	0	0	0
k107_9224911 flag=1 multi=43.0000 len=28071	28071	9.04599	0.0217509	0.0324533	0	0	8.99755	11.5347	0	0	0	0	0	0	0	0	0	0	0	0	0	0	0	0	0.0266844	0.0408547
k107_22021376 flag=1 multi=92.0000 len=3195	3195	9.37746	0.102316	0.142625	0	0	9.27515	8.94335	0	0	0	0	0	0	0	0	0	0	0	0	0	0	0	0	0	0
k107_7527068 flag=0 multi=32.4594 len=4833	4833	9.2463	0	0	0	0	9.2463	10.8729	0	0	0	0	0	0	0	0	0	0	0	0	0	0	0	0	0	0
k107_17729605 flag=0 multi=12.0565 len=3044	3044	8.84756	0	0	0	0	8.84756	13.0022	0	0	0	0	0	0	0	0	0	0	0	0	0	0	0	0	0	0
k107_22762259 flag=0 multi=12.8527 len=4574	4574	8.84012	0	0	0	0	8.84012	10.3808	0	0	0	0	0	0	0	0	0	0	0	0	0	0	0	0	0	0
k107_1260807 flag=1 multi=18.9096 len=4644	4644	8.65085	0.0695532	0.0762552	0	0	8.5813	8.62263	0	0	0	0	0	0	0	0	0	0	0	0	0	0	0	0	0	0
k107_25488 flag=0 multi=46.0033 len=5001	5001	9.49862	0.064269	0.0601477	0	0	9.43435	9.93325	0	0	0	0	0	0	0	0	0	0	0	0	0	0	0	0	0	0
k107_33066846 flag=0 multi=34.0276 len=8683	8683	8.88056	0	0	0	0	8.8085	10.8338	0.0360339	0.0421485	0	0	0	0	0.0360339	0.052644	0	0	0	0	0	0	0	0	0	0
k107_7755451 flag=1 multi=11.0000 len=9368	9368	9.80763	0.0662916	0.106762	0	0	9.70825	15.0574	0	0	0	0	0	0	0.0330907	0.0322033	0	0	0	0	0	0	0	0	0	0
k107_523183 flag=0 multi=37.9772 len=6196	6196	9.01714	0.0512385	0.0621968	0	0	8.9659	8.93531	0	0	0	0	0	0	0	0	0	0	0	0	0	0	0	0	0	0
k107_2339038 flag=0 multi=78.5976 len=13670	13670	9.18163	0.0677738	0.0814544	0	0	9.11385	10.5658	0	0	0	0	0	0	0	0	0	0	0	0	0	0	0	0	0	0
k107_22348231 flag=1 multi=53.4185 len=2783	2783	7.59049	0	0	0	0	7.59049	10.3663	0	0	0	0	0	0	0	0	0	0	0	0	0	0	0	0	0	0
k107_4170565 flag=1 multi=19.0000 len=5049	5049	9.73647	0	0	0	0	9.6739	12.4904	0	0	0	0	0	0	0.0625658	0.0772938	0	0	0	0	0	0	0	0	0	0
k107_20769158 flag=0 multi=48.9353 len=5023	5023	8.03114	0	0	0	0	8.03114	10.161	0	0	0	0	0	0	0	0	0	0	0	0	0	0	0	0	0	0
k107_26728741 flag=1 multi=18.0000 len=16113	16113	8.88008	0.0954399	0.443374	0.00487003	0.00484662	8.74189	17.014	0	0	0	0	0	0	0.037885	0.036747	0	0	0	0	0	0	0	0	0	0
k107_27871011 flag=0 multi=7.4101 len=3682	3682	8.66479	0	0	0	0	8.66479	14.2801	0	0	0	0	0	0	0	0	0	0	0	0	0	0	0	0	0	0
k107_7183762 flag=0 multi=62.0091 len=10573	10573	9.1179	0	0	0	0	9.1179	12.3631	0	0	0	0	0	0	0	0	0	0	0	0	0	0	0	0	0	0
k107_8148742 flag=1 multi=72.0000 len=5136	5136	9.69177	0.0624741	0.0643785	0	0	9.62929	10.4981	0	0	0	0	0	0	0	0	0	0	0	0	0	0	0	0	0	0
k107_1007386 flag=0 multi=91.7877 len=3451	3451	8.42363	0.191807	0.285318	0	0	8.23182	11.5882	0	0	0	0	0	0	0	0	0	0	0	0	0	0	0	0	0	0
k107_4508984 flag=0 multi=77.0877 len=10268	10268	9.42856	0.121212	0.20805	0	0	9.30253	13.8868	0	0	0.00481638	0.00479335	0	0	0	0	0	0	0	0	0	0	0	0	0	0
k107_6088313 flag=1 multi=27.0000 len=5433	5433	9.10817	0.0588579	0.068667	0	0	9.04931	17.6853	0	0	0	0	0	0	0	0	0	0	0	0	0	0	0	0	0	0
k107_7622575 flag=0 multi=9.7087 len=3337	3337	7.9318	0	0	0	0	7.9318	5.69895	0	0	0	0	0	0	0	0	0	0	0	0	0	0	0	0	0	0
k107_7535998 flag=1 multi=8.0000 len=5157	5157	8.92626	0.124408	0.350414	0	0	8.80185	16.5381	0	0	0	0	0	0	0	0	0	0	0	0	0	0	0	0	0	0
k107_5051350 flag=0 multi=47.3091 len=12865	12865	9.95256	0.0240388	0.0234632	0	0	9.90448	11.9658	0	0	0	0	0	0	0.0240388	0.0234646	0	0	0	0	0	0	0	0	0	0
k107_19679348 flag=1 multi=17.0000 len=3458	3458	9.42554	0	0	0	0	9.42554	9.21023	0	0	0	0	0	0	0	0	0	0	0	0	0	0	0	0	0	0
k107_28128978 flag=0 multi=13.0000 len=6518	6518	8.43018	0	0	0	0	8.43018	11.7679	0	0	0	0	0	0	0	0	0	0	0	0	0	0	0	0	0	0
k107_13108526 flag=1 multi=73.4369 len=5742	5742	8.28272	0.0555147	0.058694	0	0	8.17188	12.6459	0	0	0	0	0	0	0.0553309	0.0524428	0	0	0	0	0	0	0	0	0	0
k107_8149920 flag=0 multi=24.0519 len=6345	6345	8.49446	0	0	0	0	8.49446	10.2458	0	0	0	0	0	0	0	0	0	0	0	0	0	0	0	0	0	0
k107_8931518 flag=0 multi=69.9062 len=2923	2923	7.95841	0	0	0	0	7.95841	7.55325	0	0	0	0	0	0	0	0	0	0	0	0	0	0	0	0	0	0
k107_6025735 flag=1 multi=63.0021 len=8032	8032	8.8097	0	0	0	0	8.8097	9.45857	0	0	0	0	0	0	0	0	0	0	0	0	0	0	0	0	0	0
k107_33975252 flag=1 multi=65.5794 len=5307	5307	8.26553	0.11988	0.136129	0	0	8.08651	11.3814	0	0	0	0	0	0	0.0591409	0.0802905	0	0	0	0	0	0	0	0	0	0
k107_17390689 flag=0 multi=17.5968 len=2649	2649	8.54538	0	0	0	0	8.54538	10.5159	0	0	0	0	0	0	0	0	0	0	0	0	0	0	0	0	0	0
k107_3730983 flag=0 multi=41.1181 len=3046	3046	9.11224	0	0	0	0	9.11224	15.6859	0	0	0	0	0	0	0	0	0	0	0	0	0	0	0	0	0	0
k107_30504438 flag=1 multi=8.0000 len=4192	4192	6.91362	0	0	0	0	6.91362	8.98317	0	0	0	0	0	0	0	0	0	0	0	0	0	0	0	0	0	0
k107_11567867 flag=1 multi=31.7622 len=4805	4805	8.3531	0.0670664	0.117239	0	0	8.28603	18.4312	0	0	0	0	0	0	0	0	0	0	0	0	0	0	0	0	0	0
k107_23975533 flag=1 multi=112.0000 len=3634	3634	8.36765	0.0447179	0.04328	0	0	8.23259	14.1757	0	0	0	0	0	0	0.0903361	0.105859	0	0	0	0	0	0	0	0	0	0
k107_8904196 flag=1 multi=21.0000 len=4076	4076	10.222	0	0	0	0	10.222	13.6188	0	0	0	0	0	0	0	0	0	0	0	0	0	0	0	0	0	0
k107_34286 flag=0 multi=85.9405 len=4745	4745	9.28089	0	0	0	0	9.28089	12.4976	0	0	0	0	0	0	0	0	0	0	0	0	0	0	0	0	0	0
k107_9215573 flag=1 multi=22.6167 len=11983	11983	9.1969	0.025854	0.0299831	0	0	9.17105	11.2055	0	0	0	0	0	0	0	0	0	0	0	0	0	0	0	0	0	0
k107_34421277 flag=0 multi=14.3340 len=10556	10556	8.88629	0.0290618	0.0301366	0	0	8.85723	10.8652	0	0	0	0	0	0	0	0	0	0	0	0	0	0	0	0	0	0
k107_7130787 flag=1 multi=40.5067 len=30864	30864	8.45239	0.0789543	0.0987356	0	0	8.3488	10.6064	0.00487534	0.00492142	0	0	0	0	0.0197631	0.0288645	0	0	0	0	0	0	0	0	0	0
k107_62024 flag=0 multi=10.6697 len=10410	10410	10.1573	0	0	0	0	10.1425	16.0843	0.0148397	0.014719	0	0	0	0	0	0	0	0	0	0	0	0	0	0	0	0
k107_1520786 flag=1 multi=15.0000 len=5868	5868	8.01599	0.108336	0.145637	0	0	7.90765	11.5851	0	0	0	0	0	0	0	0	0	0	0	0	0	0	0	0	0	0
k107_894729 flag=1 multi=14.0000 len=11663	11663	9.82722	0.105977	0.127606	0	0	9.72124	13.6366	0	0	0	0	0	0	0	0	0	0	0	0	0	0	0	0	0	0
k107_6040920 flag=0 multi=20.0000 len=2574	2574	8.80458	0.132923	0.194566	0	0	8.67165	13.017	0	0	0	0	0	0	0	0	0	0	0	0	0	0	0	0	0	0
k107_22997447 flag=0 multi=18.2547 len=19610	19610	8.82629	0.0700228	0.10482	0	0	8.71722	10.4959	0	0	0	0	0	0	0.0390512	0.0411987	0	0	0	0	0	0	0	0	0	0
k107_31727110 flag=0 multi=21.0000 len=3480	3480	8.84456	0	0	0	0	8.84456	11.9728	0	0	0	0	0	0	0	0	0	0	0	0	0	0	0	0	0	0
k107_651445 flag=0 multi=56.4254 len=7528	7528	9.68212	0.0416551	0.0533369	0	0	9.64046	11.9253	0	0	0	0	0	0	0	0	0	0	0	0	0	0	0	0	0	0
k107_35644734 flag=0 multi=50.1535 len=8846	8846	9.25796	0.140684	0.257673	0	0	9.11728	11.6925	0	0	0	0	0	0	0	0	0	0	0	0	0	0	0	0	0	0
k107_2705930 flag=0 multi=21.3030 len=9775	9775	9.25135	0.0317745	0.0490242	0	0	9.21957	11.9436	0	0	0	0	0	0	0	0	0	0	0	0	0	0	0	0	0	0
k107_11266389 flag=1 multi=11.0000 len=7349	7349	9.41663	0.0857102	0.143646	0	0	9.33092	12.3843	0	0	0	0	0	0	0	0	0	0	0	0	0	0	0	0	0	0
k107_10462656 flag=1 multi=13.7598 len=5749	5749	8.94988	0	0	0	0	8.94988	10.1612	0	0	0	0	0	0	0	0	0	0	0	0	0	0	0	0	0	0
k107_20233905 flag=1 multi=42.2825 len=5353	5353	8.46941	0	0	0	0	8.46941	15.1921	0	0	0	0	0	0	0	0	0	0	0	0	0	0	0	0	0	0
k107_20790748 flag=0 multi=22.1792 len=4617	4617	9.26257	0.0699884	0.107767	0	0	9.19258	10.42	0	0	0	0	0	0	0	0	0	0	0	0	0	0	0	0	0	0
k107_10046113 flag=1 multi=30.6157 len=21062	21062	8.7841	0.0434008	0.0535813	0	0	8.72616	11.2102	0	0	0	0	0	0	0.0145472	0.014337	0	0	0	0	0	0	0	0	0	0
k107_32434514 flag=0 multi=19.2073 len=2509	2509	6.69914	0	0	0	0	6.69914	6.88031	0	0	0	0	0	0	0	0	0	0	0	0	0	0	0	0	0	0
k107_6140677 flag=0 multi=70.0000 len=9343	9343	10.0351	0.100763	0.126087	0	0	9.9343	15.5537	0	0	0	0	0	0	0	0	0	0	0	0	0	0	0	0	0	0
k107_34051636 flag=0 multi=17.1220 len=12539	12539	9.25823	0	0	0	0	9.25823	12.7133	0	0	0	0	0	0	0	0	0	0	0	0	0	0	0	0	0	0
k107_9493736 flag=0 multi=21.8922 len=5550	5550	8.51162	0	0	0	0	8.48361	9.19929	0	0	0	0	0	0	0	0	0	0	0	0	0	0	0	0	0.0280107	0.0279467
k107_4821826 flag=1 multi=8.0000 len=3484	3484	8.76838	0.0697674	0.112075	0	0	8.69862	11.4715	0	0	0	0	0	0	0	0	0	0	0	0	0	0	0	0	0	0
k107_5808237 flag=0 multi=18.6866 len=4105	4105	8.43308	0.079411	0.122579	0	0	8.35367	10.3506	0	0	0	0	0	0	0	0	0	0	0	0	0	0	0	0	0	0
k107_5732559 flag=1 multi=35.8772 len=10897	10897	9.46522	0.028504	0.0360039	0	0	9.43672	13.8258	0	0	0	0	0	0	0	0	0	0	0	0	0	0	0	0	0	0
k107_6196538 flag=1 multi=21.0000 len=4313	4313	9.93169	0	0	0	0	9.93169	19.9863	0	0	0	0	0	0	0	0	0	0	0	0	0	0	0	0	0	0
k107_23975196 flag=1 multi=113.0000 len=2940	2940	8.79113	0	0	0	0	8.79113	15.666	0	0	0	0	0	0	0	0	0	0	0	0	0	0	0	0	0	0
k107_23178290 flag=0 multi=36.0000 len=2648	2648	9.95183	0	0	0	0	9.95183	19.2824	0	0	0	0	0	0	0	0	0	0	0	0	0	0	0	0	0	0
k107_2840880 flag=0 multi=49.7939 len=17029	17029	9.48532	0.0540444	0.0812439	0	0	9.43128	13.4134	0	0	0	0	0	0	0	0	0	0	0	0	0	0	0	0	0	0
k107_25263211 flag=1 multi=68.0000 len=6027	6027	12.0306	0.104803	0.150639	0	0	11.9258	19.6365	0	0	0	0	0	0	0	0	0	0	0	0	0	0	0	0	0	0
k107_7795885 flag=1 multi=71.0000 len=6959	6959	10.3867	0.0453658	0.0433043	0	0	10.3413	12.9466	0	0	0	0	0	0	0	0	0	0	0	0	0	0	0	0	0	0
k107_23387207 flag=1 multi=9.0000 len=2547	2547	8.46637	0.384855	0.77526	0	0	8.08151	7.84495	0	0	0	0	0	0	0	0	0	0	0	0	0	0	0	0	0	0
k107_11104025 flag=1 multi=23.9853 len=25291	25291	9.07119	0.0120853	0.0202687	0	0	9.0471	13.0727	0	0	0	0	0	0	0	0	0	0	0	0	0	0	0	0	0.0120053	0.0162634
k107_1044613 flag=0 multi=21.3025 len=3357	3357	10.2075	0	0	0	0	10.109	13.2626	0	0	0	0	0	0	0	0	0	0	0	0	0	0	0	0	0.098527	0.0891069
k107_11827231 flag=1 multi=25.1276 len=4034	4034	8.79368	0	0	0	0	8.79368	13.2642	0	0	0	0	0	0	0	0	0	0	0	0	0	0	0	0	0	0
k107_15302594 flag=0 multi=22.4049 len=9735	9735	8.4973	0	0	0	0	8.4973	12.4149	0	0	0	0	0	0	0	0	0	0	0	0	0	0	0	0	0	0
k107_821203 flag=0 multi=11.0260 len=4185	4185	9.90755	0	0	0	0	9.90755	7.42258	0	0	0	0	0	0	0	0	0	0	0	0	0	0	0	0	0	0
k107_9399253 flag=0 multi=31.6640 len=13027	13027	9.35528	0	0	0	0	9.33155	12.6657	0	0	0	0	0	0	0	0	0	0	0	0	0	0	0	0	0.0237328	0.0382588
k107_11232003 flag=0 multi=12.5015 len=6759	6759	9.80781	0.0461515	0.0529634	0	0	9.71519	11.9667	0	0	0	0	0	0	0.0464612	0.0445932	0	0	0	0	0	0	0	0	0	0
k107_9600945 flag=1 multi=16.0000 len=2500	2500	6.68972	0.137398	0.204155	0	0	6.55232	7.01332	0	0	0	0	0	0	0	0	0	0	0	0	0	0	0	0	0	0
k107_3564769 flag=1 multi=19.0000 len=6861	6861	8.69233	0.0460436	0.0600933	0	0	8.64629	15.9272	0	0	0	0	0	0	0	0	0	0	0	0	0	0	0	0	0	0
k107_9828040 flag=0 multi=15.7018 len=7413	7413	10.0523	0.0421882	0.0406693	0	0	10.0101	14.595	0	0	0	0	0	0	0	0	0	0	0	0	0	0	0	0	0	0
k107_4488254 flag=0 multi=19.3095 len=12181	12181	10.0201	0	0	0	0	10.0201	15.788	0	0	0	0	0	0	0	0	0	0	0	0	0	0	0	0	0	0
k107_3091460 flag=0 multi=26.6996 len=2897	2897	8.79846	0.115992	0.134486	0	0	8.68247	9.86217	0	0	0	0	0	0	0	0	0	0	0	0	0	0	0	0	0	0
k107_3853170 flag=0 multi=45.0741 len=8901	8901	10.3592	0.0698918	0.0853276	0	0	10.2198	15.0939	0	0	0	0	0	0	0.069543	0.0652331	0	0	0	0	0	0	0	0	0	0
k107_7633563 flag=0 multi=33.0033 len=15925	15925	8.86296	0.0579274	0.0808877	0	0	8.80503	12.205	0	0	0	0	0	0	0	0	0	0	0	0	0	0	0	0	0	0
k107_11359004 flag=0 multi=142.5006 len=5576	5576	10.1026	0.113576	0.234138	0	0	9.989	12.9828	0	0	0	0	0	0	0	0	0	0	0	0	0	0	0	0	0	0
k107_11664779 flag=0 multi=101.0043 len=9005	9005	8.50936	0.0345858	0.0525704	0	0	8.44019	12.0862	0	0	0	0	0	0	0	0	0	0	0	0	0	0	0	0	0.0345858	0.0360189
k107_9169807 flag=1 multi=31.0000 len=13072	13072	9.75208	0.0236492	0.0360864	0	0	9.70485	14.1846	0	0	0	0	0	0	0.0235709	0.0230864	0	0	0	0	0	0	0	0	0	0
k107_26861561 flag=1 multi=25.4849 len=5533	5533	9.06462	0.0573504	0.101467	0	0	8.94953	17.4419	0	0	0	0	0	0	0.0577327	0.0544073	0	0	0	0	0	0	0	0	0	0
k107_12203747 flag=0 multi=35.9741 len=7993	7993	8.24665	0.0784033	0.092399	0	0	8.16825	12.6873	0	0	0	0	0	0	0	0	0	0	0	0	0	0	0	0	0	0
k107_34077908 flag=1 multi=78.0000 len=7683	7683	9.29833	0	0	0	0	9.29833	9.57731	0	0	0	0	0	0	0	0	0	0	0	0	0	0	0	0	0	0
k107_12329867 flag=1 multi=11.0000 len=8327	8327	8.77745	0	0	0	0	8.77745	9.37446	0	0	0	0	0	0	0	0	0	0	0	0	0	0	0	0	0	0
k107_8764576 flag=0 multi=37.0629 len=4401	4401	9.64748	0.146621	0.210591	0	0	9.50085	22.0526	0	0	0	0	0	0	0	0	0	0	0	0	0	0	0	0	0	0
k107_35179890 flag=0 multi=164.0222 len=3619	3619	9.28429	0.181188	0.170087	0	0	9.10311	9.18288	0	0	0	0	0	0	0	0	0	0	0	0	0	0	0	0	0	0
k107_1285506 flag=0 multi=31.0934 len=23121	23121	9.23822	0.0264253	0.0288153	0	0	9.19856	14.7735	0	0	0	0	0	0	0.0132346	0.0198152	0	0	0	0	0	0	0	0	0	0
k107_8552863 flag=1 multi=16.8973 len=10623	10623	8.33747	0.0583277	0.0799072	0	0	8.27914	13.0191	0	0	0	0	0	0	0	0	0	0	0	0	0	0	0	0	0	0
k107_15863829 flag=1 multi=25.5191 len=5031	5031	8.77649	0	0	0	0	8.77649	12.7465	0	0	0	0	0	0	0	0	0	0	0	0	0	0	0	0	0	0
k107_12973827 flag=1 multi=4.0000 len=2998	2998	4.30786	0	0	0	0	4.30786	4.06974	0	0	0	0	0	0	0	0	0	0	0	0	0	0	0	0	0	0
k107_12311464 flag=1 multi=15.6350 len=25332	25332	10.0661	0.0120655	0.0222961	0	0	10.0361	14.8559	0	0	0	0	0	0	0.0120256	0.0135244	0	0	0	0	0	0	0	0	0.0059129	0.00599307
k107_25881556 flag=0 multi=32.0556 len=12972	12972	9.12036	0.0238358	0.031172	0	0	9.06898	11.2266	0	0	0.0038674	0.00393106	0	0	0.023678	0.0303819	0	0	0	0	0	0	0	0	0	0
k107_2872627 flag=0 multi=38.9867 len=3875	3875	8.5091	0	0	0	0	8.5091	12.745	0	0	0	0	0	0	0	0	0	0	0	0	0	0	0	0	0	0
k107_5721175 flag=0 multi=45.0000 len=24495	24495	9.51556	0.0249659	0.0275556	0	0	9.45951	13.2116	0	0	0	0	0	0	0.0310834	0.0326331	0	0	0	0	0	0	0	0	0	0
k107_12711315 flag=1 multi=94.0000 len=8588	8588	8.66582	0.036447	0.0513069	0	0	8.62937	12.7715	0	0	0	0	0	0	0	0	0	0	0	0	0	0	0	0	0	0
k107_5264312 flag=0 multi=8.0111 len=9689	9689	8.27538	0.0319591	0.0490405	0	0	8.24342	11.0243	0	0	0	0	0	0	0	0	0	0	0	0	0	0	0	0	0	0
k107_3264911 flag=0 multi=17.3321 len=5740	5740	10.1433	0.0553512	0.0771066	0	0	10.0879	14.5236	0	0	0	0	0	0	0	0	0	0	0	0	0	0	0	0	0	0
k107_32952472 flag=0 multi=85.0000 len=8253	8253	9.98352	0.0378569	0.0413178	0	0	9.94567	10.3583	0	0	0	0	0	0	0	0	0	0	0	0	0	0	0	0	0	0
k107_32761638 flag=0 multi=19.1815 len=4102	4102	9.43632	0	0	0	0	9.43632	15.5622	0	0	0	0	0	0	0	0	0	0	0	0	0	0	0	0	0	0
k107_15727955 flag=0 multi=43.6073 len=11305	11305	8.28674	0	0	0	0	8.25929	8.36233	0	0	0	0	0	0	0.0274471	0.0266975	0	0	0	0	0	0	0	0	0	0
k107_7899062 flag=1 multi=66.4572 len=20468	20468	9.24616	0.0147773	0.0259704	0	0	9.23138	13.6904	0	0	0	0	0	0	0	0	0	0	0	0	0	0	0	0	0	0
k107_7188073 flag=1 multi=13.8504 len=19744	19744	8.79267	0.0619278	0.0884388	0	0	8.73074	15.0829	0	0	0	0	0	0	0	0	0	0	0	0	0	0	0	0	0	0
k107_16044758 flag=1 multi=22.0000 len=2743	2743	8.76854	0	0	0	0	8.76854	13.7602	0	0	0	0	0	0	0	0	0	0	0	0	0	0	0	0	0	0
k107_8186222 flag=1 multi=22.0000 len=6754	6754	8.09237	0.187074	0.250784	0	0	7.9053	13.2414	0	0	0	0	0	0	0	0	0	0	0	0	0	0	0	0	0	0
k107_13984289 flag=0 multi=17.7312 len=8698	8698	9.00572	0.0359695	0.0380108	0	0	8.96975	10.4982	0	0	0	0	0	0	0	0	0	0	0	0	0	0	0	0	0	0
k107_14016447 flag=1 multi=9.0000 len=4450	4450	8.94118	0	0	0	0	8.94118	15.5197	0	0	0	0	0	0	0	0	0	0	0	0	0	0	0	0	0	0
k107_15793931 flag=1 multi=23.2868 len=5950	5950	9.01611	0	0	0	0	8.9637	16.1728	0.0524079	0.0899355	0	0	0	0	0	0	0	0	0	0	0	0	0	0	0	0
k107_14364858 flag=1 multi=14.0000 len=7804	7804	9.69421	0.0805119	0.11589	0	0	9.59371	13.9862	0.0199947	0.0197265	0	0	0	0	0	0	0	0	0	0	0	0	0	0	0	0
k107_330624 flag=0 multi=82.0000 len=18895	18895	9.05142	0.0727693	0.114138	0	0	8.96278	13.1062	0	0	0	0	0	0	0	0	0	0	0	0	0	0	0	0	0.0158662	0.0159823
k107_19551246 flag=0 multi=48.9769 len=6760	6760	8.38448	0.0932177	0.178355	0	0	8.29127	18.2243	0	0	0	0	0	0	0	0	0	0	0	0	0	0	0	0	0	0
k107_14574196 flag=1 multi=49.0000 len=8889	8889	9.62408	0.0351694	0.0604861	0	0	9.58891	18.3163	0	0	0	0	0	0	0	0	0	0	0	0	0	0	0	0	0	0
k107_15795645 flag=0 multi=37.6664 len=14744	14744	8.59403	0.0627337	0.082336	0	0	8.51039	10.0324	0.0209112	0.033765	0	0	0	0	0	0	0	0	0	0	0	0	0	0	0	0
k107_14622697 flag=0 multi=9.0313 len=3434	3434	10.0533	0	0	0	0	10.0533	15.339	0	0	0	0	0	0	0	0	0	0	0	0	0	0	0	0	0	0
k107_22236372 flag=1 multi=20.1181 len=20291	20291	10.438	0.060033	0.0827066	0	0	10.3036	14.0875	0	0	0	0	0	0	0.0150083	0.0148758	0	0	0	0	0	0	0	0	0.0593827	0.111322
k107_23177323 flag=0 multi=28.0039 len=4201	4201	10.3173	0.0774558	0.133556	0	0	10.2398	15.8258	0	0	0	0	0	0	0	0	0	0	0	0	0	0	0	0	0	0
k107_13020773 flag=0 multi=18.2309 len=6789	6789	8.43317	0.0465546	0.0755377	0	0	8.38662	11.152	0	0	0	0	0	0	0	0	0	0	0	0	0	0	0	0	0	0
k107_2824113 flag=1 multi=10.0000 len=5496	5496	9.4305	0.058144	0.0952179	0	0	9.37235	10.9662	0	0	0	0	0	0	0	0	0	0	0	0	0	0	0	0	0	0
k107_22003112 flag=1 multi=15.0000 len=3053	3053	9.66303	0	0	0	0	9.66303	9.7138	0	0	0	0	0	0	0	0	0	0	0	0	0	0	0	0	0	0
k107_943021 flag=1 multi=17.6924 len=6765	6765	10.0316	0	0	0	0	10.0316	10.3357	0	0	0	0	0	0	0	0	0	0	0	0	0	0	0	0	0	0
k107_20166309 flag=0 multi=115.8839 len=4820	4820	9.06529	0.0668437	0.122599	0	0	8.99845	17.669	0	0	0	0	0	0	0	0	0	0	0	0	0	0	0	0	0	0
k107_4760420 flag=0 multi=26.0000 len=3212	3212	8.69794	0	0	0	0	8.67079	14.9472	0	0	0	0	0	0	0	0	0	0	0	0	0	0	0	0	0.0271478	0.027394
k107_27916413 flag=0 multi=15.3429 len=2545	2545	11.2216	0	0	0	0	8.18012	13.3268	0	0	0	0	3.04146	4.94942	0	0	0	0	0	0	0	0	0	0	0	0
k107_29898044 flag=0 multi=17.0023 len=18378	18378	9.16846	0.0834809	0.0930387	0	0	9.08497	12.4415	0	0	0	0	0	0	0	0	0	0	0	0	0	0	0	0	0	0
k107_14641001 flag=1 multi=35.0000 len=9730	9730	9.34535	0	0	0	0	9.34535	12.1893	0	0	0	0	0	0	0	0	0	0	0	0	0	0	0	0	0	0
k107_12916846 flag=0 multi=22.7553 len=14650	14650	10.0057	0.0210482	0.0371833	0	0	9.96369	13.9601	0	0	0	0	0	0	0.0209785	0.0281353	0	0	0	0	0	0	0	0	0	0
k107_19061720 flag=1 multi=12.0000 len=2633	2633	9.30245	0	0	0	0	9.30245	16.2099	0	0	0	0	0	0	0	0	0	0	0	0	0	0	0	0	0	0
k107_14825506 flag=0 multi=16.8183 len=27074	27074	9.93478	0.0561781	0.0697299	0	0	9.85604	12.8391	0	0	0	0	0	0	0.0225609	0.0247406	0	0	0	0	0	0	0	0	0	0
k107_11243209 flag=1 multi=8.0000 len=5032	5032	8.73214	0	0	0	0	8.73214	13.478	0	0	0	0	0	0	0	0	0	0	0	0	0	0	0	0	0	0
k107_15176205 flag=1 multi=20.0000 len=2659	2659	9.66568	0.128129	0.171182	0	0	9.53755	15.6164	0	0	0	0	0	0	0	0	0	0	0	0	0	0	0	0	0	0
k107_26505029 flag=0 multi=11.9501 len=8500	8500	9.16187	0	0	0	0	9.16187	13.3735	0	0	0	0	0	0	0	0	0	0	0	0	0	0	0	0	0	0
k107_22223306 flag=0 multi=32.0000 len=6653	6653	9.26705	0.0475516	0.0695469	0	0	9.19162	14.1998	0	0	0	0	0	0	0.0278696	0.0470962	0	0	0	0	0	0	0	0	0	0
k107_11738632 flag=1 multi=7.0000 len=7087	7087	9.43699	0.13353	0.178506	0	0	9.30346	13.8169	0	0	0	0	0	0	0	0	0	0	0	0	0	0	0	0	0	0
k107_11022823 flag=0 multi=19.0062 len=4316	4316	9.001	0.0752367	0.133397	0	0	8.85052	11.4569	0	0	0.0752367	0.13439	0	0	0	0	0	0	0	0	0	0	0	0	0	0
k107_21884816 flag=0 multi=39.3541 len=2649	2649	10.026	0.128249	0.158204	0	0	9.89774	17.361	0	0	0	0	0	0	0	0	0	0	0	0	0	0	0	0	0	0
k107_21531081 flag=1 multi=21.0000 len=11245	11245	9.87965	0	0	0	0	9.87965	14.0638	0	0	0	0	0	0	0	0	0	0	0	0	0	0	0	0	0	0
k107_12704387 flag=0 multi=135.5248 len=3617	3617	7.59397	0.0904977	0.125073	0	0	7.50347	14.5732	0	0	0	0	0	0	0	0	0	0	0	0	0	0	0	0	0	0
k107_14721621 flag=0 multi=26.0000 len=4455	4455	9.48038	0	0	0	0	9.48038	11.9749	0	0	0	0	0	0	0	0	0	0	0	0	0	0	0	0	0	0
k107_1769922 flag=1 multi=9.0007 len=14250	14250	8.64762	0.032191	0.0314335	0	0	8.57213	11.4133	0	0	0	0	0	0	0.0433037	0.0579156	0	0	0	0	0	0	0	0	0	0
k107_2524554 flag=0 multi=26.0014 len=7380	7380	9.49011	0.0426674	0.0564034	0	0	9.44744	11.029	0	0	0	0	0	0	0	0	0	0	0	0	0	0	0	0	0	0
k107_27507192 flag=0 multi=66.0000 len=2571	2571	8.31908	0	0	0	0	8.31908	9.20221	0	0	0	0	0	0	0	0	0	0	0	0	0	0	0	0	0	0
k107_11007206 flag=0 multi=14.5430 len=4501	4501	8.5649	0.0716837	0.107751	0	0	8.42224	9.01181	0	0	0	0	0	0	0.0709693	0.0667773	0	0	0	0	0	0	0	0	0	0
k107_26747491 flag=0 multi=85.0025 len=6398	6398	9.03412	0	0	0	0	9.03412	18.2765	0	0	0	0	0	0	0	0	0	0	0	0	0	0	0	0	0	0
k107_1163131 flag=0 multi=14.0489 len=9318	9318	8.41737	0.0667702	0.10125	0	0	8.3506	9.93483	0	0	0	0	0	0	0	0	0	0	0	0	0	0	0	0	0	0
k107_35591843 flag=1 multi=67.0000 len=6542	6542	8.82692	0	0	0	0	8.82692	10.5519	0	0	0	0	0	0	0	0	0	0	0	0	0	0	0	0	0	0
k107_7426290 flag=1 multi=20.2105 len=18399	18399	9.39222	0.0747085	0.100834	0	0	9.30917	12.2429	0.00834392	0.00827707	0	0	0	0	0	0	0	0	0	0	0	0	0	0	0	0
k107_4274425 flag=0 multi=14.8535 len=3432	3432	7.76965	0	0	0	0	7.76965	8.08217	0	0	0	0	0	0	0	0	0	0	0	0	0	0	0	0	0	0
k107_5228008 flag=1 multi=29.0000 len=4364	4364	6.09503	0.0590842	0.076784	0	0	6.03594	4.52936	0	0	0	0	0	0	0	0	0	0	0	0	0	0	0	0	0	0
k107_30096416 flag=1 multi=24.0000 len=23027	23027	8.85351	0.039824	0.0574651	0	0	8.78715	10.817	0	0	0	0	0	0	0.0265347	0.030541	0	0	0	0	0	0	0	0	0	0
k107_15108301 flag=0 multi=34.0000 len=7073	7073	8.20514	0	0	0	0	8.20514	11.765	0	0	0	0	0	0	0	0	0	0	0	0	0	0	0	0	0	0
k107_12735517 flag=0 multi=31.4621 len=41852	41852	8.45396	0.0288087	0.0430153	0	0	8.41788	11.9075	0	0	0	0	0	0	0.00726835	0.012371	0	0	0	0	0	0	0	0	0	0
k107_18690988 flag=0 multi=88.0000 len=3786	3786	8.88949	0	0	0	0	8.88949	18.0168	0	0	0	0	0	0	0	0	0	0	0	0	0	0	0	0	0	0
k107_20586403 flag=0 multi=24.1637 len=8193	8193	8.58066	0.019009	0.018772	0	0	8.56165	10.2241	0	0	0	0	0	0	0	0	0	0	0	0	0	0	0	0	0	0
k107_3497668 flag=0 multi=38.7737 len=3302	3302	10.652	0	0	0	0	10.652	5.30775	0	0	0	0	0	0	0	0	0	0	0	0	0	0	0	0	0	0
k107_24151830 flag=1 multi=8.0000 len=9258	9258	8.78149	0	0	0	0	8.78149	16.8112	0	0	0	0	0	0	0	0	0	0	0	0	0	0	0	0	0	0
k107_24184656 flag=1 multi=16.0000 len=12990	12990	9.9896	0	0	0	0	9.9896	17.1184	0	0	0	0	0	0	0	0	0	0	0	0	0	0	0	0	0	0
k107_14283792 flag=0 multi=35.0467 len=10012	10012	9.1826	0.031102	0.0507391	0	0	9.13635	13.1519	0	0	0	0	0	0	0	0	0	0	0	0	0	0	0	0	0.015139	0.0153113
k107_23343403 flag=0 multi=78.2678 len=12738	12738	9.42763	0.0967353	0.14754	0	0	9.33089	13.1447	0	0	0	0	0	0	0	0	0	0	0	0	0	0	0	0	0	0
k107_17602451 flag=1 multi=25.3637 len=9354	9354	9.21785	0.0332523	0.0399753	0	0	9.15146	13.4174	0	0	0	0	0	0	0.0331418	0.046609	0	0	0	0	0	0	0	0	0	0
k107_23700413 flag=1 multi=25.0000 len=8712	8712	8.51534	0.0359096	0.0574555	0	0	8.30238	14.2611	0	0	0	0	0	0	0	0	0	0	0	0	0	0	0	0	0.177051	0.812622
k107_30036478 flag=0 multi=34.0994 len=7974	7974	9.88517	0	0	0	0	9.88517	13.6544	0	0	0	0	0	0	0	0	0	0	0	0	0	0	0	0	0	0
k107_16646100 flag=0 multi=11.0039 len=8874	8874	9.61433	0.0698787	0.101898	0	0	9.50957	9.50179	0	0	0	0	0	0	0.034881	0.0363363	0	0	0	0	0	0	0	0	0	0
k107_28864767 flag=1 multi=48.0000 len=9692	9692	9.04952	0	0	0	0	9.0017	11.4499	0	0	0	0	0	0	0.0321619	0.0422079	0	0	0	0	0	0	0	0	0.015655	0.0158244
k107_17972745 flag=1 multi=8.9913 len=9731	9731	8.03054	0.127585	0.149232	0	0	7.90296	13.0176	0	0	0	0	0	0	0	0	0	0	0	0	0	0	0	0	0	0
k107_8066917 flag=1 multi=36.0000 len=5252	5252	9.37717	0	0	0	0	9.37717	10.0573	0	0	0	0	0	0	0	0	0	0	0	0	0	0	0	0	0	0
k107_15023724 flag=1 multi=22.7166 len=14988	14988	10.0104	0	0	0	0	9.97985	15.5599	0	0	0	0	0	0	0.0204957	0.020144	0	0	0	0	0	0	0	0	0.0100095	0.0101776
k107_18379500 flag=1 multi=16.0000 len=11893	11893	10.2307	0.0259684	0.0303797	0	0	10.1789	13.7743	0	0	0	0	0	0	0.0257959	0.0305493	0	0	0	0	0	0	0	0	0	0
k107_7737174 flag=0 multi=26.5121 len=4397	4397	7.38339	0.0363858	0.0355229	0	0	7.34701	8.97217	0	0	0	0	0	0	0	0	0	0	0	0	0	0	0	0	0	0
k107_21846215 flag=0 multi=9.0440 len=4013	4013	8.68014	0.0813797	0.0796287	0	0	8.59876	15.0437	0	0	0	0	0	0	0	0	0	0	0	0	0	0	0	0	0	0
k107_18748420 flag=0 multi=29.0380 len=7337	7337	9.50888	0.0429282	0.0661056	0	0	9.42303	13.4522	0.0429282	0.0558703	0	0	0	0	0	0	0	0	0	0	0	0	0	0	0	0
k107_17240066 flag=1 multi=9.0000 len=4732	4732	8.71716	0	0	0	0	8.71716	12.9062	0	0	0	0	0	0	0	0	0	0	0	0	0	0	0	0	0	0
k107_19741649 flag=1 multi=69.5173 len=23643	23643	9.79697	0.0773746	0.0866606	0	0	9.71959	10.7236	0	0	0	0	0	0	0	0	0	0	0	0	0	0	0	0	0	0
k107_13637515 flag=0 multi=54.9229 len=3361	3361	8.04642	0	0	0	0	8.04642	6.89164	0	0	0	0	0	0	0	0	0	0	0	0	0	0	0	0	0	0
k107_21125168 flag=0 multi=8.4210 len=5872	5872	8.67774	0.02693	0.0263773	0	0	8.65081	10.0621	0	0	0	0	0	0	0	0	0	0	0	0	0	0	0	0	0	0
k107_22019780 flag=1 multi=33.0000 len=8099	8099	8.53816	0.0774657	0.132517	0	0	8.44171	9.99936	0.0189817	0.0189998	0	0	0	0	0	0	0	0	0	0	0	0	0	0	0	0
k107_12462480 flag=0 multi=39.9927 len=3691	3691	8.99734	0.0888168	0.114248	0	0	8.90853	13.0229	0	0	0	0	0	0	0	0	0	0	0	0	0	0	0	0	0	0
k107_24054470 flag=0 multi=9.5800 len=3381	3381	8.87528	0	0	0	0	8.87528	12.928	0	0	0	0	0	0	0	0	0	0	0	0	0	0	0	0	0	0
k107_6338107 flag=0 multi=123.8133 len=5850	5850	8.53515	0.0540735	0.0777996	0	0	8.48107	12.8503	0	0	0	0	0	0	0	0	0	0	0	0	0	0	0	0	0	0
k107_15106343 flag=1 multi=250.0000 len=3132	3132	9.1636	0	0	0	0	9.1636	18.7185	0	0	0	0	0	0	0	0	0	0	0	0	0	0	0	0	0	0
k107_18856072 flag=0 multi=79.0000 len=3330	3330	10.8672	0	0	0	0	10.8672	15.9667	0	0	0	0	0	0	0	0	0	0	0	0	0	0	0	0	0	0
k107_22443143 flag=1 multi=22.6960 len=5505	5505	8.70709	0	0	0	0	8.67845	14.5799	0	0	0	0	0	0	0	0	0	0	0	0	0	0	0	0	0.0286373	0.0281842
k107_22064853 flag=1 multi=20.9041 len=8077	8077	9.73878	0.116141	0.164702	0	0	9.58379	12.9875	0	0	0.0388424	0.0581765	0	0	0	0	0	0	0	0	0	0	0	0	0	0
k107_20882401 flag=0 multi=11.2289 len=10165	10165	8.67758	0	0	0	0	8.6206	9.89264	0	0	0	0	0	0	0.0569806	0.0537315	0	0	0	0	0	0	0	0	0	0
k107_22476820 flag=1 multi=27.0000 len=9067	9067	9.48876	0.0689104	0.107305	0	0	9.41985	17.3985	0	0	0	0	0	0	0	0	0	0	0	0	0	0	0	0	0	0
k107_4879033 flag=0 multi=23.0630 len=4380	4380	8.32026	0	0	0	0	8.32026	12.0861	0	0	0	0	0	0	0	0	0	0	0	0	0	0	0	0	0	0
k107_32919877 flag=0 multi=13.9930 len=14684	14684	9.18739	0.0419969	0.062215	0	0	9.14539	12.2813	0	0	0	0	0	0	0	0	0	0	0	0	0	0	0	0	0	0
k107_23763308 flag=0 multi=21.5705 len=4994	4994	9.10188	0.0963342	0.126044	0	0	9.00554	18.7142	0	0	0	0	0	0	0	0	0	0	0	0	0	0	0	0	0	0
k107_3443217 flag=1 multi=21.0000 len=12673	12673	8.27985	0.0555331	0.129064	0	0	8.15108	15.526	0	0	0.0488239	0.152871	0	0	0	0	0	0	0	0	0	0	0	0	0.0244119	0.0338459
k107_24204221 flag=1 multi=8.0000 len=8167	8167	8.45683	0.0382708	0.0369218	0	0	8.41856	12.9572	0	0	0	0	0	0	0	0	0	0	0	0	0	0	0	0	0	0
k107_12721658 flag=0 multi=23.0000 len=4329	4329	8.7487	0	0	0	0	8.7117	9.63298	0.0370003	0.0360998	0	0	0	0	0	0	0	0	0	0	0	0	0	0	0	0
k107_35784418 flag=1 multi=97.9442 len=4907	4907	8.89142	0	0	0	0	8.89142	11.3866	0	0	0	0	0	0	0	0	0	0	0	0	0	0	0	0	0	0
k107_34145460 flag=0 multi=39.0609 len=5067	5067	9.02539	0	0	0	0	8.96285	11.6264	0	0	0	0	0	0	0.0625393	0.0593823	0	0	0	0	0	0	0	0	0	0
k107_25719210 flag=0 multi=16.1368 len=7217	7217	8.20304	0.174693	0.289699	0	0	8.02834	13.4382	0	0	0	0	0	0	0	0	0	0	0	0	0	0	0	0	0	0
k107_1067513 flag=0 multi=91.0348 len=4706	4706	9.95345	0	0	0	0	9.95345	11.0401	0	0	0	0	0	0	0	0	0	0	0	0	0	0	0	0	0	0
k107_25518628 flag=0 multi=20.0000 len=5181	5181	9.3511	0.0618979	0.113849	0	0	9.2892	10.628	0	0	0	0	0	0	0	0	0	0	0	0	0	0	0	0	0	0
k107_25290056 flag=1 multi=17.0000 len=2770	2770	9.29214	0	0	0	0	9.29214	7.67541	0	0	0	0	0	0	0	0	0	0	0	0	0	0	0	0	0	0
k107_25621228 flag=1 multi=32.6380 len=14387	14387	9.37487	0.0959886	0.118847	0	0	9.27888	11.7242	0	0	0	0	0	0	0	0	0	0	0	0	0	0	0	0	0	0
k107_26020269 flag=0 multi=16.4561 len=8537	8537	9.74232	0.0364299	0.0353305	0	0	9.70589	12.9005	0	0	0	0	0	0	0	0	0	0	0	0	0	0	0	0	0	0
k107_26800691 flag=0 multi=121.7617 len=7034	7034	9.1579	0	0	0	0	9.1579	14.7923	0	0	0	0	0	0	0	0	0	0	0	0	0	0	0	0	0	0
k107_9854979 flag=0 multi=29.0006 len=33686	33686	9.43353	0.0452013	0.0856522	0	0	9.38384	14.0592	0	0	0	0	0	0	0.00449317	0.00450235	0	0	0	0	0	0	0	0	0	0
k107_4104250 flag=0 multi=9.1168 len=3241	3241	9.33549	0	0	0	0	9.33549	14.1316	0	0	0	0	0	0	0	0	0	0	0	0	0	0	0	0	0	0
k107_26867462 flag=1 multi=51.5947 len=16725	16725	9.45972	0.0642392	0.0642487	0	0	9.37715	13.4699	0	0	0	0	0	0	0.018328	0.0180496	0	0	0	0	0	0	0	0	0	0
k107_5966271 flag=0 multi=29.1167 len=8005	8005	10.0767	0	0	0	0	10.0767	8.65012	0	0	0	0	0	0	0	0	0	0	0	0	0	0	0	0	0	0
k107_12612169 flag=0 multi=69.8038 len=2549	2549	10.2452	0.109924	0.162	0	0	10.1353	15.8877	0	0	0	0	0	0	0	0	0	0	0	0	0	0	0	0	0	0
k107_27115125 flag=1 multi=11.0000 len=5184	5184	10.4916	0.0618599	0.0580384	0	0	10.4297	11.4277	0	0	0	0	0	0	0	0	0	0	0	0	0	0	0	0	0	0
k107_25564206 flag=1 multi=11.3254 len=6354	6354	7.80155	0.149372	0.190105	0	0	7.65218	10.7206	0	0	0	0	0	0	0	0	0	0	0	0	0	0	0	0	0	0
k107_28158892 flag=1 multi=184.0000 len=5000	5000	9.15645	0.0642827	0.0742143	0	0	9.09217	11.9671	0	0	0	0	0	0	0	0	0	0	0	0	0	0	0	0	0	0
k107_28444933 flag=1 multi=20.0000 len=15269	15269	9.03481	0.0403554	0.0622522	0	0	8.97441	12.4067	0	0	0.0200441	0.031789	0	0	0	0	0	0	0	0	0	0	0	0	0	0
k107_8603116 flag=1 multi=17.6890 len=7815	7815	9.64568	0.0400639	0.0396518	0	0	9.60562	15.5659	0	0	0	0	0	0	0	0	0	0	0	0	0	0	0	0	0	0
k107_7388594 flag=1 multi=15.8972 len=11757	11757	9.18106	0.0785683	0.132364	0	0	9.10249	12.7256	0	0	0	0	0	0	0	0	0	0	0	0	0	0	0	0	0	0
k107_33464557 flag=0 multi=145.0000 len=9076	9076	7.88796	0	0	0	0	7.88796	12.2192	0	0	0	0	0	0	0	0	0	0	0	0	0	0	0	0	0	0
k107_16806149 flag=1 multi=71.0754 len=5025	5025	8.61275	0.0639424	0.123822	0	0	8.5488	14.9317	0	0	0	0	0	0	0	0	0	0	0	0	0	0	0	0	0	0
k107_21086444 flag=0 multi=35.0000 len=3481	3481	11.0327	0.0949984	0.121876	0	0	10.9377	19.4808	0	0	0	0	0	0	0	0	0	0	0	0	0	0	0	0	0	0
k107_10666039 flag=1 multi=69.6057 len=26039	26039	9.36764	0.0234682	0.034574	0	0	9.26285	11.3899	0	0	0	0	0	0	0	0	0	0	0	0	0	0	0	0	0.0813226	0.162211
k107_29647623 flag=0 multi=13.0021 len=8798	8798	9.66514	0.141478	0.232903	0	0	9.52366	14.0582	0	0	0	0	0	0	0	0	0	0	0	0	0	0	0	0	0	0
k107_32332588 flag=0 multi=7.0575 len=6871	6871	7.27371	0.0459735	0.0599983	0	0	7.22774	8.83357	0	0	0	0	0	0	0	0	0	0	0	0	0	0	0	0	0	0
k107_19367654 flag=0 multi=71.3382 len=4507	4507	8.79477	0	0	0	0	8.79477	7.72968	0	0	0	0	0	0	0	0	0	0	0	0	0	0	0	0	0	0
k107_32904649 flag=1 multi=35.0000 len=10360	10360	8.63999	0.0900775	0.12413	0	0	8.54991	12.0022	0	0	0	0	0	0	0	0	0	0	0	0	0	0	0	0	0	0
k107_15575662 flag=1 multi=12.0000 len=9918	9918	8.72546	0.031406	0.0420635	0	0	8.69405	12.147	0	0	0	0	0	0	0	0	0	0	0	0	0	0	0	0	0	0
k107_6262504 flag=0 multi=28.1473 len=2809	2809	8.11847	0.23933	0.61871	0	0	7.87196	8.51964	0	0	0	0	0	0	0	0	0	0	0	0	0	0	0	0	0.0071799	0.00713119
k107_24673488 flag=0 multi=71.9162 len=3985	3985	7.62938	0	0	0	0	7.62938	5.33863	0	0	0	0	0	0	0	0	0	0	0	0	0	0	0	0	0	0
k107_35641324 flag=0 multi=42.0072 len=6511	6511	11.6167	0.048478	0.068842	0	0	11.5682	15.4989	0	0	0	0	0	0	0	0	0	0	0	0	0	0	0	0	0	0
k107_34358456 flag=1 multi=14.0000 len=4275	4275	7.87767	0.0760131	0.0999523	0	0	7.80166	8.28002	0	0	0	0	0	0	0	0	0	0	0	0	0	0	0	0	0	0
k107_19425639 flag=1 multi=34.0000 len=7903	7903	8.35943	0	0	0	0	8.35943	8.63532	0	0	0	0	0	0	0	0	0	0	0	0	0	0	0	0	0	0
k107_29079653 flag=0 multi=138.8111 len=6390	6390	9.37139	0.049113	0.0605075	0	0	9.32227	12.5096	0	0	0	0	0	0	0	0	0	0	0	0	0	0	0	0	0	0
k107_16831627 flag=1 multi=21.6706 len=3167	3167	10.4066	0	0	0	0	10.4066	17.1894	0	0	0	0	0	0	0	0	0	0	0	0	0	0	0	0	0	0
k107_23710923 flag=1 multi=55.1133 len=3681	3681	9.01509	0.0440959	0.0427047	0	0	8.971	12.8967	0	0	0	0	0	0	0	0	0	0	0	0	0	0	0	0	0	0
k107_1993182 flag=0 multi=23.4709 len=4535	4535	8.8103	0	0	0	0	8.8103	9.68103	0	0	0	0	0	0	0	0	0	0	0	0	0	0	0	0	0	0
k107_22839474 flag=0 multi=33.6696 len=2522	2522	9.7991	0	0	0	0	9.7991	13.4864	0	0	0	0	0	0	0	0	0	0	0	0	0	0	0	0	0	0
k107_33841580 flag=1 multi=75.0000 len=4603	4603	9.00093	0	0	0	0	9.00093	14.6641	0	0	0	0	0	0	0	0	0	0	0	0	0	0	0	0	0	0
k107_18175176 flag=0 multi=69.2779 len=21657	21657	9.16179	0.0424257	0.0533576	0	0	9.10527	13.4378	0	0	0	0	0	0	0.0140951	0.0139451	0	0	0	0	0	0	0	0	0	0
k107_7706049 flag=0 multi=104.8907 len=5439	5439	8.49056	0.0585945	0.0802616	0	0	8.43196	9.71215	0	0	0	0	0	0	0	0	0	0	0	0	0	0	0	0	0	0
k107_33083017 flag=0 multi=19.7742 len=9165	9165	9.2902	0	0	0	0	9.2902	13.7157	0	0	0	0	0	0	0	0	0	0	0	0	0	0	0	0	0	0
k107_32647143 flag=1 multi=30.0000 len=4868	4868	8.96102	0	0	0	0	8.96102	9.89956	0	0	0	0	0	0	0	0	0	0	0	0	0	0	0	0	0	0
k107_34580046 flag=0 multi=8.0971 len=3876	3876	9.1718	0	0	0	0	9.1718	19.794	0	0	0	0	0	0	0	0	0	0	0	0	0	0	0	0	0	0
k107_16543085 flag=0 multi=38.0068 len=4226	4226	10.225	0.153925	0.185829	0	0	10.0711	19.079	0	0	0	0	0	0	0	0	0	0	0	0	0	0	0	0	0	0
k107_34017824 flag=0 multi=30.0000 len=5120	5120	9.21005	0	0	0	0	9.21005	13.0212	0	0	0	0	0	0	0	0	0	0	0	0	0	0	0	0	0	0
k107_16327394 flag=0 multi=24.0000 len=6470	6470	8.98865	0	0	0	0	8.98865	14.7287	0	0	0	0	0	0	0	0	0	0	0	0	0	0	0	0	0	0
k107_15440417 flag=0 multi=8.0019 len=2701	2701	9.08629	0	0	0	0	9.08629	12.1239	0	0	0	0	0	0	0	0	0	0	0	0	0	0	0	0	0	0
k107_27975519 flag=0 multi=15.2709 len=4315	4315	9.09993	0.225268	0.209233	0	0	8.7852	14.5046	0	0	0.0894593	0.122348	0	0	0	0	0	0	0	0	0	0	0	0	0	0
k107_35374001 flag=1 multi=20.0000 len=12640	12640	8.85638	0.0487923	0.0575849	0	0	8.78311	11.1018	0	0	0	0	0	0	0.0244772	0.0240459	0	0	0	0	0	0	0	0	0	0
k107_24873527 flag=1 multi=8.0000 len=5571	5571	9.01196	0	0	0	0	9.01196	10.5597	0	0	0	0	0	0	0	0	0	0	0	0	0	0	0	0	0	0
k107_34858261 flag=0 multi=40.0000 len=7267	7267	9.51027	0.0127782	0.0126137	0	0	9.49749	14.7063	0	0	0	0	0	0	0	0	0	0	0	0	0	0	0	0	0	0
k107_34149078 flag=1 multi=38.1512 len=24363	24363	8.71261	0.0501226	0.0772767	0	0	8.66248	10.987	0	0	0	0	0	0	0	0	0	0	0	0	0	0	0	0	0	0
k107_31375182 flag=0 multi=64.0000 len=18184	18184	8.50503	0	0	0	0	8.42691	10.1622	0	0	0.033777	0.0663993	0	0	0	0	0	0	0	0	0	0	0	0	0.0443463	0.299144
k107_34575869 flag=0 multi=12.0675 len=10061	10061	9.0582	0.0618916	0.0974249	0	0	8.96537	14.1798	0	0	0.0309458	0.0412629	0	0	0	0	0	0	0	0	0	0	0	0	0	0
k107_28990122 flag=0 multi=9.0212 len=10493	10493	9.12138	0	0	0	0	9.03297	12.3762	0	0	0	0	0	0	0.0884113	0.122807	0	0	0	0	0	0	0	0	0	0
k107_31314567 flag=1 multi=27.0000 len=3570	3570	8.15239	0.0924113	0.144506	0	0	8.05998	12.0203	0	0	0	0	0	0	0	0	0	0	0	0	0	0	0	0	0	0
k107_34730371 flag=0 multi=41.5118 len=4271	4271	8.70018	0.0760897	0.12425	0	0	8.62409	11.3477	0	0	0	0	0	0	0	0	0	0	0	0	0	0	0	0	0	0
k107_6959774 flag=0 multi=23.0591 len=2782	2782	9.90121	0	0	0	0	9.90121	12.3863	0	0	0	0	0	0	0	0	0	0	0	0	0	0	0	0	0	0
k107_35124538 flag=0 multi=12.0189 len=11918	11918	9.07576	0	0	0	0	9.04976	14.5426	0	0	0	0	0	0	0.0259986	0.0284227	0	0	0	0	0	0	0	0	0	0
k107_26980463 flag=0 multi=15.0646 len=6543	6543	8.52732	0.0307643	0.0310241	0	0	8.49656	14.7077	0	0	0	0	0	0	0	0	0	0	0	0	0	0	0	0	0	0
k107_33729273 flag=1 multi=15.1440 len=10131	10131	8.76457	0	0	0	0	8.76457	14.9215	0	0	0	0	0	0	0	0	0	0	0	0	0	0	0	0	0	0
k107_16313157 flag=1 multi=58.0000 len=25100	25100	9.38003	0.0181466	0.0242172	0	0	9.35596	12.3531	0	0	0	0	0	0	0	0	0	0	0	0	0	0	0	0	0.0059279	0.00604969
k107_35208810 flag=0 multi=30.1992 len=13852	13852	9.09188	0.0442804	0.0505826	0.0216974	0.0431962	8.89734	18.2134	0.0109225	0.0110205	0	0	0.0108487	0.0110205	0	0	0	0	0	0	0	0	0	0	0.10679	0.471289
k107_12705011 flag=0 multi=13.7247 len=6928	6928	10.4217	0	0	0	0	10.4217	13.8862	0	0	0	0	0	0	0	0	0	0	0	0	0	0	0	0	0	0
k107_26743924 flag=0 multi=23.7315 len=6434	6434	9.35502	0	0	0	0	9.35502	13.4304	0	0	0	0	0	0	0	0	0	0	0	0	0	0	0	0	0	0
k107_35157283 flag=1 multi=16.0000 len=4159	4159	10.7737	0	0	0	0	10.7737	12.1996	0	0	0	0	0	0	0	0	0	0	0	0	0	0	0	0	0	0
k107_33113820 flag=0 multi=48.0018 len=6283	6283	7.14496	0.050326	0.0844188	0	0	7.09463	8.5053	0	0	0	0	0	0	0	0	0	0	0	0	0	0	0	0	0	0
k107_35458660 flag=0 multi=22.0000 len=4232	4232	7.46565	0.0305344	0.0427813	0	0	7.39669	8.78578	0.0384224	0.0369558	0	0	0	0	0	0	0	0	0	0	0	0	0	0	0	0
k107_16355285 flag=0 multi=14.0023 len=2693	2693	7.89335	0	0	0	0	7.89335	12.1457	0	0	0	0	0	0	0	0	0	0	0	0	0	0	0	0	0	0
k107_6162190 flag=1 multi=15.0000 len=3032	3032	9.95494	0	0	0	0	9.95494	8.12693	0	0	0	0	0	0	0	0	0	0	0	0	0	0	0	0	0	0
k107_35464390 flag=1 multi=97.6444 len=7798	7798	9.4928	0.0402882	0.0557474	0	0	9.45251	15.8998	0	0	0	0	0	0	0	0	0	0	0	0	0	0	0	0	0	0
k107_27172323 flag=1 multi=35.3483 len=8463	8463	9.43867	0.110648	0.125912	0	0	9.32692	17.742	0	0	0	0	0	0	0	0	0	0	0	0	0	0	0	0	0.00110281	0.00146817
k107_15380469 flag=0 multi=17.0274 len=4848	4848	8.56027	0.066432	0.0871177	0	0	8.49384	20.6165	0	0	0	0	0	0	0	0	0	0	0	0	0	0	0	0	0	0
k107_16268981 flag=1 multi=92.5575 len=15940	15940	10.0017	0.0383681	0.0404467	0	0	9.96336	16.3767	0	0	0	0	0	0	0	0	0	0	0	0	0	0	0	0	0	0
k107_32171807 flag=1 multi=14.7334 len=7233	7233	8.18526	0.0857019	0.130979	0	0	8.09955	12.1722	0	0	0	0	0	0	0	0	0	0	0	0	0	0	0	0	0	0
k107_32480903 flag=1 multi=107.7607 len=4532	4532	10.0965	0.141608	0.194312	0	0	9.95485	15.842	0	0	0	0	0	0	0	0	0	0	0	0	0	0	0	0	0	0
k107_31880878 flag=0 multi=51.0020 len=6172	6172	10.0174	0.0458262	0.0778166	0	0	9.97155	16.1634	0	0	0	0	0	0	0	0	0	0	0	0	0	0	0	0	0	0
k107_17649583 flag=0 multi=109.7117 len=5552	5552	9.51505	0	0	0	0	9.51505	15.0498	0	0	0	0	0	0	0	0	0	0	0	0	0	0	0	0	0	0
k107_32410599 flag=1 multi=23.0000 len=6591	6591	8.37446	0.0950867	0.14185	0	0	8.27938	8.52798	0	0	0	0	0	0	0	0	0	0	0	0	0	0	0	0	0	0
k107_31224429 flag=1 multi=10.0000 len=4392	4392	7.96601	0	0	0	0	7.96601	6.80478	0	0	0	0	0	0	0	0	0	0	0	0	0	0	0	0	0	0
k107_35687582 flag=0 multi=57.0000 len=5074	5074	10.0415	0.188391	0.219662	0	0	9.8531	21.8165	0	0	0	0	0	0	0	0	0	0	0	0	0	0	0	0	0	0
k107_26662015 flag=0 multi=24.0051 len=2846	2846	9.22209	0.0593553	0.0558555	0	0	9.16274	14.3947	0	0	0	0	0	0	0	0	0	0	0	0	0	0	0	0	0	0
k107_13973650 flag=1 multi=13.0000 len=2660	2660	7.61026	0	0	0	0	7.61026	8.72241	0	0	0	0	0	0	0	0	0	0	0	0	0	0	0	0	0	0
k107_12831732 flag=0 multi=23.1823 len=6114	6114	8.78183	0	0	0	0	8.72987	13.9864	0.0519615	0.0513341	0	0	0	0	0	0	0	0	0	0	0	0	0	0	0	0
k107_34909680 flag=0 multi=44.0367 len=3077	3077	8.94487	0	0	0	0	8.94487	9.93658	0	0	0	0	0	0	0	0	0	0	0	0	0	0	0	0	0	0
k107_34256755 flag=1 multi=19.0000 len=7726	7726	9.68669	0.0406789	0.0576165	0	0	9.64601	12.1997	0	0	0	0	0	0	0	0	0	0	0	0	0	0	0	0	0	0
k107_35844798 flag=0 multi=23.0000 len=3130	3130	8.88755	0	0	0	0	8.88755	15.0543	0	0	0	0	0	0	0	0	0	0	0	0	0	0	0	0	0	0
k107_17234189 flag=0 multi=116.3665 len=2945	2945	8.73931	0	0	0	0	8.62505	17.056	0	0	0	0	0	0	0.114264	0.101249	0	0	0	0	0	0	0	0	0	0
k107_19493203 flag=0 multi=13.0068 len=3939	3939	10.7734	0	0	0	0	10.7734	13.2203	0	0	0	0	0	0	0	0	0	0	0	0	0	0	0	0	0	0
k107_9906633 flag=1 multi=13.3791 len=5483	5483	8.48543	0	0	0	0	8.48543	14.3222	0	0	0	0	0	0	0	0	0	0	0	0	0	0	0	0	0	0
k107_25282002 flag=1 multi=32.0000 len=3789	3789	9.19874	0	0	0	0	9.19874	10.6418	0	0	0	0	0	0	0	0	0	0	0	0	0	0	0	0	0	0
k107_35298905 flag=0 multi=7.0640 len=2545	2545	6.96433	0	0	0	0	6.96433	6.99911	0	0	0	0	0	0	0	0	0	0	0	0	0	0	0	0	0	0
k107_23211693 flag=0 multi=23.0000 len=2506	2506	10.9569	0	0	0	0	10.9569	19.3449	0	0	0	0	0	0	0	0	0	0	0	0	0	0	0	0	0	0
k107_34758419 flag=1 multi=14.0000 len=7374	7374	8.25707	0.0427036	0.0683245	0	0	8.17166	10.6997	0	0	0	0	0	0	0.0427036	0.0530534	0	0	0	0	0	0	0	0	0	0
k107_32004072 flag=1 multi=30.0000 len=3387	3387	8.31767	0	0	0	0	8.31767	14.3653	0	0	0	0	0	0	0	0	0	0	0	0	0	0	0	0	0	0
k107_1090823 flag=1 multi=12.6354 len=6023	6023	8.25607	0.052788	0.0888185	0	0	8.20329	10.2712	0	0	0	0	0	0	0	0	0	0	0	0	0	0	0	0	0	0
k107_20523445 flag=0 multi=32.0165 len=2646	2646	7.84386	0	0	0	0	7.84386	6.86038	0	0	0	0	0	0	0	0	0	0	0	0	0	0	0	0	0	0
k107_1988041 flag=0 multi=180.5029 len=5468	5468	10.1163	0	0	0	0	10.1163	13.9446	0	0	0	0	0	0	0	0	0	0	0	0	0	0	0	0	0	0
k107_14957980 flag=1 multi=13.0000 len=4143	4143	9.84041	0.0778443	0.0953893	0	0	9.76256	17.812	0	0	0	0	0	0	0	0	0	0	0	0	0	0	0	0	0	0
k107_7219508 flag=0 multi=99.8773 len=3456	3456	8.7286	0.0954344	0.122761	0	0	8.63316	8.78503	0	0	0	0	0	0	0	0	0	0	0	0	0	0	0	0	0	0
k107_8301668 flag=0 multi=8.1007 len=4357	4357	7.34945	0.074476	0.113351	0	0	7.20148	6.8297	0	0	0	0	0	0	0.0734895	0.0773358	0	0	0	0	0	0	0	0	0	0
k107_17382051 flag=1 multi=117.0883 len=5217	5217	10.28	0.122279	0.132214	0	0	10.1577	8.09284	0	0	0	0	0	0	0	0	0	0	0	0	0	0	0	0	0	0
k107_16166495 flag=0 multi=20.0095 len=2939	2939	9.53204	0	0	0	0	9.53204	9.58885	0	0	0	0	0	0	0	0	0	0	0	0	0	0	0	0	0	0
k107_14319922 flag=0 multi=60.9532 len=6031	6031	7.85757	0.105079	0.112831	0	0	7.75249	9.65134	0	0	0	0	0	0	0	0	0	0	0	0	0	0	0	0	0	0
k107_22364112 flag=1 multi=11.0000 len=5445	5445	7.32238	0.117441	0.261197	0	0	7.20494	12.3058	0	0	0	0	0	0	0	0	0	0	0	0	0	0	0	0	0	0
k107_21161874 flag=0 multi=8.1716 len=3173	3173	8.48833	0	0	0	0	8.48833	8.72765	0	0	0	0	0	0	0	0	0	0	0	0	0	0	0	0	0	0
k107_26545225 flag=1 multi=11.0000 len=3203	3203	9.32747	0	0	0	0	9.32747	12.3907	0	0	0	0	0	0	0	0	0	0	0	0	0	0	0	0	0	0
k107_29509109 flag=0 multi=17.1427 len=6472	6472	8.73339	0	0	0	0	8.73339	7.89724	0	0	0	0	0	0	0	0	0	0	0	0	0	0	0	0	0	0
k107_18472763 flag=0 multi=51.9234 len=3096	3096	8.7942	0	0	0	0	8.17215	10.2695	0	0	0	0	0.622047	1.10126	0	0	0	0	0	0	0	0	0	0	0	0
k107_28396937 flag=1 multi=19.0000 len=2976	2976	9.319	0.112939	0.100222	0	0	9.20606	17.5661	0	0	0	0	0	0	0	0	0	0	0	0	0	0	0	0	0	0
k107_27645915 flag=1 multi=26.0000 len=3149	3149	9.82754	0	0	0	0	9.82754	14.1636	0	0	0	0	0	0	0	0	0	0	0	0	0	0	0	0	0	0
k107_34306235 flag=1 multi=38.0000 len=7240	7240	8.37777	0.0870568	0.204611	0	0	8.29072	9.8232	0	0	0	0	0	0	0	0	0	0	0	0	0	0	0	0	0	0
k107_2537543 flag=1 multi=15.3472 len=3108	3108	8.33286	0	0	0	0	8.33286	8.79161	0	0	0	0	0	0	0	0	0	0	0	0	0	0	0	0	0	0
k107_9689598 flag=0 multi=17.2668 len=3244	3244	8.54895	0	0	0	0	8.54895	7.07643	0	0	0	0	0	0	0	0	0	0	0	0	0	0	0	0	0	0
k107_33929468 flag=0 multi=11.9815 len=3182	3182	9.19931	0	0	0	0	9.19931	10.8478	0	0	0	0	0	0	0	0	0	0	0	0	0	0	0	0	0	0
k107_14325479 flag=1 multi=35.0395 len=2538	2538	9.15698	0	0	0	0	9.15698	9.92356	0	0	0	0	0	0	0	0	0	0	0	0	0	0	0	0	0	0
k107_26096596 flag=0 multi=21.0001 len=10860	10860	9.11716	0.0286039	0.0380207	0	0	9.08856	13.7409	0	0	0	0	0	0	0	0	0	0	0	0	0	0	0	0	0	0
k107_22835406 flag=1 multi=18.8193 len=2885	2885	9.35501	0.116531	0.114134	0	0	9.23848	23.7403	0	0	0	0	0	0	0	0	0	0	0	0	0	0	0	0	0	0
k107_31751673 flag=0 multi=15.5844 len=3584	3584	10.287	0.319317	0.386901	0.0920171	0.131116	9.87569	13.0968	0	0	0	0	0	0	0	0	0	0	0	0	0	0	0	0	0	0
k107_28719021 flag=0 multi=15.5851 len=5238	5238	10.2707	0	0	0	0	10.2707	18.1395	0	0	0	0	0	0	0	0	0	0	0	0	0	0	0	0	0	0
k107_33216115 flag=1 multi=20.0000 len=5345	5345	10.236	0	0	0	0	10.1777	14.3337	0	0	0	0	0	0	0	0	0	0	0	0	0	0	0	0	0.0582986	0.0563189
k107_1014622 flag=1 multi=40.5484 len=5667	5667	9.3616	0.055918	0.096761	0	0	9.30569	9.61638	0	0	0	0	0	0	0	0	0	0	0	0	0	0	0	0	0	0
k107_32358954 flag=1 multi=10.0000 len=8484	8484	9.20973	0	0	0	0	9.20973	11.8734	0	0	0	0	0	0	0	0	0	0	0	0	0	0	0	0	0	0
k107_5122198 flag=1 multi=20.0000 len=6381	6381	8.05971	0.198059	0.317839	0	0	7.86165	14.1276	0	0	0	0	0	0	0	0	0	0	0	0	0	0	0	0	0	0
k107_23208519 flag=0 multi=34.4762 len=10257	10257	10.1442	0.0511301	0.0806377	0	0	10.0931	12.3114	0	0	0	0	0	0	0	0	0	0	0	0	0	0	0	0	0	0
k107_22953537 flag=1 multi=16.5663 len=3095	3095	8.88256	0	0	0	0	8.88256	22.9337	0	0	0	0	0	0	0	0	0	0	0	0	0	0	0	0	0	0
k107_29406837 flag=1 multi=16.0000 len=9044	9044	9.84878	0.0345459	0.053718	0	0	9.81423	13.995	0	0	0	0	0	0	0	0	0	0	0	0	0	0	0	0	0	0
k107_24795488 flag=1 multi=25.1866 len=2845	2845	7.59143	0	0	0	0	7.59143	12.0851	0	0	0	0	0	0	0	0	0	0	0	0	0	0	0	0	0	0
k107_26176628 flag=0 multi=18.9126 len=11862	11862	7.73478	0.0261246	0.0411787	0	0	7.68253	9.51187	0	0	0	0	0	0	0.0261246	0.0276931	0	0	0	0	0	0	0	0	0	0
k107_28354122 flag=1 multi=47.0000 len=6420	6420	10.2377	0.042661	0.0539368	0	0	10.1706	14.2304	0	0	0	0	0	0	0	0	0	0	0	0	0	0	0	0	0.0243544	0.0240762
k107_22704633 flag=1 multi=19.0000 len=4790	4790	9.14884	0.134581	0.177557	0	0	9.01426	10.0485	0	0	0	0	0	0	0	0	0	0	0	0	0	0	0	0	0	0
k107_29275253 flag=1 multi=29.0000 len=5708	5708	9.11672	0.027562	0.027156	0	0	9.08916	9.67175	0	0	0	0	0	0	0	0	0	0	0	0	0	0	0	0	0	0
k107_23944219 flag=0 multi=32.1090 len=11062	11062	10.1494	0.0560409	0.100204	0	0	10.0653	10.9763	0	0	0	0	0	0	0.0280669	0.027283	0	0	0	0	0	0	0	0	0	0
k107_15232910 flag=1 multi=130.0000 len=2540	2540	7.28686	0.134942	0.140929	0	0	7.15192	7.98452	0	0	0	0	0	0	0	0	0	0	0	0	0	0	0	0	0	0
k107_15478346 flag=0 multi=8.5533 len=6687	6687	9.98622	0.653093	0.996124	0	0	9.33312	12.7533	0	0	0	0	0	0	0	0	0	0	0	0	0	0	0	0	0	0
k107_27767386 flag=0 multi=42.0082 len=4278	4278	10.0018	0	0	0	0	9.96378	11.5065	0	0	0	0	0	0	0.0379779	0.0365511	0	0	0	0	0	0	0	0	0	0
k107_35318050 flag=1 multi=26.0000 len=8431	8431	8.46808	0.0371509	0.0436469	0	0	8.3939	13.6619	0	0	0.0370279	0.0357736	0	0	0	0	0	0	0	0	0	0	0	0	0	0
k107_9485846 flag=1 multi=24.4768 len=3215	3215	8.7137	0	0	0	0	8.7137	4.28442	0	0	0	0	0	0	0	0	0	0	0	0	0	0	0	0	0	0
k107_18144735 flag=1 multi=25.0405 len=6249	6249	8.05011	0	0	0	0	7.99966	10.3016	0	0	0	0	0	0	0.0504456	0.0626794	0	0	0	0	0	0	0	0	0	0
