contigName	contigLen	totalAvgDepth	Cen01_MA.bam	Cen01_MA.bam-var	Cen03_MA.bam	Cen03_MA.bam-var	Cen04_MA.bam	Cen04_MA.bam-var	Cen05_MA.bam	Cen05_MA.bam-var	Cen06_MA.bam	Cen06_MA.bam-var	Cen07_MA.bam	Cen07_MA.bam-var	Cen10_MA.bam	Cen10_MA.bam-var	Cen12_MA.bam	Cen12_MA.bam-var	Cen14_MA.bam	Cen14_MA.bam-var	Cen15_MA.bam	Cen15_MA.bam-var	Cen16_MA.bam	Cen16_MA.bam-var	Cen17_MA.bam	Cen17_MA.bam-var
k107_14218188 flag=0 multi=14.8364 len=5925	5925	7.62742	0	0	0	0	0	0	0	0	0	0	0	0	3.95181	4.54264	3.08785	2.8652	0.29326	0.318465	0.294505	0.451505	0	0	0	0
k107_282564 flag=0 multi=91.7149 len=37760	37760	122.457	0	0	0	0	0	0	0	0	0.13698	0.218564	0	0	120.363	182.752	1.90106	2.50108	0	0	0.0562497	0.080047	0	0	0	0
k107_4458711 flag=1 multi=25.0000 len=5180	5180	6.46187	0	0	0	0	0	0	0	0	4.27511	5.19525	0	0	0	0	2.18676	3.22371	0	0	0	0	0	0	0	0
k107_18487651 flag=0 multi=94.7641 len=36465	36465	126.039	0	0	0	0	0	0	0	0	0.141692	0.184004	0	0	123.722	205.987	2.14979	3.62488	0	0	0.0249979	0.0321592	0	0	0	0
k107_20902393 flag=0 multi=99.2914 len=13445	13445	126.387	0	0	0	0	0	0	0	0	0.0917599	0.103547	0	0	124.38	238.959	1.89264	2.5889	0	0	0.022978	0.0323357	0	0	0	0
k107_2184598 flag=0 multi=97.4190 len=34450	34450	126.051	0	0	0.00881457	0.0121684	0	0	0	0	0.128207	0.160677	0	0	123.645	174.852	2.21606	3.28983	0.0176877	0.0351156	0.0352876	0.0450765	0	0	0	0
k107_34680113 flag=0 multi=78.0267 len=5649	5649	129.517	0	0	0	0	0	0	0	0	0.112961	0.185888	0	0	127.05	160.783	2.35403	2.92415	0	0	0	0	0	0	0	0
k107_4608709 flag=0 multi=96.8036 len=6522	6522	118.574	0	0	0	0	0	0	0	0	0.194051	0.222768	0	0	116.356	175.764	1.89437	2.26588	0.0321543	0.0517074	0.0971061	0.0950794	0	0	0	0
k107_10190433 flag=0 multi=95.1786 len=13621	13621	125.245	0	0	0	0	0	0	0	0	0.248442	0.275585	0	0	122.721	212.172	2.20752	3.30706	0	0	0.0680231	0.101103	0	0	0	0
k107_21344473 flag=1 multi=6.0000 len=4878	4878	5.62697	0	0	0	0	0	0	0	0	3.4198	3.67267	0	0	0	0	2.20717	3.00026	0	0	0	0	0	0	0	0
k107_33646799 flag=0 multi=103.2644 len=51691	51691	126.655	0	0	0	0	0	0	0	0	0.167215	0.255476	0	0	124.431	183.964	2.00905	2.88978	0.00587674	0.00599765	0.0411178	0.0507043	0	0	0	0
k107_435527 flag=0 multi=94.2212 len=33836	33836	125.828	0	0	0.00900578	0.00892536	0	0	0	0	0.125992	0.188525	0	0	123.564	220.981	2.06578	2.71875	0.0180116	0.0493167	0.0359635	0.0446374	0	0	0.00897596	0.011968
k107_7363902 flag=0 multi=79.6571 len=3528	3528	123.793	0	0	0	0	0	0	0	0	0	0	0	0	122.118	166.259	1.67514	2.37526	0	0	0	0	0	0	0	0
k107_32943119 flag=0 multi=108.0110 len=8252	8252	122.348	0.0379874	0.05743	0	0	0	0	0	0	0.0991195	0.141372	0	0	120.578	200.46	1.59509	1.74579	0	0	0.0379874	0.0365465	0	0	0	0
k107_19377577 flag=0 multi=109.2931 len=23052	23052	122.304	0	0	0.0132747	0.0152159	0	0	0	0	0.145758	0.254294	0	0	120.304	160.628	1.80756	2.54407	0	0	0.0265055	0.0289434	0	0	0.00734066	0.0247735
k107_10426889 flag=0 multi=91.9537 len=44038	44038	124.563	0	0	0.0207152	0.0282774	0	0	0	0	0.248331	0.360517	0	0	122.235	177.804	2.03848	2.74749	0	0	0.0207152	0.0258486	0	0	0	0
k107_25935443 flag=0 multi=68.6918 len=3952	3952	125.196	0	0	0	0	0	0	0	0	0.247671	0.519922	0	0	122.273	104.243	2.5926	3.39439	0.0827397	0.107701	0	0	0	0	0	0
k107_27582861 flag=0 multi=88.4391 len=25832	25832	122.947	0	0	0	0	0	0	0	0	0.141716	0.192	0	0	120.751	227.867	2.03114	2.54515	0.0117901	0.0116953	0.0118292	0.0146744	0	0	0	0
k107_3472159 flag=0 multi=83.0000 len=34670	34670	124.156	0	0	0	0	0	0	0	0	0.144582	0.236894	0	0	122.296	203.588	1.69338	2.223	0	0	0.021939	0.0338288	0	0	0	0
k107_14577773 flag=0 multi=84.5046 len=35713	35713	122.933	0	0	0	0	0	0	0	0	0.0596425	0.082143	0	0	120.894	179.013	1.94363	3.06462	0	0	0.0349609	0.0398072	0	0	0	0
k107_9952220 flag=0 multi=95.7174 len=106595	106595	123.558	0.0028412	0.00290398	0.0028412	0.00489814	0	0	0	0	0.13205	0.171079	0	0	121.349	166.97	2.0214	3.0842	0	0	0.0495705	0.0658377	0	0	0	0
k107_27848857 flag=0 multi=107.0000 len=8702	8702	132.692	0	0	0	0	0	0	0	0	0.0538095	0.0703252	0	0	130.413	315.948	2.18952	2.89699	0	0	0.0359524	0.0487062	0	0	0	0
k107_955925 flag=0 multi=94.0000 len=26492	26492	127.077	0	0	0	0	0	0	0	0	0.0806033	0.113566	0	0	124.987	199.66	1.9459	2.28009	0	0	0.0630393	0.0962756	0	0	0	0
k107_4041478 flag=0 multi=99.8710 len=99426	99426	122.124	0.00304669	0.00541783	0.00609338	0.00837507	0	0	0	0	0.0912897	0.123365	0	0	120.094	193.808	1.90206	2.72631	0.00609338	0.0065274	0.0212764	0.0255527	0	0	0	0
k107_32793831 flag=0 multi=134.8328 len=11933	11933	123.312	0	0	0	0	0	0	0	0	0.0259651	0.0471307	0	0	121.464	223.803	1.7958	2.51774	0	0	0.0259651	0.0390482	0	0	0	0
k107_2542110 flag=0 multi=86.6936 len=43755	43755	123.385	0	0	0	0	0	0	0	0	0.0937104	0.15143	0	0	121.427	191.465	1.80119	2.46294	0	0	0.0622282	0.0682688	0	0	0	0
k107_25941878 flag=0 multi=91.7502 len=26895	26895	121.625	0	0	0	0	0	0	0	0	0.107735	0.140565	0	0	119.686	163.3	1.8201	2.55074	0	0	0.0113564	0.0131076	0	0	0	0
k107_14099447 flag=0 multi=95.5940 len=83285	83285	122.327	0	0	0.0109179	0.0135482	0	0	0	0	0.120675	0.157922	0	0	120.106	220.516	2.068	2.87905	0	0	0.0218358	0.0292992	0	0	0	0
k107_1365823 flag=0 multi=88.0000 len=3543	3543	133.34	0	0	0	0	0	0	0	0	0.125579	0.163543	0	0	131.441	264.214	1.68004	3.22059	0	0	0.0931811	0.0845321	0	0	0	0
k107_3971139 flag=0 multi=65.8975 len=4154	4154	122.154	0	0	0.0778816	0.115889	0	0	0	0	0.233645	0.305079	0	0	119.949	106.828	1.89304	1.95388	0	0	0	0	0	0	0	0
k107_8275256 flag=0 multi=93.5447 len=62703	62703	126.417	0	0	0.00483967	0.00799191	0	0	0	0	0.140206	0.176109	0	0	124.29	183.45	1.95545	3.06562	0.00483967	0.00482282	0.0216984	0.0307047	0	0	0	0
k107_3071628 flag=0 multi=87.9615 len=49022	49022	124.69	0.0123974	0.0181615	0.00619869	0.00734515	0	0	0	0	0.157943	0.24748	0	0	122.459	228.88	2.02326	2.99888	0.0123974	0.0154457	0.0123768	0.012256	0.00619869	0.0110216	0	0
k107_4849728 flag=0 multi=70.4527 len=5565	5565	123.652	0	0	0	0	0	0	0	0	0.0571917	0.0541015	0	0	121.442	164.381	2.038	4.45229	0	0	0.114383	0.153307	0	0	0	0
k107_12139467 flag=0 multi=94.2975 len=11698	11698	120.541	0	0	0.0264128	0.0479336	0	0	0	0	0.0264128	0.0342248	0	0	118.128	175.525	2.28045	3.39841	0.0265005	0.0326455	0.0265005	0.0417723	0	0	0.0265005	0.0261515
k107_24341180 flag=0 multi=171.2400 len=8302	8302	127.473	0.018375	0.0185181	0	0	0	0	0	0	0.0755	0.243352	0	0	125.297	247.039	2.044	2.47395	0	0	0.03775	0.0500879	0	0	0	0
k107_8844462 flag=0 multi=106.1532 len=24810	24810	122.244	0	0	0	0	0	0	0	0	0.0985801	0.166581	0	0	120.488	151.465	1.6455	2.25122	0	0	0.0123225	0.0188633	0	0	0	0
k107_2137708 flag=0 multi=101.8370 len=6752	6752	127.097	0	0	0	0	0	0	0	0	0.187132	0.217648	0	0	124.822	229.112	2.04233	3.09345	0	0	0.0463566	0.0548705	0	0	0	0
k107_4023725 flag=0 multi=109.1601 len=35626	35626	124.058	0	0	0.00854943	0.00846641	0	0	0	0	0.146954	0.204384	0	0	122.187	179.361	1.68962	2.42159	0	0	0.0170705	0.0261016	0.00854943	0.00846686	0	0
k107_2822021 flag=0 multi=83.2234 len=5869	5869	128.875	0	0	0	0	0	0	0	0	0.108496	0.126931	0	0	127.137	247.471	1.62978	2.0099	0	0	0	0	0	0	0	0
k107_6438468 flag=0 multi=96.0000 len=4700	4700	124.319	0	0	0	0	0	0	0	0	0	0	0	0	122.429	172.42	1.75239	2.19655	0.0686676	0.0908074	0.0686676	0.0694252	0	0	0	0
k107_2304590 flag=0 multi=97.8734 len=25112	25112	123.908	0	0	0.0121725	0.0178292	0	0	0	0	0.173277	0.311489	0	0	121.706	204.198	1.94361	2.97455	0	0	0.0426038	0.0563578	0.0302701	0.0395756	0	0
k107_11432566 flag=0 multi=90.9455 len=13760	13760	125.022	0	0	0	0	0	0	0	0	0.201516	0.262834	0	0	122.593	174.135	2.13761	2.96982	0	0	0.0897607	0.126741	0	0	0	0
k107_1604474 flag=0 multi=109.2115 len=23516	23516	122.455	0	0	0	0	0	0	0	0	0.0780563	0.0993739	0	0	120.448	172.957	1.88985	2.50023	0	0	0.0389851	0.0477488	0	0	0	0
k107_35763 flag=0 multi=81.8942 len=35811	35811	125.368	0.0290912	0.164705	0.0211496	0.0511457	0	0	0.00827959	0.0134992	0.127432	0.199865	0.0041398	0.00423378	123.196	210.868	1.94776	2.91016	0	0	0.0296826	0.0374067	0.00416796	0.00423377	0	0
k107_19032045 flag=0 multi=91.9699 len=58766	58766	128.116	0	0	0.0103311	0.0162514	0	0	0	0	0.144191	0.237256	0	0	125.758	209.822	2.16463	3.07516	0	0	0.038605	0.0504232	0	0	0	0
k107_12586823 flag=0 multi=89.8919 len=41138	41138	122.37	0.0147909	0.0191376	0	0	0	0	0	0	0.183759	0.2582	0	0	120.235	156.335	1.89928	2.56368	0.00739544	0.00798141	0.0294593	0.0365251	0	0	0	0
k107_5530159 flag=0 multi=88.6305 len=21011	21011	126.064	0	0	0	0	0	0	0	0	0.0988942	0.138838	0	0	123.827	131.133	2.07292	2.47156	0.014583	0.0143715	0.0504129	0.0770893	0	0	0	0
k107_5611621 flag=0 multi=94.5840 len=83955	83955	122.978	0	0	0	0	0	0	0	0	0.115453	0.16482	0	0	120.879	172.654	1.9396	2.68513	0.00361015	0.00359624	0.039616	0.0508066	0	0	0	0
k107_8970711 flag=0 multi=90.2644 len=19251	19251	125.561	0	0	0.0159375	0.026761	0	0	0	0	0.0716661	0.0865547	0	0	123.296	145.659	2.09811	2.81397	0.0159375	0.0184277	0.0636973	0.0969346	0	0	0	0
k107_732411 flag=0 multi=91.0000 len=19467	19467	130.217	0	0	0.0157579	0.0166575	0	0	0	0	0.0537438	0.0579994	0	0	128.264	205.536	1.86762	3.20221	0	0	0.0157579	0.0216664	0	0	0	0
k107_10733557 flag=0 multi=78.9414 len=31599	31599	123.139	0.0141547	0.0359369	0.00939387	0.0186377	0.00942582	0.0165288	0.00469694	0.00480321	0.101192	0.164474	0.0142186	0.0391322	120.941	179.053	2.00613	2.90092	0	0	0.0289165	0.0417231	0.00961754	0.00955544	0	0
k107_13401909 flag=0 multi=96.7045 len=40713	40713	125.152	0.0149464	0.0218993	0.00747321	0.00900557	0	0	0	0	0.186707	0.265017	0	0	122.926	211.03	2.0094	2.75932	0	0	0.00744847	0.00860827	0	0	0	0
k107_19107023 flag=0 multi=87.4466 len=6903	6903	121.532	0	0	0	0	0	0	0	0	0.0913498	0.0943499	0	0	119.692	203.434	1.74898	2.42559	0	0	0	0	0	0	0	0
k107_6851095 flag=0 multi=88.1741 len=18942	18942	120.886	0	0	0	0	0	0	0	0	0.13235	0.157816	0	0	118.931	213.611	1.79093	2.58251	0	0	0.0324034	0.040254	0	0	0	0
k107_4897602 flag=0 multi=124.9810 len=14430	14430	125.502	0	0	0	0	0	0	0	0	0.085504	0.0966149	0	0	123.559	175.238	1.74094	2.35089	0	0	0.11686	0.151742	0	0	0	0
k107_14719713 flag=0 multi=102.4232 len=3056	3056	125.236	0	0	0	0	0	0	0	0	0.109659	0.194291	0	0	123.233	216.855	1.89252	3.02292	0	0	0	0	0	0	0	0
k107_27179855 flag=0 multi=98.0701 len=2862	2862	127.51	0	0	0	0	0	0	0	0	0.117969	0.11269	0	0	124.852	229.692	2.42227	1.56986	0	0	0.117969	0.163491	0	0	0	0
k107_12050274 flag=0 multi=78.9712 len=5657	5657	123.711	0	0	0	0	0	0	0	0	0	0	0	0	121.783	147.458	1.92754	2.04881	0	0	0	0	0	0	0	0
k107_9097220 flag=0 multi=145.9383 len=13935	13935	124.591	0	0	0.0221521	0.0436679	0	0	0.000660163	0.000952773	0.0662363	0.0748036	0	0	122.54	185.373	1.91741	2.1652	0	0	0.0440109	0.0556911	0	0	0	0
k107_10117597 flag=0 multi=130.8724 len=26745	26745	128.103	0	0	0.0114586	0.0190354	0	0	0.000605075	0.000718037	0.171274	0.308399	0	0	125.72	201.991	2.1771	3.53455	0	0	0.0228038	0.0434982	0	0	0	0
k107_21761467 flag=0 multi=80.0531 len=11283	11283	123.757	0	0	0	0	0	0	0	0	0.115472	0.192837	0	0	121.67	174.448	1.94372	3.20039	0.027502	0.0343986	0	0	0	0	0	0
k107_7203993 flag=0 multi=111.9953 len=14665	14665	125.274	0	0	0	0	0	0	0	0	0.147044	0.248255	0	0	123.322	174.522	1.80436	2.192	0	0	0	0	0	0	0	0
k107_7417094 flag=0 multi=91.8004 len=24158	24158	127.255	0	0	0.0126593	0.0235713	0	0	0	0	0.0759138	0.116221	0	0	125.122	153.687	2.03156	2.51789	0	0	0.0125755	0.0202951	0	0	0	0
k107_27262920 flag=0 multi=87.9623 len=24083	24083	125.655	0	0	0.0126992	0.0125346	0	0	0	0	0.0825449	0.11065	0	0	123.809	184.13	1.70556	2.53101	0	0	0.0443211	0.0612105	0	0	0	0
k107_14073124 flag=0 multi=102.0585 len=29594	29594	126.491	0	0	0	0	0	0	0	0	0.121057	0.1736	0	0	124.437	175.065	1.88649	2.43896	0	0	0.0462242	0.0651496	0	0	0	0
k107_15255249 flag=0 multi=77.1815 len=3225	3225	127.05	0	0	0	0	0	0	0	0	0.230927	0.4034	0	0	124.896	110.926	1.92302	2.42573	0	0	0	0	0	0	0	0
k107_1031695 flag=0 multi=89.8190 len=16176	16176	124.49	0	0	0.00743354	0.00737875	0	0	0	0	0.0854857	0.104365	0	0	122.029	151.859	2.34856	2.73447	0.0190248	0.0324016	0	0	0	0	0	0
k107_9482153 flag=0 multi=94.5432 len=49091	49091	126.735	0	0	0	0	0	0	0	0	0.117588	0.14564	0	0	124.724	204.587	1.87223	2.3974	0	0	0.0210908	0.0243344	0	0	0	0
k107_11001438 flag=0 multi=96.0339 len=33089	33089	122.418	0.00448348	0.0045809	0.00921097	0.00913044	0	0	0	0	0.11959	0.205705	0	0	120.358	285.095	1.8866	3.05791	0.013847	0.0357547	0.0229359	0.0254372	0.00372099	0.00370866	0	0
k107_25263057 flag=0 multi=93.0921 len=48814	48814	125.03	0	0	0	0	0	0	0	0	0.0933171	0.132788	0	0	122.868	209.956	2.0067	3.08566	0.00620465	0.00680138	0.0559037	0.106852	0	0	0	0
k107_9580821 flag=0 multi=119.9347 len=11792	11792	125.142	0	0	0	0	0	0	0	0	0.131419	0.227805	0	0	123.156	194.959	1.82942	2.6128	0.0259356	0.0447429	0	0	0	0	0	0
k107_31279736 flag=0 multi=93.9849 len=38322	38322	122.527	0	0	0.00794319	0.0124026	0	0	0	0	0.14737	0.185877	0	0	120.471	172.91	1.85694	2.77612	0	0	0.0435297	0.049593	0	0	0	0
k107_10269987 flag=0 multi=80.0000 len=12085	12085	123.078	0	0	0.0256301	0.0363587	0	0	0	0	0.128151	0.187983	0	0	120.801	132.054	2.07409	2.01859	0.0254604	0.0276977	0.0230841	0.0376472	0	0	0	0
k107_12366083 flag=0 multi=89.2339 len=3964	3964	125.161	0	0	0	0	0	0	0	0	0.247406	0.516192	0	0	122.647	102.255	2.26597	4.05463	0	0	0	0	0	0	0	0
k107_9982455 flag=0 multi=100.6060 len=7051	7051	127.155	0	0	0	0	0	0	0	0	0.134242	0.2259	0	0	125.593	203.612	1.37502	1.77419	0	0	0.0527486	0.0719042	0	0	0	0
k107_30945199 flag=0 multi=88.0197 len=13336	13336	125.393	0	0	0	0	0	0	0	0	0.161961	0.287677	0	0	123.29	195.856	1.94131	2.50112	0	0	0	0	0	0	0	0
k107_6806520 flag=0 multi=90.6709 len=36821	36821	123.72	0	0	0.00826967	0.0132335	0	0	0	0	0.160985	0.218667	0	0	121.496	149.005	2.0463	2.71205	0	0	0.00824228	0.00819512	0	0	0	0
k107_4861899 flag=0 multi=88.0788 len=6200	6200	124.406	0	0	0	0	0	0	0	0	0.204646	0.319264	0	0	122.058	188.152	2.09207	1.93144	0	0	0.0512038	0.0638532	0	0	0	0
k107_10371444 flag=0 multi=89.0334 len=7271	7271	124.218	0	0.000143472	0	0	0	0	0	0	0.0866695	0.129683	0	0	121.65	244.711	2.43837	4.21148	0	0	0.0433348	0.0561054	0	0	0	0
k107_11000747 flag=0 multi=96.8342 len=102648	102648	124.5	0	0	0.00590155	0.00893844	0	0	0	0	0.0958416	0.132751	0	0	122.395	202.832	1.93408	2.85623	0.00442616	0.00569962	0.06479	0.0940734	0	0	0	0
k107_8671739 flag=0 multi=107.9953 len=13696	13696	127.096	0	0	0	0	0	0	0	0	0.101389	0.149098	0	0	124.885	184.916	2.06466	2.87213	0.0222488	0.0295169	0.0225474	0.0393541	0	0	0	0
k107_11548775 flag=0 multi=152.9324 len=15106	15106	125.216	0.0101999	0.0100991	0	0	0	0	0	0	0.101797	0.136578	0	0	123.306	206.698	1.7981	2.12108	0	0	0	0	0	0	0	0
k107_11762930 flag=0 multi=99.0000 len=8233	8233	125.525	0	0	0	0	0	0	0	0	0.0761569	0.109206	0	0	123.328	162.085	2.12054	2.56449	0	0	0	0	0	0	0	0
k107_11787487 flag=0 multi=111.0124 len=12324	12324	121.356	0.0251206	0.0298221	0	0	0	0	0	0	0.125603	0.171881	0	0	119.326	158.651	1.76651	2.29794	0	0	0.112876	0.164507	0	0	0	0
k107_14273936 flag=0 multi=93.2368 len=12747	12747	126.565	0	0	0	0	0	0	0	0	0.0485335	0.0471458	0	0	124.384	144.653	2.10824	3.53639	0	0	0.0242668	0.0334786	0	0	0	0
k107_21670057 flag=0 multi=85.0652 len=11346	11346	127.909	0	0	0	0	0	0	0	0	0.1092	0.182185	0	0	125.661	186.54	2.11137	3.12323	0.0273452	0.0266029	0	0	0	0	0	0
k107_15056418 flag=0 multi=91.9643 len=16756	16756	126.061	0	0	0	0	0	0	0	0	0.212897	0.41964	0	0	123.64	193.17	2.13984	2.12737	0	0	0.0682509	0.0901629	0	0	0	0
k107_9925308 flag=0 multi=116.3563 len=18922	18922	126.546	0	0	0.0162191	0.0180025	0	0	0	0	0.0486037	0.0679901	0	0	124.293	169.725	2.15585	3.32794	0	0	0.0324382	0.046951	0	0	0	0
k107_26912347 flag=0 multi=164.6360 len=13865	13865	127.4	0	0	0.0221927	0.0340074	0	0	0	0	0.0889184	0.0975096	0	0	124.967	178.083	2.27693	3.15261	0	0	0.0443855	0.0673202	0	0	0	0
k107_11300726 flag=0 multi=99.0181 len=32564	32564	125.437	0	0	0	0	0	0	0	0	0.107557	0.13595	0	0	123.204	188.688	2.08862	3.00432	0	0	0.0373814	0.0486743	0	0	0	0
k107_19687951 flag=0 multi=129.0183 len=55852	55852	124.28	0	0	0	0	0	0	0	0	0.114005	0.132698	0	0	122.109	196.91	2.01089	2.93557	0	0	0.0461926	0.0668818	0	0	0	0
k107_34431401 flag=0 multi=87.6472 len=26478	26478	122.85	0	0	0	0	0	0	0	0	0.155715	0.275151	0	0	120.7	197.277	1.95511	2.68566	0.0229218	0.0338184	0.0114991	0.0196567	0	0	0.00466076	0.00464037
k107_15959862 flag=0 multi=83.3457 len=6930	6930	125.841	0	0	0	0	0	0	0	0	0.136391	0.219423	0	0	123.539	197.8	2.13654	2.90487	0	0	0.0291189	0.0286987	0	0	0	0
k107_19939532 flag=0 multi=87.9725 len=54382	54382	122.09	0	0	0	0	0	0	0	0	0.124464	0.172297	0	0	120.012	172.936	1.91389	2.61722	0	0	0.0390163	0.0445146	0	0	0	0
k107_16227256 flag=0 multi=128.9595 len=13080	13080	123.261	0	0	0.0236344	0.031843	0	0	0	0	0.188997	0.29468	0	0	121.056	170.525	1.92151	2.76267	0.0236344	0.0230711	0.0472687	0.171822	0	0	0	0
k107_2765576 flag=0 multi=88.9070 len=12214	12214	123.996	0	0	0	0	0	0	0	0	0.126763	0.167146	0	0	122.059	178.921	1.7725	2.39037	0	0	0.0380289	0.0365818	0	0	0	0
k107_16288962 flag=0 multi=96.9510 len=40096	40096	125.705	0.00758908	0.00974559	0.00758908	0.0100958	0	0	0	0	0.144042	0.18596	0	0	123.449	206.478	2.03237	3.35077	0.00758908	0.00753329	0.049329	0.0656006	0.00756395	0.00858926	0	0
k107_17189036 flag=0 multi=81.9738 len=37514	37514	121.655	0	0	0.0162313	0.0222617	0	0	0	0	0.113512	0.18422	0	0	119.601	148.275	1.9007	2.80535	0	0	0.0161507	0.0214419	0.00811566	0.0125614	0	0
k107_19878436 flag=0 multi=215.9412 len=3252	3252	127.719	0	0	0	0	0	0	0	0	0	0	0	0	125.276	137.624	2.44271	2.1367	0	0	0	0	0	0	0	0
k107_28894264 flag=0 multi=104.6016 len=45875	45875	125.457	0	0	0	0	0	0	0	0	0.185285	0.302225	0	0	123.061	230.521	2.14094	3.2052	0.0132535	0.0175166	0.0495908	0.0555096	0.00660479	0.00684523	0	0
k107_26097545 flag=0 multi=103.0124 len=35180	35180	124.679	0	0	0.0173175	0.0191436	0	0	0	0	0.129767	0.162239	0	0	122.466	191.941	2.04372	2.89907	0	0	0.0216182	0.0260551	0	0	0	0
k107_15963312 flag=0 multi=97.0998 len=10038	10038	126.395	0.0756984	0.0984562	0	0	0	0	0	0	0.0310189	0.04774	0	0	123.758	180.942	2.4999	4.60572	0	0	0.0309162	0.0300644	0	0	0	0
k107_13504201 flag=0 multi=78.7801 len=3226	3226	127.04	0	0	0	0	0	0	0	0	0	0	0	0	125.724	126.59	1.31601	1.46751	0	0	0	0	0	0	0	0
k107_17717963 flag=0 multi=86.0370 len=99672	99672	123.636	0.00302908	0.00383436	0.00911744	0.0140678	0	0	0	0	0.141079	0.221804	0	0	121.402	187.575	2.04308	2.67761	0.00606823	0.00733364	0.0318205	0.0462726	0	0	0	0
k107_4863885 flag=0 multi=115.6191 len=34044	34044	129.53	0	0	0.0268212	0.0477761	0	0	0	0	0.156333	0.204778	0	0	126.975	345.978	2.34106	3.63043	0	0	0.0313259	0.0401809	0	0	0	0
k107_19330279 flag=0 multi=102.6018 len=49504	49504	127.525	0.00613796	0.00833098	0.0122556	0.0155609	0	0	0	0	0.184058	0.300392	0	0	125.424	190.655	1.89537	2.84248	0	0	0.00306898	0.00306528	0	0	0	0
k107_35119597 flag=0 multi=96.0000 len=5766	5766	121.045	0	0	0	0	0	0	0	0	0	0	0	0	118.492	160.217	2.44272	3.11246	0	0	0.109627	0.150322	0	0	0	0
k107_19832770 flag=0 multi=111.0197 len=30214	30214	123.154	0	0	0.0100963	0.0138708	0	0	0	0	0.151377	0.188639	0	0	120.888	170.472	2.03443	3.00371	0	0	0.0503143	0.0772841	0.0201926	0.028613	0	0
k107_25765423 flag=1 multi=16.0000 len=2743	2743	7.02007	0	0	0	0	0	0	0	0	0	0	0	0	4.20361	3.69967	2.19992	2.68413	0	0	0.616551	1.12043	0	0	0	0
k107_19902631 flag=0 multi=99.0000 len=34014	34014	122.335	0	0	0	0	0	0	0	0	0.120877	0.152588	0	0	120.28	212.665	1.88897	2.73179	0.00895823	0.00888645	0.035655	0.0847272	0	0	0	0
k107_6027525 flag=0 multi=88.0513 len=5336	5336	126.594	0	0	0	0	0	0	0	0	0.179579	0.500916	0	0	124.151	164.715	2.20342	2.92914	0	0	0.0599921	0.0683272	0	0	0	0
k107_31635545 flag=0 multi=107.0348 len=82591	82591	125.559	0	0	0.00732783	0.00828881	0	0	0	0	0.122823	0.175	0	0	123.404	190.493	1.97307	2.85211	0	0	0.0512948	0.0608241	0	0	0	0
k107_34149118 flag=0 multi=123.9379 len=12753	12753	119.843	0	0	0	0	0	0	0	0	0.0970203	0.172911	0	0	118.002	129.271	1.74388	2.09153	0	0	0	0	0	0	0	0
k107_15252626 flag=0 multi=81.9642 len=8767	8767	123.139	0	0	0	0	0	0	0	0	0.142351	0.305703	0	0	121.193	117.198	1.69746	1.6763	0	0	0.10632	0.132927	0	0	0	0
k107_5356987 flag=0 multi=85.0070 len=36331	36331	126.291	0	0	0	0	0	0	0	0	0.184102	0.305616	0	0	124.013	183.588	2.0773	3.18594	0.00419107	0.00417164	0.0125177	0.0194682	0	0	0	0
k107_21038678 flag=0 multi=84.3296 len=9975	9975	124.319	0	0	0.0311175	0.0302502	0	0	0	0	0.187119	0.23909	0	0	121.966	148.674	2.07268	2.68115	0.0312209	0.030251	0	0	0.0309108	0.0484475	0	0
k107_24876512 flag=0 multi=195.0000 len=2850	2850	128.536	0	0	0	0	0	0	0	0	0.118524	0.104516	0	0	126.487	281.808	1.93053	2.82253	0	0	0	0	0	0	0	0
k107_1621262 flag=0 multi=91.8856 len=3884	3884	126.864	0	0	0.0843104	0.0928629	0	0	0	0	0.0843104	0.0956554	0	0	125.21	291.176	1.40145	1.64644	0	0	0.0843104	0.133076	0	0	0	0
k107_21865693 flag=0 multi=91.8929 len=3263	3263	128.495	0	0	0	0	0	0	0	0	0.203985	0.267843	0	0	126.169	253.344	1.92739	4.38763	0	0	0.194191	0.254509	0	0	0	0
k107_5785731 flag=0 multi=92.3789 len=24202	24202	125.757	0	0	0	0	0	0	0	0	0.0757741	0.0990409	0	0	123.633	208.37	2.02297	3.11155	0.012636	0.0189171	0.012636	0.0133926	0	0	0	0
k107_23734914 flag=0 multi=89.9912 len=21902	21902	125.501	0.0139815	0.021561	0.0139815	0.0173033	0	0	0	0	0.027963	0.0402387	0	0	123.673	174.515	1.71588	2.10245	0	0	0.0558796	0.113485	0	0	0	0
k107_26212612 flag=0 multi=103.0275 len=71724	71724	123.546	0.00422839	0.00693021	0.010571	0.0142722	0	0	0	0	0.130828	0.17744	0	0	121.42	199.602	1.93779	2.5153	0	0	0.0422419	0.0667583	0	0	0	0
k107_24346044 flag=0 multi=129.0294 len=13517	13517	125.788	0.0228528	0.0224815	0	0	0	0	0	0	0.15997	0.291677	0	0	123.408	198.095	2.15202	3.08244	0	0	0.0457056	0.0608639	0	0	0	0
k107_31050343 flag=0 multi=92.5607 len=4992	4992	123.258	0	0	0	0	0	0	0	0	0.193177	0.225413	0	0	121.664	183.141	1.40107	2.15519	0	0	0	0	0	0	0	0
k107_29372893 flag=0 multi=90.3924 len=18302	18302	126.84	0	0	0.0167222	0.023828	0	0	0	0	0.167278	0.290304	0	0	124.329	182.009	2.29328	3.58565	0.0167222	0.0164947	0.0167778	0.016491	0	0	0	0
k107_22482989 flag=0 multi=185.0000 len=16276	16276	120.905	0	0	0	0	0	0	0	0	0.150995	0.283783	0	0	118.802	147.19	1.91405	2.70125	0	0	0.0189057	0.0224327	0.0187805	0.0196764	0	0
k107_25735858 flag=0 multi=105.8525 len=38177	38177	124.275	0	0	0	0	0	0	0	0	0.111578	0.211094	0	0	122.277	184.621	1.83044	2.40732	0.0159472	0.0193315	0.0396832	0.0424498	0	0	0	0
k107_35678546 flag=0 multi=93.6108 len=71830	71830	123.889	0.00422212	0.00793451	0.00420814	0.00541352	0	0	0	0	0.139274	0.202536	0	0	121.749	175.63	1.93369	3.05782	0.00844425	0.0120873	0.0505536	0.080624	0	0	0	0
k107_12201807 flag=0 multi=86.2214 len=42659	42659	124.563	0	0	0	0	0	0	0	0	0.167434	0.269084	0	0	122.282	195.09	2.08556	3.074	0	0	0.0284959	0.0410923	0	0	0	0
k107_3794280 flag=0 multi=87.2667 len=6140	6140	126.527	0	0	0	0	0	0	0	0	0.0849606	0.104283	0	0	123.979	173.015	2.41196	2.66756	0	0	0.0515588	0.0713356	0	0	0	0
k107_29347001 flag=0 multi=129.9288 len=31216	31216	126.305	0	0	0.00976904	0.0109661	0	0	0	0	0.107362	0.145027	0	0	124.099	183.722	2.00556	3.16095	0	0	0.0828104	0.0981721	0	0	0	0
k107_33318634 flag=0 multi=91.0016 len=20500	20500	126.885	0	0	0	0	0	0	0	0	0.0773839	0.083058	0	0	124.929	176.051	1.85345	2.4714	0.014952	0.0198696	0.0104466	0.0147435	0	0	0	0
k107_34818696 flag=0 multi=86.9500 len=10399	10399	124.111	0	0	0	0	0	0	0	0	0.0897296	0.152213	0	0	121.892	140.806	2.06933	2.96172	0	0	0.0596217	0.0570553	0	0	0	0
k107_28976390 flag=0 multi=92.9942 len=67144	67144	127.498	0	0	0	0	0	0	0	0	0.126388	0.169665	0	0	125.341	206.883	1.98411	3.13021	0.00451812	0.0045045	0.0382394	0.0479031	0.00451812	0.00638649	0	0
k107_19282858 flag=0 multi=94.0028 len=90570	90570	125.259	0	0	0	0	0	0	0.00669119	0.0168539	0.125282	0.161072	0	0	123.18	193.412	1.89224	2.83569	0	0	0.0517238	0.0675962	0.00334559	0.00332957	0	0
k107_22458864 flag=0 multi=94.9824 len=46387	46387	126.607	0	0	0.00655311	0.00649843	0	0	0	0	0.127721	0.181873	0	0	124.317	186.395	2.11668	3.20537	0	0	0.0393187	0.0660595	0	0	0	0
k107_17941467 flag=0 multi=126.8662 len=28562	28562	123.249	0	0	0.0212668	0.0326539	0	0	0	0	0.0961076	0.166699	0	0	121.284	204.494	1.83086	2.54166	0	0	0.0164897	0.0162871	0	0	0	0
k107_11714978 flag=0 multi=90.8383 len=36174	36174	121.483	0	0	0	0	0	0	0	0	0.180726	0.274269	0	0	119.198	169.267	2.03303	3.06148	0.0167819	0.0460817	0.0547223	0.0638814	0	0	0	0
k107_6703962 flag=0 multi=98.8118 len=3205	3205	133.505	0	0	0	0	0	0	0	0	0.12022	0.185759	0	0	130.814	192.145	2.57113	1.34758	0	0	0	0	0	0	0	0
k107_19074662 flag=0 multi=122.5849 len=4051	4051	129.348	0	0	0.157109	0.575352	0.13817	0.121987	0	0	0.14964	0.177976	0	0	125.909	126.527	2.88504	3.63072	0	0	0.0800213	0.133317	0.000533476	0.00159811	0.0282742	0.0582778
k107_32797376 flag=0 multi=87.8978 len=32884	32884	128.773	0	0	0.0276226	0.0329747	0	0	0	0	0.138819	0.18311	0	0	126.605	192.242	1.97379	2.42474	0.00926892	0.0105993	0.0185378	0.0328813	0	0	0	0
k107_5311320 flag=0 multi=112.7044 len=8145	8145	133.906	0	0	0	0	0	0	0	0	0.0770113	0.127957	0	0	131.453	184.197	2.25998	2.55316	0	0	0.115262	0.121832	0	0	0	0
k107_1790752 flag=0 multi=205.7136 len=2960	2960	132.669	0	0	0	0	0	0	0	0	0.204665	0.225355	0	0	130.465	157.157	1.94357	4.22846	0	0	0.0560572	0.0536094	0	0	0	0
k107_18170249 flag=0 multi=95.3188 len=10115	10115	126.722	0	0	0	0	0	0	0	0	0.0613472	0.0905818	0	0	125.073	298.117	1.57251	2.27871	0	0	0.015082	0.0151591	0	0	0	0
k107_2538354 flag=0 multi=98.1656 len=7776	7776	119.091	0	0	0	0	0	0	0	0	0.160155	0.18971	0	0	116.975	226.379	1.91517	3.73326	0	0	0.0401391	0.0658153	0	0	0	0
k107_26044717 flag=0 multi=114.0447 len=25260	25260	125.225	0	0	0	0	0	0	0	0	0.0725619	0.0938097	0	0	123.194	179.018	1.88561	2.62777	0.0242007	0.0326865	0.0480407	0.0705698	0	0	0	0
k107_24017916 flag=0 multi=93.3132 len=22002	22002	127.932	0	0	0.0139171	0.0239449	0	0	0	0	0.132166	0.187782	0	0	125.815	206.935	1.94235	2.45323	0	0	0.0276959	0.0270513	0	0	0	0
k107_32176659 flag=0 multi=80.6325 len=2602	2602	116.845	0	0	0	0	0	0	0	0	0	0	0	0	114.63	138.768	2.21478	2.89501	0	0	0	0	0	0	0	0
k107_11085287 flag=0 multi=190.8546 len=6966	6966	130.726	0	0	0	0	0	0	0	0	0	0	0	0	128.834	131.665	1.89136	2.31213	0	0	0	0	0	0	0	0
k107_25681164 flag=0 multi=88.0103 len=19674	19674	127.002	0	0	0	0	0	0	0	0	0.0467169	0.0604918	0	0	125.075	217.159	1.88055	3.30587	0	0	0	0	0	0	0	0
k107_33965669 flag=0 multi=177.2990 len=4171	4171	120.526	0	0	0	0	0	0	0	0	0	0	0	0	117.913	207.105	2.53476	1.93251	0	0	0.0780563	0.134031	0	0	0	0
k107_21864703 flag=0 multi=140.0098 len=8183	8183	123.889	0	0	0	0	0	0	0	0	0.229666	0.236972	0	0	121.325	165.306	2.33384	3.28987	0	0	0	0	0	0	0	0
k107_4474901 flag=1 multi=15.0000 len=3775	3775	5.3484	0	0	0	0	0	0	0	0	0	0	0	0	2.87993	3.34123	1.76908	2.22243	0.258566	0.444573	0.440829	0.417841	0	0	0	0
k107_29410159 flag=0 multi=102.0173 len=38654	38654	124.276	0.00385899	0.00392164	0.0157489	0.0240504	0	0	0	0	0.141296	0.203127	0	0	121.938	214.527	2.15355	3.00877	0.00782228	0.0119318	0.0157489	0.0233208	0	0	0	0
k107_27255311 flag=0 multi=85.8365 len=3085	3085	125.296	0	0	0.108516	0.178014	0	0	0	0	0.107797	0.193828	0	0	123.005	242.007	1.96694	2.38412	0	0	0	0	0.107797	0.133442	0	0
k107_7207440 flag=0 multi=104.7919 len=25522	25522	127.626	0	0	0	0	0	0	0	0	0.155432	0.215688	0	0	125.352	182.843	2.095	2.49262	0	0	0.0239492	0.0335167	0	0	0	0
k107_14454541 flag=0 multi=97.9236 len=10117	10117	133.299	0	0	0	0	0	0	0	0	0.214875	0.370762	0	0	130.677	184.224	2.3619	4.5803	0	0	0.0459501	0.0601317	0	0	0	0
k107_21693796 flag=0 multi=100.5978 len=10541	10541	133.986	0	0	0	0	0	0	0	0	0.11798	0.152905	0	0	131.963	188.995	1.87479	2.91461	0	0	0.0294951	0.0399595	0	0	0	0
k107_10169465 flag=1 multi=26.1755 len=3925	3925	7.41292	0	0	0	0	0	0	0	0	0	0	0	0	4.9183	3.99178	2.28816	2.36421	0.0405741	0.0399533	0.165885	0.178716	0	0	0	0
k107_25835872 flag=0 multi=80.1244 len=51520	51520	122.696	0.0117732	0.0270307	0	0	0	0	0	0	0.15313	0.221685	0	0	120.629	199.844	1.84263	2.8349	0.0117927	0.0169275	0.0469757	0.0653447	0	0	0	0
k107_29733141 flag=0 multi=107.0239 len=11128	11128	120.924	0	0	0	0	0	0	0	0	0.0835951	0.0920316	0	0	118.988	157.323	1.82422	2.46873	0	0	0.0278958	0.0271191	0	0	0	0
k107_15401640 flag=0 multi=93.9366 len=11297	11297	123.494	0	0	0.027467	0.0401786	0	0	0	0	0.109777	0.180772	0	0	121.694	266.574	1.63593	2.46536	0	0	0.027467	0.0267206	0	0	0	0
k107_15504790 flag=0 multi=102.0000 len=20185	20185	122.771	0	0	0	0	0	0	0	0	0.0455163	0.0568707	0	0	120.584	173.644	2.1113	3.05712	0	0	0.0151889	0.0209015	0.0150883	0.0193868	0	0
k107_32103502 flag=0 multi=7.9889 len=3352	3352	6.56033	0	0	0	0	0	0	0	0	0	0	0	0	3.96689	4.68696	2.47771	2.4865	0	0	0.115738	0.1875	0	0	0	0
k107_34837720 flag=0 multi=95.7259 len=68008	68008	122.819	0	0	0.00446046	0.0071601	0	0	0	0	0.113624	0.150425	0	0	120.597	163.974	2.0684	2.68833	0	0	0.035536	0.0619154	0	0	0	0
k107_11428708 flag=0 multi=81.7091 len=3995	3995	119.218	0	0	0	0	0	0	0	0	0.572434	1.09691	0	0	116.115	217.674	2.44869	3.27235	0	0	0.0817763	0.075108	0	0	0	0
k107_34750562 flag=0 multi=92.0000 len=19396	19396	125.964	0	0	0	0	0	0	0	0	0.114067	0.179165	0	0	123.919	160.807	1.90772	2.4788	0.00769875	0.0078456	0.0156594	0.0194375	0	0	0	0
k107_45304 flag=0 multi=108.8386 len=3379	3379	134.077	0	0	0.078323	0.106022	0	0	0	0	0.19597	0.419861	0	0	131.139	287.267	2.56581	4.58923	0.0981475	0.0885484	0	0	0	0	0	0
