contigName	contigLen	totalAvgDepth	Cen01_MA.bam	Cen01_MA.bam-var	Cen03_MA.bam	Cen03_MA.bam-var	Cen04_MA.bam	Cen04_MA.bam-var	Cen05_MA.bam	Cen05_MA.bam-var	Cen06_MA.bam	Cen06_MA.bam-var	Cen07_MA.bam	Cen07_MA.bam-var	Cen10_MA.bam	Cen10_MA.bam-var	Cen12_MA.bam	Cen12_MA.bam-var	Cen14_MA.bam	Cen14_MA.bam-var	Cen15_MA.bam	Cen15_MA.bam-var	Cen16_MA.bam	Cen16_MA.bam-var	Cen17_MA.bam	Cen17_MA.bam-var
k107_14170988 flag=0 multi=77.9300 len=8661	8661	98.2726	0	0	0.0361287	0.0592381	0	0	0	0	0.988156	1.20915	0	0	0.0361287	0.0470323	11.18	17.243	0.434023	0.457011	84.2262	126.478	1.37193	2.03936	0	0
k107_14178286 flag=0 multi=78.9198 len=23873	23873	97.0221	0.0316491	0.0746854	0	0	0	0	0	0	1.05083	1.44819	0	0	0.0128124	0.0196027	10.7616	18.5448	0.735735	1.08143	83.3881	226.492	1.04132	1.65355	0	0
k107_35275059 flag=0 multi=87.0353 len=13253	13253	92.9851	0	0	0	0	0	0	0	0	0.630376	0.991681	0	0	0	0	10.955	15.1389	0.302988	0.432857	79.9941	116.448	1.10262	1.0646	0	0
k107_14183229 flag=0 multi=62.9910 len=14065	14065	85.8515	0	0	0	0	0	0	0	0	0.833176	0.945564	0	0	0	0	10.948	15.286	0.478965	0.655173	72.5951	93.8476	0.996294	1.28625	0	0
k107_17642361 flag=0 multi=69.9211 len=8521	8521	90.621	0.0720282	0.241836	0	0	0	0	0	0	0.840127	1.3588	0	0	0	0	11.3507	16.9559	0.386908	0.672331	77.0717	150.821	0.899623	0.895173	0	0
k107_19672581 flag=0 multi=64.8988 len=4661	4661	94.2955	0	0	0	0	0	0	0	0	1.02891	1.38139	0	0	0	0	12.3299	14.1516	0.415462	0.447634	79.552	152.098	0.969259	1.10078	0	0
k107_16980996 flag=0 multi=71.9701 len=5323	5323	97.8833	0	0	0.0898227	0.0932562	0	0	0	0	0.719578	1.02797	0.029277	0.029175	0	0	9.63035	7.17625	0.436367	0.419375	85.297	115.278	1.68094	1.90325	0	0
k107_34641987 flag=0 multi=82.2465 len=3965	3965	98.5476	0	0	0	0	0	0	0	0	0.28119	0.366139	0	0	0	0	13.8608	18.6046	0.340977	0.281663	82.7884	118.423	1.27628	1.37714	0	0
k107_33600731 flag=0 multi=21.2263 len=3001	3001	18.8618	0	0	0	0	0	0	0	0	1.17451	1.91602	0	0	0	0	11.0541	21.5111	0	0	6.6332	8.06879	0	0	0	0
k107_32792134 flag=0 multi=77.4098 len=3179	3179	94.9979	0	0	0	0	0	0	0	0	0.911018	1.50916	0	0	0	0	13.1116	21.0217	0.849844	1.09752	78.9201	114.76	1.20542	0.966413	0	0
k107_32644511 flag=0 multi=75.0493 len=5478	5478	95.0236	0	0	0	0	0	0	0	0	0.705951	0.743385	0	0	0	0	13.0267	18.8625	0.627512	0.710887	79.6793	161.224	0.984158	1.16041	0	0
k107_32422419 flag=0 multi=63.8613 len=2530	2530	91.373	0	0	0	0	0	0	0	0	1.06643	2.08436	0	0	0	0	10.1459	12.1551	0.271544	0.379303	78.737	68.8886	1.15215	0.913711	0	0
k107_15928440 flag=0 multi=69.0194 len=3449	3449	92.157	0	0	0	0	0	0	0	0	1.05243	1.55666	0	0	0	0	12.7718	17.9004	1.21068	1.51618	76.1217	101.151	1.00032	1.27019	0	0
k107_27555993 flag=0 multi=67.0000 len=13278	13278	83.5012	0	0	0	0	0	0	0	0	0.850416	1.57867	0	0	0	0	9.66646	15.0565	0.361514	0.422808	71.6997	94.5511	0.923089	1.35597	0	0
k107_24315449 flag=0 multi=64.5419 len=26688	26688	88.2121	0.0114455	0.0183597	0	0	0	0	0	0	0.858296	1.39848	0	0	0	0	9.74013	15.9708	0.390738	0.597196	76.3515	124.958	0.859964	1.20615	0	0
k107_11212120 flag=0 multi=70.5524 len=2513	2513	87.4387	0	0	0	0	0	0	0	0	0.592492	1.03045	0	0	0	0	13.962	25.0385	0.13659	0.179522	71.6232	85.0346	1.12438	1.34787	0	0
k107_4874738 flag=0 multi=82.6115 len=2650	2650	104.633	0	0	0	0	0	0	0	0	0.891823	1.09438	0	0	0	0	29.4336	36.2836	0.25724	0.566089	73.187	94.5265	0.775554	0.991134	0.0881601	0.0804222
k107_2283495 flag=0 multi=89.1615 len=28013	28013	89.5141	0	0	0	0	0	0	0	0	0.802461	1.15821	0	0	0	0	14.385	25.6968	0.473458	0.759613	72.8448	142.338	1.00841	1.33065	0	0
k107_3784389 flag=0 multi=86.7161 len=5919	5919	95.5969	0	0	0	0	0	0	0	0	0.484422	1.13091	0	0	0	0	14.2726	25.7646	0.198861	0.184021	80.0297	100.512	0.611358	0.839382	0	0
k107_638916 flag=0 multi=76.0233 len=79582	79582	92.7814	0	0	0	0	0	0	0.00760595	0.00862173	0.755865	1.21684	0	0	0	0	16.6992	25.5274	0.489934	0.653722	74.0715	121.862	0.757316	0.972855	0	0
k107_476314 flag=0 multi=67.9032 len=17984	17984	90.5974	0	0	0	0	0	0	0	0	0.85194	1.22786	0	0	0	0	12.5186	18.7138	0.349904	0.475063	75.8514	115.164	1.02556	1.34276	0	0
k107_16630964 flag=0 multi=69.4533 len=19708	19708	95.2154	0	0	0	0	0	0	0	0	0.741523	0.937435	0.0306091	0.0436596	0	0	10.2283	12.7086	0.635989	0.834875	82.4985	105.748	1.08054	1.23009	0	0
k107_32330515 flag=0 multi=66.9992 len=154878	154878	89.9021	0.00390746	0.00557136	0.00194079	0.00213032	0	0	0.000950988	0.000975755	0.779733	1.04553	0	0	0	0	13.81	29.8125	0.431613	0.586506	74.037	113.921	0.836948	1.07885	0	0
k107_470627 flag=0 multi=69.0051 len=18401	18401	89.8844	0	0	0	0	0	0	0	0	0.802586	1.11224	0	0	0	0	13.7464	18.7606	0.524338	0.727191	73.8758	114.837	0.935245	1.30903	0	0
k107_3233476 flag=0 multi=74.0041 len=30351	30351	93.7451	0	0	0	0	0	0	0	0	0.838198	1.32675	0	0	0	0	11.9219	18.0095	0.552364	0.776301	79.3386	112.787	1.09411	1.26982	0	0
k107_27337607 flag=0 multi=72.1526 len=27208	27208	93.1607	0	0	0	0	0	0	0	0	0.689549	0.956178	0	0	0	0	12.8414	20.6804	0.498736	0.62518	78.207	110.994	0.923995	1.24348	0	0
k107_9185023 flag=0 multi=70.7704 len=5094	5094	95.0651	0	0	0	0	0	0	0	0	0.579716	0.904436	0	0	0	0	14.2364	25.8119	0.755634	0.921172	78.5739	84.5685	0.919449	1.34864	0	0
k107_22204028 flag=0 multi=75.6981 len=43514	43514	92.4351	0	0	0	0	0	0	0	0	0.830903	1.1543	0	0	0	0	15.2143	23.9966	0.512982	0.657657	74.9512	115.816	0.922221	1.15742	0.00344812	0.00348319
k107_420003 flag=0 multi=73.9685 len=15041	15041	92.4415	0	0	0	0	0	0	0	0	0.726576	1.04959	0	0	0.0060384	0.00600402	12.8823	17.6976	0.460818	0.572276	77.4939	107.032	0.871837	1.07872	0	0
k107_32445661 flag=0 multi=85.5096 len=28017	28017	92.5594	0	0	0	0	0	0	0	0	0.925311	1.52065	0	0	0	0	16.042	36.3694	0.440808	0.610458	74.3033	112.368	0.848061	0.97761	0	0
k107_75977 flag=0 multi=69.0446 len=31778	31778	88.5782	0	0	0	0	0	0	0	0	0.701296	1.19907	0	0	0	0	11.7973	20.6271	0.472392	0.605869	74.727	121.247	0.880226	1.04976	0	0
k107_3310889 flag=0 multi=67.9951 len=52936	52936	90.8166	0	0	0	0	0	0	0	0	0.742961	1.17455	0	0	0.00573774	0.00570434	13.5079	21.9765	0.567257	0.775527	75.0659	118.302	0.926853	1.15211	0	0
k107_26612784 flag=0 multi=76.5886 len=29719	29719	90.7659	0.0102662	0.0155879	0	0	0	0	0	0	0.822076	1.1426	0	0	0.00499711	0.00511004	13.4179	27.7036	0.456437	0.56478	75.3072	121.193	0.747051	0.986331	0	0
k107_21184458 flag=0 multi=66.0372 len=14066	14066	89.6404	0	0	0.0321128	0.0526264	0.0158384	0.0177546	0.0213601	0.0333842	0.713165	1.30225	0.01068	0.0108528	0	0	11.7668	17.7712	0.416231	0.60364	75.5472	136.054	1.11697	1.55612	0	0
k107_7794068 flag=0 multi=72.0033 len=14568	14568	89.851	0.0211692	0.0264766	0.0210991	0.0240928	0	0	0	0	0.623931	0.87862	0	0	0	0	12.406	22.4859	0.556147	0.826454	75.2801	102.946	0.942521	1.40848	0	0
k107_3440384 flag=0 multi=75.6119 len=73177	73177	88.3706	0.00414408	0.00640882	0	0	0	0	0	0	0.693585	0.997528	0	0	0.00414408	0.00729469	12.4278	20.5531	0.500981	0.730295	73.8818	106.771	0.858086	1.17175	0	0
k107_11211173 flag=0 multi=75.9811 len=13430	13430	92.3587	0	0	0	0	0	0	0	0	0.678093	0.87489	0	0	0	0	13.2258	20.2076	0.538924	0.605174	77.0652	137.943	0.850701	1.3494	0	0
k107_20650269 flag=0 multi=72.5169 len=22452	22452	93.3442	0	0	0	0	0	0	0	0	0.721445	1.20234	0	0	0	0	13.3693	21.9585	0.456569	0.628227	77.9495	123.348	0.847359	1.08597	0	0
k107_11143752 flag=0 multi=72.3777 len=27266	27266	94.6885	0.0112001	0.0206424	0	0	0	0	0	0	0.751076	0.986061	0	0	0	0	15.0915	23.9673	0.537235	0.60706	77.3669	113.455	0.930537	1.21286	0	0
k107_2275867 flag=0 multi=77.4740 len=7263	7263	91.8667	0.0433846	0.0570294	0	0	0	0	0	0	0.526218	1.20248	0	0	0	0	10.9181	13.3564	0.411148	0.455835	78.7555	89.4365	1.21233	2.43275	0	0
k107_22308191 flag=0 multi=73.9285 len=30659	30659	96.5254	0	0	0	0	0	0	0	0	0.722832	0.88964	0	0	0	0	15.9994	27.1601	0.496624	0.720352	78.4619	121.951	0.844616	1.09192	0	0
k107_19703444 flag=0 multi=77.9921 len=68150	68150	93.9195	0	0	0.00445113	0.00644647	0	0	0	0	0.867483	1.22185	0	0	0	0	14.3418	23.162	0.613371	0.867645	77.188	118.782	0.904433	1.09406	0	0
k107_24295503 flag=0 multi=75.3552 len=26532	26532	95.1581	0	0	0	0	0	0	0	0	0.707129	0.947815	0	0	0	0	12.2012	18.4765	0.425658	0.659115	80.8847	118.978	0.939421	1.29539	0	0
k107_11323322 flag=0 multi=72.0979 len=7971	7971	90.1141	0	0	0	0	0	0	0	0	0.756813	0.841816	0	0	0	0	9.86674	14.79	0.70961	0.751954	77.9268	122.789	0.854088	1.0491	0	0
k107_18833135 flag=0 multi=92.9697 len=19266	19266	89.841	0	0	0	0	0	0	0	0	1.00954	1.43205	0	0	0	0	13.5311	22.2836	0.453596	0.613013	73.92	114.223	0.926756	1.29349	0	0
k107_21259927 flag=0 multi=110.1769 len=16630	16630	96.3677	0	0	0	0	0	0	0	0	0.94243	1.36723	0	0	0	0	17.1232	28.4809	0.372795	0.474362	76.8402	98.976	1.08911	1.95153	0	0
k107_30354895 flag=0 multi=70.9901 len=14855	14855	93.2507	0	0	0	0	0	0	0.0207517	0.0318659	0.901601	1.10167	0	0	0	0	12.4788	21.1917	0.524565	0.777591	78.4863	131.845	0.838659	0.964631	0	0
k107_8378532 flag=0 multi=127.7059 len=6652	6652	89.2742	0	0	0	0	0	0	0	0	0.411968	0.996523	0	0	0	0	10.7359	13.7827	0.266929	0.333075	76.8672	120.186	0.992126	1.17054	0	0
k107_24619575 flag=0 multi=71.7643 len=2933	2933	96.5222	0	0	0	0	0	0	0	0	0.697453	1.20472	0	0	0	0	16.0304	10.4089	0.262638	0.250764	78.241	127.444	1.29076	1.58805	0	0
k107_24678865 flag=0 multi=75.5526 len=167714	167714	91.63	0.0054118	0.00781944	0	0	0	0	0	0	0.76424	1.1137	0	0	0	0	15.0989	36.3648	0.445183	0.638946	74.4341	112.897	0.881299	1.1908	0.000901966	0.000900977
k107_29064213 flag=0 multi=93.1118 len=4946	4946	95.626	0	0	0	0	0	0	0	0	0.832687	1.48623	0	0	0	0	13.4882	18.9679	0.388674	0.506777	79.5993	150.587	1.31718	1.63155	0	0
k107_14520451 flag=0 multi=91.8339 len=6063	6063	25.2777	0	0	0	0	0	0	0	0	0.942371	1.19764	0	0	0.0517271	0.0496818	11.7782	18.1574	9.00903	10.1051	3.28728	5.48897	0.209165	0.236215	0	0
k107_11157873 flag=0 multi=72.0224 len=57761	57761	87.5491	0	0	0	0	0	0	0	0	0.721628	0.957356	0	0	0	0	11.8793	18.8627	0.54263	0.739295	73.5114	110.857	0.894133	1.20788	0	0
k107_4555934 flag=0 multi=71.0033 len=45536	45536	89.9485	0	0	0	0	0	0	0	0	0.763872	0.977404	0	0	0	0	12.0821	20.5026	0.436773	0.621099	75.6397	139.264	1.02613	1.54719	0	0
k107_9858397 flag=0 multi=80.0365 len=36138	36138	95.7319	0	0	0	0	0	0	0	0	0.82113	1.52984	0	0	0	0	15.6447	35.9975	0.441456	0.539811	77.9117	119.219	0.912853	1.31055	0	0
k107_14235843 flag=0 multi=68.0671 len=17600	17600	91.8478	0	0	0	0	0	0	0	0	0.78142	1.22321	0	0	0	0	13.3734	28.204	0.540467	0.78672	76.1498	119.701	1.00272	1.24545	0	0
k107_10719592 flag=0 multi=84.4745 len=85595	85595	90.2673	0.00354074	0.00668328	0	0	0	0	0	0	0.715334	0.988499	0	0	0.00354074	0.00439431	13.4013	22.3512	0.518085	0.875878	74.8587	132.47	0.766827	1.0382	0	0
k107_19814738 flag=0 multi=73.1330 len=4492	4492	88.543	0	0	0	0	0	0	0	0	0.481384	0.669834	0	0	0	0	15.453	23.6192	0.468019	0.501626	71.0029	84.0224	1.13771	1.48617	0	0
k107_31024892 flag=0 multi=79.0158 len=86913	86913	91.215	0.00697371	0.0131195	0	0	0	0	0.00174343	0.00173769	0.759361	1.05533	0	0	0	0	13.175	20.3394	0.502153	0.67447	75.8415	126.287	0.928231	1.31375	0	0
k107_10147937 flag=0 multi=73.3862 len=126375	126375	87.0152	0	0	0	0	0	0	0	0	0.739254	1.0882	0	0	0	0	10.6034	19.5485	0.525172	0.701265	74.2207	111.132	0.926582	1.24602	0	0
k107_18039437 flag=0 multi=76.2957 len=37088	37088	96.6767	0	0	0	0	0.012097	0.0341661	0.00399609	0.00408717	0.759202	1.01333	0	0	0	0	17.605	36.2995	0.463464	0.615574	76.9554	120.833	0.877535	1.19469	0	0
k107_2496007 flag=0 multi=91.0000 len=23946	23946	93.137	0	0	0	0	0	0	0	0	1.14689	1.75882	0	0	0.0127728	0.0147194	15.636	22.5261	0.427677	0.597848	75.0039	108.94	0.909829	1.16018	0	0
k107_9985429 flag=0 multi=77.8912 len=138914	138914	94.7899	0.00217874	0.00323874	0	0	0	0	0	0	0.784131	1.2225	0	0	0	0	15.8459	31.6897	0.481964	0.704934	76.8192	122.729	0.856499	1.18255	0	0
k107_10518161 flag=0 multi=69.6453 len=39767	39767	95.6895	0	0	0	0	0	0	0	0	0.725808	1.14805	0	0	0.00765235	0.0101283	16.1694	29.7306	0.494996	0.603492	77.4505	120.779	0.841125	1.2427	0	0
k107_31499731 flag=0 multi=64.3992 len=3053	3053	90.0036	0	0	0	0	0	0	0	0	0.303889	0.346161	0	0	0	0	11.9702	19.1027	0.382406	0.375593	76.8361	82.7839	0.511087	0.556158	0	0
k107_24408629 flag=0 multi=73.5266 len=15419	15419	91.5035	0.0199775	0.0219603	0	0	0	0	0	0	0.738771	1.20306	0	0	0	0	13.4734	20.8348	0.588278	0.675643	75.7445	122.708	0.938612	1.63827	0	0
k107_18341032 flag=0 multi=72.0382 len=19822	19822	89.8247	0.00773566	0.00767622	0	0	0	0	0	0	0.703125	0.863359	0	0	0	0	11.6694	17.6725	0.500359	0.566593	75.9401	84.6152	1.00394	1.62816	0	0
k107_26702683 flag=0 multi=74.2809 len=120451	120451	91.5745	0.00501877	0.00713031	0	0	0	0	0	0	0.671167	1.01552	0	0	0	0	14.9362	23.888	0.47094	0.65987	74.662	128.35	0.827989	1.19375	0.00122348	0.00125389
k107_9668130 flag=0 multi=84.1831 len=85392	85392	89.8559	0.00709837	0.0165609	0.00354918	0.00423894	0	0	0	0	0.750829	1.09354	0	0	0	0	12.184	19.8629	0.509237	0.676744	75.5331	118.567	0.868151	1.08494	0	0
k107_4541740 flag=0 multi=65.2226 len=4204	4204	92.825	0	0	0	0	0	0	0	0	1.07611	1.41968	0	0	0	0	15.3601	18.361	0.622245	0.915971	74.8119	84.1779	0.954639	1.30903	0	0
k107_13785308 flag=0 multi=77.9998 len=82413	82413	94.3192	0	0	0	0	0	0	0	0	0.743895	1.03019	0	0	0.00734372	0.0212219	15.2972	24.4722	0.457783	0.603147	76.8902	119.309	0.922763	1.27363	0	0
k107_20740969 flag=0 multi=79.9774 len=27403	27403	92.2005	0.0111435	0.0203907	0	0	0	0	0	0	0.809601	1.26058	0	0	0	0	14.1928	23.9511	0.37803	0.43053	75.8141	112.402	0.99476	1.38306	0	0
k107_20985603 flag=0 multi=75.3345 len=31915	31915	93.9003	0	0	0	0	0	0	0	0	0.851485	1.29205	0	0	0	0	14.188	21.2152	0.438902	0.622122	77.4082	110.76	1.01373	1.24359	0	0
k107_928703 flag=0 multi=70.9774 len=25478	25478	92.8091	0	0	0	0	0	0	0	0	0.815062	1.0251	0	0	0	0	13.5475	22.1099	0.473308	0.708374	76.8338	103.549	1.13938	1.5985	0	0
k107_4019849 flag=0 multi=81.0507 len=30045	30045	89.292	0.01012	0.0151597	0	0	0	0	0	0	0.785798	0.936487	0	0	0	0	12.9414	19.5673	0.461352	0.613173	74.3275	112.037	0.765861	1.00398	0	0
k107_14244269 flag=0 multi=73.9713 len=24047	24047	94.847	0	0	0	0	0	0	0	0	0.820299	1.03601	0	0	0	0	15.2449	37.2918	0.571657	0.823171	77.325	146.157	0.885197	1.08979	0	0
k107_10903879 flag=0 multi=73.8505 len=22145	22145	90.584	0	0	0	0	0	0	0	0	0.758229	1.13209	0	0	0	0	13.7754	19.5336	0.614522	1.05354	74.5638	126.792	0.872041	0.848299	0	0
k107_7237628 flag=0 multi=70.7887 len=26721	26721	91.3721	0.0114312	0.0135686	0	0	0	0	0	0	0.824785	1.48336	0	0	0	0	14.5284	22.2735	0.469889	0.65038	74.636	123.969	0.901624	1.22093	0	0
k107_23424458 flag=0 multi=79.9363 len=88409	88409	90.4182	0.00342765	0.00352867	0	0	0	0	0	0	0.74573	1.18483	0	0	0	0	14.3241	38.5689	0.4781	0.644863	73.9638	110.207	0.903084	1.26561	0	0
k107_25453571 flag=0 multi=76.0248 len=4213	4213	110.109	0	0	0	0	0	0	0	0	0.386091	0.394103	0	0	0	0	28.9402	41.5699	0.518026	0.66554	78.9522	109.739	1.31296	1.51443	0	0
k107_24237489 flag=0 multi=72.0001 len=16150	16150	100.063	0	0	0	0	0	0	0	0	0.845974	1.26603	0	0	0	0	20.141	34.5713	0.608468	0.85621	77.5502	91.5785	0.917024	1.06549	0	0
k107_35122320 flag=0 multi=70.0341 len=41527	41527	89.9874	0	0	0	0	0	0	0	0	0.619624	0.775031	0	0	0	0	12.9328	19.5613	0.461128	0.677687	74.9717	113.145	1.00213	1.34279	0	0
k107_22775427 flag=0 multi=68.0305 len=30423	30423	93.418	0	0	0.00999303	0.0117795	0	0	0	0	0.810464	1.20199	0	0	0	0	12.9235	21.5583	0.49175	0.657338	78.2782	114.835	0.904153	1.13911	0	0
k107_31533196 flag=0 multi=71.9287 len=183596	183596	93.2911	0.00987485	0.0162216	0	0	0	0	0	0	0.838658	1.25726	0	0	0	0	13.0757	22.8113	0.520884	0.771427	77.9744	124.464	0.871583	1.19576	0	0
k107_18554980 flag=0 multi=70.0000 len=18411	18411	89.4314	0	0	0	0	0	0	0	0	0.714507	0.874181	0	0	0.0166768	0.0215895	12.0569	21.3285	0.432989	0.605302	75.1358	139.277	1.07455	1.6157	0	0
k107_20742180 flag=0 multi=58.0767 len=3510	3510	95.2893	0	0	0	0	0	0	0	0	0.899002	0.820825	0	0	0	0	21.1459	24.7644	0.374688	0.729391	72.1771	70.5444	0.692643	0.611242	0	0
k107_34434363 flag=0 multi=75.9956 len=141120	141120	94.8868	0.00427502	0.00618282	0	0	0	0	0	0	0.776293	1.14775	0	0	0.00214461	0.00259039	14.7623	24.5163	0.523548	0.729415	77.881	126.853	0.937224	1.229	0	0
k107_20573361 flag=0 multi=72.5111 len=22398	22398	90.6529	0	0	0	0	0	0	0	0	0.68922	1.13848	0	0	0	0	14.209	24.8703	0.381743	0.538522	74.465	105.043	0.907902	1.31102	0	0
k107_2582079 flag=0 multi=78.4016 len=15005	15005	90.2975	0.020404	0.038897	0	0	0	0	0	0	0.667143	0.860538	0	0	0	0	13.6493	20.489	0.533157	0.601311	74.5976	124.564	0.829899	1.02022	0	0
k107_3604233 flag=0 multi=66.5200 len=12387	12387	96.5505	0.0494001	0.071322	0	0	0.0364915	0.0465084	0	0	0.898717	1.14463	0.0121638	0.0123371	0	0	11.9845	14.3424	0.579065	0.691094	81.9292	139.68	1.04874	1.29233	0.0122466	0.0123367
k107_4541196 flag=0 multi=83.0102 len=28760	28760	94.7937	0	0	0	0	0	0	0	0	0.800654	0.929327	0	0	0	0	15.0891	19.1445	0.614871	0.757727	77.4145	134.488	0.874517	0.99317	0	0
k107_3313563 flag=0 multi=65.4597 len=7258	7258	98.7809	0	0	0	0	0	0	0	0	0.433007	0.627276	0	0	0	0	18.1202	31.4678	0.600057	0.961284	78.7345	111.578	0.871909	1.31047	0.0212766	0.0212414
k107_13400998 flag=0 multi=77.2885 len=174989	174989	94.3274	0.00171736	0.00341818	0	0	0	0	0.00172881	0.00343071	0.791496	1.12672	0	0	0	0	14.7246	28.5223	0.480768	0.619809	77.4537	125.859	0.873368	1.15767	0	0
k107_2532820 flag=0 multi=95.0173 len=29463	29463	93.7806	0	0	0	0	0	0	0	0	0.807002	0.991007	0	0	0	0	16.5665	32.5463	0.401221	0.477843	75.0889	108.293	0.917081	0.899317	0	0
k107_24715542 flag=0 multi=82.2454 len=88897	88897	93.0459	0	0	0	0	0	0	0	0	0.834607	1.42333	0	0	0.00340877	0.0046983	15.5388	26.709	0.4904	0.708444	75.3651	125.208	0.811818	1.07742	0.00170439	0.00169979
k107_29407043 flag=0 multi=72.0192 len=25997	25997	93.5009	0	0	0	0	0	0	0	0	0.598599	0.807353	0	0	0.0117143	0.0181573	14.9775	27.4903	0.363962	0.440165	76.5838	100.756	0.965363	1.59793	0	0
k107_23075551 flag=0 multi=75.2384 len=30998	30998	94.7339	0	0	0	0	0	0	0	0	0.708008	1.00296	0	0	0	0	15.5052	33.0098	0.516028	0.750391	77.1762	112.871	0.828414	1.30741	0	0
k107_9670996 flag=0 multi=79.0214 len=7964	7964	92.0483	0	0	0	0	0	0	0	0	0.846776	1.24167	0	0	0	0	14.2195	19.1845	0.414774	0.569145	75.7914	117.284	0.775777	0.574308	0	0
k107_8188399 flag=0 multi=81.1965 len=127345	127345	94.6353	0.00236141	0.00447754	0	0	0	0	0	0	0.756366	1.09472	0	0	0	0	15.1025	32.1742	0.510504	0.736965	77.3602	127.71	0.903324	1.19209	0	0
k107_24884610 flag=0 multi=79.9873 len=48113	48113	92.003	0	0	0	0	0	0	0	0	0.647947	0.95368	0	0	0	0	14.7738	22.2262	0.583485	0.807668	75.1934	111.971	0.804271	1.05097	0	0
k107_2023009 flag=0 multi=135.8992 len=7785	7785	88.4089	0	0	0	0	0	0	0	0	1.13618	1.78143	0	0	0.0541227	0.0512007	11.7862	16.1736	0.50274	0.675271	73.8257	88.4439	1.10397	1.68889	0	0
k107_11582836 flag=0 multi=72.0471 len=21667	21667	87.3651	0	0	0	0	0	0	0	0	0.808519	1.20427	0	0	0	0	9.51285	10.4793	0.571495	0.727886	75.4677	135.994	1.00449	1.1648	0	0
k107_2997772 flag=0 multi=70.0223 len=42443	42443	91.8606	0	0	0.00716642	0.0094888	0	0	0	0	0.622956	0.889197	0	0	0	0	12.4144	17.6254	0.493771	0.777942	77.4318	120.361	0.89051	1.06398	0	0
k107_22946312 flag=0 multi=82.0129 len=47237	47237	95.2576	0	0	0	0	0	0	0	0	0.73621	1.05312	0	0	0	0	16.4019	30.5301	0.501268	0.699035	76.7283	126.787	0.889975	1.26617	0	0
k107_1907428 flag=0 multi=80.9972 len=104680	104680	95.3638	0	0	0.00289333	0.00287965	0	0	0	0	0.788873	1.28701	0	0	0	0	16.1998	46.1068	0.469792	0.624931	77.0513	121.299	0.851176	1.15794	0	0
k107_35104828 flag=0 multi=80.9657 len=12591	12591	96.8048	0	0	0	0	0	0	0	0	0.859305	1.56687	0	0	0	0	17.7665	44.3174	0.417446	0.594442	77.0096	108.051	0.751973	0.933515	0	0
k107_28660289 flag=0 multi=66.0929 len=8847	8847	97.0418	0	0	0	0	0	0	0	0	0.679696	0.845301	0	0	0	0	18.874	27.6467	0.594968	0.715683	75.7682	101.401	1.12499	2.02888	0	0
k107_31681222 flag=0 multi=68.8107 len=2675	2675	98.4492	0	0	0	0	0	0	0	0	0.733249	1.16193	0	0	0	0	16.2937	39.9611	0.753898	1.30517	79.799	61.4275	0.869364	1.05796	0	0
k107_31532448 flag=0 multi=73.1575 len=75964	75964	92.6823	0	0	0	0	0	0	0	0	0.727591	1.11774	0	0	0	0	13.9974	22.8262	0.532381	0.739866	76.4769	117.545	0.948098	1.31904	0	0
k107_11423430 flag=0 multi=71.0243 len=22479	22479	92.779	0	0	0	0	0	0	0	0	0.720882	0.905573	0	0	0	0	15.9095	24.9124	0.523966	0.895702	74.9032	90.7183	0.721378	1.12113	0	0
k107_8221713 flag=0 multi=68.0318 len=15950	15950	92.9218	0	0	0	0	0	0	0	0	0.746485	0.798354	0	0	0	0	16.5459	19.0954	0.464852	0.608057	74.2953	162.807	0.869248	1.16264	0	0
k107_3927742 flag=0 multi=87.4087 len=10654	10654	92.1862	0	0	0	0	0.01449	0.0143754	0	0	0.61051	0.796973	0	0	0	0	11.7977	15.4815	0.733771	1.03194	77.9528	162.911	1.04801	1.32259	0.0289799	0.028325
k107_25636820 flag=0 multi=73.9634 len=63363	63363	92.5748	0	0	0	0	0	0	0	0	0.815528	1.30893	0.00478901	0.0079119	0	0	12.7778	20.8406	0.451959	0.640791	77.5802	113.494	0.944546	1.38806	0	0
k107_27031107 flag=1 multi=8.0000 len=4102	4102	5.77421	0	0	0	0	0	0	0	0	0	0	0	0	0	0	0	0	0	0	4.74474	6.53646	1.02947	1.58352	0	0
k107_30525436 flag=0 multi=73.3462 len=10000	10000	92.4009	0	0	0	0	0	0	0	0	0.530316	0.718431	0	0	0	0	13.355	23.0488	0.466797	0.753279	76.9072	141.844	1.14158	1.56948	0	0
k107_10449923 flag=0 multi=72.0091 len=96750	96750	90.0439	0	0	0	0	0	0	0	0	0.745822	1.04479	0	0	0	0	12.7505	23.7888	0.533158	0.756992	75.1472	129.568	0.867182	1.13803	0	0
k107_24994747 flag=0 multi=67.9249 len=41376	41376	87.8852	0.00735258	0.00735376	0.0072552	0.0131931	0	0	0	0	0.716268	1.06741	0	0	0	0	11.6199	16.9065	0.411379	0.539757	74.2723	118.779	0.850806	1.19797	0	0
k107_17407413 flag=0 multi=69.9399 len=12529	12529	89.5236	0	0	0	0	0	0	0	0	0.956163	1.4994	0	0	0	0	9.21657	14.0332	0.776969	0.987857	77.3978	124.821	1.17609	1.62544	0	0
k107_33992537 flag=0 multi=77.2882 len=8182	8182	90.4732	0	0	0	0	0	0	0	0	1.16739	1.5735	0	0	0	0	11.5838	16.4309	0.482107	0.571617	76.549	108.024	0.69099	0.606123	0	0
k107_8210132 flag=0 multi=69.9959 len=35190	35190	91.2013	0	0	0	0	0	0	0	0	0.717639	0.908837	0	0	0	0	14.1749	22.8063	0.571113	0.67843	74.9653	136.592	0.772415	1.44342	0	0
k107_13150419 flag=0 multi=81.7699 len=94871	94871	88.6982	0	0	0	0	0	0	0	0	0.821517	1.1556	0	0	0.00318286	0.00317517	10.4983	18.5145	0.499297	0.738443	75.9663	116.319	0.909674	1.24968	0	0
k107_31298190 flag=0 multi=70.1252 len=5715	5715	98.3268	0	0	0	0	0	0	0	0	0.714022	0.842384	0	0	0	0	10.6313	13.2041	0.600222	1.03429	85.2326	132.351	1.14872	1.17251	0	0
k107_7520137 flag=0 multi=88.3235 len=19251	19251	89.6713	0.0159375	0.0279264	0	0	0	0	0	0	0.772389	1.18014	0	0	0	0	12.6089	18.0868	0.588949	0.659064	74.7251	133.565	0.960103	1.32835	0	0
k107_32700620 flag=0 multi=75.3104 len=3000	3000	95.4129	0	0	0	0	0	0	0	0	0.783543	0.794803	0	0	0	0	11.791	16.3725	0.427724	0.743957	81.4781	149.391	0.932543	1.15169	0	0
k107_2983642 flag=0 multi=71.8891 len=72822	72822	90.9316	0	0	0	0	0	0	0	0	0.674035	0.997861	0	0	0.00416437	0.00674164	12.5217	26.0753	0.424338	0.593214	76.439	123.116	0.868367	1.11445	0	0
k107_15586087 flag=0 multi=74.5951 len=3162	3162	94.8731	0	0	0	0	0	0	0	0	1.26224	1.4807	0	0	0	0	9.70594	11.2543	0.90979	1.30786	81.7531	96.4586	1.24196	1.01856	0	0
k107_9778082 flag=0 multi=72.9909 len=79713	79713	90.0133	0	0	0	0	0	0	0	0	0.795242	1.1295	0	0	0.00377781	0.00378301	13.6037	22.06	0.425294	0.631876	74.394	126.135	0.791188	1.00172	0	0
k107_27523592 flag=0 multi=72.4678 len=12255	12255	92.4178	0.0505312	0.0991905	0	0	0	0	0	0	1.01824	1.41469	0	0	0	0	13.0491	21.4878	0.492429	0.771433	76.7746	94.9823	1.03288	2.63326	0	0
k107_18716861 flag=0 multi=78.6537 len=127676	127676	94.4282	0.00237097	0.00327264	0.00236312	0.00325622	0	0	0	0	0.697301	1.0298	0	0	0	0	15.5769	29.471	0.466626	0.657127	76.8505	122.755	0.832211	1.0619	0	0
k107_8271183 flag=0 multi=72.9927 len=57162	57162	96.5337	0	0	0.00531129	0.00616439	0	0	0	0	0.820084	1.25793	0	0	0	0	15.3018	26.8403	0.575361	0.800736	79.1207	127.172	0.710429	1.02927	0	0
k107_20587282 flag=0 multi=53.8734 len=3708	3708	88.9442	0	0	0	0	0	0	0	0	0.795948	1.77181	0	0	0.113329	0.190789	10.7352	19.4436	0.475925	0.771794	75.941	113.882	0.882854	1.35219	0	0
k107_528597 flag=0 multi=74.9717 len=22669	22669	98.5551	0	0	0	0	0	0	0	0	0.884249	1.65356	0	0	0	0	18.2974	35.9257	0.392498	0.493187	77.8421	136.508	1.13873	1.48913	0	0
k107_15770655 flag=0 multi=74.1648 len=24573	24573	93.2599	0	0	0	0	0	0	0	0	0.845495	1.22477	0	0	0	0	14.0826	23.8484	0.404021	0.679537	77.0646	115.43	0.863129	1.47531	0	0
k107_34704822 flag=0 multi=68.9674 len=16681	16681	91.1358	0	0	0	0	0	0	0	0	0.72593	1.10373	0	0	0	0	14.1075	24.4797	0.514317	0.631602	74.9796	143.256	0.808474	0.934441	0	0
k107_15184895 flag=0 multi=75.0000 len=79446	79446	93.6686	0.00381583	0.00382308	0	0	0	0	0	0	0.894079	1.3997	0	0	0	0	15.5187	51.5678	0.438239	0.563076	75.8685	130.424	0.945264	1.2554	0	0
k107_19576115 flag=0 multi=73.2029 len=230350	230350	89.6131	0.00131277	0.00131018	0	0	0	0	0.00131277	0.00156236	0.841142	1.2716	0	0	0.00131277	0.00217911	12.8319	21.7224	0.468159	0.637444	74.6049	106.939	0.863098	1.12301	0	0
k107_34210995 flag=0 multi=18.6685 len=6252	6252	6.00134	0.0504202	0.0949123	0	0	0	0	0	0	0.57479	0.694235	0.427563	0.556619	0	0	3.44303	5.11401	0.125546	0.13603	0.350756	0.394498	1.02924	1.68944	0	0
k107_15180101 flag=0 multi=72.0270 len=16437	16437	93.9131	0	0	0	0	0	0	0	0	0.683669	0.97608	0	0	0	0	15.9836	23.3846	0.431174	0.552015	76.0529	100.42	0.761822	0.849669	0	0
k107_6830780 flag=0 multi=82.9356 len=5093	5093	94.556	0	0	0.000834899	0.00500361	0	0	0	0	0.575245	0.762511	0	0	0	0	16.0232	24.9936	0.32081	0.616698	76.9265	123.234	0.709455	0.740802	0	0
k107_20466509 flag=0 multi=82.5359 len=11845	11845	92.8882	0	0	0	0	0	0	0	0	0.980421	1.55611	0	0	0.00034653	0.000346559	11.7202	15.8112	0.483323	0.53448	78.8927	125.776	0.811314	0.791871	0	0
k107_26079232 flag=0 multi=67.9975 len=99484	99484	89.9848	0.00304491	0.00460203	0	0	0	0	0	0	0.758787	1.05123	0	0	0	0	13.4564	21.2347	0.450939	0.606153	74.4855	119.214	0.830151	1.21195	0	0
k107_30341265 flag=0 multi=68.0114 len=27159	27159	90.4267	0	0	0	0	0	0	0	0	0.75902	0.839676	0	0	0	0	14.1239	26.1169	0.432513	0.690223	74.2	110.828	0.911271	1.16724	0	0
k107_387862 flag=0 multi=70.3984 len=89559	89559	91.9475	0.0083915	0.0110007	0	0	0	0	0	0	0.802873	1.13143	0.00169174	0.00168752	0	0	15.0613	25.0151	0.446307	0.567485	74.7855	112.736	0.84148	1.07642	0	0
k107_4419131 flag=0 multi=88.0718 len=39540	39540	92.8417	0	0	0	0	0	0	0	0	0.82833	1.10993	0	0	0	0	14.3196	22.4587	0.342321	0.444151	76.4771	121.024	0.870508	1.20884	0.00379734	0.00383394
k107_18408307 flag=0 multi=127.0329 len=14411	14411	90.2162	0	0	0	0	0	0	0	0	0.845276	1.63793	0	0	0	0	11.7798	20.3652	0.458006	0.632571	76.356	88.9871	0.777164	1.37818	0	0
k107_17934337 flag=0 multi=80.0000 len=70041	70041	93.0894	0.00431609	0.00595619	0	0	0	0	0	0	0.90853	1.44058	0	0	0	0	16.9414	28.4852	0.490945	0.716339	73.8922	111.52	0.851948	1.1655	0	0
k107_22450667 flag=0 multi=70.9988 len=49390	49390	87.5183	0	0	0	0	0	0	0	0	0.979975	1.61641	0	0	0	0	12.1119	16.8615	0.525342	0.64428	72.8575	115.188	1.04351	1.58365	0	0
k107_20561722 flag=0 multi=71.0000 len=15822	15822	98.9947	0	0	0	0	0	0	0	0	1.01907	1.25629	0	0	0.0194588	0.0237181	15.0811	20.7545	0.36933	0.450616	81.5232	117.008	0.982474	1.70031	0	0
k107_14849689 flag=1 multi=59.2210 len=3691	3691	6.22337	0	0	0	0	0	0	0	0	0.71378	1.24114	0.623488	0.880229	0	0	3.39215	5.09777	0.0433756	0.0425824	0.394217	0.377809	1.05636	1.22471	0	0
k107_16957660 flag=1 multi=13.0758 len=9400	9400	11.0074	0	0	0	0	0	0	0	0	0.197626	0.339313	0	0	0	0	10.7771	15.0025	0	0	0.0326445	0.0356107	0	0	0	0
k107_465233 flag=0 multi=77.3046 len=147148	147148	92.9652	0	0	0	0	0	0	0	0	0.818912	1.16238	0	0	0	0	14.4737	23.6991	0.462158	0.660479	76.2948	127.182	0.915674	1.22968	0	0
k107_15679470 flag=0 multi=58.0200 len=11428	11428	79.4137	0	0	0	0	0	0	0	0	0.769549	1.09293	0	0	0.0542873	0.131518	9.89969	18.4814	0.371562	0.717528	67.1943	78.4368	1.1243	1.34223	0	0
k107_31698393 flag=0 multi=34.2491 len=3876	3876	26.0193	0	0	0	0	0	0	0	0	0.928931	1.27853	0	0	0.0844992	0.132236	15.4868	36.4862	7.00867	9.67135	2.51035	4.67197	0	0	0	0
k107_30326360 flag=0 multi=87.9843 len=8026	8026	93.8542	0.191222	1.00567	0.0574832	0.0919893	0.0576126	0.135754	0.0570948	0.0989809	0.937985	1.19059	0	0	0	0	15.0531	26.637	0.422838	0.554072	76.3638	127.284	0.713102	1.10492	0	0
k107_5329767 flag=1 multi=14.7297 len=5545	5545	6.13466	0	0	0	0	0	0	0	0	0.68663	1.01995	0.400725	0.632913	0	0	3.31432	4.70198	0.313561	0.36833	0.427999	0.509415	0.991417	1.35328	0	0
k107_31872017 flag=0 multi=65.0141 len=26906	26906	90.6956	0	0	0	0	0	0	0	0	0.71275	0.980193	0	0	0	0	12.6122	18.2803	0.419373	0.499218	75.9751	102.745	0.976244	1.33752	0	0
k107_15695737 flag=0 multi=72.0196 len=70149	70149	89.5221	0	0	0	0	0	0	0.00430942	0.00454271	0.845792	1.29362	0	0	0.00432374	0.00431636	12.3715	17.2636	0.572809	0.763552	74.7975	129.18	0.925924	1.2115	0	0
k107_27019409 flag=0 multi=83.4735 len=84063	84063	96.5554	0.00358162	0.00403436	0	0	0	0	0	0	0.716324	1.07863	0	0	0.00540824	0.00561824	16.5068	27.0028	0.489858	0.710499	77.9175	144.272	0.915892	1.37853	0	0
k107_1023071 flag=0 multi=74.1012 len=257069	257069	92.1212	0.0064689	0.0103406	0.00117616	0.00129839	0	0	0.00117616	0.00117389	0.787601	1.28624	0	0	0.00117616	0.00117379	15.1347	28.3563	0.498701	0.735589	74.8183	115.303	0.871899	1.14354	0	0
k107_13518210 flag=0 multi=70.5020 len=14692	14692	89.4816	0.0209868	0.0324892	0	0	0	0	0	0	0.70681	1.13081	0	0	0	0	14.0873	19.5475	0.54524	0.555044	73.0079	111.924	1.11334	1.45557	0	0
k107_20143973 flag=0 multi=129.7689 len=4274	4274	99.8467	0	0	0	0	0	0	0	0	0.800604	0.762864	0	0	0	0	18.888	22.8632	0.303122	0.264062	78.6085	69.6443	1.24648	1.19887	0	0
k107_2632714 flag=0 multi=76.2866 len=151285	151285	91.4315	0	0	0	0	0	0	0	0	0.744607	1.24406	0.00200023	0.00386165	0.00200023	0.00199615	14.9563	29.3343	0.506534	0.655264	74.3502	114.752	0.86884	1.11048	0.000980243	0.000998413
k107_31744792 flag=0 multi=88.6128 len=36991	36991	91.0098	0	0	0	0	0	0	0	0	0.806045	1.28114	0	0	0.00823135	0.0100652	10.9044	14.1231	0.586797	0.722343	77.8677	127.424	0.836681	1.00253	0	0
k107_11879105 flag=0 multi=68.0000 len=6400	6400	84.7083	0	0	0	0	0	0	0	0	0.873401	1.17992	0	0	0	0	12.2542	19.7452	0.742539	0.891026	69.7261	127.767	1.112	1.33599	0	0
k107_16598508 flag=0 multi=68.9965 len=24044	24044	95.3843	0	0	0	0	0	0	0	0	0.927723	1.49211	0	0	0	0	15.3415	34.9039	0.641311	1.28019	77.6301	132.811	0.843737	1.03387	0	0
k107_1809132 flag=0 multi=95.9924 len=32842	32842	92.1613	0	0	0.00925015	0.00919877	0	0	0	0	0.808728	1.12898	0	0	0	0	11.2712	18.1766	0.537738	0.735833	78.5359	120.229	0.998402	1.19297	0	0
k107_11180158 flag=0 multi=68.9825 len=45995	45995	93.5774	0	0	0	0	0	0	0	0	0.749546	1.28969	0	0	0	0	16.2111	33.4346	0.508415	0.775581	75.3636	130.645	0.744666	0.916538	0	0
k107_35482746 flag=0 multi=72.9940 len=18697	18697	94.1266	0	0	0	0	0	0	0	0	0.934221	1.06789	0	0	0	0	15.6901	27.4435	0.434629	0.67619	76.0929	114.245	0.974721	1.90774	0	0
k107_19320290 flag=0 multi=79.0131 len=4538	4538	98.2311	0	0	0	0	0	0	0	0	0.584042	0.550425	0	0	0	0	16.3971	21.6052	0.439566	0.489199	79.8862	114.857	0.924221	1.1973	0	0
k107_95305 flag=0 multi=83.0353 len=52263	52263	93.3332	0	0	0	0	0.00573507	0.0113217	0	0	0.855392	1.36441	0	0	0	0	14.3575	20.9855	0.521218	0.799621	76.7446	142.143	0.84294	1.17034	0.00573507	0.00735593
k107_20426287 flag=0 multi=69.9941 len=65851	65851	88.9573	0	0	0	0	0	0	0.00460724	0.00821649	0.819448	1.20918	0	0	0	0	11.9193	18.5448	0.43929	0.667904	74.9478	114.099	0.826832	1.04335	0	0
k107_7544011 flag=0 multi=104.6041 len=2620	2620	89.8387	0	0	0	0	0	0	0	0	1.16954	1.64215	0	0	0	0	11.7118	25.5149	0.792062	1.26019	75.1229	176.08	1.04228	0.767322	0	0
k107_21702894 flag=0 multi=64.2032 len=9556	9556	94.7619	0	0	0	0	0	0	0	0	0.635401	1.10346	0	0	0	0	14.4601	21.0493	0.422304	0.550849	78.3478	129.789	0.896261	1.10127	0	0
k107_28025320 flag=0 multi=71.0121 len=73599	73599	94.151	0.00412022	0.00454791	0	0	0	0	0	0	0.655784	0.866032	0	0	0	0	16.1346	25.7433	0.505314	0.750486	75.9054	117.112	0.945796	1.1391	0	0
k107_17412315 flag=0 multi=74.9775 len=37407	37407	92.9166	0	0	0	0	0	0	0	0	0.760167	1.13349	0	0	0	0	15.8394	36.9349	0.620644	0.8474	74.7359	133.077	0.960598	1.14601	0	0
k107_32656529 flag=0 multi=64.9867 len=39147	39147	86.3682	0	0	0	0	0	0	0	0	0.739349	1.00046	0	0	0.00777449	0.00838363	11.5652	19.152	0.380023	0.536082	72.744	115.052	0.931754	1.32356	0	0
k107_20089590 flag=0 multi=74.8402 len=80121	80121	94.9874	0.00378356	0.00571517	0	0	0	0	0	0	0.762187	0.968125	0	0	0	0	16.9516	29.9811	0.642303	0.819913	75.7987	119.243	0.828813	1.14603	0	0
k107_23050076 flag=0 multi=71.0290 len=58149	58149	91.4417	0	0	0	0	0	0	0	0	0.774318	1.15635	0	0	0	0	13.8401	18.7876	0.480509	0.706482	75.4644	132.615	0.882293	1.19129	0	0
k107_30084084 flag=0 multi=70.9698 len=30276	30276	86.974	0	0	0	0	0	0	0	0	0.737906	1.01662	0	0	0	0	10.8965	17.2801	0.436812	0.722462	73.9123	126.606	0.990458	1.09763	0	0
k107_14460676 flag=0 multi=70.9646 len=4964	4964	82.5757	0	0	0	0	0	0	0	0	1.00815	2.09864	0	0	0	0	9.20957	15.4944	0.367868	0.584032	71.2467	185.621	0.743458	0.860264	0	0
k107_30346186 flag=0 multi=70.9590 len=8642	8642	91.9411	0	0	0	0	0	0	0	0	0.815588	1.08088	0	0	0	0	10.8639	15.0618	0.422062	0.482831	78.6492	128.795	1.19041	1.34194	0	0
k107_5360685 flag=0 multi=74.9925 len=42019	42019	88.1353	0	0	0	0	0	0	0	0	0.725915	1.11489	0	0	0.00723926	0.00815092	13.4276	20.2561	0.434859	0.600563	72.5604	111.276	0.979265	1.40524	0	0
k107_6841608 flag=0 multi=74.0000 len=20576	20576	93.2849	0	0	0.00725067	0.00739353	0	0	0.0291506	0.0451941	0.760383	1.07288	0.0145507	0.0252272	0	0	9.54069	13.893	0.565651	0.614412	81.5679	121.631	0.799398	0.973457	0	0
k107_10054252 flag=0 multi=333.3994 len=3374	3374	85.5479	0	0	0	0	0	0	0	0	0.491536	0.974241	0	0	0	0	10.6432	18.1428	0.588216	0.509661	73.0527	125.936	0.772135	0.585096	0	0
k107_8785348 flag=0 multi=65.0515 len=8650	8650	93.0568	0	0	0	0	0	0	0	0	0.857571	1.21171	0	0	0	0	15.2765	22.4377	0.743412	0.823871	75.2411	130.589	0.938189	1.95387	0	0
k107_4224866 flag=0 multi=81.3017 len=102836	102836	91.9984	0.00292586	0.00513945	0	0	0	0	0	0	0.870502	1.22033	0	0	0.00143367	0.00146843	13.5703	30.3512	0.379503	0.487383	76.1855	114.426	0.988248	1.2883	0	0
k107_11606481 flag=0 multi=68.5582 len=6856	6856	90.0903	0	0	0	0	0	0	0	0	0.668599	0.83994	0	0	0	0	14.8241	15.4174	0.36802	0.375626	73.5685	90.5903	0.661123	0.940037	0	0
k107_32791126 flag=0 multi=76.1724 len=24563	24563	95.1952	0	0	0	0	0	0	0	0	0.845884	1.43219	0	0	0	0	17.4742	35.4567	0.47294	0.640692	75.5301	101.202	0.872058	1.14582	0	0
k107_33499063 flag=0 multi=76.0001 len=30862	30862	93.5061	0.0098822	0.0151512	0	0	0	0	0	0	0.771924	1.05976	0	0	0	0	14.2511	29.9963	0.606774	0.774211	76.9021	110.407	0.964332	1.16417	0	0
k107_1919251 flag=0 multi=69.8184 len=9462	9462	92.543	0	0	0	0	0	0	0	0	0.724563	0.906309	0	0	0	0	11.1604	15.0438	0.526856	0.682734	79.0497	85.505	1.04902	1.44768	0.0325328	0.0504563
k107_33030774 flag=0 multi=69.0009 len=44731	44731	90.048	0	0	0	0	0	0	0	0	0.868014	1.30206	0	0	0.00679736	0.0103105	12.1988	21.8341	0.4834	0.726605	75.7208	131.618	0.770173	1.02108	0	0
k107_13405748 flag=0 multi=69.9953 len=30706	30706	89.4391	0.00966978	0.0197184	0.00970267	0.00982944	0	0	0.00483489	0.00494616	0.842027	1.15414	0.00970267	0.0135791	0	0	11.6118	16.2464	0.420307	0.53093	75.6055	117.884	0.925503	1.21487	0	0
k107_16410323 flag=0 multi=87.4292 len=25620	25620	92.6891	0.0119283	0.0132933	0	0	0	0	0	0	0.790979	1.20269	0	0	0	0	10.9218	17.2932	0.565843	0.872266	79.5579	108.92	0.840548	1.23573	0	0
k107_4562717 flag=0 multi=70.4013 len=17153	17153	88.2268	0	0	0	0	0	0	0	0	0.870571	1.55641	0	0	0	0	11.9036	16.6798	0.360987	0.433158	74.2449	111.84	0.837873	0.98751	0.00884221	0.00887797
k107_29315372 flag=1 multi=207.0000 len=3087	3087	5.98169	0	0	0	0	0	0	0	0	0.622262	0.682611	0	0	0	0	3.27361	4.26475	0.216876	0.536261	0.799282	0.779517	1.06966	1.29364	0	0
k107_32344526 flag=0 multi=69.1005 len=47305	47305	90.3022	0	0	0	0	0	0	0	0	0.660022	0.952192	0	0	0.00642512	0.00637556	9.55377	14.0237	0.62162	0.926979	78.4815	118.37	0.975576	1.449	0.00319129	0.00320465
k107_3754179 flag=0 multi=71.1143 len=23885	23885	92.2155	0.0128058	0.0126314	0	0	0	0	0	0	0.8571	1.09059	0	0	0	0	10.4192	18.8339	0.585422	0.725456	79.4154	107.863	0.92554	1.48996	0	0
k107_13401958 flag=0 multi=73.3217 len=3915	3915	89.4177	0	0	0	0	0	0	0	0	1.0941	2.1047	0	0	0	0	11.3238	8.12387	0.343482	0.285534	75.7152	94.0893	0.941046	1.11335	0	0
k107_20474434 flag=0 multi=65.9206 len=7224	7224	87.7962	0	0	0	0	0	0	0	0	0.640855	0.854507	0	0	0	0	10.664	21.8225	0.484686	0.585002	75.055	246.425	0.951604	1.50143	0	0
k107_16238708 flag=0 multi=75.8624 len=3923	3923	6.23419	0	0	0	0	0	0	0	0	0.649268	1.49962	0.373378	0.479832	0	0	3.38636	6.81153	0.474455	0.438164	0.30406	0.453268	1.04667	1.32786	0	0
k107_15713523 flag=0 multi=87.1742 len=121315	121315	94.924	0	0	0	0	0	0	0	0	0.788023	1.10113	0	0	0.0024956	0.00389039	17.593	36.808	0.510722	0.663939	75.2359	122.201	0.793915	1.1054	0	0
k107_17636191 flag=1 multi=30.0000 len=5613	5613	6.3971	0.0568631	0.096202	0	0	0	0	0	0	0.782903	0.85758	0.507437	0.678557	0	0	2.91019	3.52773	0.367727	0.433415	0.729241	1.14756	1.04274	1.22403	0	0
k107_8947734 flag=0 multi=87.9896 len=36846	36846	89.9769	0	0	0	0	0	0	0	0	0.592984	0.983155	0	0	0	0	12.4246	19.0557	0.487905	0.636965	75.3575	121.435	1.11397	1.34505	0	0
k107_13431497 flag=0 multi=73.0058 len=41092	41092	91.3729	0	0	0	0	0	0	0	0	0.787105	1.09847	0	0	0	0	13.0264	22.8905	0.53442	0.794907	76.1674	112.379	0.857539	1.343	0	0
k107_27742398 flag=0 multi=72.0130 len=69546	69546	88.6008	0	0	0	0	0	0	0	0	0.745682	1.10092	0	0	0	0	11.8904	22.3171	0.509084	0.736969	74.5761	122.185	0.879527	1.30793	0	0
k107_32353803 flag=0 multi=67.1354 len=18315	18315	91.8114	0	0	0	0	0	0	0.00816077	0.00825851	0.872981	1.16602	0	0	0	0	12.9751	19.6922	0.360073	0.413308	76.8508	139.597	0.744351	1.01645	0	0
k107_33018197 flag=0 multi=80.0494 len=84105	84105	98.117	0	0	0	0	0	0	0	0	0.782597	1.09781	0	0	0	0	16.8868	34.3137	0.543608	0.685359	79.0224	115.856	0.881544	1.14169	0	0
k107_35709254 flag=0 multi=75.9116 len=2778	2778	27.1721	0	0	0	0	0	0	0	0	1.01252	1.19212	0	0	0	0	14.5751	29.5441	7.62682	7.51132	3.71405	6.1189	0.243538	0.18451	0	0
k107_5674889 flag=0 multi=85.9915 len=32441	32441	89.0547	0	0	0	0	0	0	0	0	0.591431	0.742574	0	0	0	0	11.4846	12.8187	0.478795	0.727502	75.5438	127.4	0.95619	1.25266	0	0
k107_25578850 flag=0 multi=199.7313 len=5798	5798	92.4303	0	0	0	0	0	0	0	0	1.11481	1.2037	0	0	0	0	11.4083	15.3648	0.493996	0.663833	78.4343	104.547	0.978894	2.01266	0	0
k107_20458106 flag=0 multi=70.0037 len=128430	128430	90.3791	0.00235702	0.00328263	0	0	0	0	0	0	0.797702	1.21014	0	0	0	0	12.9971	25.0854	0.468586	0.616588	75.2036	110.304	0.909731	1.25588	0	0
k107_4218194 flag=0 multi=103.1301 len=20113	20113	101.378	0	0	0	0	0	0	0	0	0.823229	1.15493	0	0	0	0	20.8933	40.6324	0.562667	0.677107	78.1243	104.277	0.974812	1.32231	0	0
k107_11771886 flag=0 multi=73.8335 len=118491	118491	92.4627	0	0	0	0	0	0	0	0	0.795243	1.18123	0	0	0	0	14.0978	22.68	0.461608	0.641088	76.1007	116.361	1.00606	1.44082	0.00125223	0.0012744
k107_17006083 flag=0 multi=73.9385 len=71361	71361	93.36	0.00423592	0.00607167	0.00424999	0.005419	0	0	0	0	0.774877	1.29696	0	0	0	0	14.601	25.1355	0.484077	0.67002	76.737	106.547	0.754556	0.973962	0	0
