contigName	contigLen	totalAvgDepth	Cen01_MA.bam	Cen01_MA.bam-var	Cen03_MA.bam	Cen03_MA.bam-var	Cen04_MA.bam	Cen04_MA.bam-var	Cen05_MA.bam	Cen05_MA.bam-var	Cen06_MA.bam	Cen06_MA.bam-var	Cen07_MA.bam	Cen07_MA.bam-var	Cen10_MA.bam	Cen10_MA.bam-var	Cen12_MA.bam	Cen12_MA.bam-var	Cen14_MA.bam	Cen14_MA.bam-var	Cen15_MA.bam	Cen15_MA.bam-var	Cen16_MA.bam	Cen16_MA.bam-var	Cen17_MA.bam	Cen17_MA.bam-var
k107_25417377 flag=1 multi=7.0000 len=4408	4408	6.30589	0	0	0	0	0	0	0	0	0	0	0	0	0.587677	0.945288	5.71822	8.81764	0	0	0	0	0	0	0	0
k107_6438967 flag=0 multi=22.9273 len=21940	21940	19.3741	0.0138183	0.0247513	0	0	0	0	0	0	0.0136334	0.0164358	0	0	1.56951	1.7814	17.2753	25.2046	0.04127	0.0464336	0.460255	0.645921	0.00027729	0.000415781	0	0
k107_3591341 flag=0 multi=37.9948 len=50731	50731	20.2123	0	0	0	0	0	0	0	0	0	0	0	0	1.67749	1.97282	18.0563	25.1235	0.0508438	0.0592733	0.407266	0.615629	0.0204049	0.140431	0	0
k107_7272842 flag=0 multi=20.0108 len=46181	46181	20.5414	0	0	0	0	0	0	0	0	0	0	0	0	1.4887	1.7295	18.5265	22.7249	0.0605506	0.11691	0.465638	0.635501	0	0	0	0
k107_4003266 flag=0 multi=26.7484 len=27751	27751	20.0719	0	0	0	0	0	0	0	0	0	0	0	0	1.89679	2.86548	17.7244	24.7321	0	0	0.412656	0.77016	0.038107	0.707012	0	0
k107_16128252 flag=0 multi=47.9964 len=11543	11543	20.1789	0	0	0	0	0	0	0	0	0	0	0	0	1.2506	0.936665	18.4185	31.0568	0.107464	0.116042	0.402366	0.574087	0	0	0	0
k107_7967860 flag=0 multi=22.0000 len=52094	52094	21.6558	0	0	0	0	0	0	0	0	0	0	0	0	1.68074	1.93648	19.419	26.4472	0.0437326	0.0608522	0.51228	0.74426	0	0	0	0
k107_1893950 flag=0 multi=21.9994 len=32190	32190	20.2105	0	0	0	0	0	0	0	0	0	0	0	0	1.47827	1.53514	18.2655	26.3469	0.0284119	0.0337596	0.438315	0.732303	0	0	0	0
k107_23388133 flag=0 multi=25.0743 len=3202	3202	17.7997	0	0	0	0	0	0	0	0	0	0	0	0	1.28759	1.13932	15.8079	41.1722	0	0	0.704138	0.854696	0	0	0	0
k107_18487052 flag=0 multi=33.9520 len=24999	24999	19.2533	0	0	0	0	0	0	0	0	0	0	0	0	1.62643	1.95763	17.3336	29.3417	0.0244564	0.03715	0.268778	0.443911	0	0	0	0
k107_34738363 flag=0 multi=20.0907 len=86966	86966	20.4968	0	0	0	0	0	0	0	0	0	0	0	0	1.7932	2.26319	18.1855	26.3311	0.0675598	0.0907257	0.450487	0.558273	0	0	0	0
k107_18563577 flag=0 multi=37.8395 len=122806	122806	20.0981	0	0	0	0	0	0	0	0	0.00246523	0.004416	0.00246523	0.00400453	1.58446	2.07226	18.0291	25.8491	0.0627408	0.0893933	0.41686	0.591678	0	0	0	0
k107_31310543 flag=0 multi=16.0289 len=6858	6858	18.7309	0	0	0	0	0	0	0	0	0	0	0	0	1.32947	1.75852	16.9009	28.0252	0.0460647	0.0790489	0.454545	0.806789	0	0	0	0
k107_5229784 flag=0 multi=31.3947 len=112074	112074	21.0859	0	0	0	0	0	0	0	0	0.00270193	0.00401233	0	0	1.84859	2.56636	18.7714	27.657	0.043204	0.0552558	0.420078	0.57055	0	0	0	0
k107_27236160 flag=0 multi=18.0695 len=35564	35564	20.1035	0	0	0	0	0	0	0	0	0	0	0	0	1.68428	1.92877	17.8978	26.0699	0.0385401	0.045041	0.445295	0.610112	0.0375191	0.333654	0	0
k107_26419659 flag=0 multi=21.0022 len=60353	60353	19.6724	0	0	0	0	0	0	0	0	0	0	0	0	1.58339	2.22442	17.6466	28.6934	0.0301077	0.0446613	0.411833	0.658857	0.00053288	0.000548938	0	0
k107_1520232 flag=0 multi=34.4040 len=14747	14747	19.996	0	0	0	0	0	0	0	0	0	0	0	0	1.38671	1.91869	18.3315	31.2745	0.0209069	0.0239263	0.24666	0.271042	0.0102458	0.0103441	0	0
k107_14853880 flag=0 multi=18.8159 len=12003	12003	20.4479	0	0	0	0	0	0	0	0	0	0	0	0	1.45902	1.47202	18.7051	29.5887	0	0	0.283822	0.36501	0	0	0	0
k107_26846012 flag=0 multi=21.8296 len=67008	67008	19.7794	0	0	0	0	0	0	0	0	0	0	0	0	1.51304	1.83826	17.7962	23.7092	0.0497107	0.0645311	0.420427	0.61465	0	0	0	0
k107_22462293 flag=0 multi=23.2196 len=4352	4352	20.223	0	0	0	0	0	0	0	0	0	0	0	0	1.78593	2.67838	17.6486	19.8969	0	0	0.788395	1.61978	0	0	0	0
k107_34357908 flag=0 multi=66.9424 len=14245	14245	20.8923	0	0	0	0	0	0	0	0	0.0105429	0.0107152	0	0	1.66958	2.06459	18.7153	25.594	0.0108298	0.0107179	0.454206	0.712502	0.0317722	0.0614105	0	0
k107_8296486 flag=0 multi=35.9999 len=33459	33459	20.2644	0	0	0	0	0	0	0	0	0	0	0	0	1.86612	2.43513	17.9815	27.204	0.0409868	0.0541029	0.373375	0.404764	0.00244292	0.0101192	0	0
k107_14117831 flag=0 multi=19.0399 len=27900	27900	19.8011	0	0	0	0	0	0	0	0	0	0	0	0	1.40825	1.40812	17.9155	22.1826	0.0109428	0.011114	0.466411	0.541894	0	0	0	0
k107_10782957 flag=0 multi=24.8765 len=41961	41961	20.7203	0	0	0	0	0	0	0	0	0	0	0	0	1.75335	2.10841	18.5581	27.7121	0.0361747	0.0490638	0.36914	0.437621	0.00352865	0.00361236	0	0
k107_30453841 flag=0 multi=37.9350 len=83067	83067	19.237	0	0	0	0	0	0	0	0	0.00355223	0.0072832	0	0	1.65344	2.0808	17.1258	24.4338	0.0418655	0.047778	0.412384	0.576956	0	0	0	0
k107_4566020 flag=0 multi=21.0119 len=50178	50178	19.9477	0	0	0	0	0	0	0	0	0	0	0	0	1.80413	2.15674	17.7484	25.6927	0.04838	0.0726727	0.34672	0.491286	0	0	0	0
k107_30792046 flag=0 multi=20.1029 len=22071	22071	19.6995	0	0	0	0	0	0	0	0	0	0	0	0	1.43925	1.70337	17.9292	28.5799	0.0277459	0.0342336	0.303275	0.414948	0	0	0	0
k107_4192743 flag=0 multi=18.0547 len=15181	15181	18.548	0	0	0	0	0	0	0	0	0	0	0	0	1.83581	2.31889	16.3007	27.0573	0.101351	0.13755	0.310169	0.486919	0	0	0	0
k107_16284007 flag=0 multi=18.1211 len=6311	6311	15.2661	0	0	0	0	0	0	0	0	0	0	0	0	1.6204	1.86131	13.1937	30.4438	0	0	0.451989	0.682198	0	0	0	0
k107_20465546 flag=0 multi=25.1534 len=4841	4841	14.7332	0	0	0	0	0	0	0	0	0	0	0	0	1.54153	1.50291	12.8288	18.8302	0	0	0.362855	0.528534	0	0	0	0
k107_24547839 flag=1 multi=6.0000 len=2570	2570	6.86199	0	0	0	0	0	0	0	0	0	0	0	0	0.661817	1.03571	6.06702	3.49386	0.133157	0.159588	0	0	0	0	0	0
k107_13621 flag=0 multi=25.0403 len=14688	14688	20.5737	0	0	0	0	0	0	0	0	0	0	0	0	1.77596	1.86834	18.3244	27.338	0.0629779	0.101142	0.408939	0.539282	0.00139024	0.00854396	0	0
k107_30618391 flag=0 multi=29.4773 len=13276	13276	20.306	0	0	0	0	0	0	0	0	0	0	0	0	1.72745	1.77585	18.101	31.8965	0.0590412	0.155451	0.418452	0.545979	0	0	0	0
k107_23586341 flag=0 multi=25.0181 len=5470	5470	19.9013	0	0	0	0	0	0	0	0	0	0	0	0	1.62597	2.11526	17.8897	23.4118	0.0584365	0.0743883	0.322175	0.420649	0.00503096	0.0187322	0	0
k107_5700266 flag=0 multi=130.1452 len=6231	6231	18.4896	0	0	0	0	0	0	0	0	0	0	0	0	1.27172	1.01494	16.9138	19.6909	0.0507674	0.0861362	0.253331	0.3113	0	0	0	0
k107_17131539 flag=0 multi=32.9847 len=61140	61140	19.7715	0	0	0	0	0	0	0	0	0	0	0	0	1.71756	2.30157	17.6342	26.6668	0.0320195	0.0459833	0.387669	0.449533	0	0	0	0
k107_32900101 flag=0 multi=26.4708 len=21635	21635	20.9882	0	0	0	0	0	0	0	0	0.0141565	0.013965	0	0	1.57802	2.22412	19.0572	29.2135	0.0283129	0.0356615	0.310505	0.399733	0	0	0	0
k107_3607580 flag=0 multi=48.1708 len=7000	7000	19.1878	0	0	0	0	0	0	0	0	0	0	0	0	1.89773	3.01167	17.1109	17.3323	0.022544	0.0220376	0.156614	0.234075	0	0	0	0
k107_33078528 flag=0 multi=37.9970 len=104891	104891	19.9839	0	0	0	0	0	0	0	0	0	0	0	0	1.81472	2.42777	17.715	24.0759	0.0504546	0.0639536	0.400817	0.551654	0	0	0.00288749	0.0028921
k107_18119567 flag=0 multi=32.0080 len=37031	37031	19.3337	0	0	0	0	0	0	0	0	0	0	0	0	1.02663	1.42469	17.8437	25.7115	0.0246672	0.0427931	0.434697	0.607404	0.00400229	0.00409425	0	0
k107_1709363 flag=0 multi=23.0093 len=19774	19774	19.8479	0	0	0	0	0	0	0	0	0	0	0	0	2.00817	2.28316	17.3291	29.2989	0.046477	0.075411	0.464154	0.577325	0	0	0	0
k107_2184207 flag=0 multi=22.1352 len=15683	15683	20.2316	0	0	0	0	0	0	0	0	0	0	0	0	1.48313	2.02094	18.0713	26.9382	0.0686561	0.0876717	0.563682	1.17551	0.0449256	0.59641	0	0
k107_33557108 flag=0 multi=49.0051 len=28678	28678	19.733	0	0	0	0	0	0	0	0	0	0	0	0	1.49693	2.17503	17.9016	28.3794	0.0585001	0.0644774	0.275902	0.36783	0	0	0	0
k107_11060581 flag=0 multi=37.0394 len=54040	54040	20.2199	0	0	0	0	0	0	0	0	0	0	0	0	1.64256	2.1207	18.1283	25.1277	0.039339	0.0662926	0.409747	0.499915	0	0	0	0
k107_12658851 flag=0 multi=19.2213 len=15381	15381	19.7282	0	0	0	0	0	0	0	0	0	0	0	0	1.3983	1.58195	17.8503	32.475	0.100073	0.0983284	0.379468	0.398553	0	0	0	0
k107_25956448 flag=1 multi=6.0000 len=2533	2533	7.85836	0	0	0	0	0	0	0	0	0	0	0	0	0.540565	0.422378	7.31779	7.00181	0	0	0	0	0	0	0	0
k107_34286797 flag=0 multi=36.0306 len=155818	155818	19.3417	0	0	0	0	0	0	0	0	0	0	0	0	1.54158	1.88331	17.3868	23.4321	0.0295982	0.0433448	0.379909	0.540592	0.00378096	0.0147095	0	0
k107_6842698 flag=0 multi=21.1719 len=3283	3283	18.0342	0	0	0	0	0	0	0	0	0	0	0	0	1.51761	1.20407	15.9621	10.1443	0	0	0.554512	0.641433	0	0	0	0
k107_26955641 flag=0 multi=20.6597 len=14709	14709	15.6047	0	0	0	0	0	0	0	0	0	0	0	0	1.11494	1.533	14.2177	29.6674	0.020962	0.0289913	0.251059	0.301201	0	0	0	0
k107_25418648 flag=0 multi=20.1384 len=14387	14387	19.8827	0	0	0	0	0	0	0	0	0.0214412	0.0303552	0	0	1.48576	2.32412	17.8832	26.7691	0.0641818	0.0786614	0.428115	0.763221	0	0	0	0
k107_5891969 flag=0 multi=19.0294 len=43624	43624	20.3138	0	0	0	0	0	0	0	0	0	0	0	0	1.63086	2.0144	18.1963	30.5458	0.0556992	0.0774845	0.430913	0.63444	4.61659e-05	0.000138463	0	0
k107_16535337 flag=0 multi=25.0036 len=73588	73588	21.1334	0	0	0	0	0	0	0	0	0	0	0.00201949	0.00205588	1.78899	2.38574	18.8983	26.5878	0.0473215	0.0591221	0.396747	0.502946	0	0	0	0
k107_35318482 flag=0 multi=28.6650 len=37696	37696	20.6295	0	0	0	0	0	0	0	0	0.00807616	0.0106823	0	0	1.63692	2.21889	18.5083	23.733	0.0887308	0.110244	0.387415	0.572978	0	0	0	0
k107_868571 flag=0 multi=38.3720 len=2653	2653	20.0302	0	0	0	0	0	0	0	0	0	0	0	0	1.85028	2.57781	17.8605	17.9796	0	0	0.319439	0.559385	0	0	0	0
k107_23526182 flag=0 multi=42.9932 len=67606	67606	19.8587	0	0	0	0	0	0	0	0	0.0044871	0.00542713	0	0	1.25128	1.72006	18.2297	29.2286	0.0380215	0.0528611	0.335181	0.42966	0	0	0	0
k107_27000324 flag=1 multi=14.0000 len=3157	3157	4.89632	0	0	0	0	0	0	0	0	0	0	0	0	1.51769	2.12989	0	0	0	0	0	0	2.89807	3.55502	0.48056	0.44805
k107_9252850 flag=0 multi=20.4073 len=7678	7678	19.0914	0	0	0	0	0	0	0	0	0	0	0	0	1.95119	2.14866	16.7924	29.8688	0.101681	0.143706	0.246068	0.253157	0	0	0	0
k107_7282420 flag=0 multi=21.0566 len=27874	27874	19.5464	0	0	0	0	0	0	0	0	0	0	0	0	1.61994	1.71916	17.5112	27.7893	0.0382997	0.0594964	0.376904	0.495669	0	0	0	0
k107_28214654 flag=0 multi=44.8773 len=21014	21014	19.8215	0	0	0	0	0	0	0	0	0.0145809	0.0237368	0	0	1.66338	1.97899	17.7922	22.2985	0.0218714	0.0286404	0.329471	0.523054	0	0	0	0
k107_2967827 flag=0 multi=24.0037 len=114338	114338	20.6956	0	0	0	0	0	0	0	0	0	0	0	0	1.82272	2.41315	18.4477	27.9775	0.0740556	0.098565	0.331606	0.467008	0.0168719	0.204288	0.00264829	0.00263966
k107_20000979 flag=0 multi=18.2667 len=9517	9517	22.3855	0	0	0	0	0	0	0	0	0	0	0	0	1.89832	1.92873	20.2742	35.3621	0.0327727	0.0375577	0.180141	0.198337	0	0	0	0
k107_17879813 flag=0 multi=24.4301 len=17275	17275	19.6206	0	0	0	0	0	0	0	0	0	0	0	0	1.78896	2.09136	17.4671	25.8038	0.0889648	0.183921	0.275555	0.45502	0	0	0	0
k107_9077372 flag=0 multi=28.2798 len=105652	105652	20.0278	0	0	0	0	0	0	0	0	0	0	0	0	1.61222	1.83903	17.9822	27.7084	0.0372378	0.0443604	0.394722	0.503338	0.00141433	0.00143077	0	0
k107_25730332 flag=0 multi=25.0897 len=34214	34214	19.805	0	0	0	0	0	0	0	0	0	0	0	0	1.56947	1.9219	17.8177	23.4202	0.0444385	0.060158	0.373378	0.481833	0	0	0	0
k107_32795304 flag=0 multi=29.9630 len=149719	149719	20.1348	0	0	0	0	0	0	0	0	0.00202119	0.00383637	0	0	1.62982	2.14886	18.0885	26.9866	0.0353574	0.0449091	0.378083	0.515087	0.000983824	0.00100869	0	0
k107_4152636 flag=0 multi=27.0623 len=59474	59474	20.2607	0	0	0	0	0	0	0	0	0	0	0	0	1.60148	2.48419	18.2186	25.0781	0.0713682	0.0987635	0.369212	0.461513	0	0	0	0
k107_33629316 flag=0 multi=71.0760 len=26805	26805	20.5636	0	0	0	0	0	0	0	0	0	0	0	0	1.70807	1.68524	18.4569	29.8152	0.0113949	0.0144318	0.387201	0.550827	0	0	0	0
