contigName	contigLen	totalAvgDepth	Cen01_MA.bam	Cen01_MA.bam-var	Cen03_MA.bam	Cen03_MA.bam-var	Cen04_MA.bam	Cen04_MA.bam-var	Cen05_MA.bam	Cen05_MA.bam-var	Cen06_MA.bam	Cen06_MA.bam-var	Cen07_MA.bam	Cen07_MA.bam-var	Cen10_MA.bam	Cen10_MA.bam-var	Cen12_MA.bam	Cen12_MA.bam-var	Cen14_MA.bam	Cen14_MA.bam-var	Cen15_MA.bam	Cen15_MA.bam-var	Cen16_MA.bam	Cen16_MA.bam-var	Cen17_MA.bam	Cen17_MA.bam-var
k107_9099238 flag=0 multi=48.7791 len=5634	5634	24.551	0.0834584	0.113019	4.67554	5.95489	0	0	0.81039	1.33243	9.6371	16.3028	0	0	0	0	9.17461	13.8733	0.113278	0.219384	0.0566392	0.0703218	0	0	0	0
k107_34134411 flag=0 multi=19.8724 len=2505	2505	22.8003	0	0	4.34544	3.36043	0	0	0	0	9.70586	6.25236	0.0685429	0.0638749	0	0	8.68044	9.68239	0	0	0	0	0	0	0	0
k107_12282990 flag=0 multi=23.0741 len=3077	3077	28.6685	0	0	5.32216	5.93735	0	0	0.0861261	0.175515	12.9874	22.212	0	0	0	0	10.164	11.8113	0	0	0.108829	0.174165	0	0	0	0
k107_6341202 flag=0 multi=42.9547 len=3440	3440	22.253	0	0	4.58509	5.32762	0	0	0.285851	0.907292	8.74092	11.9705	0	0	0	0	8.54493	10.7005	0	0	0.0962396	0.152023	0	0	0	0
k107_1132495 flag=0 multi=22.0018 len=2900	2900	26.1216	0	0	4.65473	3.51771	0	0	0.00731332	0.00726263	12.281	6.41718	0	0	0	0	9.1786	11.7954	0	0	0	0	0	0	0	0
k107_311868 flag=0 multi=92.1856 len=3006	3006	26.6956	0	0	5.29438	10.3324	0	0	0	0	12.7544	17.0137	0.0465976	0.0625825	0	0	8.54586	19.6224	0	0	0	0	0.0543639	0.052741	0	0
k107_493943 flag=0 multi=223.8370 len=5028	5028	28.7482	0	0	5.35569	7.74518	0	0	0.407744	0.986088	11.621	19.5261	0.350614	2.5367	0	0	11.0131	13.0011	0	0	0	0	0	0	0	0
k107_28891266 flag=0 multi=37.4342 len=22104	22104	23.7231	0.0219705	0.0221929	4.63017	6.25341	0	0	0.104073	0.202657	9.9989	13.7523	0	0	0	0	8.96794	12.0385	0	0	0	0	0	0	0	0
k107_15252466 flag=0 multi=21.0000 len=6330	6330	25.1138	0	0	4.25979	5.11002	0	0	0	0	11.0612	22.5073	0	0	0	0	9.74287	18.3934	0	0	0.0499336	0.0542311	0	0	0	0
k107_10383556 flag=0 multi=31.6960 len=5857	5857	25.303	0.0264626	0.0262794	4.43888	6.68091	0	0	0.213321	0.500283	10.1001	14.8144	0	0	0	0	10.5242	15.4131	0	0	0	0	0	0	0	0
k107_5352320 flag=0 multi=43.6695 len=29715	29715	26.1388	0.0223371	0.0341228	4.90919	7.54087	0	0	0.149696	0.389373	10.3502	16.1761	0.0354265	0.0940672	0	0	10.6414	12.2406	0	0	0.0306327	0.0421809	0	0	0	0
k107_15712481 flag=0 multi=32.7150 len=26314	26314	25.2711	0.00565124	0.00576996	4.46179	6.26299	0	0	0.159388	0.306168	10.2367	18.0898	0	0	0	0	10.396	15.9059	0	0	0.01161	0.0221609	0	0	0	0
k107_19035877 flag=0 multi=28.2401 len=7597	7597	24.555	0	0	4.09856	6.03848	0	0	0.141193	0.380566	10.9963	22.196	0.0201508	0.0202724	0	0	9.29883	15.5732	0	0	0	0	0	0	0	0
k107_28877875 flag=0 multi=29.9902 len=12392	12392	26.214	0	0	4.20769	6.25108	0	0	0.0489661	0.067987	11.6625	14.4249	0	0	0	0	10.2698	17.4681	0	0	0.0249793	0.0316264	0	0	0	0
k107_32672393 flag=0 multi=26.0731 len=17955	17955	24.9542	0.0607829	0.0757971	4.27151	5.66269	0	0	0.459922	1.32409	10.8239	16.8479	0.0254348	0.0297689	0	0	9.31264	12.2746	0	0	0	0	0	0	0	0
k107_10635813 flag=0 multi=32.8722 len=41970	41970	25.3223	0.030095	0.0423561	4.56405	7.68926	0	0	0.235048	0.520918	10.4509	15.3068	0	0	0	0	10.006	13.7801	0	0	0.0362148	0.0619245	0	0	0	0
k107_19849241 flag=0 multi=23.9927 len=11266	11266	23.6517	0	0	3.84677	7.3027	0	0	0.282744	0.826279	10.1279	13.2825	0	0	0	0	9.39429	17.9815	0	0	0	0	0	0	0	0
k107_30070997 flag=0 multi=32.0005 len=37418	37418	25.1779	0.0238711	0.0432206	4.88285	6.62652	0	0	0.215325	0.400396	10.527	17.295	0.00810971	0.00914747	0	0	9.49685	15.138	0	0	0.0238981	0.0381442	0	0	0	0
k107_25736691 flag=0 multi=22.0318 len=5387	5387	24.7148	0.117011	0.456395	4.21278	4.51686	0	0	0.863324	2.5861	9.99331	8.99763	0	0	0	0	9.46903	14.9134	0	0	0.0593904	0.0562787	0	0	0	0
k107_34665592 flag=0 multi=51.4956 len=10101	10101	25.8177	0.0301051	0.0298699	4.69619	6.67364	0	0	0.438412	0.728373	9.78814	17.3376	0	0	0	0	10.8649	15.4444	0	0	0	0	0	0	0	0
k107_22280932 flag=0 multi=26.5746 len=41910	41910	25.6818	0.0499904	0.057114	4.50517	6.0694	0	0	0.440372	0.7364	10.6228	18.7119	0	0	0	0	10.0309	15.1169	0	0	0.0325418	0.0467389	0	0	0	0
k107_14863696 flag=0 multi=24.0842 len=4560	4560	23.6566	0	0	5.29615	7.89925	0	0	0.0436825	0.0432857	9.05073	8.02557	0	0	0	0	9.19516	6.37417	0	0	0.0709253	0.0955097	0	0	0	0
k107_9103708 flag=0 multi=72.9623 len=8271	8271	25.7635	0.0932363	0.111377	4.14406	5.59517	0	0	0.446229	0.980182	10.4924	9.85173	0	0	0	0	10.5875	10.957	0	0	0	0	0	0	0	0
k107_22505254 flag=0 multi=32.0491 len=77741	77741	24.7047	0.0154315	0.0203309	4.74829	6.94276	0	0	0.176074	0.364167	10.0456	14.0037	0.0150312	0.0600859	0	0	9.68482	14.4529	0	0	0.0194088	0.0235223	0	0	0	0
k107_1624747 flag=0 multi=22.0120 len=21061	21061	25.8072	0.0288068	0.0282576	4.91026	8.75071	0	0	0.299677	0.637735	11.1582	14.7453	0.00727395	0.00722111	0	0	9.3743	12.2239	0.0142107	0.0200218	0.0144997	0.0146262	0	0	0	0
k107_935140 flag=0 multi=83.7652 len=2760	2760	24.764	0	0	4.99471	5.38948	0	0	0.182262	0.265162	10.2547	9.82782	0	0	0	0	9.33238	9.10324	0	0	0	0	0	0	0	0
k107_30424887 flag=0 multi=23.9377 len=6918	6918	22.5698	0.04474	0.0435718	3.99879	6.67393	0	0	0.293229	0.654052	8.88422	12.8739	0	0	0	0	9.34885	13.1192	0	0	0	0	0	0	0	0
k107_3645961 flag=0 multi=44.0431 len=38613	38613	25.8734	0.0352118	0.0463735	4.77568	6.50664	0	0	0.27791	0.528426	10.3866	15.4692	0	0	0	0	10.3626	15.4473	0.00391532	0.00392581	0.0314792	0.0355364	0	0	0	0
k107_10730185 flag=0 multi=55.0034 len=26471	26471	25.2464	0.00569376	0.00573656	4.58871	7.29508	0	0	0.229355	0.596973	10.6605	17.7912	0	0	0	0	9.76216	14.7885	0	0	0	0	0	0	0	0
k107_11695183 flag=0 multi=22.4818 len=3463	3463	26.2559	0	0	4.6653	7.79762	0	0	0.186017	0.366639	10.9418	24.766	0	0	0	0	10.4628	12.0865	0	0	0	0	0	0	0	0
k107_8821502 flag=0 multi=26.1721 len=9642	9642	24.3184	0.0159529	0.0159062	4.20032	6.35364	0	0	0.079015	0.139859	10.035	15.5964	0	0	0	0	9.95578	14.6879	0	0	0.032334	0.0312857	0	0	0	0
k107_1412848 flag=0 multi=34.5710 len=54157	54157	26.2544	0.0193297	0.0231328	4.86354	7.66582	0	0	0.258973	0.646242	10.9095	14.8555	0.00555194	0.00661601	0	0	10.1612	15.0208	0.00560765	0.0109367	0.0307307	0.0426124	0	0	0	0
k107_12012977 flag=0 multi=79.2164 len=18985	18985	23.4636	0.040304	0.111772	4.56372	7.68622	0	0	0.150618	0.3328	9.66938	12.9227	0	0	0	0	9.03955	13.0045	0	0	0	0	0	0	0	0
k107_2630972 flag=0 multi=48.9961 len=8864	8864	28.1312	0	0	5.38064	9.3914	0.0175193	0.0173256	0.103247	0.129219	11.5609	14.5085	0.531184	1.35274	0	0	10.4989	13.8457	0	0	0.038776	0.0716198	0	0	0	0
k107_30050014 flag=0 multi=58.5142 len=21764	21764	23.6054	0.0209673	0.0491245	4.16914	5.96321	0	0	0.165502	0.330126	10.2435	15.5593	0.0139316	0.026816	0	0	8.95751	14.0585	0	0	0.0349455	0.036176	0	0	0	0
k107_12249491 flag=0 multi=48.0000 len=36673	36673	25.3864	0.0162767	0.0177429	4.64813	6.50285	0	0	0.206263	0.469984	10.5461	15.6652	0	0	0	0	9.95304	14.1982	0	0	0.0164967	0.0249852	0	0	0	0
k107_19652508 flag=0 multi=47.8641 len=34628	34628	24.9471	0.0130805	0.0200211	4.44645	6.40027	0	0	0.0647905	0.121381	11.0915	15.3268	0.0260444	0.133657	0	0	9.26126	14.9377	0	0	0.0439608	0.067996	0	0	0	0
k107_28947792 flag=0 multi=36.1122 len=29843	29843	25.0224	0.00497613	0.00508702	4.56464	6.54402	0	0	0.0950882	0.174116	10.5276	15.0751	0.00998612	0.016203	0	0	9.81504	13.988	0	0	0.00504384	0.00508774	0	0	0	0
k107_18056287 flag=0 multi=40.8546 len=39157	39157	24.2409	0.0190194	0.0238357	4.21102	5.82243	0	0	0.0533265	0.0612661	10.5122	15.2628	0.0153648	0.0499996	0	0	9.41446	12.8571	0.00388624	0.00387131	0.0116587	0.0172809	0	0	0	0
k107_19875255 flag=0 multi=31.2982 len=16414	16414	25.7422	0	0	5.01353	8.15703	0	0	0.0735477	0.147315	10.7683	13.5081	0.0093719	0.00928637	0	0	9.87748	13.8955	0	0	0	0	0	0	0	0
k107_14769801 flag=0 multi=27.9926 len=11923	11923	26.0324	0.0511144	0.069434	4.13183	5.59848	0	0	0.550899	1.54683	11.2264	20.0356	0	0	0	0	10.0721	15.1356	0	0	0	0	0	0	0	0
k107_14345164 flag=0 multi=27.0064 len=14958	14958	25.5306	0.0407342	0.0433407	4.67249	4.9836	0	0	0.0501501	0.0847816	11.3467	20.9052	0	0	0	0	9.42058	13.5972	0	0	0	0	0	0	0	0
k107_16436587 flag=0 multi=22.4049 len=28338	28338	24.7052	0.0157298	0.0266587	4.70684	7.25506	0	0	0.12113	0.243398	10.1177	15.7452	0.00524326	0.00535801	0	0	9.71704	14.6722	0.0107719	0.0106565	0.0107719	0.0106618	0	0	0	0
k107_31146713 flag=0 multi=63.9796 len=26323	26323	24.1722	0.011337	0.0178456	4.48492	6.57194	0	0	0.250452	0.509182	10.1391	14.6093	0	0	0	0	9.26325	14.5372	0	0	0.0231736	0.0226819	0	0	0	0
k107_840267 flag=0 multi=37.7630 len=11173	11173	26.9744	0	0	4.98997	7.18468	0	0	0.164014	0.334344	11.3806	19.312	0	0	0	0	10.3842	13.0245	0	0	0.0555607	0.0646276	0	0	0	0
k107_2636678 flag=0 multi=23.0110 len=14869	14869	23.6644	0.0203885	0.0203018	4.35828	6.93214	0	0	0.0608224	0.111831	9.80483	11.3771	0	0	0	0	9.40983	14.0668	0	0	0.0102972	0.0102589	0	0	0	0
k107_18136667 flag=0 multi=32.6521 len=8614	8614	27.4171	0.0887873	0.15217	4.88872	8.7613	0	0	0.321343	0.555549	11.2095	13.7839	0	0	0	0	10.8725	13.9688	0	0	0.036333	0.0357381	0	0	0	0
k107_15502760 flag=0 multi=55.0156 len=7874	7874	24.8633	0	0	4.96527	5.39584	0	0	0.14131	0.36996	10.5176	14.9392	0	0	0	0	9.1594	11.5235	0	0	0.0797676	0.0916287	0	0	0	0
k107_22458036 flag=0 multi=49.2689 len=18027	18027	24.6938	0	0	4.29337	6.73093	0	0	0.23402	0.648419	10.5872	16.3856	0.0419182	0.148106	0	0	9.52017	14.4424	0	0	0.0170945	0.0264022	0	0	0	0
k107_17588099 flag=0 multi=55.1696 len=22736	22736	25.5844	0.0131051	0.0132828	4.74102	5.8238	0	0	0.131631	0.192066	10.5287	17.8325	0	0	0	0	10.1295	14.8266	0.0134617	0.0242477	0.0269234	0.0288785	0	0	0	0
k107_5288201 flag=0 multi=57.9963 len=13042	13042	25.9861	0	0	5.05918	6.25883	0	0	0.1281	0.249395	10.3143	13.7562	0	0	0	0	10.4609	17.1616	0	0	0.0236264	0.0237653	0	0	0	0
k107_16489417 flag=0 multi=39.5242 len=10306	10306	25.166	0.0301879	0.0402779	4.9975	9.50076	0	0	0.0221911	0.0222737	10.8864	15.6092	0	0	0	0	9.19972	9.66282	0	0	0.029988	0.0552729	0	0	0	0
k107_1285262 flag=0 multi=37.3433 len=18376	18376	23.988	0.00835454	0.00829113	4.54039	5.85182	0.00818856	0.00823751	0.147228	0.1982	9.73526	12.6699	0.0166538	0.0164266	0	0	9.51521	12.3691	0	0	0.0167091	0.0255048	0	0	0	0
k107_9659148 flag=0 multi=90.9995 len=10215	10215	26.1427	0	0	4.93352	7.48283	0	0	0.44598	1.49201	10.8986	19.9051	0	0	0	0	9.86462	15.007	0	0	0	0	0	0	0	0
k107_12446698 flag=0 multi=46.0032 len=20153	20153	25.472	0.0149111	0.0261738	4.64319	8.33327	0	0	0.174903	0.276044	10.7463	16.5659	0.00745554	0.00755217	0	0	9.87003	14.082	0	0	0.0152133	0.0155942	0	0	0	0
k107_1364227 flag=0 multi=29.8448 len=27950	27950	24.6481	0.00535301	0.00543251	4.46463	6.82111	0	0	0.149812	0.32989	10.6528	15.1828	0.010923	0.0186194	0	0	9.3537	15.1946	0	0	0.010923	0.0108053	0	0	0	0
k107_3459379 flag=0 multi=81.3594 len=20787	20787	25.3846	0.0144496	0.0145223	4.33669	6.80912	0	0	0.18101	0.367683	10.8301	14.8074	0	0	0	0	9.99282	15.1644	0.0147425	0.0177463	0.0147425	0.0168664	0	0	0	0
k107_2893112 flag=0 multi=25.9437 len=61163	61163	26.4643	0.0292798	0.0476268	4.74673	7.10911	0	0	0.258195	0.534796	11.4146	16.8324	0	0	0	0	9.98094	14.9515	0.0048964	0.00850288	0.0297235	0.0390946	0	0	0	0
k107_5904412 flag=0 multi=120.5616 len=22514	22514	25.4989	0.00661804	0.00675191	4.54736	7.4023	0	0	0.17297	0.324624	11.3907	13.5001	0.056591	0.143436	0	0	9.29754	15.4948	0	0	0.0271475	0.0299611	0	0	0	0
k107_18277417 flag=0 multi=27.8098 len=9985	9985	24.7565	0	0	4.1356	6.68232	0	0	0.292162	0.865272	10.0841	11.6668	0	0	0	0	10.1823	13.7786	0	0	0.0623774	0.0754292	0	0	0	0
k107_7556587 flag=0 multi=23.0126 len=7075	7075	25.7589	0	0	4.06172	6.88949	0	0	0.0437029	0.0514642	11.3145	17.4488	0.475712	3.63351	0	0	9.86328	13.864	0	0	0	0	0	0	0	0
k107_20159346 flag=0 multi=42.2246 len=70268	70268	23.7351	0.0276277	0.0344901	4.52837	6.95194	0	0	0.248335	0.525851	9.79507	14.7292	0	0	0	0	9.11844	13.3792	0	0	0.0172369	0.0206957	0	0	0	0
k107_23395353 flag=0 multi=40.0168 len=16617	16617	23.836	0.027582	0.0269953	4.42194	6.82094	0	0	0.0908367	0.145163	9.90463	12.7035	0.0184493	0.0257691	0	0	9.3726	13.3703	0	0	0	0	0	0	0	0
k107_7534881 flag=0 multi=57.9951 len=47024	47024	24.9471	0.0127563	0.0246762	4.44512	6.90626	0	0	0.127263	0.370627	10.397	15.6675	0	0	0	0	9.94885	14.4685	0	0	0.016138	0.0223061	0	0	0	0
k107_23987841 flag=0 multi=20.9940 len=12563	12563	24.2033	0	0	4.70557	6.74908	0	0	0.0827013	0.0977394	9.63731	15.139	0	0	0	0	9.77775	13.2834	0	0	0	0	0	0	0	0
k107_17690739 flag=0 multi=54.2138 len=5641	5641	26.5211	0	0	5.15921	6.49683	0	0	0.0556284	0.0533797	10.9159	16.0368	0	0	0	0	10.3903	11.7169	0	0	0	0	0	0	0	0
k107_18266545 flag=0 multi=34.8512 len=15559	15559	24.7974	0	0	4.30543	5.2123	0	0	0.332306	0.895609	10.8639	17.3452	0.0197942	0.0355096	0	0	9.22678	12.4527	0.00970047	0.00979376	0.0394573	0.0437864	0	0	0	0
k107_25261462 flag=0 multi=39.8476 len=17619	17619	24.7703	0.0174395	0.0328445	4.87891	6.48778	0	0	0.0512213	0.0770715	10.2401	12.2487	0.00871976	0.00864423	0	0	9.55651	15.6379	0.0173818	0.0263766	0	0	0	0	0	0
k107_25401173 flag=0 multi=54.0000 len=7013	7013	23.7728	0	0	3.82238	7.6392	0	0	0.380718	0.994653	9.8568	11.4672	0	0	0	0	9.71286	16.7724	0	0	0	0	0	0	0	0
k107_26462022 flag=0 multi=28.0384 len=13245	13245	26.5245	0	0	5.2032	7.73356	0	0	0.364058	0.70527	11.1634	15.417	0.0229468	0.0227947	0	0	9.74241	13.4287	0	0	0.0284324	0.0280838	0	0	0	0
k107_6411015 flag=0 multi=49.4800 len=36738	36738	26.9915	0.0123779	0.01443	4.81806	7.58024	0	0	0.0285158	0.0425009	11.2103	16.1499	0.00411681	0.00412714	0	0	10.8932	14.3499	0	0	0.0248381	0.0329692	0	0	0	0
k107_22166809 flag=0 multi=23.0000 len=18009	18009	24.9324	0.0170554	0.0218617	4.54182	7.8308	0	0	0.125318	0.191301	10.6426	12.3912	0	0	0	0	9.57158	16.7392	0	0	0.0340543	0.0408532	0	0	0	0
k107_11623346 flag=0 multi=31.1183 len=21787	21787	25.4276	0.0762858	0.165217	4.73749	6.5807	0	0	0.268978	0.404447	10.983	17.3749	0	0	0	0	9.36188	11.5973	0	0	0	0	0	0	0	0
k107_6263082 flag=0 multi=17.9731 len=3676	3676	23.8731	0	0	4.70658	5.39823	0	0	0.26971	0.464824	10.5166	20.2378	0	0	0	0	8.38026	12.708	0	0	0	0	0	0	0	0
k107_2202376 flag=0 multi=43.8824 len=12246	12246	25.4643	0.0376758	0.0467108	4.28801	6.53776	0	0	0.380191	1.07928	10.0495	13.3815	0	0	0	0	10.6716	20.4892	0.0123074	0.0124794	0.0250335	0.0268254	0	0	0	0
k107_27025283 flag=0 multi=21.1828 len=40665	40665	23.7214	0.0294329	0.0330932	4.31021	6.86416	0	0	0.139633	0.302789	9.90605	15.6167	0	0	0	0	9.32106	13.0251	0	0	0.0149642	0.0198465	0	0	0	0
k107_7005488 flag=0 multi=29.8222 len=23019	23019	26.4712	0.0854426	0.250008	4.47088	5.88362	0	0	0.631201	1.15608	10.8634	15.1698	0.00889202	0.0105742	0	0	10.3715	16.233	0	0	0.039838	0.0498237	0	0	0	0
k107_22857518 flag=0 multi=83.2880 len=19504	19504	25.1817	0.0153109	0.0154801	4.53515	6.70064	0	0	0.355796	0.714175	10.8078	15.0522	0	0	0	0	9.4362	13.0143	0	0	0.031403	0.0374334	0	0	0	0
k107_29729787 flag=0 multi=22.9897 len=23232	23232	25.6431	0	0	4.54693	6.90518	0	0	0.103053	0.168164	10.675	15.0146	0	0	0	0	10.226	15.5081	0	0	0.0921936	0.112251	0	0	0	0
k107_10673328 flag=0 multi=32.7607 len=39255	39255	24.5788	0.00379945	0.00386163	4.68904	6.81778	0	0	0.155521	0.298507	10.3562	15.414	0.00387647	0.00386166	0	0	9.32773	11.9315	0.00387647	0.00386164	0.0386877	0.0454191	0	0	0	0
k107_32881923 flag=0 multi=34.9943 len=8563	8563	24.8247	0	0	4.48106	7.23578	0	0	0.486503	0.982949	10.428	16.8556	0	0	0	0	9.39257	10.9443	0.0365573	0.0470906	0	0	0	0	0	0
k107_26768417 flag=0 multi=39.9651 len=5780	5780	26.6172	0	0	5.15754	9.90414	0	0	0.325119	0.621239	11.0407	15.7287	0	0	0	0	9.98394	15.5568	0	0	0.109894	0.122578	0	0	0	0
k107_10843369 flag=0 multi=28.0572 len=12007	12007	26.5399	0	0	3.98437	5.2319	0	0	0.22768	0.599109	11.5681	19.4107	0	0	0	0	10.7211	14.4287	0	0	0.038616	0.0445563	0	0	0	0
k107_6995833 flag=0 multi=53.1080 len=4181	4181	28.2312	0	0	6.15391	11.3764	0	0	0.0768239	0.14967	11.7211	26.6462	0	0	0	0	10.2795	10.28	0	0	0	0	0	0	0	0
k107_7552383 flag=0 multi=57.9665 len=11040	11040	24.1356	0	0	4.225	5.91633	0	0	0.111101	0.319876	9.76364	14.4874	0	0	0	0	9.95148	15.9901	0	0	0.0843733	0.103531	0	0	0	0
k107_8387202 flag=0 multi=31.0206 len=15898	15898	26.1425	0	0	4.90959	7.35478	0	0	0.17107	0.458164	10.0828	12.2079	0	0	0	0	10.9403	16.3543	0.0193639	0.0228293	0.0193639	0.0216787	0	0	0	0
k107_11376613 flag=0 multi=27.0593 len=9075	9075	25.1697	0.0168699	0.016916	4.89479	5.97327	0	0	0.531631	1.25469	10.0228	12.6176	0.0336259	0.0423651	0	0	9.60116	13.3711	0	0	0.0688476	0.066848	0	0	0	0
k107_16606508 flag=0 multi=28.8447 len=30510	30510	24.2221	0.0246292	0.0317807	4.5148	5.82844	0	0	0.127218	0.210243	10.1776	14.7637	0.0151615	0.020797	0	0	9.30273	15.1372	0.0199616	0.0282149	0.0399894	0.0548677	0	0	0	0
k107_4068793 flag=0 multi=28.0433 len=5284	5284	26.2523	0.0297069	0.0293949	4.21839	5.02639	0	0	0.242071	0.346687	10.6702	11.6393	0	0	0	0	11.0919	15.8372	0	0	0	0	0	0	0	0
k107_19965316 flag=0 multi=26.0202 len=12404	12404	24.4101	0.0121468	0.0123215	4.14031	6.5384	0	0	0.150388	0.328211	10.2277	15.6238	0	0	0	0	9.87952	15.0087	0	0	0	0	0	0	0	0
k107_2119467 flag=0 multi=55.2771 len=35654	35654	26.1105	0.0168024	0.0197459	4.80423	7.91637	0	0	0.394461	0.984169	10.9534	15.9363	0.0167459	0.0404019	0	0	9.89924	14.7311	0	0	0.0255997	0.0334088	0	0	0	0
k107_26151209 flag=0 multi=21.0019 len=6871	6871	24.0018	0	0	4.51621	5.19782	0	0	0.112803	0.183028	8.78048	19.8775	0	0	0	0	10.5464	13.4596	0	0	0.0459735	0.0438631	0	0	0	0
k107_7013893 flag=0 multi=42.1192 len=19556	19556	25.8507	0.0307469	0.111199	5.10642	8.16333	0	0	0.286018	0.849438	10.3365	14.6079	0	0	0	0	10.091	13.5079	0	0	0	0	0	0	0	0
k107_26578359 flag=0 multi=49.0011 len=11943	11943	26.5475	0.0386565	0.0406734	5.0268	8.92618	0	0	0.289924	0.419838	10.7736	15.3333	0	0	0	0	10.3926	15.5514	0	0	0.0259428	0.0393599	0	0	0	0
k107_2315254 flag=0 multi=52.6650 len=26058	26058	26.3906	0.0115313	0.0163282	4.89929	8.80866	0.0116089	0.0115981	0.242584	0.568513	10.8214	17.5563	0	0	0	0	10.3869	15.4532	0	0	0.0173164	0.0231795	0	0	0	0
k107_22917296 flag=0 multi=26.9538 len=5320	5320	26.5797	0.0296931	0.0291872	5.05381	6.991	0	0	0.266441	0.430728	11.2854	15.8071	0	0	0	0	9.9444	17.3478	0	0	0	0	0	0	0	0
k107_14130671 flag=0 multi=55.0372 len=3117	3117	24.951	0	0	4.08171	5.6942	0	0	0.419893	0.649674	10.8952	16.799	0	0	0	0	9.55417	14.9215	0	0	0	0	0	0	0	0
k107_27339479 flag=0 multi=36.9965 len=13283	13283	23.967	0	0	4.52461	5.97551	0	0	0.217472	0.320091	9.64317	14.2949	0	0	0	0	9.57014	13.8745	0	0	0.0116324	0.0114996	0	0	0	0
k107_30653015 flag=0 multi=64.6691 len=20851	20851	24.7622	0.0506594	0.0748861	4.44153	5.60613	0	0	0.288043	0.551561	10.2984	14.1145	0	0	0	0	9.65429	12.3458	0.00729963	0.00729946	0.0220449	0.0215616	0	0	0	0
k107_27981186 flag=0 multi=33.0532 len=84505	84505	25.3857	0.0224695	0.0289656	4.86313	6.87857	0	0	0.227617	0.44792	10.6415	14.7834	0.0142038	0.0235819	0	0	9.58632	14.6421	0.00537986	0.00568498	0.0250704	0.0339549	0	0	0	0
k107_35856992 flag=0 multi=17.1228 len=8101	8101	13.1857	2.9096	5.97457	0	0	0.137069	0.198461	0	0	10.139	14.5923	0	0	0	0	0	0	0	0	0	0	0	0	0	0
k107_28088023 flag=0 multi=31.3577 len=21073	21073	26.6748	0.0355303	0.0491987	4.82856	7.20301	0	0	0.435078	1.0572	11.0125	15.9756	0	0	0	0	10.3051	14.8919	0	0	0.0581099	0.0852273	0	0	0	0
k107_23277814 flag=0 multi=26.0000 len=19189	19189	26.2783	0.0312384	0.0328671	4.90507	8.06069	0	0	0.125695	0.186213	11.0624	20.5019	0.015778	0.0311955	0	0	10.1298	14.6706	0	0	0.00841849	0.00835342	0	0	0	0
k107_15190998 flag=0 multi=47.7643 len=24271	24271	24.373	0.0307898	0.0305002	4.30844	6.76836	0	0	0.204055	0.344142	10.3694	15.8207	0.0436397	0.113253	0	0	9.39146	14.0436	0	0	0.0251992	0.0245657	0	0	0	0
k107_19656433 flag=0 multi=27.0000 len=22093	22093	24.9068	0.0682851	0.0927523	4.77064	5.65743	0	0	0.132165	0.261648	10.7549	17.9963	0	0	0	0	9.13919	11.9886	0	0	0.0415768	0.0590314	0	0	0	0
k107_5243162 flag=0 multi=22.0084 len=9461	9461	24.2383	0.032973	0.0408501	4.48859	5.55635	0	0	0.179168	0.359959	10.308	13.8583	0	0	0	0	9.16421	12.0172	0	0	0.0654002	0.090199	0	0	0	0
k107_7178452 flag=0 multi=62.7827 len=13320	13320	24.803	0	0	4.89937	6.96788	0	0	0.265555	0.522745	10.4538	13.3137	0	0	0	0	9.18428	14.0962	0	0	0	0	0	0	0	0
k107_28704317 flag=0 multi=55.0641 len=10630	10630	27.0067	0.0579009	0.174947	5.12761	7.59689	0	0	0.30151	0.636813	11.4142	13.6145	0	0	0	0	10.1054	15.8258	0	0	0	0	0	0	0	0
k107_28477679 flag=0 multi=96.5912 len=5251	5251	25.3385	0.029703	0.0295862	3.94565	7.17459	0	0	0.23924	0.302974	10.9275	14.4491	0	0	0	0	10.1964	14.377	0	0	0	0	0	0	0	0
k107_17111719 flag=0 multi=21.0091 len=6581	6581	24.5942	0	0	4.79869	6.62674	0	0	0	0	10.463	10.6805	0	0	0	0	9.28444	7.91949	0	0	0.0480968	0.0585352	0	0	0	0
k107_11864837 flag=0 multi=42.6077 len=34983	34983	25.5027	0.0301894	0.0385466	4.30919	5.85668	0	0	0.213402	0.389451	10.6016	15.3807	0.00423863	0.00433428	0	0	10.3006	15.0419	0	0	0.043482	0.0606993	0	0	0	0
k107_33531785 flag=0 multi=27.1583 len=8200	8200	23.0258	0.0563434	0.0829499	4.12054	6.43907	0	0	0.489491	0.657287	9.21524	14.3423	0	0	0	0	9.10598	14.4681	0	0	0.0382375	0.0669181	0	0	0	0
k107_4403216 flag=0 multi=78.9381 len=6516	6516	25.4136	0.0236563	0.0237174	5.57419	8.69864	0	0	0.19102	0.36879	10.5306	15.9277	0	0	0	0	9.09414	15.1414	0	0	0	0	0	0	0	0
k107_25784079 flag=0 multi=30.1742 len=6427	6427	25.0583	0	0	4.40082	6.05716	0	0	0.0780408	0.0921856	10.5371	8.62021	0	0	0	0	10.0423	17.6879	0	0	0	0	0	0	0	0
k107_3167358 flag=0 multi=19.2496 len=4670	4670	25.5877	0	0	5.26763	8.16555	0	0	0.0625	0.0677904	11.2715	12.5737	0	0	0	0	8.98603	7.19632	0	0	0	0	0	0	0	0
k107_10370542 flag=0 multi=23.1719 len=15486	15486	24.6517	0.0488672	0.0687169	4.61506	6.9137	0	0	0.321457	0.615126	9.74381	14.0774	0	0	0	0	9.90259	15.5342	0	0	0.0198894	0.0381822	0	0	0	0
k107_23448306 flag=0 multi=26.9644 len=5870	5870	24.8543	0.0528017	0.0720128	4.59303	8.76075	0	0	0.2412	0.514426	11.107	12.0524	0	0	0	0	8.86027	11.8611	0	0	0	0	0	0	0	0
k107_32769898 flag=0 multi=22.2421 len=7319	7319	24.5196	0	0	4.52473	5.20719	0	0	0.126835	0.150099	10.062	11.967	0	0	0	0	9.71997	13.8717	0	0	0.0860767	0.0812464	0	0	0	0
k107_29283870 flag=0 multi=21.4676 len=4660	4660	22.279	0	0	4.75333	4.68247	0	0	0.101882	0.159722	9.47315	16.5091	0	0	0	0	7.91602	13.9721	0	0	0.0346489	0.0334605	0	0	0	0
k107_19800077 flag=0 multi=22.8880 len=7814	7814	26.4551	0	0	5.39563	7.81256	0	0	0.0395367	0.0481772	12.0691	18.3348	0	0	0	0	8.95088	11.3872	0	0	0	0	0	0	0	0
k107_10577630 flag=0 multi=27.1187 len=16001	16001	27.355	0.028091	0.0472658	4.64921	8.66482	0	0	0.265941	0.452602	11.7208	12.8036	0	0	0	0	10.6335	13.8151	0	0	0.0574559	0.0619186	0	0	0	0
k107_11795253 flag=0 multi=38.4683 len=3667	3667	27.2285	0.043685	0.0428733	4.65438	7.25009	0	0	0.219316	0.596745	11.5287	17.1527	0.131947	0.177179	0	0	10.6505	13.6658	0	0	0	0	0	0	0	0
k107_29458074 flag=0 multi=22.8055 len=8695	8695	26.2447	0	0	5.3989	9.74839	0	0	0	0	11.0603	22.0076	0	0	0	0	9.78554	14.0288	0	0	0	0	0	0	0	0
k107_21758375 flag=0 multi=33.4604 len=11978	11978	24.2342	0.0128469	0.0127664	4.60252	9.24986	0.00556698	0.0101569	0.273296	0.599656	10.559	12.7217	0.0127612	0.0127669	0	0	8.76824	11.9753	0	0	0	0	0	0	0	0
k107_29628551 flag=0 multi=78.9222 len=5701	5701	24.6449	0	0	4.74051	4.43404	0	0	0.218559	0.391934	9.54177	14.8153	0.049824	0.0712069	0	0	10.0943	14.2631	0	0	0	0	0	0	0	0
k107_22145105 flag=0 multi=33.4320 len=11846	11846	24.2299	0	0	4.63817	7.77855	0	0	0.309858	0.593521	11.2141	12.4376	0	0	0	0	8.06774	13.7399	0	0	0	0	0	0	0	0
k107_30282591 flag=0 multi=40.8938 len=9668	9668	26.229	0	0	4.8107	6.92374	0	0	0.190903	0.344604	10.4025	16.7963	0	0	0	0	10.7927	17.5139	0	0	0.0322443	0.0504277	0	0	0	0
k107_21634693 flag=0 multi=23.0052 len=14754	14754	25.4356	0.0248409	0.0244222	4.89109	8.28247	0	0	0.332134	0.689896	10.709	12.2488	0	0	0	0	9.47855	11.0596	0	0	0	0	0	0	0	0
k107_4484416 flag=0 multi=24.9773 len=4947	4947	24.5903	0	0	4.33003	5.45691	0	0	0.220022	0.589368	10.1615	17.9042	0	0	0	0	9.87879	17.3022	0	0	0	0	0	0	0	0
k107_25121805 flag=0 multi=28.4026 len=18056	18056	24.8606	0.0167286	0.030699	4.97668	6.40915	0	0	0.116593	0.187803	9.92374	14.9319	0	0	0	0	9.79284	13.7294	0	0	0.0340205	0.0395126	0	0	0	0
k107_10946521 flag=0 multi=29.0669 len=8628	8628	24.9234	0.142806	0.27418	4.48054	8.32843	0	0	0.359957	0.560991	10.2897	16.257	0	0	0	0	9.6141	10.9567	0	0	0.0362719	0.0621195	0	0	0	0
k107_6123920 flag=0 multi=36.1065 len=4237	4237	26.3423	0.0752224	0.125272	5.24041	6.68034	0	0	0.26277	0.280385	9.53062	20.4042	0	0	0	0	11.2333	21.4587	0	0	0	0	0	0	0	0
k107_91900 flag=0 multi=39.1830 len=32562	32562	25.7176	0.00926844	0.0177417	4.80874	7.10436	0	0	0.179975	0.372623	10.3602	15.7772	0.0228766	0.0518147	0	0	10.3085	12.9816	0	0	0.0280843	0.0291612	0	0	0	0
k107_2654997 flag=0 multi=47.0000 len=28334	28334	24.6961	0.0482663	0.10673	4.43679	7.59835	0	0	0.126677	0.2127	10.2996	15.466	0.0107021	0.0106585	0	0	9.7525	13.0132	0	0	0.0215468	0.0324443	0	0	0	0
k107_20902970 flag=0 multi=21.9994 len=8647	8647	23.8563	0	0	4.52678	7.51792	0	0	0.194847	0.335597	10.4383	13.8495	0	0	0	0	8.62433	8.30567	0	0	0.0720192	0.0671497	0	0	0	0
k107_13813435 flag=0 multi=55.0419 len=9234	9234	23.7104	0.0164577	0.0166248	4.26478	5.34337	0	0	0.0660546	0.0937388	9.96406	10.233	0	0	0	0	9.39901	10.7981	0	0	0	0	0	0	0	0
k107_12526057 flag=0 multi=52.4034 len=15133	15133	25.2396	0.00991167	0.0100787	4.19965	6.503	0	0	0.240645	0.449748	10.8316	15.7139	0	0	0	0	9.94768	18.0671	0.010114	0.010081	0	0	0	0	0	0
k107_32547251 flag=0 multi=40.6404 len=75010	75010	25.344	0.0256733	0.0393988	4.72646	7.21864	0	0	0.343899	0.862691	10.415	15.2652	0.00592975	0.00606246	0	0	9.80279	13.4753	0	0	0.0242544	0.028605	0	0	0	0
k107_510203 flag=0 multi=24.2024 len=6954	6954	24.9411	0	0	4.59817	6.29162	0	0	0.221738	0.451235	11.2183	18.5743	0.00285628	0.00344617	0	0	8.89808	14.5583	0	0	0.0019543	0.00195077	0	0	0	0
k107_3482067 flag=0 multi=66.3162 len=14662	14662	25.2758	0.0103064	0.0104039	5.02946	9.57415	0	0	0.144429	0.231289	10.335	15.7339	0.0102368	0.0104039	0	0	9.70432	13.4313	0	0	0.0419916	0.0490706	0	0	0	0
k107_29761535 flag=0 multi=25.0887 len=14868	14868	25.9541	0.010092	0.0102594	4.82603	6.88471	0	0	0.0925443	0.182146	11.4559	16.3444	0.0716738	0.21702	0	0	9.47721	12.139	0	0	0.0207332	0.0252473	0	0	0	0
k107_29249121 flag=0 multi=25.7246 len=7631	7631	26.5406	0	0	4.69941	5.24753	0	0	0.0200573	0.020184	10.9091	16.3763	0	0	0	0	10.8708	12.5229	0	0	0.0412062	0.0498947	0	0	0	0
k107_27880265 flag=0 multi=41.2761 len=5711	5711	22.3367	0.0543539	0.091553	4.25827	5.24451	0	0	0.26382	0.337372	8.80643	13.2921	0	0	0	0	8.95378	13.9133	0	0	0	0	0	0	0	0
k107_34170504 flag=0 multi=65.1603 len=4473	4473	25.7334	0	0	4.61832	6.68127	0	0	0.177655	0.458076	11.0784	13.4922	0	0	0	0	9.85903	14.4823	0	0	0	0	0	0	0	0
k107_18576801 flag=0 multi=37.7390 len=39148	39148	25.2629	0.00378417	0.00387221	4.67698	6.23159	0	0	0.103923	0.175172	10.5275	15.5589	0	0	0	0	9.93523	14.1578	0	0	0.0155486	0.018295	0	0	0	0
k107_11482651 flag=0 multi=21.1063 len=5440	5440	25.95	0.0587777	0.0705138	4.61814	5.85895	0	0	0.175749	0.190603	11.1783	11.796	0	0	0	0	9.88965	21.6839	0	0	0.0293889	0.0285313	0	0	0	0
k107_5127017 flag=0 multi=45.4339 len=39020	39020	25.8386	0.0193967	0.0357007	4.6171	7.9477	0	0	0.921793	1.89526	10.3451	14.9653	0.00999535	0.011391	0	0	9.90965	14.9161	0	0	0.0155483	0.0181472	0	0	0	0
k107_33713169 flag=0 multi=44.7773 len=8887	8887	26.7477	0.0175888	0.0172798	4.80652	7.08167	0	0	0.356086	0.999982	10.9262	19.7601	0	0	0	0	10.6062	11.6497	0	0	0.0351776	0.0339563	0	0	0	0
k107_32644786 flag=0 multi=24.0805 len=10226	10226	26.4109	0	0	4.59583	6.29063	0	0	0.388049	0.73342	10.5817	16.6471	0	0	0	0	10.8453	13.6072	0	0	0	0	0	0	0	0
k107_2701563 flag=0 multi=46.2944 len=18642	18642	26.1599	0	0	5.23282	7.36363	0	0	0.0805344	0.10305	10.7355	16.504	0	0	0	0	10.1111	15.2669	0	0	0	0	0	0	0	0
k107_21758948 flag=0 multi=32.7834 len=15110	15110	24.9347	0.0198541	0.0199853	4.20692	5.17461	0	0	0.0504457	0.0942711	10.9997	17.5113	0.0203944	0.0336292	0	0	9.61696	12.932	0.0203944	0.0255246	0	0	0	0	0	0
k107_34298124 flag=0 multi=43.0614 len=7617	7617	26.5307	0.0200957	0.0202197	5.25113	5.29915	0	0	0.203554	0.401947	11.079	17.0892	0	0	0	0	9.93561	10.326	0	0	0.041285	0.0442344	0	0	0	0
k107_35827428 flag=0 multi=74.6432 len=10704	10704	25.4179	0.0284561	0.0281929	4.80494	6.68207	0	0	0.071717	0.130968	10.6852	13.3192	0.0688329	0.14454	0	0	9.72976	17.7549	0	0	0.0290329	0.0512773	0	0	0	0
k107_28723198 flag=0 multi=20.9769 len=8633	8633	23.1234	0	0	4.19457	4.99881	0	0	0.0537751	0.0869359	10.284	11.9571	0	0	0	0	8.59105	14.6373	0	0	0	0	0	0	0	0
k107_8798489 flag=0 multi=33.2045 len=4136	4136	26.1912	0	0	4.72379	6.86677	0	0	0	0	12.6476	14.725	0	0	0	0	8.81977	10.6021	0	0	0	0	0	0	0	0
k107_23171811 flag=0 multi=35.7915 len=22460	22460	24.7735	0.0134037	0.0148876	4.64496	5.78596	0	0	0.280125	0.771132	10.071	12.9172	0.0272136	0.0343604	0	0	9.69591	12.0191	0	0	0.040843	0.103598	0	0	0	0
k107_5265014 flag=0 multi=199.3193 len=4150	4150	23.1315	0.0769231	0.105615	4.06107	6.57786	0	0	0.0769231	0.0723462	9.16346	14.1888	0.982588	9.81911	0	0	8.77053	8.2107	0	0	0	0	0	0	0	0
k107_15613166 flag=0 multi=44.3310 len=4050	4050	26.2908	0	0	4.49546	4.59699	0	0	0.711313	2.44456	10.6275	14.0956	0	0	0	0	10.3356	10.4688	0	0	0.120864	0.116434	0	0	0	0
k107_35639415 flag=0 multi=25.0015 len=4000	4000	21.0095	0	0	4.31395	7.53208	0	0	0.0362358	0.0359309	8.38643	9.6445	0.0657112	0.190273	0	0	8.16631	9.18781	0	0	0.0408329	0.0391721	0	0	0	0
k107_28199203 flag=0 multi=32.2387 len=17416	17416	24.5808	0.0438822	0.121883	4.87268	7.25504	0	0	0.103541	0.336724	10.6111	21.5469	0	0	0	0	8.93193	13.2641	0	0	0.0176464	0.0173328	0	0	0	0
k107_33013671 flag=0 multi=95.0908 len=7532	7532	23.9209	0	0	4.21674	8.9271	0	0	0.286584	0.856226	9.3379	14.8636	0.234302	1.27444	0	0	9.8036	13.9952	0.0417704	0.0469448	0	0	0	0	0	0
k107_14634847 flag=0 multi=22.3792 len=9433	9433	24.7546	0.0816997	0.106524	4.09199	6.87617	0	0	0.309167	0.570741	10.9623	13.2885	0.016099	0.0162658	0	0	9.22714	17.0425	0	0	0.0661483	0.0974896	0	0	0	0
k107_11694795 flag=0 multi=64.9833 len=8934	8934	25.5324	0	0	4.92609	6.23179	0	0	0.171687	0.279207	9.95517	17.0482	0.0170297	0.0171882	0	0	10.3926	15.7279	0.017493	0.0171883	0.0523633	0.0606164	0	0	0	0
k107_7573266 flag=0 multi=21.0000 len=12741	12741	23.1581	0.0238765	0.0331718	5.13635	7.62521	0	0	0.365222	0.698542	8.82893	14.2385	0	0	0	0	8.80376	12.9788	0	0	0	0	0	0	0	0
k107_23266220 flag=0 multi=23.1333 len=18309	18309	25.502	0.0167713	0.0251509	4.17143	5.35534	0	0	0.246904	0.476103	10.6656	13.4048	0.015605	0.0264064	0	0	10.3437	14.0929	0	0	0.0419281	0.0795975	0	0	0	0
k107_3012015 flag=0 multi=25.9995 len=19477	19477	25.7131	0.0154889	0.0262431	4.37737	7.802	0	0	0.165841	0.476662	10.541	16.2393	0	0	0	0	10.6134	12.4711	0	0	0	0	0	0	0	0
k107_27179149 flag=0 multi=32.1587 len=25233	25233	24.4988	0.0118728	0.011972	4.68224	6.086	0	0	0.106654	0.188332	10.5914	14.9811	0	0	0	0	9.09446	11.0107	0	0	0.0121134	0.0222296	0	0	0	0
k107_1782548 flag=0 multi=35.0197 len=38350	38350	26.3688	0.0156119	0.0156218	4.88861	6.77786	0	0	0.276545	0.453647	10.6637	16.7198	0.00394239	0.00395301	0	0	10.5045	14.9348	0	0	0.0158747	0.0174047	0	0	0	0
k107_12413818 flag=0 multi=232.5197 len=5000	5000	15.9581	0	0	4.55172	6.30673	0.511707	1.07343	0	0	10.8946	18.9047	0	0	0	0	0	0	0	0	0	0	0	0	0	0
k107_9753683 flag=0 multi=22.5236 len=10109	10109	23.3639	0	0	4.19782	5.94774	0	0	0.0130519	0.0247952	9.90425	16.4539	0.00122362	0.00122265	0	0	9.24758	13.2699	0	0	0	0	0	0	0	0
k107_4486938 flag=0 multi=74.9672 len=12177	12177	26.5251	0.0752842	0.0866407	4.79579	8.48174	0	0	0.0374737	0.0712266	10.8339	19.177	0.420968	5.13216	0	0	10.3616	18.2563	0	0	0	0	0	0	0	0
k107_21556591 flag=0 multi=20.0007 len=2822	2822	21.9857	0	0	4.30278	7.50838	0	0	0.116667	0.192281	9.73333	10.0026	0.0865079	0.131691	0	0	7.74643	9.14275	0	0	0	0	0	0	0	0
k107_9159309 flag=0 multi=32.0854 len=25015	25015	25.4008	0.0121798	0.0198431	4.63121	6.67484	0	0	0.035973	0.1011	10.3493	16.3098	0	0	0	0	10.3479	15.3631	0	0	0.0241978	0.0266083	0	0	0	0
k107_7805600 flag=0 multi=25.2017 len=5942	5942	26.0323	0.0262411	0.0260609	5.12837	9.81305	0.0260638	0.0258899	0.314894	0.726012	11.7413	15.9017	0	0	0	0	8.79539	12.7484	0	0	0	0	0	0	0	0
k107_13668270 flag=0 multi=42.3574 len=3646	3646	24.5529	0	0	4.54575	7.06314	0	0	0.0888158	0.0821769	9.9055	20.4047	0	0	0	0	9.83373	6.89157	0.0891148	0.104311	0.090012	0.107302	0	0	0	0
k107_10671099 flag=0 multi=25.7894 len=5634	5634	26.0023	0	0	4.75863	5.61473	0	0	0.102401	0.0937199	11.1941	17.021	0	0	0	0	9.94711	10.9095	0	0	0	0	0	0	0	0
k107_22716271 flag=0 multi=33.7093 len=5054	5054	25.5747	0	0	4.77904	4.81344	0	0	0.0620791	0.105828	10.1841	10.7442	0	0	0	0	10.5444	15.685	0	0	0.00505051	0.00523529	0	0	0	0
k107_958295 flag=0 multi=48.6692 len=30409	30409	25.0175	0.0247451	0.0346735	4.45079	6.72719	0	0	0.212708	0.510563	10.6167	15.5763	0	0	0	0	9.70253	11.9795	0	0	0.0100309	0.00992971	0	0	0	0
k107_31967526 flag=0 multi=76.4836 len=29586	29586	25.1256	0.00228794	0.00235284	4.87153	6.76069	0	0	0.151516	0.25534	10.6823	17.5043	0	0	0	0	9.37167	11.2488	0.00512225	0.0051325	0.041217	0.0664634	0	0	0	0
k107_34418465 flag=0 multi=58.9593 len=6722	6722	27.4833	0	0	4.70358	6.60046	0	0	0.116044	0.151644	12.2455	12.7414	0	0	0	0	10.3712	15.7954	0.0470405	0.0654099	0	0	0	0	0	0
k107_5804142 flag=0 multi=41.3691 len=12224	12224	25.6654	0	0	4.86487	7.97637	0	0	0.244087	0.410469	11.1916	14.6992	0	0	0	0	9.33954	10.2168	0	0	0.0253313	0.0377774	0	0	0	0
k107_23115871 flag=0 multi=48.0463 len=26750	26750	26.5443	0.0566016	0.0941736	5.05135	7.2624	0	0	0.2866	0.642382	11.3969	13.3758	0.00559589	0.00567624	0	0	9.72448	14.5191	0	0	0.0227995	0.0292912	0	0	0	0
k107_10447180 flag=0 multi=42.6785 len=25114	25114	24.9513	0.0250685	0.0323273	4.60962	6.93236	0	0	0.174069	0.404995	10.5445	20.9437	0.0121715	0.0129128	0	0	9.57371	18.1719	0	0	0.0121312	0.0239527	0	0	0	0
k107_32760543 flag=0 multi=28.4148 len=25305	25305	26.3655	0	0	4.668	6.13276	0	0	0.277927	0.64406	10.9644	16.8237	0	0	0	0	10.4431	12.7203	0	0	0.0120786	0.0119395	0	0	0	0
k107_24135076 flag=0 multi=37.0249 len=10913	10913	9.9477	0.653284	1.65864	0	0	0.0567336	0.0666893	0	0	9.23768	13.8161	0	0	0	0	0	0	0	0	0	0	0	0	0	0
k107_35117989 flag=0 multi=40.4665 len=2630	2630	23.6572	0	0	3.2049	3.72628	0	0	0	0	9.19416	10.6417	0	0	0	0	11.2582	17.9428	0	0	0	0	0	0	0	0
k107_4045236 flag=0 multi=65.5667 len=3557	3557	25.6992	0	0	6.16436	8.03108	0	0	0.226728	0.273462	10.2123	10.2522	0	0	0	0	9.09585	9.98502	0	0	0	0	0	0	0	0
k107_9224494 flag=0 multi=27.9697 len=5094	5094	22.8881	0	0	4.524	5.93886	0	0	0.40818	1.10624	9.58806	14.744	0	0	0	0	8.3679	13.7451	0	0	0	0	0	0	0	0
k107_25310267 flag=0 multi=27.0586 len=4968	4968	25.8631	0.0949421	0.111684	4.53665	8.66599	0	0	0.0319331	0.0313228	10.8748	11.3026	0	0	0	0	10.2602	8.69908	0	0	0.0645092	0.0965551	0	0	0	0
k107_31049921 flag=0 multi=44.5305 len=7421	7421	11.2861	0.712319	1.49679	0	0	0.0209299	0.0207595	0	0	10.5529	16.3051	0	0	0	0	0	0	0	0	0	0	0	0	0	0
k107_1562964 flag=0 multi=40.0004 len=24611	24611	25.7456	0	0	4.36118	6.9329	0	0	0.189189	0.470059	11.0963	15.6547	0	0	0	0	10.074	17.7013	0	0	0.0248056	0.0773782	0	0	0	0
k107_1992598 flag=0 multi=28.2051 len=35675	35675	24.8315	0.016849	0.0298198	4.87488	6.07736	0	0	0.0838775	0.138499	10.4406	14.0885	0	0	0	0	9.39397	14.4794	0	0	0.021344	0.0254042	0	0	0	0
k107_15808105 flag=0 multi=29.0369 len=11476	11476	24.9014	0	0	4.6772	6.37949	0	0	0.186057	0.470522	9.78477	13.2749	0	0	0	0	10.1993	15.5711	0	0	0.0540541	0.119518	0	0	0	0
k107_23973457 flag=0 multi=59.1263 len=13104	13104	25.1786	0	0	4.57819	7.12233	0.0149195	0.0152315	0.0694423	0.130918	10.3444	14.7678	0.0229652	0.044594	0	0	10.1251	12.0938	0	0	0.0235901	0.023032	0	0	0	0
k107_14463974 flag=0 multi=97.6556 len=17092	17092	23.9202	0.0263252	0.036024	4.93341	6.3932	0	0	0.123764	0.266432	9.60518	13.4152	0.158428	1.42502	0	0	9.07314	11.9172	0	0	0	0	0	0	0	0
k107_35134607 flag=0 multi=37.6546 len=28310	28310	24.3622	0.0052842	0.00536301	4.51792	6.72524	0	0	0.235183	0.487673	10.4963	15.1887	0.0160311	0.0194857	0	0	9.06994	10.7066	0	0	0.0215296	0.0281776	0	0	0	0
k107_18227693 flag=0 multi=38.4873 len=8492	8492	26.0667	0	0	5.24273	7.35588	0	0	0.126984	0.24596	11.0543	14.5217	0	0	0	0	9.60574	10.6682	0	0	0.0368742	0.0523737	0	0	0	0
k107_19378469 flag=0 multi=43.7565 len=47098	47098	25.7795	0.0349603	0.0630008	4.612	7.2945	0	0	0.253633	0.721434	10.7594	13.4348	0	0	0	0	10.1002	14.1013	0	0	0.0192965	0.023512	0	0	0	0
k107_30081877 flag=0 multi=63.5256 len=12077	12077	24.0306	0.0379618	0.0369832	4.17512	6.89488	0	0	0.100722	0.178189	10.5592	15.1133	0.0117197	0.0205771	0	0	9.1459	13.3223	0	0	0	0	0	0	0	0
k107_10258881 flag=0 multi=25.0468 len=9765	9765	26.5677	0.00665751	0.00671819	4.56441	8.46719	0	0	0.149952	0.231731	10.8993	12.3624	0	0	0	0	10.8837	12.8696	0	0	0.0637219	0.0707466	0	0	0	0
k107_34285956 flag=0 multi=32.0596 len=8574	8574	25.722	0.0357834	0.0351873	4.63697	5.40233	0	0	0.270309	0.46219	10.4885	12.6543	0	0	0	0	10.2904	14.4757	0	0	0	0	0	0	0	0
k107_15418690 flag=0 multi=27.3221 len=13986	13986	25.5472	0	0	4.37642	6.84367	0	0	0.140237	0.350429	11.068	15.9573	0.0108156	0.010914	0	0	9.86356	13.7661	0	0	0.0882052	0.118354	0	0	0	0
k107_26211701 flag=0 multi=65.9140 len=4551	4551	28.3686	0	0	4.88327	9.32495	0	0	0.328783	0.611756	11.6536	18.4984	0	0	0	0	11.5029	17.4525	0	0	0	0	0	0	0	0
k107_15081497 flag=0 multi=39.4949 len=23489	23489	25.7932	0.0258766	0.030373	4.64976	7.75357	0	0	0.128218	0.443356	11.1039	18.105	0.0130245	0.0151093	0	0	9.84004	12.8573	0.00651227	0.00647031	0.0259628	0.0262289	0	0	0	0
k107_14717040 flag=0 multi=84.1494 len=13393	13393	26.0035	0	0	4.95394	9.01071	0	0	0.734245	2.26934	11.0138	16.6974	0	0	0	0	9.25583	14.8871	0	0	0.0457566	0.0655599	0	0	0	0
k107_32105583 flag=0 multi=24.1751 len=4853	4853	25.8055	0	0	5.33114	9.50741	0	0	0.169413	0.415748	10.5361	14.4218	0	0	0	0	9.7027	13.7228	0	0	0.0661393	0.0619663	0	0	0	0
k107_4256632 flag=0 multi=21.0043 len=17308	17308	24.9443	0.0382806	0.0386705	4.2635	5.57802	0	0	0.183935	0.347914	10.5235	16.8447	0	0	0	0	9.93514	17.8933	0	0	0	0	0	0	0	0
k107_591616 flag=0 multi=37.4946 len=18947	18947	26.7394	0.0158756	0.0158876	5.4214	8.18597	0	0	0.269563	0.392657	10.7482	18.2564	0	0	0	0	10.2196	15.2953	0	0	0.0647895	0.0971636	0	0	0	0
k107_20953486 flag=0 multi=34.0118 len=22090	22090	26.118	0.0346521	0.0407002	5.06086	7.91908	0	0	0.088535	0.136753	10.4688	17.1464	0.00307509	0.00471697	0	0	10.4347	14.5731	0.0135855	0.0154057	0.0138608	0.0136638	0	0	0	0
k107_16149598 flag=0 multi=52.7500 len=10433	10433	24.863	0	0	4.42612	6.42373	0	0	0.234429	0.581419	10.7667	10.1449	0	0	0	0	9.43579	14.799	0	0	0	0	0	0	0	0
k107_27616411 flag=0 multi=64.9848 len=12203	12203	26.5473	0	0	4.76683	6.89995	0	0	0.259054	0.380216	10.9681	21.9822	0.038064	0.0517433	0	0	10.4392	18.4121	0.012688	0.0125314	0.06344	0.0814399	0	0	0	0
k107_35370890 flag=0 multi=37.5449 len=32362	32362	25.5082	0.00923269	0.00933248	4.63178	5.83121	0	0	0.277792	0.700593	11.3379	17.9648	0.00923269	0.00933416	0	0	9.20459	14.8862	0	0	0.0376794	0.0426382	0	0	0	0
k107_10698776 flag=0 multi=102.9223 len=4107	4107	27.2928	0	0	5.32746	6.80594	0	0	0.0402103	0.0400457	11.3367	17.4974	0	0	0	0	10.5884	22.2951	0	0	0	0	0	0	0	0
k107_7794288 flag=0 multi=58.5719 len=7935	7935	24.3778	0.038779	0.0474364	5.06682	5.50335	0	0	0.17516	0.44957	10.4984	11.9018	0	0	0	0	8.55915	12.1947	0	0	0.039565	0.0566062	0	0	0	0
k107_5637424 flag=0 multi=34.9883 len=20951	20951	25.8877	0	0	4.41668	6.29171	0	0	0.533343	0.788811	10.5364	14.2891	0	0	0	0	10.3867	17.0167	0	0	0.0146254	0.0260488	0	0	0	0
k107_5276273 flag=0 multi=42.0089 len=5979	5979	25.273	0.0162057	0.0161151	4.10023	6.50424	0	0	0.312665	0.986409	10.2138	16.8673	0	0	0	0	10.5769	14.5843	0	0	0.0531971	0.0708197	0	0	0	0
k107_18670888 flag=0 multi=26.9335 len=19200	19200	25.6909	0.0159805	0.0226026	4.66393	6.29743	0	0	0.245582	0.43088	10.7522	15.579	0.0158218	0.015719	0	0	9.97349	15.516	0	0	0.023865	0.0389533	0	0	0	0
k107_26505499 flag=0 multi=51.7544 len=6527	6527	23.915	0.024257	0.0236752	3.88916	5.65634	0	0	0	0	11.2954	15.1416	0	0	0	0	8.60916	11.0335	0	0	0.0970281	0.164413	0	0	0	0
k107_16869397 flag=0 multi=25.4751 len=16440	16440	25.9427	0.0276986	0.0360334	4.45538	5.85622	0	0	0.183108	0.308999	10.7481	13.0955	0	0	0	0	10.5097	17.4803	0	0	0.0187136	0.0183616	0	0	0	0
k107_32052694 flag=0 multi=20.1480 len=6728	6728	26.5769	0.0460629	0.0700075	5.50389	5.46393	0	0	0.0687831	0.0941651	10.6338	12.3927	0	0	0	0	10.3243	15.2173	0	0	0	0	0	0	0	0
k107_22315009 flag=0 multi=26.0091 len=12842	12842	27.5864	0	0	5.04809	7.41343	0	0	0.108134	0.143785	10.7982	13.4629	0	0	0	0	11.5841	16.7066	0.0238437	0.0415486	0.0240829	0.0235047	0	0	0	0
k107_28305009 flag=0 multi=31.2546 len=46266	46266	25.414	0.00963798	0.0123911	4.56338	7.18588	0	0	0.201875	0.3612	10.3267	17.8546	0.00650509	0.00922244	0	0	10.2797	15.951	0	0	0.0262597	0.030667	0	0	0	0
k107_22435164 flag=0 multi=26.8798 len=18067	18067	24.3824	0.0252744	0.0378086	4.54512	8.43023	0	0	0.157501	0.328853	9.60546	12.9341	0	0	0	0	10.0321	13.1753	0	0	0.0169997	0.0206441	0	0	0	0
k107_33977750 flag=0 multi=50.2324 len=38162	38162	24.1216	0.00797676	0.013987	4.53378	5.86004	0	0	0.101875	0.19173	10.0333	14.6417	0.0125462	0.0205029	0	0	9.40837	10.7959	0.00781828	0.012562	0.0159007	0.0229866	0	0	0	0
k107_5330972 flag=0 multi=21.0284 len=9090	9090	24.7046	0	0	4.64053	7.23065	0	0	0.0506372	0.0541295	10.6466	14.0139	0.0169549	0.016886	0	0	9.34991	15.5598	0	0	0	0	0	0	0	0
k107_10705698 flag=0 multi=136.0000 len=4781	4781	22.9382	0.0984595	0.158383	3.70328	6.03103	0	0	0.267247	1.0416	9.58004	12.8709	0	0	0	0	9.2217	10.9403	0	0	0.0674258	0.062894	0	0	0	0
k107_20276016 flag=0 multi=60.9210 len=5325	5325	25.1236	0.0292654	0.0291614	4.19192	3.89612	0	0	0.0770456	0.132883	11.6094	13.4712	0.00796337	0.0182355	0	0	9.20804	9.01536	0	0	0	0	0	0	0	0
k107_32469332 flag=0 multi=32.0796 len=19329	19329	25.004	0.0158722	0.0166706	5.02617	7.38037	0	0	0.062385	0.0825856	10.4469	18.2332	0.0158722	0.0198244	0	0	9.43685	14.2896	0	0	0	0	0	0	0	0
k107_24705022 flag=0 multi=35.9927 len=13099	13099	24.3652	0.0466516	0.0696513	4.20411	6.35239	0	0	0.277487	0.732303	9.90865	14.559	0	0	0	0	9.92826	16.5772	0	0	0	0	0	0	0	0
k107_8022552 flag=0 multi=83.0325 len=15995	15995	25.0279	0.0756388	0.0991028	4.46537	4.98326	0	0	0.260052	0.836535	10.3909	15.3256	0	0	0	0	9.83598	14.5287	0	0	0	0	0	0	0	0
k107_9023108 flag=0 multi=32.4927 len=35547	35547	25.9858	0.0212229	0.0258161	4.67706	6.96103	0	0	0.280011	0.597612	10.8494	13.2658	0.0041708	0.00426499	0	0	10.1368	12.8473	0	0	0.0171088	0.0203151	0	0	0	0
k107_2875680 flag=0 multi=50.2156 len=25016	25016	25.3712	0.0181678	0.021977	4.44343	5.47359	0	0	0.361657	0.779309	10.2607	15.4883	0.0061099	0.00606755	0	0	10.2446	15.1218	0.0061099	0.00607068	0.030509	0.0317282	0	0	0	0
