contigName	contigLen	totalAvgDepth	Cen01_MA.bam	Cen01_MA.bam-var	Cen03_MA.bam	Cen03_MA.bam-var	Cen04_MA.bam	Cen04_MA.bam-var	Cen05_MA.bam	Cen05_MA.bam-var	Cen06_MA.bam	Cen06_MA.bam-var	Cen07_MA.bam	Cen07_MA.bam-var	Cen10_MA.bam	Cen10_MA.bam-var	Cen12_MA.bam	Cen12_MA.bam-var	Cen14_MA.bam	Cen14_MA.bam-var	Cen15_MA.bam	Cen15_MA.bam-var	Cen16_MA.bam	Cen16_MA.bam-var	Cen17_MA.bam	Cen17_MA.bam-var
k107_10503194 flag=0 multi=39.7360 len=21093	21093	44.552	0	0	0	0	0	0	0	0	0	0	0	0	0	0	7.3603	11.2318	13.5004	18.7594	23.6538	32.4845	0.0374681	0.0703559	0	0
k107_23064157 flag=0 multi=80.9124 len=3579	3579	43.1297	0	0	0	0	0	0	0	0	0	0	0	0	0	0	5.10528	3.87264	14.5829	17.0661	22.209	34.8387	1.23253	1.25015	0	0
k107_9459559 flag=0 multi=45.9752 len=10828	10828	43.5665	0	0	0	0	0	0	0	0	0	0	0	0	0	0	6.33318	7.42374	13.4301	20.013	22.1253	24.9565	1.67794	1.97711	0	0
k107_4688450 flag=0 multi=84.7551 len=4206	4206	45.585	0	0	0	0	0	0	0	0	0	0	0	0	0	0	8.3791	10.7028	13.5026	14.445	22.501	26.6109	1.20236	1.69923	0	0
k107_13785274 flag=0 multi=63.2912 len=17904	17904	44.2554	0	0	0	0	0	0	0	0	0	0	0	0	0	0	6.60005	9.99652	13.5235	19.6035	22.013	34.3497	2.11896	2.88818	0	0
k107_2111527 flag=0 multi=80.0683 len=12019	12019	44.0299	0	0	0	0	0	0	0	0	0	0	0	0	0	0	6.22779	10.0454	13.1144	18.365	22.7248	37.7938	1.96287	2.71244	0	0
k107_33352430 flag=0 multi=33.0787 len=11066	11066	41.4086	0	0	0	0	0	0	0	0	0	0	0	0	0	0	5.4189	7.2599	12.9759	22.3073	21.3298	30.3062	1.68395	2.02018	0	0
k107_4372173 flag=0 multi=31.0836 len=12852	12852	40.2803	0	0	0	0	0	0	0	0	0	0	0	0	0	0	6.07291	8.59332	12.281	17.3595	20.1782	27.6417	1.74829	2.11293	0	0
k107_33801410 flag=0 multi=34.0425 len=6181	6181	43.5962	0	0	0	0	0	0	0	0	0	0	0	0	0	0	7.02347	7.29718	12.3967	22.8166	21.3353	20.43	2.84079	4.02501	0	0
k107_2367384 flag=0 multi=42.0397 len=18549	18549	43.439	0	0	0	0	0	0	0	0	0	0	0	0	0	0	6.74692	9.77111	13.4028	25.4933	21.4835	33.9517	1.80583	2.1068	0	0
k107_433710 flag=0 multi=32.0010 len=16440	16440	42.5999	0	0	0	0	0	0	0	0	0	0	0	0	0	0	6.20362	9.21387	14.0201	18.6635	20.7088	34.9082	1.66731	1.73037	0	0
k107_15882413 flag=0 multi=36.3137 len=4092	4092	43.8778	0	0	0	0	0	0	0	0	0	0	0	0	0	0	7.45752	10.0467	13.3633	11.3641	23.057	50.2927	0	0	0	0
k107_2628974 flag=0 multi=74.2578 len=9810	9810	44.6902	0	0	0	0	0	0	0.0317627	0.060435	0	0	0	0	0	0	6.72202	8.91891	14.1174	14.9039	22.2345	35.3383	1.58446	2.28597	0	0
k107_15555856 flag=0 multi=54.0746 len=23055	23055	45.0883	0	0	0	0	0	0	0	0	0.0131411	0.0156526	0	0	0	0	6.97991	9.79613	14.0938	20.4279	22.3662	39.5354	1.63521	2.46682	0	0
k107_7431290 flag=0 multi=45.0905 len=25888	25888	43.8174	0	0	0	0	0	0	0	0	0.0116861	0.0173014	0	0	0	0	6.70566	9.91623	13.1227	17.1973	22.3052	30.9309	1.67216	2.07877	0	0
k107_22986232 flag=0 multi=39.2816 len=9548	9548	44.1786	0	0	0	0	0	0	0	0	0	0	0	0	0	0	6.54013	7.99444	13.1838	16.9063	22.2676	30.9078	2.18711	3.22875	0	0
k107_8827518 flag=0 multi=55.3855 len=4273	4273	42.8114	0	0	0	0	0	0	0	0	0	0	0	0	0	0	6.85268	9.71788	13.3304	20.7411	20.7661	34.6678	1.86225	2.97887	0	0
k107_15744128 flag=0 multi=42.1471 len=12767	12767	44.3866	0	0	0	0	0	0	0	0	0	0	0	0	0	0	6.33293	12.4088	14.0228	16.7274	22.4826	26.7875	1.54826	1.92401	0	0
k107_9967805 flag=0 multi=69.0000 len=25451	25451	43.3882	0	0	0	0	0	0	0	0	0	0	0	0	0	0	6.46622	9.50853	13.8351	17.3888	21.1971	34.4261	1.88982	2.24824	0	0
k107_26048473 flag=0 multi=32.2941 len=8879	8879	44.1214	0	0	0	0	0	0	0	0	0.0350939	0.0339829	0	0	0	0	6.70537	9.22432	15.0297	17.2673	21.0839	33.7187	1.26723	1.66276	0	0
k107_9830081 flag=0 multi=49.0735 len=100472	100472	43.8052	0	0	0	0	0	0	0.00300489	0.00403792	0.00602975	0.00820549	0	0	0	0	6.76325	9.00546	13.5054	17.5582	21.6742	30.8474	1.85329	2.33515	0	0
k107_12065834 flag=0 multi=114.8109 len=4945	4945	42.6586	0	0	0	0	0	0	0	0	0	0	0	0	0	0	5.05492	9.27139	16.0997	16.8589	19.3308	18.295	2.17316	2.38053	0	0
k107_11064060 flag=0 multi=36.8436 len=4341	4341	44.335	0	0	0	0	0	0	0	0	0	0	0	0	0	0	6.67022	9.17959	14.6217	27.8721	21.1619	23.8114	1.88116	2.01595	0	0
k107_28356443 flag=0 multi=47.9479 len=5290	5290	43.0928	0	0	0	0	0	0	0	0	0.0302727	0.0293621	0	0	0	0	6.38091	8.25675	14.1518	18.3622	20.4705	35.8956	2.05934	1.85201	0	0
k107_133657 flag=0 multi=35.4902 len=6414	6414	43.4606	0	0	0	0	0	0	0	0	0	0	0	0	0	0	7.52634	10.9357	13.703	17.1098	20.9303	41.2748	1.30088	1.63586	0	0
k107_13061604 flag=0 multi=49.8397 len=83704	83704	42.9768	0	0	0	0	0	0	0	0	0.010863	0.0173432	0	0	0	0	6.40988	8.58648	13.1831	18.4772	21.6182	34.6872	1.75487	2.31065	0	0
k107_13763094 flag=0 multi=35.0042 len=40700	40700	44.682	0	0	0	0	0	0	0	0	0	0	0	0	0	0	6.60431	7.69029	13.6157	22.6335	22.6241	37.1279	1.83794	2.06991	0	0
k107_607098 flag=0 multi=48.6231 len=56314	56314	43.0623	0.0053917	0.00718479	0	0	0	0	0	0	0	0	0	0	0	0	6.45164	9.47078	13.5945	17.4728	21.4344	32.5025	1.57639	1.96345	0	0
k107_1740756 flag=0 multi=43.0883 len=10365	10365	41.6242	0	0	0	0	0	0	0	0	0.0300109	0.0434341	0	0	0	0	6.53225	11.4529	13.6508	15.9344	19.3748	24.9247	2.03627	2.08062	0	0
k107_30962844 flag=0 multi=45.0000 len=39129	39129	43.3965	0	0	0	0	0	0	0	0	0	0	0	0	0	0	6.67342	8.03409	13.5953	16.5562	21.4635	27.4426	1.6642	2.29813	0	0
k107_19613129 flag=0 multi=97.9543 len=26952	26952	42.9268	0	0	0	0	0	0	0	0	0	0	0	0	0	0	6.24079	8.25775	13.2822	16.8233	21.8441	38.7543	1.55974	2.14797	0	0
k107_27774737 flag=0 multi=34.0063 len=17585	17585	43.2933	0	0	0	0	0	0	0	0	0.0174738	0.0219143	0	0	0	0	6.67089	7.80356	13.1283	19.6144	21.8331	30.1489	1.64352	2.23705	0	0
k107_3724664 flag=0 multi=43.6872 len=2629	2629	44.4401	0	0	0	0	0	0	0	0	0	0	0	0	0	0	6.92394	12.2102	13.4022	19.226	21.6377	19.8339	2.47615	4.17273	0	0
k107_11076815 flag=1 multi=48.0000 len=60548	60548	43.0558	0	0	0	0	0	0	0	0	0	0	0	0	0	0	6.35209	8.07119	13.7114	18.534	21.5573	30.3559	1.43507	1.79576	0	0
k107_6531187 flag=0 multi=44.6264 len=21986	21986	43.6582	0	0	0	0	0	0	0	0	0	0	0	0	0	0	7.11829	9.85084	12.9217	14.0117	21.969	32.6131	1.64923	2.50217	0	0
k107_11308894 flag=0 multi=43.3525 len=5696	5696	46.1648	0	0	0	0	0	0	0	0	0	0	0	0	0	0	6.87857	10.1277	14.7104	24.2457	22.9657	29.9677	1.61012	1.46295	0	0
k107_34835715 flag=0 multi=51.9698 len=19646	19646	41.0154	0	0	0	0	0	0	0	0	0	0	0	0	0	0	6.02026	7.13489	13.1673	18.4855	20.1796	25.8828	1.64816	2.05637	0	0
k107_6420832 flag=0 multi=36.0150 len=11255	11255	44.4647	0	0	0	0	0	0	0	0	0	0	0	0	0	0	5.92787	7.36356	12.9486	17.9983	23.4502	38.2924	2.13804	3.13003	0	0
k107_13969191 flag=0 multi=33.4873 len=11225	11225	42.7269	0	0	0	0	0	0	0	0	0.027465	0.0316466	0	0	0	0	5.74741	7.5121	13.9344	23.276	21.6185	30.7203	1.39916	1.89716	0	0
k107_12396762 flag=0 multi=28.9480 len=2606	2606	39.4848	0	0	0	0	0	0	0	0	0	0	0	0	0	0	6.43273	5.33708	12.2687	6.96333	19.0447	30.9548	1.73872	1.64261	0	0
k107_35630505 flag=0 multi=72.3612 len=24490	24490	45.0339	0	0	0	0	0	0	0	0	0	0	0	0	0	0	6.7882	7.63534	13.6184	18.4745	22.9776	32.9852	1.64974	1.75049	0	0
k107_8031789 flag=0 multi=39.6456 len=24793	24793	43.9797	0	0	0	0	0	0	0	0	0	0	0	0	0	0	7.0608	9.99671	13.5999	20.8848	22.3351	35.4355	0.983831	2.49391	0	0
k107_2130396 flag=0 multi=38.0303 len=42200	42200	42.5184	0	0	0	0	0	0	0	0	0	0	0	0	0	0	5.97907	7.83787	13.3329	17.1587	21.3417	29.7387	1.86479	2.50578	0	0
k107_2760071 flag=0 multi=46.5980 len=90327	90327	43.9849	0	0	0	0	0	0	0	0	0.00335462	0.00593966	0	0	0	0	6.69685	9.04065	13.6653	19.3788	21.9794	32.0426	1.63501	2.11901	0.00496529	0.00633755
k107_20809156 flag=0 multi=41.2331 len=53667	53667	42.1812	0	0	0	0	0	0	0	0	0.00560292	0.00787447	0	0	0	0	6.76601	9.3556	13.1981	19.5081	20.5317	26.8973	1.67983	2.40497	0	0
k107_22496775 flag=0 multi=32.9289 len=19197	19197	43.4393	0	0	0	0	0	0	0	0	0	0	0	0	0	0	6.54311	10.9134	13.0596	19.8586	22.1752	32.3942	1.66129	2.51945	0	0
k107_32641268 flag=0 multi=31.9872 len=8692	8692	42.3443	0	0	0	0	0	0	0	0	0	0	0	0	0	0	6.13111	11.3953	12.8509	19.4477	21.5846	39.7816	1.77771	2.31042	0	0
k107_35606390 flag=0 multi=49.4107 len=10051	10051	45.0966	0	0	0	0	0	0	0	0	0	0	0	0	0	0	6.68345	9.97818	13.2632	12.3317	23.4689	18.8922	1.6811	2.09352	0	0
k107_32383511 flag=0 multi=51.2458 len=35829	35829	43.1451	0	0	0	0	0	0	0	0	0	0	0	0	0	0	6.63411	9.49265	13.1951	19.4131	21.4879	30.512	1.81549	1.88944	0.0125538	0.0125802
k107_15519037 flag=0 multi=44.5413 len=70757	70757	42.9669	0	0	0	0	0	0	0	0	0.00428642	0.00509283	0	0	0	0	6.42482	9.40837	13.3772	19.4955	21.4266	31.414	1.7341	2.08753	0	0
k107_25262165 flag=0 multi=39.7758 len=16761	16761	43.5667	0	0	0	0	0	0	0	0	0	0	0	0	0	0	6.65618	9.12375	13.4096	20.9175	21.801	28.5896	1.70004	2.88962	0	0
k107_29652759 flag=0 multi=34.9660 len=10204	10204	44.244	0	0	0	0	0	0	0	0	0	0	0	0	0	0	6.19087	8.79681	13.9673	21.1426	22.3344	44.4303	1.75146	1.82205	0	0
k107_19268591 flag=0 multi=32.9845 len=2937	2937	45.192	0	0	0	0	0	0	0	0	0	0	0	0	0	0	7.33131	8.13759	13.7184	12.5236	24.1423	16.7461	0	0	0	0
k107_1678793 flag=0 multi=112.3363 len=13895	13895	44.8167	0	0	0	0	0	0	0	0	0	0	0	0	0	0	7.13948	10.1436	13.2032	17.5819	22.8986	27.1518	1.57552	2.64507	0	0
k107_7484572 flag=0 multi=46.0694 len=66954	66954	43.3293	0	0	0	0	0	0	0	0	0	0	0	0	0	0	6.34065	9.798	13.457	18.9509	21.8559	31.4474	1.66888	2.29648	0.00678149	0.00675973
k107_11320652 flag=0 multi=33.9987 len=23082	23082	43.9391	0	0	0	0	0	0	0	0	0.0132572	0.0176539	0	0	0	0	6.19552	8.389	13.5911	18.2933	22.1846	32.3503	1.95461	2.37303	0	0
k107_8685789 flag=0 multi=42.1485 len=21166	21166	44.1231	0	0	0	0	0	0	0	0	0	0	0	0	0	0	6.86551	9.0265	13.3618	20.0326	22.2258	32.2313	1.66996	2.17816	0	0
k107_25525769 flag=0 multi=68.0085 len=98333	98333	45.2247	0	0	0	0	0	0	0.00306026	0.00306918	0.00308066	0.00306847	0	0	0	0	7.1233	9.72859	13.8028	20.0674	22.6678	31.3342	1.62466	1.9622	0	0
k107_13747184 flag=0 multi=44.8658 len=57406	57406	43.9534	0	0	0	0	0	0	0	0	0	0	0	0	0	0	6.32626	8.77514	14.0338	18.9706	21.8493	33.6193	1.74403	2.0285	0	0
k107_30235434 flag=0 multi=108.4885 len=5106	5106	42.8543	0	0	0	0	0	0	0	0	0	0	0	0	0	0	6.50562	8.54884	12.3861	13.8275	21.8114	33.3682	2.15112	3.08718	0	0
k107_5425533 flag=0 multi=33.0757 len=3687	3687	43.7173	0	0	0	0	0	0	0	0	0	0	0	0	0	0	6.48419	10.4657	13.1516	15.5683	22.7572	19.9391	1.32437	1.91232	0	0
k107_7240920 flag=0 multi=30.3284 len=5798	5798	42.3901	0	0	0	0	0	0	0	0	0	0	0	0	0	0	7.06114	13.0044	12.81	28.082	20.6385	24.339	1.88046	2.17564	0	0
k107_27149330 flag=0 multi=47.0000 len=5006	5006	40.3474	0	0	0	0	0	0	0	0	0	0	0	0	0	0	5.7685	4.85812	14.4054	17.4717	18.8365	23.4127	1.33695	1.72005	0	0
k107_13212398 flag=0 multi=35.9103 len=29187	29187	43.6126	0	0	0.0104553	0.0127753	0	0	0	0	0	0	0	0	0	0	6.90988	11.5821	13.6063	18.8717	21.5189	25.514	1.56708	1.80773	0	0
k107_2881960 flag=0 multi=43.0749 len=9053	9053	43.0525	0	0	0	0	0	0	0	0	0	0	0	0	0	0	6.80002	10.8154	12.7899	18.289	21.931	30.1124	1.5316	1.78316	0	0
k107_16094921 flag=0 multi=51.5054 len=7540	7540	43.8726	0	0	0	0	0	0	0	0	0	0	0	0	0	0	6.36916	7.53335	12.9474	15.5191	22.7211	33.202	1.83504	2.73876	0	0
k107_3770110 flag=0 multi=40.6874 len=21720	21720	44.5304	0	0	0	0	0	0	0	0	0	0	0	0	0	0	6.47362	11.2188	13.9188	22.8823	22.4424	30.8537	1.69568	2.05811	0	0
k107_14960850 flag=0 multi=74.3672 len=36587	36587	42.1958	0.008323	0.0125493	0	0	0	0	0	0	0	0	0	0	0	0	6.61226	8.48575	13.1479	17.0339	20.7906	26.1951	1.63682	1.98182	0	0
k107_14631660 flag=0 multi=68.2951 len=3482	3482	41.3472	0	0	0	0	0	0	0	0	0	0.00125676	0	0	0	0	6.0956	11.0026	12.5758	9.32788	20.5145	23.6961	2.16132	2.06157	0	0
k107_10075516 flag=0 multi=36.0393 len=14460	14460	42.5816	0	0	0	0	0	0	0	0	0	0	0	0	0	0	6.506	7.68216	13.5448	13.571	20.5706	26.156	1.96023	2.153	0	0
k107_8517002 flag=0 multi=63.0126 len=16175	16175	42.5677	0	0	0	0	0	0	0	0	0	0	0	0	0	0	6.21055	11.0453	12.76	14.7588	22.1743	39.7806	1.42279	2.16184	0	0
k107_19088815 flag=0 multi=34.8772 len=4756	4756	44.7634	0	0	0	0	0	0	0	0	0.0206556	0.0204487	0	0	0	0	5.9762	11.1646	13.3673	18.3649	23.9531	31.6597	1.44612	2.13325	0	0
k107_26626809 flag=0 multi=43.9168 len=24988	24988	44.7132	0	0	0	0	0	0	0	0	0	0	0	0	0	0	6.39083	9.31959	14.1102	18.9909	22.3357	33.8668	1.87653	2.30322	0	0
k107_27385403 flag=0 multi=67.7972 len=25564	25564	43.9229	0	0	0	0	0	0	0	0	0.0239094	0.0312424	0	0	0	0	6.52276	9.5387	13.837	16.9481	21.6388	30.8106	1.90044	2.98015	0	0
k107_29827139 flag=0 multi=37.0304 len=5497	5497	41.5811	0	0	0	0	0	0	0	0	0	0	0	0	0	0	7.30645	9.77368	11.8986	17.5746	21.0083	37.4664	1.36785	1.29756	0	0
k107_30985561 flag=0 multi=35.0853 len=6766	6766	46.4686	0	0	0	0	0	0	0	0	0	0	0	0	0	0	6.14697	6.00836	13.9954	13.045	24.3894	39.0429	1.93688	3.42811	0	0
k107_24102427 flag=0 multi=41.3946 len=3584	3584	45.004	0	0	0	0	0	0	0	0	0	0	0	0	0	0	7.13163	9.88123	14.5689	12.4252	22.1399	39.865	1.16362	1.1061	0	0
k107_19895721 flag=0 multi=42.0232 len=5890	5890	44.8293	0	0	0	0	0	0	0	0	0	0	0	0	0	0	7.32266	7.33587	12.9579	17.5689	22.3778	44.953	2.1709	3.09112	0	0
k107_27812257 flag=0 multi=41.2719 len=34232	34232	43.8981	0	0	0	0	0	0	0.00433245	0.00442864	0	0	0	0	0	0	6.35093	8.86099	13.3513	16.8854	22.6387	33.5644	1.55281	1.88189	0	0
k107_8830669 flag=0 multi=38.0171 len=45466	45466	42.7365	0	0	0	0	0	0	0	0	0	0	0	0	0	0	6.45144	10.0117	13.0608	17.1661	21.5014	28.2362	1.72283	2.34796	0	0
k107_15219198 flag=0 multi=47.0487 len=21483	21483	42.2507	0	0	0	0	0	0	0	0	0	0	0	0	0	0	6.44715	8.6423	13.5079	19.9525	20.8315	23.5689	1.46414	1.77215	0	0
k107_22239838 flag=0 multi=36.3330 len=8189	8189	42.6056	0	0	0	0	0	0	0	0	0	0	0	0	0	0	6.46177	6.9637	13.0262	22.5971	21.3886	31.4168	1.72892	2.68365	0	0
k107_4008616 flag=0 multi=46.0329 len=10454	10454	41.7206	0	0	0	0	0	0	0	0	0	0	0	0	0	0	6.15839	11.3071	13.231	19.2245	20.3903	30.626	1.941	2.54714	0	0
k107_3918510 flag=0 multi=65.6152 len=6129	6129	44.8821	0	0	0	0	0	0	0	0	0	0	0	0	0	0	6.92998	11.5058	13.594	17.8613	22.3767	30.931	1.98147	2.78956	0	0
k107_24610163 flag=0 multi=52.7556 len=23390	23390	44.2606	0	0	0	0	0	0	0	0	0	0	0	0	0	0	6.3433	9.80545	14.2035	19.9635	21.9805	29.7364	1.73328	2.75077	0	0
k107_9446031 flag=0 multi=46.0104 len=20222	20222	42.2614	0	0	0	0	0	0	0	0	0	0	0	0	0	0	6.1368	9.25399	13.2614	17.1278	21.3607	27.6365	1.50246	2.50759	0	0
k107_34888813 flag=0 multi=30.0938 len=2857	2857	38.6736	0	0	0	0	0	0	0	0	0	0	0	0	0	0	5.40196	8.5464	13.3937	35.3605	18.6489	29.8308	1.22896	3.19404	0	0
k107_19161122 flag=0 multi=175.4822 len=4228	4228	46.3273	0	0	0	0	0	0	0	0	0	0	0	0	0	0	6.29241	7.70924	14.4878	18.7906	23.1908	38.8765	2.35634	1.93108	0	0
k107_21503669 flag=0 multi=60.0000 len=9995	9995	42.0422	0	0	0	0	0	0	0	0	0	0	0	0	0	0	6.57918	7.23755	13.1391	13.8719	20.6557	19.7235	1.66821	2.27157	0	0
k107_17107146 flag=0 multi=35.0035 len=72290	72290	42.5995	0	0	0	0	0	0	0	0	0	0	0	0	0.00412569	0.00418956	7.14651	10.1986	13.5851	20.2031	21.3946	33.0519	0.46912	1.03979	0	0
k107_26193328 flag=0 multi=38.2103 len=35685	35685	45.0799	0.00853517	0.0110039	0	0	0	0	0	0	0.00850691	0.00845532	0	0	0	0	6.81768	9.31562	14.2502	18.4765	22.3883	25.8295	1.60662	2.3831	0	0
k107_33615927 flag=0 multi=48.0506 len=33220	33220	43.8119	0	0	0	0	0	0	0	0	0.0275229	0.0673299	0	0	0	0	6.9554	9.70551	13.6645	21.491	21.7037	29.6047	1.46081	1.78184	0	0
k107_25526664 flag=0 multi=81.7117 len=3010	3010	46.1913	0	0	0	0	0	0	0	0	0.111521	0.167835	0	0	0	0	6.30724	6.01111	14.4516	12.5175	23.839	33.7324	1.48191	2.05999	0	0
k107_33038245 flag=0 multi=44.3954 len=67462	67462	43.4644	0	0	0	0	0	0	0	0	0.00893389	0.012408	0	0	0	0	6.42049	9.13397	13.6587	19.0317	21.6948	27.3376	1.6814	1.97628	0	0
k107_6479065 flag=0 multi=45.2676 len=10404	10404	43.7964	0	0	0	0	0	0	0	0	0	0	0	0	0	0	6.47654	10.2261	13.6803	16.7934	21.5846	37.7193	2.05494	2.63515	0	0
k107_24224605 flag=0 multi=99.1141 len=4060	4060	41.5857	0	0	0	0	0	0	0	0	0	0	0	0	0	0	5.49255	11.1784	12.7584	28.7131	22.0309	44.9445	1.30389	2.6472	0	0
k107_10011507 flag=0 multi=35.0599 len=4000	4000	42.901	0	0	0	0	0	0	0	0	0	0	0	0	0	0	6.39481	7.98764	12.6339	11.922	21.7953	32.8788	2.07707	2.07797	0	0
k107_2115458 flag=0 multi=34.1270 len=14568	14568	44.4261	0	0	0	0	0	0	0	0	0	0	0	0	0	0	6.64454	9.1827	13.9095	19.2053	22.3363	24.755	1.53575	1.89457	0	0
k107_8336386 flag=0 multi=34.0448 len=3343	3343	43.3193	0	0	0	0	0	0	0	0	0	0	0	0	0	0	7.27721	6.58829	13.0954	28.1761	21.3371	32.458	1.60967	1.32052	0	0
k107_4780706 flag=0 multi=42.2820 len=2916	2916	39.0788	0	0	0	0	0	0	0	0	0	0	0	0	0	0	6.68171	6.73659	12.9935	18.8626	19.4036	33.5606	0	0	0	0
k107_26077728 flag=0 multi=43.0261 len=2637	2637	45.0728	0	0	0	0	0	0	0	0	0	0	0	0	0	0	8.27966	12.0448	13.6124	17.3281	22.9263	38.0445	0.25439	0.590288	0	0
k107_17059595 flag=0 multi=32.0195 len=11213	11213	41.309	0	0	0	0	0	0	0	0	0	0	0	0	0	0	6.38768	10.5174	12.8876	16.4774	20.3034	19.8772	1.73036	2.19272	0	0
k107_18475531 flag=0 multi=130.2408 len=8350	8350	45.327	0	0	0	0	0	0	0	0	0	0	0	0	0	0	6.6076	7.5964	15.1469	16.9209	21.5039	25.6656	2.06871	3.29587	0	0
k107_27747757 flag=0 multi=44.8208 len=6283	6283	44.538	0	0	0	0	0	0	0	0	0	0	0	0	0	0	7.3369	11.9045	13.7418	14.7934	21.997	27.9607	1.4623	2.06224	0	0
k107_13807869 flag=0 multi=40.0529 len=40676	40676	43.3189	0	0	0	0	0	0	0	0	0.0224154	0.0339611	0	0	0	0	6.3558	8.49786	13.7512	18.5294	21.2132	31.9078	1.97627	2.63528	0	0
k107_18386748 flag=0 multi=73.9458 len=31053	31053	43.868	0	0	0	0	0	0	0	0	0.00982082	0.0144075	0	0	0	0	6.53328	10.4949	13.7846	22.1049	21.6895	31.2395	1.8508	2.44515	0	0
k107_23846270 flag=0 multi=47.6232 len=2955	2955	43.8967	0	0	0	0	0	0	0	0	0	0	0	0	0	0	6.17452	5.64162	14.124	10.73	22.0298	27.4475	1.56841	1.20407	0	0
k107_2698650 flag=0 multi=42.7175 len=31475	31475	43.8281	0	0	0	0	0	0	0	0	0	0	0	0	0	0	6.69336	11.6774	14.062	19.4045	21.4882	31.6959	1.58454	2.0658	0	0
k107_12321616 flag=0 multi=71.0229 len=28653	28653	43.532	0	0	0	0	0	0	0	0	0.0106522	0.0176681	0	0	0	0	6.97697	9.56309	13.2421	20.7869	21.42	27.8702	1.88226	2.12279	0	0
k107_5111939 flag=0 multi=45.3589 len=31307	31307	44.834	0	0	0	0	0	0	0	0	0	0	0	0	0	0	6.8656	9.60022	14.1243	21.5694	21.7898	29.9535	2.05425	2.32883	0	0
k107_2766622 flag=0 multi=42.0065 len=14736	14736	44.9861	0	0	0	0	0	0	0	0	0	0	0	0	0	0	6.16316	7.03573	14.4857	23.1245	22.3534	28.5839	1.963	2.80376	0.0208535	0.0204842
k107_14542885 flag=0 multi=33.9998 len=20554	20554	42.632	0	0	0	0	0	0	0	0	0	0	0	0	0	0	6.17677	7.03362	12.7854	15.5249	22.2699	35.2187	1.39996	2.31961	0	0
k107_3345641 flag=0 multi=39.2910 len=40316	40316	44.2569	0	0	0	0	0.00367371	0.00375965	0	0	0	0	0	0	0	0	6.62098	7.4739	13.7913	20.5907	22.1826	32.7005	1.65462	1.95853	0.00367371	0.00376033
k107_22236751 flag=0 multi=46.8441 len=18844	18844	43.1561	0	0	0	0	0	0	0	0	0.0162873	0.0292709	0	0	0	0	6.41209	7.03316	13.595	18.3929	21.128	29.2888	2.00475	3.17896	0	0
k107_29204958 flag=0 multi=81.6832 len=3964	3964	35.6193	0	0	0	0	0	0	0	0	0	0	0	0	0	0	3.65319	13.5457	10.3946	19.7503	19.9386	39.7656	1.63299	2.13479	0	0
k107_9770727 flag=0 multi=38.8819 len=3121	3121	43.8851	0	0	0	0	0	0	0	0	0	0	0	0	0	0	5.82618	9.47271	13.6396	12.796	23.1681	24.1802	1.25115	1.28191	0	0
k107_2892708 flag=0 multi=58.0467 len=28587	28587	43.3746	0	0	0	0	0	0	0	0	0	0	0	0	0	0	6.51907	9.69501	13.2088	19.1514	21.9073	33.0658	1.73944	2.15827	0	0
k107_8352610 flag=0 multi=47.0442 len=11277	11277	42.7409	0	0	0	0	0	0	0	0	0	0	0	0	0	0	6.73248	8.37483	12.5722	16.5772	21.3838	31.7764	2.05239	2.33638	0	0
k107_30816142 flag=0 multi=36.0289 len=10639	10639	42.7506	0	0	0	0	0	0	0	0	0	0	0	0	0	0	6.02931	8.97535	13.361	16.8541	21.8268	28.7469	1.53342	1.71845	0	0
k107_32937930 flag=0 multi=104.2501 len=3998	3998	41.4862	0	0	0	0	0	0	0	0	0	0	0	0	0	0	6.51028	13.3547	11.3176	16.1291	22.4353	33.7333	1.22294	1.26639	0	0
k107_21937952 flag=0 multi=43.6647 len=2705	2705	35.149	0	0	0	0	0	0	0	0	0	0	0	0	0	0	7.10362	5.72729	9.03579	18.01	17.7873	23.8466	1.22222	1.40666	0	0
k107_12510376 flag=0 multi=42.3859 len=70630	70630	43.7643	0.00429416	0.00728362	0	0	0	0	0	0	0.00429416	0.00816876	0	0	0	0	6.92632	10.0066	13.3869	19.8232	21.7681	29.1521	1.67437	2.28686	0	0
k107_2772544 flag=0 multi=176.3857 len=2855	2855	36.8805	0	0	0	0	0	0	0	0	0	0	0	0	0	0	4.32041	4.67999	11.8844	9.92692	18.3917	30.8764	2.28398	4.37805	0	0
k107_15211428 flag=0 multi=33.3163 len=15834	15834	43.9845	0	0	0	0	0	0	0	0	0	0	0	0	0	0	6.69083	7.21488	13.3987	20.8164	22.0131	31.5875	1.88199	2.52472	0	0
k107_16640123 flag=0 multi=35.5095 len=8702	8702	45.3873	0	0	0	0	0	0	0	0	0	0	0	0	0	0	6.44786	5.88894	14.3873	22.8367	22.1725	31.4068	2.37964	3.03683	0	0
k107_7010600 flag=0 multi=41.0070 len=34915	34915	42.3867	0	0	0	0	0	0	0	0	0	0	0	0	0	0	6.42857	10.4643	14.1431	18.7057	21.815	28.4195	0	0	0	0
k107_34850368 flag=0 multi=40.0124 len=26313	26313	43.811	0	0	0	0	0	0	0	0	0.0116105	0.0114699	0	0	0.011572	0.0214681	6.50925	10.1974	13.346	20.2621	22.2163	34.4058	1.71624	2.02635	0	0
k107_15172841 flag=0 multi=45.3758 len=64878	64878	43.5633	0	0	0	0	0	0	0	0	0	0	0	0	0	0	6.86436	10.2847	13.5313	18.987	21.4836	31.8967	1.684	2.05729	0	0
k107_15869107 flag=0 multi=41.0000 len=25388	25388	43.0059	0	0	0	0	0	0	0	0	0	0	0	0	0	0	6.34533	9.30893	13.6472	18.1385	21.2352	30.9821	1.7782	1.93041	0	0
k107_12300433 flag=0 multi=43.5119 len=20560	20560	42.6747	0	0	0	0	0	0	0	0	0	0	0	0	0	0	6.5578	9.6656	12.6089	19.8971	21.8533	33.2593	1.6547	2.34117	0	0
k107_5570109 flag=0 multi=54.0101 len=3977	3977	43.6901	0	0	0	0	0	0	0	0	0	0	0	0	0	0	6.70014	8.14476	13.8014	23.5194	21.2718	50.0428	1.91673	4.81864	0	0
k107_33197282 flag=0 multi=36.5587 len=7644	7644	43.7844	0	0	0	0	0	0	0	0	0	0	0	0	0	0	6.1012	7.34889	13.5346	11.1399	22.5712	28.8743	1.53637	1.54389	0.040997	0.0582432
k107_4528163 flag=0 multi=33.1622 len=5303	5303	46.1898	0	0	0	0	0	0	0	0	0	0	0	0	0	0	7.44291	10.6532	13.4111	11.8645	24.2348	31.2753	1.10098	1.79053	0	0
k107_2521678 flag=0 multi=37.3907 len=11652	11652	42.6268	0	0	0	0	0	0	0	0	0	0	0	0	0	0	6.32344	7.25146	12.9106	16.4224	21.7099	34.7085	1.68291	2.46415	0	0
k107_29604633 flag=0 multi=43.0207 len=37111	37111	46.0613	0	0	0	0	0	0	0	0	0	0	0	0	0	0	6.81923	9.66896	14.4363	19.3558	23.2206	36.4031	1.57701	2.26932	0.00820452	0.0110143
k107_20790741 flag=0 multi=38.6359 len=40071	40071	41.8146	0	0	0	0	0	0	0.00759385	0.00924837	0.00756871	0.00753726	0	0	0	0	6.25955	9.97092	13.1249	15.2254	20.6325	31.6713	1.78247	2.15087	0	0
k107_3982479 flag=0 multi=133.0413 len=4509	4509	27.0509	0	0	0	0	0	0	0	0	0	0	0	0	2.5353	4.38836	2.42096	3.66391	4.96221	7.72557	15.5921	17.2191	1.54029	1.74026	0	0
k107_14392723 flag=0 multi=39.0060 len=9745	9745	44.3294	0	0	0	0	0	0	0	0	0	0	0	0	0	0	6.62385	7.96817	14.4915	18.6358	21.8563	33.9751	1.35783	3.42023	0	0
