contigName	contigLen	totalAvgDepth	Cen01_MA.bam	Cen01_MA.bam-var	Cen03_MA.bam	Cen03_MA.bam-var	Cen04_MA.bam	Cen04_MA.bam-var	Cen05_MA.bam	Cen05_MA.bam-var	Cen06_MA.bam	Cen06_MA.bam-var	Cen07_MA.bam	Cen07_MA.bam-var	Cen10_MA.bam	Cen10_MA.bam-var	Cen12_MA.bam	Cen12_MA.bam-var	Cen14_MA.bam	Cen14_MA.bam-var	Cen15_MA.bam	Cen15_MA.bam-var	Cen16_MA.bam	Cen16_MA.bam-var	Cen17_MA.bam	Cen17_MA.bam-var
k107_12687843 flag=0 multi=21.0082 len=199350	199350	19.1641	0	0	0.00151722	0.00201611	0	0	0	0	0	0	0	0	18.41	25.3027	0.75112	1.04562	0	0	0.0015122	0.00151369	0	0	0	0
k107_12976855 flag=0 multi=22.2715 len=283795	283795	19.2585	0.00106528	0.00140953	0	0	0	0	0	0	0	0	0	0	18.5849	25.5452	0.67141	1.02776	2.4692e-05	3.17459e-05	0.00106528	0.00106304	0	0	0	0
k107_2897931 flag=0 multi=25.0090 len=77783	77783	18.6931	0.00389773	0.00524338	0	0	0	0	0	0	0	0	0	0	17.9498	23.6106	0.735522	1.04647	0	0	0	0	0.00387192	0.004339	0	0
k107_18368024 flag=0 multi=21.0013 len=262748	262748	18.6776	0	0	0	0	0	0	0	0	0	0	0	0	17.9429	22.771	0.729476	1.03915	0	0	0.00459523	0.010635	0.000560115	0.000574697	0	0
k107_25510301 flag=0 multi=25.0028 len=111031	111031	18.6629	0	0	0.00272738	0.00416437	0	0	0	0	0	0	0	0	18.0048	24.9855	0.649938	0.970532	0.00270932	0.00271473	0.00272738	0.00509885	0	0	0	0
k107_29290570 flag=0 multi=19.4714 len=216553	216553	18.9727	0	0	0.00139653	0.00197591	0.00138265	0.00142972	0.00206242	0.00306655	0	0	0.00135953	0.00227135	18.2098	25.6782	0.754674	1.0512	0.000698263	0.000697523	0.00139653	0.00149495	0	0	0	0
k107_18414569 flag=0 multi=19.6111 len=118306	118306	18.7373	0	0	0	0	0	0	0	0	0	0	0	0	18.0533	24.8824	0.681435	1.13893	0	0	0.00255924	0.00353555	0	0	0	0
k107_26262681 flag=0 multi=16.9780 len=107076	107076	18.8352	0.00137674	0.00141192	0	0	0.00137674	0.00141125	0	0	0	0	0	0	18.0526	21.0825	0.779843	1.06698	0	0	0	0	0	0	0	0
k107_25235290 flag=0 multi=30.2440 len=115286	115286	19.1069	0	0	0	0	0	0	0	0	0	0	0	0	18.3273	26.6873	0.774473	1.23134	0	0	0.00519203	0.00774853	0	0	0	0
k107_32663456 flag=0 multi=27.1848 len=38970	38970	18.3906	0	0	0	0	0	0	0	0	0	0	0	0	17.7175	25.3294	0.673011	1.00442	0	0	0	0	0	0	0	0
k107_22943258 flag=0 multi=20.1148 len=345597	345597	18.5105	0	0	0.000428619	0.000437053	0	0	0	0	0.000431515	0.000437053	0.000431515	0.000437053	17.7976	23.166	0.708585	1.04768	0	0	0.00303798	0.00361015	0	0	0	0
k107_3344280 flag=0 multi=29.0248 len=34133	34133	18.6569	0.00892672	0.0168723	0	0	0	0	0	0	0	0	0	0	17.9232	24.1378	0.704561	0.964419	0.00251249	0.00250756	0.0177648	0.0410959	0	0	0	0
k107_12777240 flag=0 multi=20.2952 len=156103	156103	19.0657	0	0	0	0	0	0	0	0	0	0	0	0	18.3199	23.5273	0.741985	1.05107	0.00193837	0.0019336	0.00193837	0.0027788	0	0	0	0
k107_11304299 flag=0 multi=22.0080 len=166412	166412	18.8219	0	0	0.000890976	0.000907603	0.000909036	0.000907603	0	0	0	0	0	0	18.0871	23.6263	0.73296	1.01598	0	0	0	0	0	0	0	0
k107_1358628 flag=0 multi=26.0303 len=58103	58103	19.1261	0	0	0	0	0	0	0	0	0	0	0	0	18.4734	24.1559	0.652653	0.844306	0	0	0	0	0	0	0	0
k107_12762815 flag=0 multi=16.0133 len=113799	113799	18.5319	0	0	0.00296924	0.002974	0	0	0	0	0	0	0.000334811	0.000369783	17.7466	24.1846	0.779007	1.09917	0.000167405	0.000202568	0.00281946	0.00463065	0	0	0	0
k107_16157265 flag=0 multi=23.7004 len=124925	124925	19.5658	0	0	0	0	0	0	0	0	0	0	0	0	18.8155	25.2864	0.747864	1.14536	0	0	0.00242331	0.003234	0	0	0	0
k107_28074330 flag=0 multi=23.1581 len=73198	73198	18.559	0	0	0	0	0	0	0	0	0	0	0	0	17.9506	23.9483	0.608401	0.794302	0	0	0	0	0	0	0	0
k107_16385557 flag=0 multi=17.0002 len=150287	150287	18.7386	0.00201353	0.00297901	0.000986765	0.00100534	0	0	0.000980098	0.00100534	0	0	0	0	18.0175	22.6384	0.717125	1.03722	0	0	0	0	0	0	0	0
k107_25355274 flag=0 multi=31.0869 len=9692	9692	21.4922	0	0	0	0	0	0	0	0	0	0	0	0	20.6719	20.5309	0.707242	1.00233	0.0815761	0.253045	0.015655	0.0158241	0.0158679	0.0158241	0	0
k107_21219535 flag=0 multi=20.5144 len=2961	2961	19.2595	0	0	0	0	0	0	0	0	0	0	0	0	18.6946	14.5027	0.564874	0.509242	0	0	0	0	0	0	0	0
k107_27699845 flag=0 multi=19.3938 len=317984	317984	18.6588	0.00189812	0.00253164	0	0	0.000462727	0.000475072	0	0	0	0	0	0	17.94	23.8348	0.715577	1.04836	0	0	0	0	0.000947488	0.0010126	0	0
k107_33140573 flag=0 multi=20.0046 len=207850	207850	18.2373	0	0	0	0	0	0	0	0	0	0	0	0	17.5105	23.093	0.725312	1.17341	0	0	0.00145509	0.00181775	0	0	0	0
k107_28122213 flag=0 multi=18.0060 len=146679	146679	18.971	0	0	0	0	0	0	0	0	0	0	0	0	18.2856	24.5791	0.685395	0.962389	0	0	0	0	0	0	0	0
k107_35361255 flag=0 multi=16.0291 len=365089	365089	19.0222	0.000822398	0.0012488	0	0	0	0	0	0	0	0	0	0	18.311	25.0318	0.708326	1.02929	0	0	0.00206696	0.00371923	0	0	0	0
k107_28537327 flag=0 multi=21.0044 len=94002	94002	19.2145	0	0	0	0	0	0	0	0	0	0	0	0	18.5022	23.5103	0.712305	0.970034	0	0	0	0	0	0	0	0
k107_26000464 flag=0 multi=24.4161 len=47883	47883	19.1702	0	0	0	0	0	0	0	0	0	0	0	0	18.3559	25.3815	0.814254	1.17742	0	0	0	0	0	0	0	0
k107_16916293 flag=0 multi=18.6985 len=419573	419573	18.7732	0.000720298	0.000719691	0.000713143	0.000886718	0	0	0.000350609	0.000359951	0	0	0	0	18.0249	23.4146	0.746147	1.07593	0	0	0.000350609	0.000359976	0	0	0	0
k107_26784929 flag=0 multi=21.0793 len=96171	96171	18.9428	0	0	0.00156464	0.0015706	0	0	0	0	0	0	0	0	18.1711	21.6021	0.76689	1.12194	0.00147076	0.00276988	0.000865765	0.000905851	0.000938781	0.000978592	0	0
k107_4342668 flag=0 multi=23.2122 len=71917	71917	18.7939	0	0	0	0	0	0	0	0	0	0	0	0	18.0573	26.2376	0.736564	1.04175	0	0	0	0	0	0	0	0
