contigName	contigLen	totalAvgDepth	Cen01_MA.bam	Cen01_MA.bam-var	Cen03_MA.bam	Cen03_MA.bam-var	Cen04_MA.bam	Cen04_MA.bam-var	Cen05_MA.bam	Cen05_MA.bam-var	Cen06_MA.bam	Cen06_MA.bam-var	Cen07_MA.bam	Cen07_MA.bam-var	Cen10_MA.bam	Cen10_MA.bam-var	Cen12_MA.bam	Cen12_MA.bam-var	Cen14_MA.bam	Cen14_MA.bam-var	Cen15_MA.bam	Cen15_MA.bam-var	Cen16_MA.bam	Cen16_MA.bam-var	Cen17_MA.bam	Cen17_MA.bam-var
k107_15072776 flag=0 multi=26.1232 len=21290	21290	20.4023	0	0	1.62088	2.15997	0	0	0	0	18.063	25.6353	0	0	0.0431675	0.0615196	0.675195	0.874819	0	0	0	0	0	0	0	0
k107_3599740 flag=1 multi=6.0000 len=3004	3004	4.4789	0	0	1.84271	1.75346	0	0	0	0	1.83938	2.17877	0	0	0	0	0.796817	0.611732	0	0	0	0	0	0	0	0
k107_16586472 flag=0 multi=23.1526 len=3600	3600	17.4809	0	0	1.28502	0.868802	0	0	0	0	14.9879	19.6775	0	0	0	0	1.208	2.4913	0	0	0	0	0	0	0	0
k107_2989362 flag=0 multi=20.2358 len=5549	5549	20.1893	0	0	1.47132	1.81203	0	0	0	0	17.9701	34.0994	0	0	0	0	0.747856	1.38288	0	0	0	0	0	0	0	0
k107_7356454 flag=0 multi=160.5567 len=2843	2843	25.9496	0	0	2.27902	2.5189	0	0	0.175521	0.411904	22.8052	35.747	0	0	0.118851	0.115791	0.571035	0.963718	0	0	0	0	0	0	0	0
k107_13180597 flag=0 multi=23.0035 len=38715	38715	27.2464	0.0156978	0.0188587	1.68927	2.02064	0	0	0	0	18.6625	29.6318	0.00390493	0.00391549	0.00786192	0.0104557	1.2011	1.57519	5.6661	8.29407	0	0	0	0	0	0
k107_4430813 flag=0 multi=88.9390 len=8122	8122	19.2702	0	0	1.50524	1.83483	0	0	0	0	16.8008	19.491	0	0	0.0386189	0.0749854	0.925575	2.06318	0	0	0	0	0	0	0	0
k107_25880541 flag=0 multi=35.0887 len=38623	38623	21.3676	0.0078808	0.0132464	1.62016	1.96922	0	0	0	0	19.0445	33.0562	0	0	0	0	0.695024	0.946788	0	0	0	0	0	0	0	0
k107_16632639 flag=0 multi=41.6948 len=55972	55972	20.8213	0.0108497	0.01465	1.8231	2.35495	0	0	0	0	18.2036	30.9067	0	0	0.0173702	0.0259541	0.76102	1.16239	0	0	0.00531705	0.010797	0	0	0	0
k107_466236 flag=0 multi=22.9741 len=4708	4708	22.1502	0	0	1.79301	2.76849	0	0	0	0	19.1355	27.5115	0	0	0	0	1.22174	1.64537	0	0	0	0	0	0	0	0
k107_17369453 flag=0 multi=26.0509 len=95426	95426	21.289	0	0	1.75677	2.57942	0	0	0	0	18.8137	28.9352	0.00314327	0.00315485	0.00949287	0.00980236	0.705826	0.958545	0	0	0	0	0	0	0	0
k107_19660819 flag=0 multi=32.0431 len=12407	12407	20.0247	0	0	1.85163	1.95061	0	0	0	0	17.5871	28.6495	0	0	0.0249484	0.0243188	0.561008	0.728266	0	0	0	0	0	0	0	0
k107_12466467 flag=1 multi=16.0381 len=6976	6976	21.098	0	0	1.87519	3.35588	0	0	0	0	18.4586	26.3712	0	0	0	0	0.764159	0.961898	0	0	0	0	0	0	0	0
k107_22270459 flag=0 multi=26.9958 len=39063	39063	19.834	0	0	1.87841	3.26756	0	0	0	0	17.396	30.8025	0.00389567	0.0038806	0.00776554	0.00938222	0.54787	0.657376	0	0	0	0	0	0	0	0
k107_14987471 flag=0 multi=30.0281 len=12877	12877	22.0857	0	0	1.93582	2.68554	0	0	0	0	19.4002	23.7752	0	0	0	0	0.749742	1.30322	0	0	0	0	0	0	0	0
k107_12200867 flag=0 multi=30.1874 len=3453	3453	19.3301	0	0	1.31546	1.16608	0	0	0	0	17.0463	21.9842	0	0	0	0	0.872421	0.714521	0	0	0	0	0.0958426	0.0866844	0	0
k107_20159198 flag=0 multi=32.0521 len=43114	43114	20.3039	0	0	1.7656	2.84561	0	0	0	0	17.8439	29.9714	0.00350369	0.00351675	0	0	0.690904	1.12147	0	0	0	0	0	0	0	0
k107_2060451 flag=0 multi=24.0458 len=30180	30180	21.197	0	0	1.80946	2.26927	0	0	0	0	18.6614	27.9682	0	0	0.0101078	0.0118104	0.711125	1.05757	0.00492001	0.00503309	0	0	0	0	0	0
k107_1754103 flag=0 multi=84.7378 len=3909	3909	19.8802	0	0	1.4738	1.9311	0	0	0	0	18.0718	23.465	0	0	0	0	0.334627	0.360363	0	0	0	0	0	0	0	0
k107_6700602 flag=0 multi=21.8421 len=22465	22465	22.8814	0.0136263	0.0171409	2.06894	2.98914	0	0	0	0	20.0226	28.1419	0	0	0	0	0.776158	0.999671	0	0	0	0	0	0	0	0
k107_17354179 flag=0 multi=22.1184 len=6178	6178	21.401	0	0	1.69248	2.51492	0	0	0	0	18.9677	22.863	0	0	0.0512253	0.0538742	0.689585	0.711003	0	0	0	0	0	0	0	0
k107_10706168 flag=0 multi=41.0176 len=5788	5788	21.6066	0	0	1.67043	1.81751	0	0	0	0	18.9008	34.4926	0	0	0	0	1.03536	1.97856	0	0	0	0	0	0	0	0
k107_35859957 flag=0 multi=31.6272 len=8773	8773	21.056	0	0	1.43065	2.11926	0	0	0	0	18.842	35.1895	0	0	0.0352969	0.0400602	0.747964	0.916649	0	0	0	0	0	0	0	0
k107_13522893 flag=0 multi=26.0321 len=27209	27209	21.5476	0.0336715	0.0422096	1.95819	2.58315	0	0	0	0	19.0458	23.4605	0.00561192	0.00558028	0	0	0.504293	0.632854	0	0	0	0	0	0	0	0
k107_18184793 flag=0 multi=26.3806 len=22489	22489	21.401	0.0136116	0.0173019	1.94434	3.92976	0.0066255	0.00675924	0	0	18.6525	29.3159	0	0	0	0	0.783837	1.00447	0	0	0	0	0	0	0	0
k107_30577450 flag=0 multi=21.0209 len=49412	49412	21.3942	0	0	1.79316	2.27266	0	0	0	0	18.8698	26.8087	0.00614946	0.00610893	0.0184484	0.0231354	0.706659	0.947837	0	0	0	0	0	0	0	0
k107_35845482 flag=0 multi=68.9600 len=9374	9374	22.1069	0	0	2.20029	2.82552	0	0	0	0	18.8447	26.2792	0	0	0	0	1.06195	1.25213	0	0	0	0	0	0	0	0
k107_17615776 flag=0 multi=31.0501 len=6809	6809	19.5586	0	0	1.70002	1.91381	0	0	0	0	17.2264	25.5049	0	0	0.0464116	0.0458095	0.585831	0.973135	0	0	0	0	0	0	0	0
k107_25556068 flag=0 multi=25.0143 len=64073	64073	21.5495	0.0165749	0.0385818	1.73455	2.18808	0	0	0	0	19.1056	29.6097	0	0	0.0141914	0.0193736	0.678569	0.959636	0	0	0	0	0	0	0	0
k107_26247990 flag=0 multi=22.4762 len=122839	122839	21.5212	0.0110171	0.0151125	1.87931	2.61777	0	0	0	0	18.7955	28.6635	0	0	0.0123065	0.020861	0.823049	1.14888	0	0	0	0	0	0	0	0
k107_27975069 flag=0 multi=35.2616 len=13037	13037	21.1401	0	0	2.01272	3.63371	0	0	0	0	18.4634	27.3644	0.0237142	0.0324181	0	0	0.640204	0.837898	0	0	0	0	0	0	0	0
k107_33919593 flag=0 multi=31.0261 len=43707	43707	21.5629	0.0208732	0.030252	2.00599	2.54244	0	0	0	0	18.6846	28.2583	0	0	0.0139154	0.0142224	0.837507	1.12228	0	0	0	0	0	0	0	0
k107_35572487 flag=0 multi=19.1006 len=47672	47672	21.1378	0	0	1.80441	2.83937	0	0	0	0	18.5499	29.8285	0	0	0.00637534	0.00819221	0.777116	1.04351	0	0	0	0	0	0	0	0
k107_31572777 flag=0 multi=20.0186 len=5920	5920	22.1075	0	0	3.15005	3.74761	0	0	0	0	17.9039	29.0832	0	0	0.0129939	0.0128264	1.04058	1.29168	0	0	0	0	0	0	0	0
k107_35155286 flag=0 multi=45.0296 len=49633	49633	20.0224	0.00612191	0.00883757	1.78415	2.53026	0	0	0	0	17.4339	27.6138	0	0	0.00612191	0.00713413	0.792058	1.01383	0	0	0	0	0	0	0	0
k107_33544949 flag=0 multi=23.0807 len=42369	42369	20.4833	0	0	1.52847	2.39393	0	0	0	0	18.2284	23.3482	0	0	0.00715525	0.00713685	0.719305	1.02262	0	0	0	0	0	0	0	0
k107_31668082 flag=0 multi=30.2313 len=15219	15219	20.8593	0	0	1.73775	2.3309	0	0	0	0	18.3229	22.4789	0	0	0.0404237	0.0454318	0.758262	0.82974	0	0	0	0	0	0	0	0
k107_33586239 flag=0 multi=21.8160 len=27172	27172	20.3003	0	0	1.85694	2.476	0	0	0	0	17.8178	25.1982	0.0112393	0.0147591	0.0112393	0.018927	0.603015	0.65219	0	0	0	0	0	0	0	0
k107_33427572 flag=0 multi=21.1071 len=5364	5364	19.4303	0	0	1.23844	1.50501	0	0	0	0	17.8597	26.7472	0	0	0	0	0.332082	0.34671	0	0	0	0	0	0	0	0
k107_20918874 flag=0 multi=85.2463 len=10010	10010	18.7021	0.0311084	0.0412776	1.81139	2.91277	0	0	0	0	16.2988	22.7635	0	0	0	0	0.560775	0.719959	0	0	0	0	0	0	0	0
k107_29535006 flag=0 multi=28.9790 len=63889	63889	21.2487	0	0	2.00778	2.78875	0	0	0	0	18.4668	27.4283	0.0023747	0.00236569	0.0284649	0.0505622	0.743312	0.976966	0	0	0	0	0	0	0	0
k107_31715543 flag=0 multi=19.0334 len=10665	10665	22.0157	0	0	1.7907	2.3126	0	0	0	0	19.4717	26.5557	0	0	0	0	0.753353	0.9861	0	0	0	0	0	0	0	0
k107_32019710 flag=0 multi=29.2993 len=58648	58648	19.9172	0	0	1.75724	2.66109	0	0	0	0	17.5421	26.6995	0	0	0.0154938	0.0184085	0.602338	0.85853	0	0	0	0	0	0	0	0
k107_28637724 flag=0 multi=21.2958 len=6112	6112	20.857	0	0	1.94957	2.84494	0	0	0	0	17.8267	23.0708	0	0	0	0	1.02909	1.14786	0	0	0	0	0.0516351	0.0737344	0	0
k107_24003436 flag=0 multi=31.9929 len=7674	7674	20.4163	0	0	1.57013	2.49587	0	0	0	0	18.0833	40.2092	0	0	0	0	0.762887	0.911764	0	0	0	0	0	0	0	0
k107_35856152 flag=0 multi=30.0023 len=95363	95363	21.0694	0.0158109	0.0228835	1.83459	2.68931	0	0	0	0	18.5737	28.044	0	0	0	0	0.645333	0.948319	0	0	0	0	0	0	0	0
k107_23827851 flag=0 multi=19.3245 len=15723	15723	20.8999	0	0	1.79411	2.2989	0	0	0	0	18.2108	21.7518	0	0	0.0193891	0.0285438	0.875689	1.29487	0	0	0	0	0	0	0	0
k107_8810550 flag=0 multi=23.2030 len=2767	2767	19.0223	0	0	1.4142	2.0993	0	0	0	0	16.6406	14.5792	0	0	0	0	0.967546	0.718586	0	0	0	0	0	0	0	0
k107_20847412 flag=0 multi=19.9950 len=56568	56568	20.7391	0	0	1.8612	2.71882	0	0	0	0	18.1434	29.2132	0.00266591	0.00267463	0.0322042	0.0460745	0.699605	0.957434	0	0	0	0	0	0	0	0
k107_20520829 flag=0 multi=18.1490 len=9074	9074	21.0013	0	0	2.09314	2.14104	0	0	0	0	18.0749	21.8555	0	0	0	0	0.833219	1.01848	0	0	0	0	0	0	0	0
k107_29743881 flag=0 multi=56.1475 len=12754	12754	20.4924	0.0242531	0.046155	1.83657	3.08557	0	0	0	0	18.1226	27.2931	0	0	0	0	0.508914	0.701792	0	0	0	0	0	0	0	0
k107_21896223 flag=0 multi=28.9970 len=26104	26104	20.6715	0.0117045	0.0185362	1.90586	2.59292	0	0	0	0	17.9181	30.0467	0	0	0.0117045	0.0125731	0.824122	1.29882	0	0	0	0	0	0	0	0
k107_20802618 flag=0 multi=19.2156 len=6216	6216	19.5524	0	0	1.92459	2.33434	0	0	0	0	16.804	21.9564	0	0	0	0	0.823808	1.05929	0	0	0	0	0	0	0	0
k107_30869781 flag=0 multi=25.4063 len=113414	113414	20.0246	0.00533984	0.00530905	1.7251	2.50566	0	0	0	0	17.4874	25.4584	0.00266992	0.00533233	0.0106797	0.0178223	0.793399	1.15188	0	0	0	0	0	0	0	0
k107_19319001 flag=0 multi=20.9293 len=53190	53190	20.4319	0	0	2.0004	2.99176	0	0	0	0	17.727	26.0571	0	0	0.0113636	0.0112851	0.687377	0.901687	0	0	0	0	0.00571018	0.00938367	0	0
k107_28272070 flag=0 multi=20.2140 len=13361	13361	21.136	0	0	2.10407	2.72454	0	0	0	0	18.2367	27.0969	0	0	0	0	0.795237	0.987906	0	0	0	0	0	0	0	0
k107_28172514 flag=0 multi=18.0424 len=55124	55124	21.56	0	0	1.95354	2.64882	0	0	0	0	18.8004	27.9355	0	0	0.00550874	0.00857964	0.800609	1.3918	0	0	0	0	0	0	0	0
k107_26889854 flag=0 multi=24.0063 len=115938	115938	20.2687	0.00783493	0.0105741	1.71965	2.33934	0	0	0	0	17.7862	27.6915	0	0	0.0104466	0.0146221	0.744586	1.00632	0	0	0	0	0	0	0	0
k107_21032265 flag=0 multi=20.0152 len=11212	11212	19.8906	0	0	1.89239	2.91423	0	0	0	0	17.528	26.973	0	0	0	0	0.470119	0.650578	0	0	0	0	0	0	0	0
k107_26233374 flag=0 multi=35.2592 len=34545	34545	21.0431	0	0	1.96916	2.6434	0	0	0	0	18.18	26.8043	0.00881932	0.0110789	0.026458	0.0281359	0.858657	1.17099	0	0	0	0	0	0	0	0
k107_14769110 flag=0 multi=22.0105 len=26397	26397	20.5292	0	0	1.81184	2.65295	0	0	0	0	17.9769	29.6653	0	0	0.0115731	0.012963	0.728914	1.0313	0	0	0	0	0	0	0	0
k107_28742622 flag=0 multi=36.0459 len=55132	55132	20.8617	0.00550793	0.00628036	1.77122	2.40725	0	0	0	0	18.2745	27.9349	0.0136422	0.0157654	0	0	0.796863	1.19448	0	0	0	0	0	0	0	0
k107_25361279 flag=0 multi=23.1189 len=87460	87460	21.176	0.00692994	0.00934631	1.99154	3.06609	0	0	0	0	18.3781	26.708	0.00346497	0.00383114	0.0103949	0.0134657	0.785562	1.0619	0	0	0	0	0	0	0	0
k107_19373492 flag=0 multi=38.7452 len=12177	12177	20.537	0	0	1.64202	2.70688	0	0	0	0	18.2288	26.4625	0	0	0.0254316	0.0247816	0.637053	1.16866	0.00370526	0.00806855	0	0	0	0	0	0
k107_16751581 flag=0 multi=103.8589 len=7886	7886	20.2244	0	0	1.7442	2.78264	0	0	0	0	17.8513	25.5353	0	0	0	0	0.628956	0.826418	0	0	0	0	0	0	0	0
k107_14546814 flag=0 multi=38.0249 len=78726	78726	22.0878	0.00575079	0.00737446	1.84356	2.88668	0	0	0	0	19.3924	26.5181	0.00385086	0.00571511	0.0230542	0.0250321	0.815363	1.04254	0	0	0	0	0.00385086	0.00466875	0	0
k107_23431072 flag=1 multi=30.0000 len=42371	42371	21.3293	0.010768	0.0157431	2.09874	2.6998	0	0	0	0	18.4532	27.0396	0	0	0	0	0.766574	1.30665	0	0	0	0	0	0	0	0
k107_21679507 flag=0 multi=21.1232 len=16144	16144	20.2105	0.0190632	0.025899	1.72137	2.70347	0	0	0	0	17.5699	23.3772	0	0	0.0379371	0.0436257	0.862265	0.923215	0	0	0	0	0	0	0	0
k107_22304623 flag=0 multi=23.0087 len=99540	99540	20.3983	0.00608638	0.00951683	1.90218	2.40711	0	0	0	0	17.8001	28.5608	0.00456478	0.00652538	0.0121728	0.0141158	0.67321	0.949177	0	0	0	0	0	0	0	0
k107_12498971 flag=0 multi=20.0013 len=45369	45369	20.8323	0	0	1.69328	2.68297	0	0	0	0	18.2317	25.9726	0.00670113	0.0111763	0.0267823	0.0340373	0.873788	1.34927	0	0	0	0	0	0	0	0
k107_25905693 flag=1 multi=8.0000 len=3013	3013	4.42604	0	0	1.67945	1.94961	0	0	0.277757	0.801768	2.02693	2.05272	0.441903	0.673715	0	0	0	0	0	0	0	0	0	0	0	0
k107_30993463 flag=0 multi=15.1421 len=3717	3717	20.3886	0	0	2.19941	3.59991	0	0	0	0	17.7479	19.1608	0	0	0	0	0.441288	0.516794	0	0	0	0	0	0	0	0
k107_35582482 flag=0 multi=21.1159 len=27219	27219	21.1993	0	0	1.87788	2.5675	0	0	0	0	18.2729	28.5525	0	0	0.0524204	0.299908	0.932533	6.37345	0.0405692	0.480816	0.0229966	0.14607	0	0	0	0
k107_30378477 flag=0 multi=21.0520 len=15640	15640	20.9564	0.0196897	0.0263525	1.93356	3.54158	0	0	0	0	18.3936	20.0401	0	0	0	0	0.609597	0.82233	0	0	0	0	0	0	0	0
k107_25584228 flag=0 multi=26.8260 len=13219	13219	19.9694	0	0	1.84664	2.81732	0	0	0	0	17.2019	25.0251	0	0	0.02338	0.0294955	0.897499	1.09227	0	0	0	0	0	0	0	0
k107_13723424 flag=0 multi=52.9901 len=22553	22553	20.707	0	0	1.68339	2.10125	0	0	0	0	18.2923	25.1436	0	0	0.0133477	0.0133886	0.718035	1.06028	0	0	0	0	0	0	0	0
k107_35771972 flag=0 multi=48.0817 len=27188	27188	20.5068	0	0	1.81169	2.73547	0	0	0	0	17.932	29.4955	0.0112326	0.0140792	0.0112326	0.0111805	0.735104	1.30988	0.00550472	0.00558406	0	0	0	0	0	0
k107_25684935 flag=0 multi=22.5455 len=44801	44801	20.96	0.00678667	0.00777706	1.92526	3.06234	0	0	0	0	18.2482	21.9245	0	0	0.0339109	0.0396779	0.745837	0.99771	0	0	0	0	0	0	0	0
k107_18879278 flag=0 multi=68.9275 len=3267	3267	21.4496	0	0	2.21686	4.71298	0	0	0	0	18.425	23.3418	0	0	0.0951096	0.109023	0.712648	1.17432	0	0	0	0	0	0	0	0
k107_8318358 flag=0 multi=20.0559 len=18212	18212	21.2916	0	0	1.87672	2.97723	0	0	0	0	18.4995	26.0447	0	0	0.0168063	0.0165747	0.898548	1.13683	0	0	0	0	0	0	0	0
k107_10713572 flag=0 multi=20.0412 len=25013	25013	20.1562	0	0	1.93821	2.75805	0	0	0	0	17.4917	24.7143	0	0	0.0121808	0.0139366	0.708065	0.901097	0	0	0.00611064	0.00607065	0	0	0	0
k107_12587803 flag=0 multi=37.9922 len=15398	15398	20.2423	0	0	1.59194	2.02703	0	0	0	0	18.0354	19.7654	0	0	0.0199391	0.0324575	0.595058	0.61812	0	0	0	0	0	0	0	0
k107_12145902 flag=0 multi=34.5807 len=8812	8812	20.8816	0	0	1.9121	2.52397	0	0	0	0	18.1457	26.5977	0	0	0.0354877	0.0365762	0.788249	0.998558	0	0	0	0	0	0	0	0
k107_3798297 flag=0 multi=25.5456 len=49850	49850	21.1343	0.0060951	0.0115138	1.62313	2.18915	0	0	0	0	18.7624	31.4084	0	0	0	0	0.742674	1.04863	0	0	0	0	0	0	0	0
k107_11302088 flag=0 multi=30.9207 len=192981	192981	20.0723	0.00469174	0.006302	1.8105	2.50703	0	0	0	0	17.6005	27.7995	0.000783687	0.00078268	0.00783687	0.00891301	0.646386	0.9676	0	0	0	0	0.00156218	0.00156373	0	0
k107_10382037 flag=1 multi=7.0000 len=5696	5696	4.74101	2.87004	3.39537	1.67557	2.01675	0.195402	0.226565	0	0	0	0	0	0	0	0	0	0	0	0	0	0	0	0	0	0
k107_17100001 flag=0 multi=27.0224 len=52726	52726	20.7446	0.031684	0.0673964	1.67187	2.22516	0	0	0	0	18.2819	30.0301	0	0	0	0	0.753376	1.17606	0	0	0	0	0.00576072	0.00870323	0	0
k107_1066715 flag=1 multi=71.0000 len=9065	9065	22.4629	0.034349	0.0332799	1.73365	1.87002	0	0	0	0	19.6623	24.4313	0	0	0	0	1.03252	1.579	0	0	0	0	0	0	0	0
k107_17082715 flag=0 multi=36.0017 len=61757	61757	21.5566	0.0147425	0.0172741	2.06584	3.16514	0.00717598	0.00956858	0	0	18.6809	28.2064	0.00245708	0.00244666	0.00982833	0.0137493	0.775673	1.07544	0	0	0	0	0	0	0	0
k107_7282580 flag=0 multi=35.5509 len=2993	2993	19.4686	0.112226	0.170305	1.14344	1.20957	0	0	0	0	18.2129	26.6033	0	0	0	0	0	0	0	0	0	0	0	0	0	0
k107_11414280 flag=0 multi=22.1039 len=50201	50201	21.4057	0.0145093	0.0319309	1.81535	2.58685	0.00160324	0.00196117	0	0	18.812	27.593	0	0	0.0242089	0.0400236	0.731999	1.02775	0	0	0	0	0.00605223	0.00601146	0	0
k107_20960283 flag=0 multi=59.0420 len=29313	29313	20.5645	0.0155458	0.0214385	1.96439	3.04317	0	0	0	0	17.8554	26.8758	0	0	0.0104098	0.012657	0.687877	1.02916	0.010272	0.0201409	0	0	0.0206818	0.020383	0	0
k107_33926388 flag=0 multi=67.3459 len=21580	21580	21.2497	0.0141931	0.0200201	1.7739	2.8445	0	0	0	0	18.6005	35.0145	0	0	0.00075195	0.000798346	0.842466	1.28753	0.014757	0.0213445	0.00319579	0.0100924	0	0	0	0
k107_34802700 flag=0 multi=38.7232 len=50203	50203	21.1881	0.0181159	0.0261731	1.72163	2.51629	0	0	0	0	18.59	27.0098	0	0	0.012104	0.0122401	0.846276	1.32498	0	0	0	0	0	0	0	0
k107_14489836 flag=0 multi=22.0466 len=37923	37923	21.2073	0	0	1.9828	2.8835	0	0	0	0	18.4314	28.3864	0	0	0	0	0.793147	1.30742	0	0	0	0	0	0	0	0
k107_31835946 flag=0 multi=22.0296 len=22829	22829	20.5167	0	0	1.87872	2.04465	0	0	0	0	17.9731	24.0903	0.0132286	0.0132278	0.0134061	0.0132299	0.638256	0.769528	0	0	0	0	0	0	0	0
k107_6171043 flag=0 multi=27.0041 len=16509	16509	20.356	0	0	1.70056	1.88442	0	0	0	0	17.7897	25.1815	0.00931696	0.00923287	0	0	0.85642	0.994374	0	0	0	0	0	0	0	0
k107_31964061 flag=0 multi=28.4291 len=5336	5336	20.6941	0	0	1.65236	1.99565	0	0	0	0	18.1269	25.0132	0	0	0	0	0.914779	0.616075	0	0	0	0	0	0	0	0
k107_12822896 flag=0 multi=17.0481 len=32503	32503	21.1728	0	0	1.90038	2.84504	0	0	0	0	18.5558	34.8754	0	0	0	0	0.716624	1.05194	0	0	0	0	0	0	0	0
k107_4678104 flag=0 multi=107.7860 len=4014	4014	21.517	0	0	2.4076	3.7843	0	0	0	0	18.7029	30.025	0	0	0.0810884	0.077993	0.325431	0.414692	0	0	0	0	0	0	0	0
k107_33635329 flag=0 multi=29.2768 len=145926	145926	21.7884	0.0062215	0.00743301	2.01559	3.18438	0	0	0	0	18.9648	28.4168	0.00207383	0.00298782	0.0103623	0.0121147	0.783092	1.04487	0.00621463	0.00875274	0	0	0	0	0	0
k107_9658490 flag=0 multi=34.2242 len=58050	58050	20.7224	0.00522962	0.00665837	1.84954	2.55128	0	0	0	0	18.1362	26.1918	0.00259749	0.00260683	0.0156715	0.0158922	0.705358	1.11501	0	0	0	0	0.00782711	0.00778261	0	0
k107_12812024 flag=0 multi=19.0376 len=9443	9443	20.8909	0	0	1.83995	2.84815	0.0134559	0.0133827	0	0	18.3109	31.088	0	0	0	0	0.726616	1.06618	0	0	0	0	0	0	0	0
k107_10555282 flag=0 multi=19.7549 len=17194	17194	20.3828	0	0	1.50918	2.43951	0	0	0	0	18.1236	23.4692	0	0	0.0178783	0.0175485	0.732181	0.899655	0	0	0	0	0	0	0	0
k107_11090802 flag=1 multi=31.8926 len=29260	29260	20.7542	0	0	1.85303	2.74153	0	0	0	0	18.1586	25.9577	0.00521445	0.00518865	0.0416811	0.0681024	0.685165	1.06479	0.0104289	0.0150879	0	0	0	0	0	0
k107_9521330 flag=0 multi=42.5429 len=11536	11536	20.1239	0	0	2.2366	3.02628	0	0	0	0	17.3991	20.8807	0	0	0.00338259	0.00363664	0.483443	0.684845	0.00142425	0.00159985	0	0	0	0	0	0
k107_10010796 flag=0 multi=21.7401 len=27524	27524	22.369	0.0221512	0.0297746	2.10705	3.50378	0	0	0	0	19.508	29.3454	0	0	0	0	0.731798	0.867017	0	0	0	0	0	0	0	0
k107_23879811 flag=0 multi=20.0595 len=37323	37323	20.465	0	0	1.89814	2.71987	0	0	0	0	17.8906	24.1234	0	0	0	0	0.676319	0.926334	0	0	0	0	0	0	0	0
k107_723662 flag=0 multi=22.0472 len=5826	5826	19.8143	0	0	1.30865	1.1005	0	0	0	0	17.9591	24.3659	0	0	0	0	0.546524	0.617571	0	0	0	0	0	0	0	0
k107_6257959 flag=0 multi=17.4526 len=12033	12033	21.0414	0	0	2.07433	2.79092	0	0	0	0	18.1853	30.6701	0	0	0.0257438	0.025084	0.756031	1.36997	0	0	0	0	0	0	0	0
k107_3208200 flag=0 multi=39.0065 len=38729	38729	21.4733	0	0	1.91946	2.63541	0	0	0	0	18.7247	23.4902	0	0	0	0	0.812814	1.06305	0	0	0	0	0.0162906	0.0160271	0	0
k107_21654302 flag=1 multi=16.0434 len=4558	4558	20.3853	0	0	1.49812	1.9483	0	0	0	0	17.961	26.7435	0	0	0	0	0.926222	0.716865	0	0	0	0	0	0	0	0
k107_7494685 flag=0 multi=32.0856 len=40049	40049	20.4133	0.00759806	0.0138825	2.03565	2.93221	0	0	0	0	17.6127	26.3617	0.00759806	0.0102092	0.0113719	0.0133737	0.738446	0.84531	0	0	0	0	0	0	0	0
k107_4982270 flag=0 multi=39.0952 len=27603	27603	19.8818	0	0	1.59214	2.44954	0	0	0	0	17.5713	23.5463	0	0	0	0	0.707337	1.00523	0	0	0	0	0.0110619	0.0176063	0	0
k107_20182464 flag=0 multi=17.1680 len=28623	28623	21.7225	0.0106635	0.0105506	2.06038	3.10332	0.000388404	0.0005291	0	0	19.1021	27.2233	0.0105928	0.012812	0	0	0.538328	0.717133	0	0	0	0	0	0	0	0
k107_18864140 flag=0 multi=29.1703 len=9587	9587	21.8465	0	0	1.56004	2.08113	0	0	0	0	19.4412	28.8664	0	0	0	0	0.845234	1.19929	0	0	0	0	0	0	0	0
k107_6982895 flag=0 multi=22.1518 len=33970	33970	20.2856	0	0	1.69407	2.57784	0	0	0	0	17.8679	25.1132	0	0	0.0179102	0.017741	0.705774	0.805498	0	0	0	0	0	0	0	0
k107_7307577 flag=0 multi=42.5072 len=14461	14461	20.903	0.0426584	0.0611923	1.8324	2.59076	0	0	0	0	18.3331	25.9893	0.000918144	0.0024685	0.035737	0.414369	0.639523	1.32512	0.00692139	0.018236	0.011724	0.0357914	0	0	0	0
k107_3771620 flag=0 multi=31.0264 len=36684	36684	20.9852	0	0	1.72519	2.46702	0	0	0	0	18.6007	26.3327	0.00821835	0.0113061	0.0166016	0.0186435	0.634462	0.962876	0	0	0	0	0	0	0	0
k107_21616959 flag=0 multi=15.2932 len=9145	9145	19.027	0.0341513	0.0368286	1.64051	1.51415	0	0	0	0	16.7043	24.9056	0	0	0.0340382	0.0415785	0.614045	1.32736	0	0	0	0	0	0	0	0
k107_30382082 flag=0 multi=22.3605 len=5205	5205	20.7065	0	0	1.87681	2.27964	0	0	0	0	17.8888	29.6079	0	0	0.0615949	0.0798388	0.879258	0.802737	0	0	0	0	0	0	0	0
k107_10987515 flag=0 multi=48.9488 len=56999	56999	20.5334	0	0	1.78163	2.8849	0	0	0	0	18.0297	26.0579	0	0	0.0198952	0.031981	0.702136	0.980375	0	0	0	0	0	0	0	0
k107_8400074 flag=0 multi=20.1795 len=8888	8888	21.3832	0	0	1.51619	2.37625	0	0	0	0	18.8126	25.028	0	0	0	0	1.05439	1.29819	0	0	0	0	0	0	0	0
k107_10404489 flag=0 multi=27.1696 len=20952	20952	19.7253	0.0146247	0.0265442	2.06901	3.70541	0	0	0	0	16.9923	25.2274	0	0	0	0	0.649443	0.883133	0	0	0	0	0	0	0	0
k107_1836310 flag=0 multi=19.9638 len=22614	22614	21.1608	0.0270706	0.0356615	1.97436	2.51307	0	0	0	0	18.3956	28.7428	0	0	0.0135353	0.0133527	0.750224	0.934688	0	0	0	0	0	0	0	0
k107_32848636 flag=0 multi=37.2947 len=9811	9811	21.6463	0	0	2.28394	2.6066	0	0	0	0	18.66	28.1285	0	0	0	0	0.702387	1.04988	0	0	0	0	0	0	0	0
k107_1287731 flag=1 multi=32.0012 len=6100	6100	18.5602	0	0	1.45947	2.65705	0	0	0	0	16.2425	29.5766	0	0	0	0	0.858227	1.34216	0	0	0	0	0	0	0	0
k107_32345831 flag=0 multi=35.1205 len=6420	6420	22.865	0	0	2	2.30504	0	0	0	0	19.9194	26.3941	0	0	0.0493625	0.0469368	0.847336	1.14552	0.0488722	0.0469361	0	0	0	0	0	0
k107_33589098 flag=0 multi=18.1622 len=7967	7967	22.3089	0	0	1.86484	2.05926	0	0	0	0	19.4946	22.7385	0	0	0	0	0.949511	1.2575	0	0	0	0	0	0	0	0
k107_4119868 flag=0 multi=20.1361 len=30934	30934	21.7922	0	0	1.80687	2.73338	0	0	0	0	19.1823	33.4163	0.00985897	0.0179418	0.00985897	0.0113241	0.783298	1.08236	0	0	0	0	0	0	0	0
k107_4740165 flag=0 multi=67.8588 len=31207	31207	21.0595	0	0	1.8807	2.7701	0	0	0	0	18.2254	29.3903	0.00977188	0.01621	0.00977188	0.0116809	0.933797	1.22737	0	0	0	0	0	0	0	0
k107_17484798 flag=0 multi=24.0621 len=8369	8369	21.1799	0	0	1.93467	3.27508	0	0	0	0	18.6509	36.1521	0	0	0	0	0.594273	0.7896	0	0	0	0	0	0	0	0
k107_968981 flag=0 multi=49.0801 len=14674	14674	20.9223	0	0	1.87364	2.86829	0	0	0	0	18.1146	29.7293	0	0	0	0	0.934038	1.23809	0	0	0	0	0	0	0	0
k107_401149 flag=0 multi=20.0295 len=18738	18738	20.7105	0.0162183	0.0226271	1.81335	3.12185	0	0	0	0	18.022	26.9654	0	0	0	0	0.858917	0.932342	0	0	0	0	0	0	0	0
k107_21131784 flag=0 multi=31.2871 len=9645	9645	20.9145	0	0	2.17211	3.48387	0	0	0	0	17.7182	33.5633	0	0	0	0	1.02419	1.73147	0	0	0	0	0	0	0	0
k107_11362555 flag=0 multi=37.8616 len=31523	31523	20.986	0.00967298	0.0137424	1.7698	2.57524	0	0	0	0	18.3622	33.696	0	0	0.00967298	0.0158564	0.824958	1.10118	0	0	0	0	0.00967298	0.00957857	0	0
k107_9987805 flag=0 multi=23.0252 len=20900	20900	20.6081	0	0	1.94198	2.71156	0	0	0	0	18.0478	32.6243	0	0	0.0146616	0.0202725	0.603699	0.81907	0	0	0	0	0	0	0	0
k107_7217992 flag=0 multi=21.5664 len=65048	65048	20.886	0.00466438	0.00760829	1.74608	2.92255	0	0	0	0	18.4879	26.6772	0.00231675	0.00232328	0.00931332	0.0106088	0.631051	0.853845	0	0	0	0	0.00466438	0.00622	0	0
k107_4713184 flag=0 multi=22.0448 len=69952	69952	21.5088	0.00867193	0.0124931	1.87503	2.91025	0	0	0	0	18.8579	26.8296	0.00433597	0.00552623	0.0130079	0.0139989	0.749792	0.958181	0	0	0	0	0	0	0	0
k107_12053156 flag=0 multi=90.9416 len=7122	7122	20.8705	0	0	1.89633	3.11501	0	0	0	0	18.2667	17.8463	0	0	0	0	0.707478	1.01781	0	0	0	0	0	0	0	0
k107_13614116 flag=0 multi=25.1117 len=89567	89567	20.7945	0.00675517	0.00796469	1.7595	2.39774	0	0	0	0	18.3082	28.0203	0.00338318	0.00369743	0.0168935	0.0381978	0.699804	0.911368	0	0	0	0	0	0	0	0
k107_8540202 flag=0 multi=22.0708 len=20338	20338	20.6832	0	0	2.04771	2.67157	0	0	0	0	17.9416	28.9947	0.0073867	0.00748336	0	0	0.686514	0.841672	0	0	0	0	0	0	0	0
k107_29654945 flag=0 multi=18.9999 len=40616	40616	21.7246	0.0149824	0.0239399	1.87029	2.49205	0.000372079	0.000421345	9.92211e-05	0.000123999	19.0664	26.6264	0.00746639	0.00743955	0.00749119	0.00743559	0.757504	1.06632	0	0	0	0	0	0	0	0
k107_407006 flag=0 multi=23.9811 len=81942	81942	20.4367	0.0184346	0.0228888	1.77079	2.67819	0	0	0	0	17.9184	26.7977	0	0	0.0147967	0.0158597	0.706896	1.02929	0	0	0	0	0.00738609	0.00734933	0	0
