contigName	contigLen	totalAvgDepth	Cen01_MA.bam	Cen01_MA.bam-var	Cen03_MA.bam	Cen03_MA.bam-var	Cen04_MA.bam	Cen04_MA.bam-var	Cen05_MA.bam	Cen05_MA.bam-var	Cen06_MA.bam	Cen06_MA.bam-var	Cen07_MA.bam	Cen07_MA.bam-var	Cen10_MA.bam	Cen10_MA.bam-var	Cen12_MA.bam	Cen12_MA.bam-var	Cen14_MA.bam	Cen14_MA.bam-var	Cen15_MA.bam	Cen15_MA.bam-var	Cen16_MA.bam	Cen16_MA.bam-var	Cen17_MA.bam	Cen17_MA.bam-var
k107_31734391 flag=1 multi=6.0000 len=2692	2692	5.77992	0.12636	0.141409	0	0	0	0	0	0	0	0	0	0	0	0	0	0	0	0	0	0	5.65356	6.0335	0	0
k107_8958044 flag=1 multi=6.0000 len=3708	3708	4.31445	0.0886671	0.134868	0	0	0	0	0	0	0	0	0	0	0	0	0	0	0.177334	0.175878	0.0880799	0.156608	3.96036	2.82222	0	0
k107_3428285 flag=1 multi=5.0000 len=2514	2514	4.87794	0	0	0	0	0	0	0	0	0	0	0	0	0	0	0	0	0.272152	0.308044	0	0	4.60579	3.41109	0	0
k107_18719260 flag=1 multi=3.0000 len=2694	2694	3.96572	0	0	0	0	0	0	0	0	0	0	0	0	0	0	0	0	0	0	0	0	3.96572	2.3977	0	0
k107_9427293 flag=1 multi=2.9039 len=2543	2543	3.85051	0	0	0	0	0	0	0	0	0	0	0	0	0	0	0	0	0	0	0.0673806	0.0628744	3.78313	2.06675	0	0
k107_6165710 flag=1 multi=3.0000 len=2725	2725	3.61948	0	0	0	0	0	0	0	0	0	0	0	0	0	0	0	0	0.311597	0.348377	0.0606686	0.0584603	3.24721	2.21136	0	0
k107_2106387 flag=1 multi=3.0000 len=2515	2515	3.89336	0	0	0	0	0	0	0	0	0	0	0	0	0	0	0	0	0	0	0	0	3.89336	2.06822	0	0
k107_27597653 flag=1 multi=5.0000 len=3457	3457	4.19588	0	0	0	0	0	0	0	0	0	0	0	0	0	0	0	0	0.191442	0.154843	0	0	4.00444	3.18216	0	0
k107_20641080 flag=1 multi=4.0000 len=3348	3348	5.17466	0	0	0	0	0	0	0	0	0	0	0	0	0	0	0	0	0.197636	0.224699	0	0	4.97702	4.30585	0	0
k107_15063232 flag=1 multi=31.0000 len=2595	2595	4.85347	0	0	0	0	0	0	0	0	0	0	0	0	0	0	0	0	0.103358	0.145942	0	0	4.75011	5.15371	0	0
k107_14381044 flag=1 multi=5.0000 len=4073	4073	5.1973	0	0	0	0	0.0800849	0.0842975	0	0	0	0	0	0	0	0	0	0	0.400424	0.479425	0.0800849	0.080054	4.6367	3.37564	0	0
k107_12428097 flag=0 multi=87.1194 len=3407	3407	6.25539	0	0	0	0	0	0	0	0	0.388084	0.632746	0	0	0	0	0	0	0	0	0.881159	2.07576	4.98615	6.81162	0	0
k107_11341469 flag=1 multi=5.0000 len=2743	2743	4.64441	0	0	0	0	0	0	0	0	0	0	0	0	0	0	0	0	0	0	0	0	4.64441	1.9572	0	0
k107_7486841 flag=1 multi=4.0000 len=2819	2819	4.95828	0	0	0	0	0	0	0	0	0.119984	0.196252	0	0	0	0	0	0	0.298371	0.484454	0	0	4.53993	3.92493	0	0
k107_1214963 flag=1 multi=4.0000 len=5827	5827	3.55186	0	0	0	0	0	0	0	0	0	0	0	0	0	0	0	0	0.191131	0.26481	0.0544796	0.0516846	3.30624	1.76128	0	0
k107_16069303 flag=1 multi=6.0000 len=3427	3427	4.19392	0	0	0	0	0.09664	0.12382	0	0	0	0	0	0	0	0	0	0	0.08448	0.0812096	0	0	4.0128	3.20268	0	0
k107_32515856 flag=1 multi=6.0000 len=4854	4854	7.05624	0.0322935	0.0318736	0	0	0	0	0	0	0	0	0	0	0	0	0	0	0.0663445	0.109418	0.0663445	0.0619565	6.89126	5.17682	0	0
k107_30958646 flag=1 multi=6.0000 len=3152	3152	4.58947	0.104561	0.134784	0	0	0	0	0	0	0	0	0	0	0	0	0	0	0	0	0.105965	0.108108	4.37895	4.41225	0	0
k107_26716120 flag=0 multi=6.8864 len=2695	2695	4.44254	0	0	0	0	0	0	0	0	0	0	0	0	0	0	0	0	0.0931885	0.110464	0	0	4.34935	3.55937	0	0
k107_28140926 flag=1 multi=4.0000 len=2795	2795	4.7144	0	0	0	0	0	0	0	0	0	0	0	0	0	0	0	0	0	0	0	0	4.7144	2.46952	0	0
k107_23329152 flag=1 multi=5.9855 len=4179	4179	4.59118	0	0	0	0	0.0773794	0.102291	0	0	0	0	0	0	0	0	0	0	0.0778953	0.0816514	0	0	4.4359	3.65914	0	0
k107_733764 flag=0 multi=23.8959 len=4977	4977	18.2066	0	0	0.288556	0.494775	0	0	0	0	0	0	0.193797	0.227312	1.32898	1.49831	0.515722	0.391846	5.50695	9.25841	1.02952	1.68632	9.3431	11.3744	0	0
k107_18130292 flag=1 multi=7.8160 len=2927	2927	4.97295	0	0	0	0	0	0	0	0	0	0	0	0	0	0	0	0	0.45981	0.650951	0	0	4.51314	5.00279	0	0
k107_6865937 flag=1 multi=8.0000 len=2768	2768	3.62125	0	0	0	0	0	0	0	0	0	0	0	0	0	0	0	0	0.121655	0.107508	0	0	3.49959	2.85701	0	0
k107_15777177 flag=1 multi=6.0000 len=2536	2536	4.43241	0	0	0	0	0	0	0	0	0	0	0	0	0	0	0	0	0.135184	0.200257	0	0	4.29722	1.94278	0	0
k107_14853378 flag=0 multi=14.2223 len=4933	4933	12.7281	0	0	0.0652127	0.0804109	0	0	0	0	0.195638	0.746192	0.0645649	0.0842913	1.15223	1.55937	0.781689	1.07862	5.30598	7.06129	1.1341	1.07475	4.02872	4.48488	0	0
k107_14064541 flag=0 multi=19.0449 len=3827	3827	14.1535	0	0	0	0	0	0	0	0	0	0	0.0428369	0.0410127	0.726525	0.991396	0.569929	0.345993	5.24369	8.04165	0.853333	1.29056	6.71716	9.1844	0	0
k107_5315877 flag=0 multi=19.1288 len=2995	2995	15.4879	0	0	0.112143	0.186526	0	0	0	0	0.223914	0.367208	0.112143	0.140465	1.38544	2.8736	0.884515	0.716085	4.4326	4.8811	0.508726	0.890351	7.82844	5.12094	0	0
k107_4476278 flag=0 multi=142.9535 len=6667	6667	7.79152	0	0	0	0	0	0	0	0	0	0	0	0	0	0	0	0	0.35978	0.460794	0.213511	0.428854	7.21744	26.9199	0.000785546	0.00109895
k107_2662823 flag=0 multi=17.0860 len=4758	4758	15.4823	0	0	0	0	0	0	0	0	0.0677738	0.109898	0	0	5.12253	4.62502	0	0	3.92639	4.01405	1.09179	1.82332	5.27379	8.2664	0	0
k107_2465343 flag=0 multi=10.8104 len=2965	2965	6.98611	0	0	0	0	0	0	0	0	0	0	0	0	0.340218	0.224547	1.07585	1.32159	3.77807	4.72785	1.11528	2.192	0.67668	0.696783	0	0
k107_56314 flag=0 multi=19.7784 len=2765	2765	7.27203	0	0	0	0	0	0	0	0	0	0	0	0	0	0	0	0	0.142915	0.24469	0	0	7.12911	14.3294	0	0
k107_30629921 flag=1 multi=7.0000 len=5090	5090	7.27423	0.0344612	0.075871	0	0	0	0	0.0307018	0.0305488	0.0935673	0.0931947	0	0	0	0	0	0	0	0	0	0	7.1155	5.80535	0	0
k107_35863056 flag=0 multi=8.0239 len=3626	3626	7.1429	0	0	0	0	0	0	0	0	0.0758123	0.127842	0	0	0	0	0.089651	0.0826145	0	0	0	0	6.97744	6.80228	0	0
k107_29446741 flag=1 multi=4.0000 len=3436	3436	5.37811	0.0963625	0.117744	0	0	0	0	0	0	0	0	0	0	0	0	0	0	0.288768	0.640307	0.144225	0.214331	4.84876	5.17104	0	0
k107_7099598 flag=0 multi=19.0055 len=45659	45659	15.1797	0.00665829	0.00973457	0.0698679	0.0804101	0	0	0	0	0.119783	0.205033	0.0266111	0.031761	1.15667	1.70139	0.535331	0.634069	5.14836	7.69817	0.790815	1.16297	7.32564	8.33154	0	0
k107_28230445 flag=0 multi=22.1153 len=5630	5630	13.9069	0	0	0	0	0	0	0	0	0	0	0.0934685	0.156075	1.09197	1.25708	0.813626	1.41748	5.23179	6.8931	0.593281	1.03824	6.08277	7.68617	0	0
k107_12187504 flag=0 multi=23.2525 len=7969	7969	14.7866	0	0	0.0393896	0.0472351	0	0	0	0	0.157298	0.363402	0	0	1.11034	1.10113	0.861615	1.23813	5.02517	6.05534	0.472153	0.494774	7.12065	13.0361	0	0
k107_20355488 flag=1 multi=5.0000 len=4017	4017	4.40996	0	0	0	0	0	0	0	0	0	0	0	0	0	0	0	0	0.285061	0.427119	0.162046	0.179802	3.96285	3.99612	0	0
k107_6036174 flag=0 multi=50.9896 len=45927	45927	15.1601	0	0	0.0661479	0.0846163	0	0	0	0	0.118926	0.196961	0.0231452	0.0313881	1.07516	1.42412	0.714586	1.0502	5.07467	6.2204	0.764471	1.11164	7.32302	9.19435	0	0
k107_33074353 flag=1 multi=7.0000 len=3495	3495	5.07297	0	0	0	0	0	0	0	0	0	0	0	0	0	0	0	0	0.472909	0.780669	0.188851	0.226745	4.41121	7.13766	0	0
k107_29402147 flag=0 multi=39.0060 len=15087	15087	15.9899	0	0	0.102131	0.153512	0	0	0	0	0.0407169	0.0451316	0.0204261	0.0263688	1.49807	1.75842	0.794589	1.44576	5.61887	7.25968	0.703213	0.964631	7.2119	7.99283	0	0
k107_11177727 flag=1 multi=5.0000 len=2702	2702	4.45958	0	0	0	0	0	0	0	0	0	0	0	0	0	0	0	0	0	0	0	0	4.45958	3.69184	0	0
k107_16462916 flag=0 multi=15.0386 len=16022	16022	14.9941	0	0	0.096056	0.128587	0	0	0	0	0.115204	0.171527	0	0	1.16069	1.70423	0.706489	0.887109	4.59396	5.70978	0.76883	1.09651	7.54338	10.1635	0.00954198	0.00951391
k107_4537760 flag=0 multi=16.1187 len=12974	12974	15.7172	0	0	0.0950915	0.151109	0	0	0	0	0.0714962	0.0881824	0.0475852	0.0640138	1.21922	1.4563	0.792456	1.15965	5.89023	9.75291	0.830019	1.08336	6.77107	10.681	0	0
k107_27196748 flag=1 multi=5.0000 len=2859	2859	5.2456	0	0	0	0	0	0	0	0	0	0	0	0	0	0	0	0	0.118107	0.169925	0	0	5.12749	3.64858	0	0
k107_20237766 flag=0 multi=21.0404 len=11431	11431	15.7562	0	0	0.0512175	0.0950673	0	0	0	0	0.108366	0.186818	0.0541828	0.0576128	0.949501	0.97003	0.858568	1.1199	5.69153	6.03567	0.627999	0.966637	7.41486	11.8423	0	0
k107_10910141 flag=0 multi=35.3069 len=27892	27892	16.1969	0	0	0.131279	0.197727	0	0	0	0	0.0928597	0.131467	0.0765857	0.0993763	1.09264	1.48909	0.794056	1.12363	5.57872	9.36148	0.772816	1.15804	7.65792	9.82985	0	0
k107_31880832 flag=1 multi=8.0000 len=5258	5258	5.09383	0	0	0	0	0	0	0	0	0	0	0	0	0	0	0	0	0.1818	0.23177	0.0605327	0.0988111	4.85149	5.2107	0	0
k107_18354529 flag=0 multi=21.8079 len=21461	21461	15.4629	0	0	0.0999102	0.120383	0	0	0	0	0.171275	0.312356	0.0142729	0.0177627	1.06437	1.26496	0.467224	0.638037	5.05676	8.31092	0.732549	1.01889	7.85651	9.58189	0	0
k107_11506252 flag=0 multi=25.0307 len=26169	26169	16.2696	0	0	0.116596	0.14166	0	0	0	0	0.128349	0.18646	0.0395485	0.0430988	1.40801	2.1541	0.702362	0.860067	5.54173	7.77377	0.893726	1.24181	7.43932	9.63258	0	0
k107_5703950 flag=0 multi=24.0445 len=13143	13143	15.6112	0	0	0.164551	0.217751	0	0	0	0	0.0705553	0.0903617	0.0114477	0.0116212	1.24414	1.66688	0.681333	0.992545	5.36119	7.22669	0.52784	0.789035	7.55019	10.6212	0	0
k107_17837155 flag=1 multi=4.0000 len=2776	2776	4.55012	0	0	0	0	0	0	0	0	0	0	0	0	0	0	0	0	0	0	0.121665	0.111252	4.42846	3.8423	0	0
k107_29246425 flag=1 multi=7.0000 len=3962	3962	5.80738	0	0	0	0	0	0	0	0	0	0	0	0	0	0	0	0	0	0	0	0	5.80738	3.93876	0	0
k107_13375979 flag=0 multi=15.0376 len=6709	6709	16.1893	0	0	0	0	0	0	0	0	0.0471359	0.0449249	0.0416732	0.0678723	1.16654	1.58581	0.606212	0.657987	5.25894	7.3909	0.609958	0.948315	8.45887	8.97347	0	0
k107_6905708 flag=0 multi=26.0887 len=6182	6182	14.1483	0	0	0.0513605	0.0953354	0	0	0	0	0.117177	0.323763	0.102721	0.139139	0.532993	0.542435	0.469048	0.810834	5.50646	9.54182	0.691497	0.961454	6.66973	9.42464	0.00731293	0.00793161
k107_10475385 flag=0 multi=21.0540 len=14689	14689	11.8828	0	0	0.0838257	0.156466	0	0	0	0	0.104469	0.143147	0.0629735	0.0694386	0.892125	1.21197	0.638354	0.83897	4.48238	6.29905	0.597762	0.721999	5.02092	7.80537	0	0
k107_32772943 flag=0 multi=70.4531 len=34548	34548	15.6389	0	0	0.0790457	0.109015	0	0	0	0	0.0880979	0.124704	0.0704316	0.101611	1.17266	1.46272	0.735152	1.13797	5.22946	7.11802	0.830345	1.11189	7.42939	8.58239	0.00429247	0.00438983
k107_18517627 flag=1 multi=4.0000 len=2865	2865	5.40031	0	0	0	0	0	0	0	0	0	0	0	0	0	0	0	0	0.353492	0.359772	0	0	5.04682	3.76685	0	0
k107_11971439 flag=0 multi=33.6498 len=5706	5706	12.6858	0.0275722	0.0271653	0.0553294	0.0668315	0	0	0	0	0.226499	0.226512	0	0	0.584567	0.77685	0.837528	1.62886	4.98279	6.01023	1.25777	1.62072	4.71373	6.6367	0	0
k107_1354633 flag=1 multi=5.0000 len=2631	2631	4.35981	0	0	0	0	0	0	0	0	0	0	0	0	0	0	0	0	0.129669	0.112905	0	0	4.23014	3.66806	0	0
k107_4948982 flag=0 multi=16.1437 len=11937	11937	11.9618	0	0	0.0519123	0.0605606	0	0	0	0	0.116631	0.145134	0.0519123	0.0755162	0.860507	1.38288	0.611431	0.687892	4.65827	7.80001	0.697293	0.991553	4.91379	8.22794	0	0
k107_26005714 flag=1 multi=4.0000 len=3433	3433	4.22804	0	0	0	0	0	0	0	0	0	0	0	0	0	0	0	0	0.17726	0.217622	0	0	4.05078	4.02162	0	0
k107_24687907 flag=0 multi=31.9432 len=25986	25986	17.1451	0	0	0.12611	0.146976	0	0	0	0	0.0821523	0.138676	0.0352749	0.0348027	1.42937	1.92818	0.928944	1.30801	5.73544	7.39652	0.897057	1.40143	7.90547	10.5382	0.00533406	0.00542135
k107_9799019 flag=0 multi=42.0000 len=11193	11193	14.9932	0	0	0.221651	0.277873	0	0	0	0	0.101919	0.141558	0.0169865	0.0169682	0.661739	0.687593	0.70976	1.05816	5.22229	6.65378	0.969516	1.53403	7.08934	8.64885	0	0
k107_26875678 flag=0 multi=32.5354 len=51102	51102	14.8699	0.00594488	0.0112006	0.100925	0.142382	0	0	0	0	0.0772638	0.102705	0.0356496	0.0374744	1.00181	1.32176	0.655965	0.928849	4.90579	7.29684	0.741949	0.989108	7.34165	11.1001	0.00293307	0.00296378
k107_7051474 flag=0 multi=4.2979 len=2719	2719	4.8312	0.113777	0.132131	0	0	0	0	0	0	0	0	0	0	0	0	0	0	0.249483	0.258713	0	0	4.46794	4.5675	0	0
k107_25721268 flag=0 multi=52.0463 len=12955	12955	13.5922	0	0	0.0238679	0.023303	0	0	0	0	0.0833794	0.137418	0	0	1.11768	1.28279	0.620722	0.795813	5.23797	8.17395	0.654627	1.05623	5.85395	8.08617	0	0
k107_3065871 flag=0 multi=18.0924 len=6582	6582	15.7188	0	0	0.0477707	0.0483367	0	0	0	0	0.144268	0.177005	0.00477707	0.00475508	0.861147	1.09796	0.870223	1.33209	5.32118	5.58909	0.95	1.13987	7.51943	9.40542	0	0
k107_17216826 flag=0 multi=25.6474 len=26570	26570	15.1688	0	0	0.0457972	0.0543651	0	0	0	0	0.11474	0.203369	0.0342622	0.0422071	1.05501	1.64423	0.77779	1.17356	5.14851	7.35602	0.847914	1.10288	7.14478	8.69584	0	0
k107_5618461 flag=0 multi=63.9399 len=10382	10382	13.4459	0	0	0.0299603	0.0342238	0	0	0	0	0.0893849	0.0869021	0.0299603	0.0548725	1.07708	2.22682	0.368056	0.570793	4.63175	7.23332	0.619246	0.84124	6.6005	8.49625	0	0
k107_25736621 flag=1 multi=6.2728 len=10883	10883	7.04064	0	0	0	0	0.0285417	0.0277356	0	0	0	0	0	0	0	0	0	0	0.199698	0.322236	0.0284472	0.0366163	6.78395	9.60476	0	0
k107_20451076 flag=1 multi=12.0000 len=3746	3746	4.57607	0	0	0	0	0	0	0	0	0	0	0	0	0	0	0	0	0.349884	0.425292	0	0	4.22619	2.58409	0	0
k107_26959412 flag=0 multi=59.0317 len=11830	11830	13.41	0	0	0.0845767	0.131592	0	0	0	0	0.156836	0.187803	0.0522207	0.0812315	1.50009	1.56759	0.70628	1.11975	5.12196	8.09723	0.767609	0.920706	5.02039	6.30862	0	0
k107_26965382 flag=0 multi=64.0322 len=17429	17429	15.4054	0	0	0.0528989	0.0811737	0	0	0	0	0.0350324	0.04312	0.0352076	0.0494365	1.06189	1.14148	0.829859	1.11843	5.66503	8.00874	0.873708	1.30695	6.84305	10.9301	0.0087581	0.00873896
k107_11536427 flag=0 multi=43.6615 len=8193	8193	15.8464	0	0	0.114688	0.121925	0	0	0	0	0.0382714	0.0368116	0.0765429	0.117842	1.2333	1.10722	0.596376	0.647942	5.02991	7.32438	1.13712	1.61164	7.61019	9.26667	0.0100114	0.0104128
k107_20899924 flag=1 multi=4.0000 len=2500	2500	4.31256	0	0	0	0	0	0	0	0	0	0	0	0	0	0	0	0	0.119199	0.215189	0	0	4.19336	3.28836	0	0
k107_7684988 flag=1 multi=4.0000 len=2663	2663	4.13088	0	0	0	0	0	0	0	0	0	0	0	0	0	0	0	0	0.127912	0.118376	0	0	4.00296	3.71593	0	0
k107_22173060 flag=0 multi=34.2405 len=21482	21482	14.1473	0	0	0.0355524	0.0478902	0	0	0	0	0.0804533	0.152482	0.0710576	0.10128	1.16105	1.50356	0.698159	0.847447	5.67828	5.90193	0.746176	1.07064	5.67658	8.3022	0	0
k107_921842 flag=0 multi=18.3684 len=19530	19530	15.2244	0	0	0.101831	0.215026	0	0	0	0	0.157011	0.197508	0.062721	0.0916406	1.03443	1.20689	0.759569	1.03801	4.87201	5.99106	0.921781	1.35338	7.31506	10.043	0	0
k107_11974464 flag=0 multi=17.0291 len=10917	10917	12.483	0	0	0.0283561	0.0316087	0	0	0	0	0.0568064	0.0563049	0.0853509	0.109543	1.26274	1.68596	0.643712	0.91253	4.90523	6.39677	0.726236	0.804635	4.77456	5.10895	0	0
k107_23079529 flag=0 multi=28.0010 len=148125	148125	15.0887	0	0	0.0907572	0.150227	0	0	0	0	0.111201	0.163269	0.0459063	0.0691232	1.02563	1.2618	0.675396	0.94136	5.05164	7.20228	0.865819	1.23897	7.2183	9.17942	0.00403185	0.00590529
k107_26608287 flag=0 multi=15.0752 len=3593	3593	16.0091	0	0	0.0917654	0.119237	0	0	0	0	0.119417	0.126461	0.0917654	0.111941	0.855667	1.12361	0.696141	0.711421	5.07293	5.17885	1.14524	1.2264	7.93619	7.35498	0	0
k107_5663444 flag=0 multi=14.1566 len=65614	65614	14.1899	0	0	0.041585	0.0748962	0	0	0	0	0.138566	0.19994	0.0439276	0.0587574	1.06582	1.44165	0.83144	1.23838	5.46448	7.60478	0.926583	1.34459	5.67747	8.22153	0	0
k107_26206119 flag=0 multi=15.0000 len=12826	12826	15.1115	0	0	0.0723411	0.167226	0	0	0	0	0.0384063	0.0568195	0.0480677	0.0770467	0.912648	0.986273	0.737384	1.24961	5.38853	6.61961	0.745289	1.01553	7.14468	8.2719	0.0241137	0.0375871
k107_8408345 flag=0 multi=30.0000 len=13877	13877	15.9435	0	0	0.0889871	0.114674	0	0	0	0	0.133481	0.150301	0.0221731	0.0338299	1.21105	1.52727	0.613407	1.00708	5.11617	7.75899	0.854512	1.30729	7.90372	9.44867	0	0
k107_22491219 flag=0 multi=32.0106 len=8150	8150	11.8358	0	0	0.0384811	0.043387	0	0	0	0	0.114297	0.27026	0.0382263	0.0449109	1.23152	2.37045	0.511213	0.641102	5.237	7.1534	0.441769	0.435176	4.22324	7.45447	0	0
k107_2576456 flag=1 multi=6.0000 len=6764	6764	7.07892	0	0	0	0	0	0	0	0	0	0	0	0	0	0	0	0	0	0	0	0	7.07892	7.53699	0	0
k107_20748999 flag=1 multi=5.0000 len=2705	2705	5.08323	0	0	0	0	0	0	0	0	0	0	0	0	0	0	0	0	0.125676	0.109929	0.028298	0.0275086	4.92926	4.45144	0	0
k107_1528024 flag=1 multi=14.0000 len=8799	8799	6.98223	0.104154	0.204971	0	0	0	0	0	0	0.299517	0.375661	0.0350712	0.0465156	0	0	0.0706132	0.0959378	0	0	0	0	6.47287	7.92657	0	0
k107_5459734 flag=0 multi=31.0323 len=12366	12366	14.5338	0	0	0.0748508	0.118539	0	0	0	0	0.125083	0.372933	0.0498176	0.0669576	0.975215	1.48151	0.619198	0.965526	4.7185	6.14178	0.773873	1.25029	7.19728	12.3752	0	0
k107_22018025 flag=0 multi=15.0956 len=3988	3988	12.914	0	0	0	0	0	0	0	0	0	0	0	0	0.545849	0.546324	0.612588	0.673335	5.04449	5.71494	0.672545	1.31242	6.03852	7.02395	0	0
k107_24406447 flag=0 multi=163.8854 len=5570	5570	16.2077	0	0	0.0571374	0.11101	0	0	0	0	0.187547	0.195039	0.0449886	0.0467753	0.944761	1.30954	0.772969	0.954629	5.60099	8.27948	1.36617	2.12755	7.23311	17.8508	0	0
k107_31552178 flag=0 multi=23.4468 len=16432	16432	14.7035	0.0187229	0.0259293	0.0933664	0.111551	0	0	0	0	0.0747055	0.0971909	0.0561066	0.0904596	1.23478	2.1347	0.586795	0.976164	4.82932	5.77175	0.93478	1.32449	6.87495	8.40498	0	0
k107_19244337 flag=1 multi=13.0000 len=4592	4592	8.33124	0	0	0	0	0	0	0	0	0	0	0	0	0	0	0	0	0	0	0.0503496	0.0484568	8.28089	10.9265	0	0
k107_11644358 flag=0 multi=15.3570 len=3656	3656	15.4699	0	0	0	0	0	0	0	0	0.269529	0.286106	0	0	0.809779	1.01633	0.676208	0.754108	4.59123	5.31646	1.19439	1.42867	7.92874	6.66278	0	0
k107_15020828 flag=0 multi=21.9353 len=3337	3337	16.3671	0	0	0.0988468	0.173341	0	0	0	0	0.447117	0.730548	0	0	1.38946	2.30837	0.796046	1.03847	5.11269	9.6189	0.397694	0.349769	8.12521	10.33	0	0
k107_22030701 flag=0 multi=83.1445 len=11047	11047	15.3695	0	0	0.125919	0.188113	0	0	0	0	0.168637	0.203308	0.0281061	0.0340217	1.07994	1.01621	0.453979	0.604369	5.27706	6.9689	0.821033	1.39899	7.4148	11.4015	0	0
k107_11802998 flag=0 multi=18.0710 len=38797	38797	15.7069	0	0	0.125419	0.323912	0	0	0	0	0.0588388	0.0653839	0.0235095	0.028918	0.994441	1.07701	0.625744	0.836499	5.41216	7.22886	0.944746	1.56427	7.52209	9.95195	0	0
k107_19058019 flag=1 multi=9.0000 len=3545	3545	4.30681	0	0	0	0	0	0	0	0	0	0	0	0	0	0	0	0	0	0	0	0	4.30681	1.74453	0	0
k107_6563901 flag=0 multi=73.8141 len=3350	3350	6.10269	0	0	0.0987533	0.14181	0	0	0	0	0	0	0	0	0	0	0	0	0.591864	0.657288	0.0990814	0.141804	5.26476	5.42075	0.0482283	0.0471041
k107_22246445 flag=0 multi=16.3587 len=27570	27570	14.6798	0	0	0.121498	0.221235	0	0	0	0	0.143758	0.183402	0.0442643	0.0634552	1.14563	1.61393	0.506491	0.594646	4.93879	5.89865	0.790377	1.15857	6.989	9.27676	0	0
k107_30584127 flag=1 multi=16.0000 len=4335	4335	5.79916	0	0	0	0	0	0	0	0	0	0	0	0	0	0	0	0	0.149516	0.518255	0	0	5.64964	7.34815	0	0
k107_5795931 flag=0 multi=26.7601 len=6976	6976	16.3188	0	0	0.135301	0.324126	0	0	0	0	0	0	0.0905005	0.126973	1.40036	1.55931	0.496554	0.447252	6.05244	7.30652	1.35001	1.53849	6.79368	8.50723	0	0
k107_32698735 flag=1 multi=4.0000 len=3266	3266	4.67409	0	0	0	0	0	0	0	0	0	0	0	0	0	0	0	0	0.203779	0.192672	0	0	4.47031	3.6233	0	0
k107_11963635 flag=0 multi=48.1873 len=31820	31820	14.7679	0	0	0.0478774	0.0691533	0.00942319	0.0143131	0	0	0.0670411	0.0988548	0.00685323	0.00683616	0.919919	1.29915	0.748112	1.05201	5.14941	7.26746	0.670315	0.974647	7.10657	10.5529	0.0423567	0.0412603
k107_12216847 flag=0 multi=16.1432 len=46967	46967	15.2118	0	0	0.0775956	0.117999	0	0	0	0	0.116426	0.145471	0.0258866	0.0350525	1.03362	1.40169	0.682417	0.796552	5.49114	7.89328	0.891268	1.16433	6.88707	9.73809	0.00636451	0.00643268
k107_19371352 flag=0 multi=25.0564 len=18971	18971	15.2784	0	0	0.0322995	0.0427629	0	0	0	0	0.105148	0.121104	0.079865	0.0969645	1.18158	1.76286	0.896459	1.41236	5.14366	6.82288	0.758209	1.04057	7.0812	8.2433	0	0
k107_21623122 flag=0 multi=22.0921 len=3387	3387	7.60097	0	0	0	0	0	0	0	0	0	0	0	0	0	0	0	0	0.58671	0.599128	0.195462	0.22106	6.8188	9.21075	0	0
k107_18713851 flag=0 multi=30.0007 len=30135	30135	15.0496	0	0	0.0505816	0.0528826	0	0	0	0	0.0809506	0.103339	0.0302015	0.0497046	1.00034	1.34672	0.595649	0.782318	5.14457	6.34834	0.920893	1.75343	7.2215	8.99392	0.00496095	0.00503938
k107_22413711 flag=0 multi=29.0278 len=71774	71774	15.6138	0	0	0.0696776	0.0903162	0	0	0	0	0.11168	0.174091	0.0380009	0.0496112	1.15673	1.46419	0.784503	1.10136	5.37802	6.9104	0.817257	1.1618	7.25579	9.63863	0.00209872	0.00210446
k107_8445800 flag=0 multi=32.0789 len=37399	37399	15.2829	0	0	0.113702	0.15764	0	0	0	0	0.105723	0.163392	0.00814082	0.0127112	1.0172	1.1752	0.747796	1.13102	5.21476	7.1608	0.886702	1.24525	7.18883	8.79767	0	0
k107_18542281 flag=0 multi=70.0148 len=13730	13730	14.7309	0	0	0.0785672	0.0905854	0	0	0	0	0.10627	0.116762	0.067471	0.0983629	1.08661	1.28858	0.920763	1.26345	4.81769	7.06202	0.74017	0.796815	6.91339	12.3088	0	0
k107_35303650 flag=0 multi=18.8982 len=24918	24918	15.1674	0	0	0.0490332	0.0771511	0	0	0	0	0.122563	0.170622	0.0490332	0.0656253	1.05911	1.36391	0.715388	1.13915	5.37744	8.33382	0.832142	0.905565	6.94451	9.43683	0.0181995	0.0225401
k107_611979 flag=0 multi=13.0399 len=15162	15162	10.9841	0	0	0	0	0	0	0	0	0.0606999	0.0910128	0.040646	0.0645685	0.879273	0.948702	0.51218	0.702389	4.09906	5.08362	0.825707	1.12462	4.56655	4.7576	0	0
k107_9345966 flag=0 multi=23.5454 len=9353	9353	16.62	0	0	0.133466	0.179095	0	0	0	0	0.099768	0.136641	0.0658491	0.122587	0.912164	0.934616	0.730969	1.11854	6.23489	10.4717	0.838139	1.06081	7.60479	11.0683	0	0
k107_9555140 flag=0 multi=29.0177 len=32033	32033	15.8953	0	0	0.076077	0.100481	0	0	0	0	0.123696	0.165148	0.028521	0.0399931	1.11254	1.43785	0.653588	0.917692	5.0803	8.07423	0.944219	1.18633	7.8764	9.21804	0	0
k107_13215528 flag=0 multi=114.0000 len=17971	17971	15.9968	0	0	0.18773	0.367948	0	0	0	0	0.179297	0.239655	0.0167525	0.0269947	1.32628	2.08455	0.737903	1.07276	5.63071	6.34434	0.817986	1.27908	7.10018	8.70143	0	0
k107_9315003 flag=0 multi=20.0669 len=12927	12927	14.6633	0	0	0.127208	0.254867	0	0	0	0	0.119604	0.162016	0.0478416	0.0694774	0.907644	1.28272	0.798178	1.02568	5.20087	7.70906	1.04024	2.07575	6.4217	9.33995	0	0
k107_2960935 flag=0 multi=68.7220 len=2510	2510	15.7088	0	0	0.136775	0.245906	0	0	0	0	0	0	0	0	0.507246	0.386833	0.664402	0.575432	6.45516	7.78521	0.830616	1.19016	7.11458	8.75347	0	0
k107_22566782 flag=0 multi=14.0066 len=77010	77010	12.1272	0	0	0.0235047	0.0290077	0	0	0	0	0.121891	0.178208	0.031457	0.0391059	1.06093	1.50735	0.697333	1.00838	4.9909	6.79734	0.772032	1.16004	4.42911	5.6773	0	0
k107_35886815 flag=0 multi=38.9661 len=16706	16706	14.9196	0	0	0.110339	0.133262	0	0	0	0	0.165326	0.297948	0.0368203	0.0392353	1.0231	1.41516	0.851317	1.32004	5.11918	7.50863	0.837844	1.09175	6.77566	8.80178	0	0
k107_17781252 flag=1 multi=5.0000 len=3885	3885	5.98214	0	0	0	0	0	0	0	0	0	0	0.0842869	0.131367	1.30505	2.33844	0.0842869	0.106239	2.14011	2.17995	0.336869	0.278259	2.03154	1.93405	0	0
k107_31240032 flag=0 multi=11.0658 len=18097	18097	13.2845	0	0	0.0678842	0.0879144	0	0	0	0	0.152515	0.259856	0.0678842	0.120176	1.4245	1.85983	0.663613	1.03822	5.31514	7.59645	1.1914	1.8753	4.40157	7.06401	0	0
k107_22630157 flag=0 multi=38.9724 len=5618	5618	16.3702	0	0	0.198834	0.203725	0	0	0	0	0.170429	0.1813	0.0568096	0.0946122	0.998119	1.3052	0.684161	0.859879	5.31866	7.98055	1.04966	1.50352	7.89353	11.5902	0	0
k107_28218291 flag=0 multi=151.0000 len=3907	3907	17.0219	0	0	0.0834951	0.105633	0	0	0	0	0.334258	0.542521	0.0834951	0.0834356	1.51761	2.09819	0.528433	0.656529	5.3276	6.068	0.74785	1.49046	8.39917	8.11597	0	0
k107_14524337 flag=1 multi=26.0000 len=3087	3087	4.83698	0	0	0	0	0.10772	0.11036	0	0	0	0	0	0	0	0	0	0	0.297307	0.262145	0	0	4.43196	4.4452	0	0
k107_24476256 flag=0 multi=13.2071 len=12689	12689	14.6284	0	0	0.0486801	0.0743221	0	0	0	0	0.10947	0.150518	0.0484379	0.0781971	1.13417	1.62025	0.885202	1.76094	4.91071	6.5679	0.797207	1.75105	6.69452	9.6421	0	0
k107_23691135 flag=0 multi=36.7659 len=43011	43011	15.212	0	0	0.113021	0.168955	0	0	0	0	0.105879	0.152877	0.0211665	0.0283609	0.997963	1.17173	0.624154	0.974541	5.18956	7.63816	0.878293	1.0777	7.26802	8.61567	0.0139315	0.0164759
k107_11944947 flag=0 multi=22.6790 len=36022	36022	15.1973	0	0	0.107531	0.152679	0	0	0	0	0.101456	0.141421	0.0506719	0.0665717	0.966405	1.24729	0.709378	1.0226	5.43312	8.3459	0.873124	1.12218	6.9556	8.22777	0	0
k107_24146916 flag=0 multi=20.0170 len=48115	48115	15.3512	0.00631627	0.00891042	0.0820697	0.130702	0	0	0	0	0.107314	0.152323	0.0252651	0.027288	1.04978	1.10385	0.646812	1.04535	5.18137	6.06869	0.740761	0.946477	7.49907	10.614	0.0124652	0.0144471
k107_24434502 flag=0 multi=24.2105 len=49412	49412	15.1739	0	0	0.0767664	0.121587	0	0	0	0	0.132152	0.203754	0.0613317	0.0894113	1.09216	1.4588	0.680635	0.983412	5.2225	7.41076	0.892507	1.35635	7.01277	9.6005	0.00305437	0.00306575
k107_4048634 flag=0 multi=34.0842 len=3314	3314	12.7507	0	0	0.100266	0.104183	0	0	0	0	0	0	0	0	0.882138	1.01191	1.10226	1.82001	5.05677	5.78605	0.371514	0.388011	5.23772	7.00703	0	0
k107_25796171 flag=0 multi=17.0435 len=6456	6456	14.007	0	0	0.0489113	0.0606515	0	0	0	0	0.147221	0.18505	0.0981475	0.115842	0.867078	1.41821	0.660546	0.787852	5.44703	6.16636	0.890803	1.60701	5.84725	7.20481	0	0
k107_34211451 flag=0 multi=77.2286 len=4140	4140	16.9143	0	0	0	0	0	0	0	0	0	0	0	0	1.05941	1.2922	0.707921	0.933833	6.30511	11.4608	0.508338	0.547037	8.33351	14.2458	0	0
k107_25228866 flag=0 multi=17.7375 len=34973	34973	15.5931	0	0	0.0608866	0.0704887	0	0	0	0	0.0652418	0.106853	0.0434946	0.0622543	1.1411	1.19293	0.703152	0.888161	5.10242	6.64211	0.986905	1.33964	7.48986	10.2753	0	0
k107_30941492 flag=0 multi=14.9753 len=38110	38110	14.5505	0	0	0.107411	0.155555	0	0	0	0	0.0957998	0.119787	0.0159755	0.0169832	0.980956	1.04159	0.714108	1.12111	4.91145	6.49465	0.847043	1.16653	6.87772	11.5175	0	0
k107_19731690 flag=0 multi=20.0195 len=14491	14491	14.933	0	0	0	0	0	0	0	0	0.0637818	0.0631686	0.0637818	0.0854379	1.05702	1.52821	0.819297	1.1406	5.34076	8.43009	0.85383	1.06623	6.73458	7.6931	0	0
k107_8353764 flag=0 multi=57.8556 len=17953	17953	14.9629	0.0171095	0.0217016	0.0854909	0.122317	0	0	0	0	0.034219	0.0413153	0.034219	0.049586	1.03014	1.59125	0.65747	0.832867	5.25177	7.44543	0.806583	0.931279	7.03745	9.72691	0.00844145	0.00848229
k107_20471343 flag=0 multi=24.0033 len=14792	14792	14.9187	0	0	0.0416149	0.0693457	0	0	0	0	0.0625259	0.0840161	0	0	1.05783	1.4011	0.780952	1.2641	5.06225	7.27452	0.751415	0.940724	7.16211	8.88068	0	0
k107_27655570 flag=0 multi=29.9841 len=18181	18181	15.6243	0	0	0.050674	0.0702565	0	0	0	0	0.168857	0.273276	0.0756194	0.138159	1.19833	1.44426	0.697802	1.12522	5.38884	6.95937	0.842329	0.921492	7.20186	8.61704	0	0
k107_12014182 flag=0 multi=27.4209 len=85845	85845	14.9442	0	0	0.0651602	0.099304	0	0	0	0	0.0757748	0.108442	0.0282314	0.043657	1.03935	1.31531	0.641759	0.953209	5.08086	7.1625	0.84962	1.24914	7.16173	10.0186	0.0017535	0.00175981
k107_7093409 flag=0 multi=49.0023 len=25028	25028	15.375	0.0059856	0.00606382	0.085497	0.109344	0	0	0	0	0.0671763	0.0952546	0.018159	0.025981	1.03337	1.26688	0.869773	1.16769	5.01335	7.80663	0.679932	0.765517	7.6018	9.50516	0	0
k107_20517315 flag=0 multi=71.9601 len=12057	12057	15.5979	0	0	0.153892	0.19658	0	0	0	0	0.0513824	0.0812405	0.0513824	0.077163	1.22688	1.4293	0.834198	1.18397	4.97814	6.91174	0.683114	1.3059	7.61889	11.0839	0	0
k107_23566050 flag=0 multi=16.9587 len=6543	6543	14.9958	0	0	0.11793	0.17808	0	0	0	0	0	0	0	0	1.03301	1.24254	0.880949	1.00754	5.44688	7.63752	0.579234	0.550559	6.93783	11.1271	0	0
k107_31117088 flag=0 multi=21.4629 len=75753	75753	15.4065	0.00799194	0.0101137	0.0901777	0.146866	0	0	0	0	0.0940213	0.14894	0.0319148	0.0406179	1.00766	1.26337	0.701316	1.02307	5.34857	7.64125	0.837073	1.14483	7.28579	9.43438	0.0020013	0.00199343
k107_20715592 flag=0 multi=18.0074 len=5262	5262	15.4762	0	0	0.0608871	0.0571817	0	0	0	0	0.0608871	0.0833991	0.0608871	0.10114	1.30665	1.55306	0.973387	0.890235	6.51774	9.60005	0.537298	0.579702	5.95847	10.3755	0	0
k107_33874566 flag=0 multi=95.0292 len=9346	9346	18.5427	0	0	0	0	0	0	0	0	0	0	0	0	1.27267	1.28341	1.70046	2.02805	3.41718	5.4096	11.3578	14.4019	0.79456	1.47261	0	0
k107_32409985 flag=0 multi=20.0092 len=25939	25939	15.9979	0	0	0.15306	0.194203	0	0	0	0	0.0943168	0.10604	0.0706011	0.145029	1.24472	1.59439	0.722666	0.979634	5.15489	6.97909	0.839646	1.0747	7.71802	10.2953	0	0
k107_21968827 flag=0 multi=74.7539 len=19848	19848	15.4088	0	0	0.0846209	0.151172	0	0	0	0	0.0617006	0.0871439	0.0463522	0.0677376	1.11875	1.19946	0.817507	1.09885	5.27162	5.42751	0.708534	0.804235	7.2997	9.98619	0	0
k107_25368146 flag=0 multi=30.0000 len=23294	23294	15.0105	0	0	0.091858	0.162169	0	0	0	0	0.117911	0.179988	0.039405	0.0565599	1.05828	1.26238	0.613648	0.970342	4.79093	7.6459	0.766571	1.06307	7.53192	9.36514	0	0
k107_8485403 flag=1 multi=15.0000 len=7525	7525	7.05372	0.0816835	0.133433	0	0	0	0	0	0	0.0820988	0.100476	0	0	0	0	0.145231	0.182527	0	0	0	0	6.7447	9.62214	0	0
k107_6591398 flag=0 multi=40.3395 len=5268	5268	15.7757	0	0	0	0	0	0	0	0	0.181635	0.347794	0	0	1.13713	1.03939	0.721708	1.22369	4.75634	6.3442	1.05779	2.58956	7.92106	8.60679	0	0
k107_17039526 flag=0 multi=47.4300 len=35018	35018	14.7456	0.00869916	0.0102242	0.0434958	0.075722	0	0	0	0	0.069478	0.101643	0.0564293	0.0744711	1.16773	1.28169	0.813487	1.05574	4.79767	6.58331	0.722203	0.84823	7.0664	9.84407	0	0
k107_15066848 flag=0 multi=18.7330 len=49665	49665	15.4864	0	0	0.067115	0.0990324	0	0	0	0	0.0733748	0.110433	0.0244718	0.0351073	1.11197	1.6785	0.611409	0.923653	5.47823	7.86351	0.774912	0.987462	7.33888	8.86038	0.00601665	0.0091142
k107_11393827 flag=0 multi=15.0487 len=12531	12531	14.6413	0	0	0.0735956	0.0967383	0	0	0	0	0.0986998	0.135812	0	0	1.41892	1.6262	0.624254	0.86022	5.02527	6.25023	0.614605	0.907287	6.786	11.6541	0	0
k107_34959660 flag=0 multi=27.4566 len=17714	17714	14.3023	0	0	0.0173444	0.0248558	0	0	0	0	0.0516885	0.114785	0.0346887	0.105866	0.833161	1.01123	0.7102	1.03933	4.41173	6.21726	0.881863	1.21092	7.36159	10.2847	0	0
k107_19514588 flag=0 multi=19.0000 len=34364	34364	15.7883	0	0	0.110827	0.178943	0	0	0	0	0.0913041	0.167152	0.0265986	0.0423562	0.984646	1.15377	0.624684	0.916024	5.62618	7.10376	0.728025	0.97117	7.58725	9.77104	0.00880747	0.0138993
k107_4613595 flag=0 multi=22.9225 len=26938	26938	14.9049	0	0	0.118787	0.152632	0	0	0	0	0.124456	0.169425	0.0677654	0.147133	0.932084	1.13598	0.708102	1.04989	5.14154	7.18835	0.814649	0.941913	6.99752	9.8343	0	0
k107_35608100 flag=0 multi=14.3874 len=14767	14767	15.4478	0	0	0	0	0	0	0	0	0.0882821	0.117844	0.041756	0.045545	1.07736	1.44823	0.758106	1.05407	5.03961	6.65709	0.871621	1.09814	7.55036	9.1259	0.0206706	0.0204398
k107_17580997 flag=0 multi=44.0157 len=22328	22328	14.8879	0	0	0.0956143	0.15492	0	0	0	0	0.136974	0.195089	0.0272405	0.040183	0.897439	1.08955	0.616362	0.907971	4.71007	6.24371	0.915918	1.40946	7.48143	8.27797	0.00681013	0.00680769
k107_7901056 flag=1 multi=10.0000 len=5116	5116	7.37121	0.122767	0.16751	0	0	0	0	0	0	0.123182	0.17333	0	0	0	0	0.0619028	0.083328	0	0	0	0	7.06336	8.67973	0	0
k107_15268132 flag=0 multi=52.0219 len=34708	34708	14.9635	0	0	0.144597	0.256684	0	0	0	0	0.0832994	0.111213	0.0438586	0.0529579	1.14224	1.16622	0.662849	1.01045	4.78655	7.02318	0.820729	1.01437	7.27934	7.20794	0	0
k107_18525463 flag=0 multi=37.0543 len=19920	19920	15.9834	0	0	0.0846162	0.111761	0	0	0	0	0.107707	0.153156	0.0383321	0.037003	1.38342	1.79217	0.553879	0.771582	5.82394	6.84797	0.775818	1.48485	7.21572	7.61232	0	0
k107_1491218 flag=0 multi=53.1313 len=30369	30369	15.1377	0	0	0.100276	0.130229	0	0	0.0100442	0.0128	0.160674	0.245007	0.0902651	0.153792	0.970732	1.22741	0.670935	0.91228	5.43982	7.61419	0.860312	1.35374	6.82971	9.35198	0.00488908	0.00500152
k107_7992876 flag=1 multi=7.0000 len=5712	5712	6.461	0	0	0	0	0	0	0	0	0	0	0	0	0	0	0	0	0.333457	0.633376	0.0558226	0.0527139	6.07172	6.42342	0	0
k107_20487721 flag=0 multi=67.3732 len=7543	7543	12.3019	0	0	0.0412926	0.039973	0	0	0	0	0.166413	0.211115	0.0834139	0.0880689	0.790084	1.26308	0.334622	0.458701	3.917	11.3643	0.645353	1.03108	6.32371	13.8184	0	0
k107_8321739 flag=1 multi=15.0000 len=2603	2603	4.36071	0	0	0	0	0	0	0	0	0	0	0	0	0	0	0	0	0.131247	0.135806	0.130813	0.114069	4.09865	4.52792	0	0
k107_19691845 flag=1 multi=4.0000 len=2514	2514	5.52351	0	0	0	0	0	0	0	0	0	0	0	0	0	0	0	0	0.273056	0.698833	0	0	5.25045	2.49692	0	0
k107_3905864 flag=0 multi=15.9155 len=6591	6591	15.4109	0	0	0.0960407	0.147896	0	0	0	0	0.0639211	0.0814271	0	0	1.06965	1.2393	0.455239	0.717246	5.26204	6.29943	0.975831	1.51826	7.48815	8.86761	0	0
k107_2406645 flag=0 multi=33.0000 len=8586	8586	13.0655	0	0	0.0540802	0.056529	0	0	0	0	0.145582	0.162472	0.0727909	0.0888501	0.998431	1.39577	0.676485	0.734936	5.021	6.9442	0.600193	0.743156	5.49698	6.13893	0	0
k107_18220445 flag=0 multi=16.0411 len=12841	12841	12.4368	0	0	0.0240849	0.044113	0	0	0	0	0.132467	0.157997	0.0481697	0.0586138	0.887312	1.27297	0.622617	0.826164	4.46216	4.66071	0.815456	1.13581	5.44453	10.1467	0	0
k107_34044880 flag=0 multi=19.4060 len=11315	11315	14.8597	0	0	0.0818124	0.105121	0	0	0	0	0.0822664	0.10709	0.109689	0.161426	0.90602	0.93396	0.518387	0.578409	5.27086	7.15304	0.602288	0.670267	7.28839	8.80811	0	0
k107_27184782 flag=0 multi=14.2009 len=44960	44960	14.7803	0	0	0.0776345	0.10278	0	0	0	0	0.0776345	0.102282	0.0337901	0.0405923	1.08171	1.2494	0.652	0.896	5.18635	7.03858	0.726701	1.03488	6.92772	9.35173	0.0167719	0.0227511
k107_24943427 flag=0 multi=14.3782 len=3029	3029	15.5325	0	0	0.3304	0.318041	0	0	0	0	0.00880088	0.00872736	0	0	1.41657	0.860249	1.22002	1.14756	5.3007	6.39672	0.49835	0.683701	6.75761	9.6679	0	0
k107_18403593 flag=0 multi=15.5451 len=49029	49029	14.4964	0	0	0.0928643	0.158415	0	0	0	0	0.13629	0.19409	0.0495824	0.083847	0.94071	1.15711	0.736943	1.09882	5.26254	6.5225	0.789788	1.20437	6.48768	8.75553	0	0
k107_2661719 flag=0 multi=18.3350 len=41761	41761	14.9962	0	0	0.090885	0.133812	0	0	0	0	0.106225	0.187027	0.043537	0.0635209	1.06903	1.43379	0.698111	0.916472	5.08116	8.24927	0.639523	0.808195	7.26776	10.1497	0	0
k107_10900044 flag=0 multi=17.8627 len=19553	19553	14.6458	0	0	0.0938653	0.118301	0	0	0	0	0.141136	0.198278	0.101449	0.128857	1.35432	1.81694	0.576697	0.730037	4.77435	6.80345	0.657317	0.935489	6.93896	8.09413	0.00768791	0.00778234
k107_35287787 flag=0 multi=28.0360 len=12915	12915	15.1426	0	0	0.143582	0.188218	0	0	0	0	0.138666	0.20808	0.0238643	0.0233782	0.913423	1.74735	0.673908	0.647863	5.51169	7.57475	0.972172	0.998628	6.76524	9.41599	0	0
k107_10674542 flag=0 multi=38.0545 len=30144	30144	16.023	0	0	0.111186	0.164651	0	0	0	0	0.1012	0.115094	0.0402453	0.0598029	1.04983	1.54237	0.698412	0.995773	5.59014	7.49018	0.915153	1.38305	7.5118	9.64335	0.00502647	0.00503914
k107_34835519 flag=0 multi=12.0121 len=17668	17668	10.1337	0.0085224	0.00862032	0	0	0.0769319	0.177165	0	0	0	0	0.0256248	0.0292048	0	0	0	0	0	0	0	0	10.0139	12.3613	0.00869515	0.0086204
k107_29989069 flag=0 multi=18.0017 len=13386	13386	15.2505	0	0	0.0460104	0.0512244	0	0	0	0	0.138337	0.174342	0.0230816	0.0332501	1.12183	1.62449	0.61602	0.853391	4.90209	6.48598	0.667304	0.753468	7.73578	7.61123	0	0
k107_17952753 flag=0 multi=7.0122 len=11024	11024	7.73382	0	0	0	0	0.0281664	0.0273756	0	0	0	0	0	0	0.0277933	0.0395014	0	0	0.604365	0.539626	0.112386	0.118264	6.96111	9.2814	0	0
k107_2198665 flag=0 multi=25.0000 len=4261	4261	16.776	0	0	0.0757767	0.0896877	0	0	0	0	0.381157	0.821147	0.0613791	0.0864286	1.21596	1.31595	0.662288	0.758495	5.98232	8.62282	0.254357	0.282682	8.14271	7.26268	0	0
k107_34292781 flag=1 multi=4.0000 len=2688	2688	3.85708	0	0	0	0	0	0	0	0	0	0	0	0	0	0	0	0	0.252305	0.380341	0.0125733	0.0124207	3.5922	1.47309	0	0
k107_32137814 flag=1 multi=6.0000 len=3218	3218	5.06824	0	0	0	0	0	0	0	0	0	0	0	0	0	0	0	0	0	0	0.103567	0.191681	4.96468	5.71952	0	0
k107_27776649 flag=1 multi=8.4249 len=2938	2938	5.09029	0	0	0	0	0	0	0	0	0	0	0	0	0	0	0	0	0.227618	0.32243	0	0	4.86267	5.90118	0	0
k107_295507 flag=1 multi=5.0000 len=3123	3123	4.59837	0	0	0	0	0	0	0	0	0	0	0	0	0	0	0	0	0	0	0	0	4.59837	4.86839	0	0
k107_11238454 flag=1 multi=4.0000 len=2662	2662	5.07331	0.127966	0.189639	0	0	0	0	0	0	0	0	0	0	0	0	0	0	0.176695	0.145534	0.127966	0.18286	4.64068	3.69992	0	0
k107_24849273 flag=0 multi=17.9944 len=14989	14989	16.0291	0	0	0.0793899	0.101966	0	0	0	0	0.0822496	0.128882	0.0616872	0.0844337	1.02083	1.24529	0.602914	0.970484	5.86383	8.25489	0.769184	0.850779	7.54899	9.93661	0	0
k107_11582035 flag=0 multi=59.9954 len=7229	7229	14.7637	0	0	0.130793	0.153256	0	0	0	0	0.0870507	0.100107	0.0435975	0.068841	0.787065	0.851912	0.640826	1.16384	4.83066	8.10499	0.869785	0.876909	7.3739	9.96527	0	0
k107_24712308 flag=1 multi=9.0000 len=4769	4769	7.49832	0.0866353	0.131599	0	0	0	0	0	0	0.0991717	0.0911471	0	0	0	0	0.200806	0.311745	0	0	0	0	7.11171	7.00528	0	0
k107_13402607 flag=1 multi=7.9283 len=4026	4026	4.71106	0	0	0	0	0	0	0.362782	0.360752	0	0	0	0	0	0	0	0	4.34828	4.72574	0	0	0	0	0	0
k107_9700419 flag=0 multi=49.9563 len=8901	8901	14.7776	0	0	0.0702407	0.0964848	0	0	0	0	0.175486	0.247593	0.0351204	0.0401621	1.04535	1.15129	0.704966	0.825127	5.24026	6.34605	1.04187	1.08801	6.46436	6.15822	0	0
k107_4548529 flag=0 multi=12.0856 len=5739	5739	12.3066	0	0	0	0	0	0	0	0	0.111091	0.155052	0	0	0.989884	1.09229	0.610079	0.682533	5.44951	6.16973	0.654589	0.760125	4.49145	3.50095	0	0
k107_5040782 flag=1 multi=4.0000 len=4049	4049	5.14438	0	0	0	0	0.0805978	0.0741248	0	0	0	0	0	0	0	0	0	0	0.229784	0.221346	0.160929	0.514331	4.63304	3.67062	0.040032	0.0386808
k107_34487178 flag=0 multi=45.9973 len=9033	9033	14.7743	0	0	0.103654	0.129881	0	0	0	0	0.123125	0.139583	0.0345894	0.0622844	0.911694	1.60358	0.968159	1.37027	5.09529	7.52614	0.55217	0.759637	6.98557	6.88854	0	0
k107_18670588 flag=1 multi=17.0000 len=3242	3242	5.83639	0	0	0.05	0.0487395	0	0	0.17381	0.27291	0	0	0	0	0	0	0	0	0	0	0	0	5.61259	9.66573	0	0
k107_30649334 flag=0 multi=19.0543 len=8436	8436	15.6185	0	0	0.111384	0.160974	0	0	0	0	0.0554463	0.0823583	0.0371281	0.0387027	1.0863	1.19051	0.630317	0.634924	5.23678	9.42906	0.948119	1.19161	7.51303	14.6252	0	0
k107_22186731 flag=1 multi=6.0000 len=3419	3419	4.76869	0	0	0	0	0	0	0	0	0	0	0	0	0	0	0	0	0.111646	0.144132	0	0	4.65704	4.07631	0	0
k107_17176964 flag=1 multi=5.0000 len=6320	6320	6.75224	0	0	0	0	0	0	0	0	0	0	0	0	0	0	0	0	0.100199	0.130192	0	0	6.65204	6.06701	0	0
k107_19184088 flag=1 multi=8.0000 len=2901	2901	6.30666	0	0	0	0	0	0	0	0	0	0	0	0	0	0	0	0	0	0	0	0	6.30666	7.60013	0	0
k107_16085102 flag=1 multi=7.0000 len=2658	2658	4.70883	0.128183	0.174637	0	0	0	0	0	0	0	0	0	0	0	0	0	0	0	0	0	0	4.58065	2.95678	0	0
k107_13944880 flag=0 multi=13.0022 len=2787	2787	12.5461	0	0	0	0	0	0	0	0	0	0	0	0	0.804829	0.745611	0.725151	1.75796	4.14447	2.09682	0.996781	2.15865	5.87485	5.60239	0	0
k107_26260241 flag=0 multi=44.6493 len=26490	26490	14.6306	0	0	0.0863373	0.125718	0	0	0	0	0.0691538	0.0806015	0.034596	0.0532666	0.909501	1.17584	0.545593	0.841299	5.07297	7.98719	0.844165	1.04985	7.06828	10.3997	0	0
k107_29323542 flag=0 multi=19.2468 len=17786	17786	15.2019	0	0	0.10358	0.136031	0	0	0	0	0.181023	0.21905	0	0	1.099	1.36978	0.5938	0.973624	5.24531	6.85726	0.772935	1.22779	7.20625	8.94998	0	0
k107_10922769 flag=1 multi=8.0000 len=4451	4451	5.64232	0	0	0	0	0	0	0	0	0	0	0	0	0	0	0	0	0.291155	0.337076	0.108942	0.141646	5.16944	8.56327	0.0727886	0.0675144
k107_12952291 flag=1 multi=5.0000 len=6285	6285	6.53351	0.0504763	0.0900679	0	0	0	0	0	0	0	0	0	0	0	0	0	0	0.151095	0.241539	0	0	6.33194	6.65952	0	0
k107_11226312 flag=1 multi=13.0000 len=15380	15380	7.37399	0	0	0	0	0	0	0	0	0	0	0	0	0	0	0	0	0	0	0.109895	0.133967	7.26409	8.93006	0	0
k107_17394890 flag=1 multi=4.0156 len=2739	2739	4.37464	0	0	0	0	0	0	0	0	0	0	0	0	0	0	0	0	0.123923	0.157867	0.123923	0.10861	4.1268	3.32672	0	0
k107_7610947 flag=0 multi=134.7624 len=4294	4294	16.75	0	0	0	0	0	0	0	0	0.0754008	0.0905014	0	0	0.879509	1.18418	0.63001	1.01223	5.55862	6.68292	0.396293	0.504107	9.21017	14.8056	0	0
k107_31093770 flag=0 multi=13.0185 len=13492	13492	14.5176	0	0	0.137301	0.190375	0	0	0	0	0.0228961	0.0244935	0	0	0.839727	1.15986	0.789917	0.971256	4.93829	5.96253	0.820167	1.06414	6.9693	6.77315	0	0
k107_21516045 flag=0 multi=15.8372 len=8254	8254	11.6369	0	0	0.113934	0.328088	0	0	0	0	0.0378521	0.0488651	0.0379779	0.0533924	1.06124	1.18416	0.902792	1.27929	4.67555	6.64937	0.562752	0.584563	4.24484	5.19453	0	0
k107_30702557 flag=0 multi=23.0417 len=10836	10836	15.5082	0.0138599	0.0139442	0.0286691	0.0392445	0	0	0	0	0.0860072	0.130828	0.0286691	0.0515676	1.17828	1.43412	0.59645	0.926272	5.05534	6.82441	0.687108	0.67362	7.83378	10.5517	0	0
k107_16470079 flag=0 multi=22.0013 len=60325	60325	14.4151	0	0	0.0802192	0.132285	0	0	0	0	0.0852507	0.107288	0.0301718	0.03767	0.985106	1.20221	0.791013	1.08627	4.98041	7.51262	0.775419	1.02967	6.68747	9.22237	0	0
k107_16183293 flag=0 multi=19.0020 len=7983	7983	16.6006	0	0	0.195938	0.489501	0	0	0	0	0.157271	0.183338	0.0391876	0.0409051	1.05611	1.27818	0.740138	0.823486	5.75329	5.49883	0.745736	0.957488	7.9129	9.97243	0	0
k107_19440424 flag=1 multi=68.0000 len=3038	3038	7.13304	0	0	0	0	0	0	0	0	0	0	0.108553	0.156731	0	0	0	0	0	0	0	0	7.02449	6.60754	0	0
k107_20205610 flag=0 multi=68.8715 len=13060	13060	13.4116	0	0	0.118357	0.185737	0	0	0	0	0.118357	0.276482	0.0473428	0.0648726	1.19055	1.23968	0.714689	0.808365	5.02994	7.91641	0.824032	1.10956	5.36832	9.12761	0	0
k107_33915564 flag=0 multi=36.0086 len=17601	17601	15.0484	0	0	0.0871149	0.0969996	0	0	0	0	0.139488	0.186313	0.0872883	0.161287	1.05376	1.1641	0.588531	0.705873	5.00936	6.45468	0.839355	1.4611	7.24348	9.88508	0	0
k107_29643739 flag=0 multi=18.8286 len=7626	7626	16.1506	0	0	0.0446477	0.0459311	0	0	0	0	0.164937	0.159065	0.123703	0.15784	0.76775	1.12825	0.863736	0.921283	5.14869	4.84432	1.15019	1.98537	7.88695	9.49823	0	0
k107_2762117 flag=1 multi=10.0000 len=3464	3464	12.5307	0	0	0.0955092	0.0952745	0	0	0	0	0	0	0.0955092	0.130072	1.43201	1.15547	0.98482	1.74698	5.17173	8.26958	0.667615	0.944238	4.08349	6.02488	0	0
k107_24534662 flag=1 multi=5.0000 len=3231	3231	5.31273	0	0	0	0	0.102765	0.0925035	0	0	0	0	0	0	0	0	0	0	0.102424	0.0925022	0	0	5.10755	8.92176	0	0
k107_5994384 flag=1 multi=9.0000 len=10964	10964	6.88023	0.0554305	0.0840382	0	0	0	0	0	0	0.0562746	0.0720183	0.0277621	0.0425249	0	0	0.0279497	0.0554726	0	0	0	0	6.71281	11.0259	0	0
k107_29317308 flag=0 multi=13.0415 len=6133	6133	14.4836	0	0	0.0516206	0.0919998	0	0	0	0	0.141485	0.137174	0	0	0.948722	0.882778	0.320528	0.7595	5.12999	6.19493	0.720631	1.0773	7.17064	8.32375	0	0
k107_28151847 flag=0 multi=17.5135 len=13034	13034	15.5429	0	0	0.0472039	0.0528934	0	0	0	0	0.0948005	0.105053	0.047361	0.0605914	0.947377	1.05806	0.700283	1.14954	5.80702	7.73202	1.18889	1.77967	6.70994	8.14027	0	0
k107_18300728 flag=0 multi=34.9936 len=18789	18789	15.4806	0	0	0.081679	0.116868	0	0	0	0	0.114242	0.136467	0.0480878	0.0681781	1.09428	1.57403	0.677016	0.887925	4.99605	7.84098	0.845513	1.20841	7.62374	10.2835	0	0
k107_19698811 flag=0 multi=14.9059 len=13456	13456	15.3528	0.00410521	0.00408708	0.137753	0.184477	0	0	0	0	0.0688764	0.0770639	0.0459176	0.0692091	0.900867	1.17329	0.539304	0.663868	5.19317	6.07315	0.541888	0.735434	7.92094	7.30834	0	0
k107_25008833 flag=0 multi=18.5876 len=5141	5141	16.4042	0	0	0.187229	0.291928	0	0	0	0	0	0	0.124819	0.185728	0.704898	1.07809	0.747468	0.77531	6.45505	8.10118	0.810291	1.10764	7.37446	9.98606	0	0
k107_19505097 flag=1 multi=9.0000 len=2929	2929	4.37077	0	0	0	0	0	0	0	0	0	0	0	0	0	0	0	0	0.229539	0.278416	0	0	4.14123	3.06233	0	0
k107_33222243 flag=0 multi=104.0000 len=4740	4740	14.4299	0	0	0.203019	0.292758	0	0	0	0	0	0	0	0	0.681839	1.05227	0.78594	0.702132	5.5685	6.07868	0.831681	1.36092	6.35895	7.26286	0	0
k107_9526452 flag=1 multi=6.0000 len=4750	4750	4.48336	0	0	0	0	0	0	0	0	0	0	0	0	0	0	0	0	0.135791	0.167298	0	0	4.34757	3.99279	0	0
k107_10633481 flag=0 multi=74.9999 len=14362	14362	15.988	0.0214794	0.0398052	0.0963016	0.122487	0	0	0	0	0.0429587	0.0564685	0.0642247	0.0755109	1.17361	1.14959	0.837198	1.07038	5.33762	7.41875	1.02518	1.46532	7.3894	8.90059	0	0
k107_12243760 flag=1 multi=3.0000 len=3783	3783	4.45361	0	0	0	0	0	0	0	0	0	0	0	0	0	0	0	0	0.130135	0.313814	0	0	4.32347	5.27614	0	0
k107_30643937 flag=0 multi=16.0407 len=10488	10488	14.162	0	0	0.0296485	0.0348605	0	0	0	0	0.0889456	0.127007	0	0	1.09886	1.5225	0.60053	0.816712	4.25977	4.53992	0.716964	1.03187	7.36727	9.95493	0	0
k107_18735882 flag=0 multi=21.1048 len=26913	26913	15.6698	0	0	0.113149	0.150936	0	0	0	0	0.0791402	0.134732	0.0340461	0.0504724	1.21724	1.49971	0.69445	0.9822	5.34557	7.55801	0.789824	1.12514	7.39642	10.1941	0	0
k107_18772804 flag=0 multi=18.4277 len=10356	10356	13.982	0	0	0.0299383	0.0363111	0	0	0	0	0.149692	0.176597	0.0900139	0.111062	1.055	1.13958	0.855182	1.34599	4.66919	6.61528	0.64263	0.983324	6.49035	8.61974	0	0
k107_29471311 flag=0 multi=16.1686 len=5030	5030	16.7712	0	0	0	0	0	0	0	0	0.12775	0.123719	0	0	1.16434	2.13069	0.733291	0.5902	6.03765	8.83773	1.16709	1.28569	7.54103	8.86333	0	0
k107_7120613 flag=0 multi=24.5633 len=84418	84418	14.8101	0.00359028	0.00466411	0.086036	0.116533	0	0	0	0	0.0896381	0.130793	0.019806	0.0245317	1.06962	1.42335	0.815612	1.15917	5.2021	6.56573	0.671798	1.00894	6.84838	8.3374	0.0035665	0.00357793
k107_23599143 flag=0 multi=17.0330 len=4224	4224	16.2348	0	0	0	0	0	0	0	0	0.344722	0.71161	0	0	1.46685	1.97156	0.844977	1.03398	4.41841	12.5171	0.845232	0.949306	8.31464	8.87208	0	0
k107_10470501 flag=0 multi=6.7722 len=4067	4067	7.27118	0	0	0	0	0	0	0	0	0	0	0.160159	0.204338	0	0	0	0	0	0	0.10996	0.2294	7.00106	5.91914	0	0
k107_636431 flag=0 multi=44.0085 len=48766	48766	15.995	0.00623143	0.00692998	0.0808435	0.107706	0	0	0	0	0.102736	0.177476	0.0435168	0.0704647	1.24641	1.32142	0.750227	0.929871	5.39708	7.95095	0.917568	1.37522	7.45042	8.26334	0	0
k107_34667109 flag=0 multi=12.4116 len=20754	20754	13.8194	0	0	0.0077743	0.0101591	0	0	0	0	0.162136	0.438689	0.0734403	0.174065	1.4778	1.7743	0.76638	1.05792	5.16453	7.00603	0.992617	1.85527	5.1747	8.62489	0	0
k107_10193465 flag=1 multi=130.4766 len=7229	7229	7.2291	0.28757	0.364261	0	0	0.0216544	0.0213266	0.106395	0.275772	0.171358	0.182682	0.0217988	0.0213266	0	0	0.129349	0.138239	0	0	0	0	6.49098	9.6358	0	0
k107_6531178 flag=0 multi=27.0362 len=7699	7699	11.7982	0	0	0	0	0	0	0	0	0.061241	0.0688559	0	0	0.992024	1.22986	0.529809	0.591728	4.73327	5.20539	0.711234	1.00509	4.77058	6.22762	0	0
k107_20094020 flag=0 multi=25.9700 len=15397	15397	13.1292	0	0	0.0398808	0.0577511	0	0	0	0	0.0598211	0.0798922	0.0400132	0.0418472	0.874462	1.175	0.80636	0.987968	4.60345	5.67445	0.6632	0.852575	6.04207	7.10635	0	0
k107_34324236 flag=0 multi=13.0553 len=3435	3435	14.0211	0	0	0	0	0	0	0	0	0	0	0.0963932	0.140125	1.40026	1.43214	0.746569	0.596527	4.39451	5.33663	0.721353	0.790407	6.66199	9.27088	0	0
k107_12282153 flag=0 multi=30.4009 len=13178	13178	15.8466	0	0	0.0937403	0.132235	0	0	0	0	0.046909	0.0664578	0.0234545	0.0376632	1.23284	1.34012	0.853992	1.44568	5.46513	9.04247	0.756757	0.906484	7.3738	8.83959	0	0
k107_11413965 flag=0 multi=43.3777 len=3353	3353	14.9148	0	0	0	0	0	0	0	0	0.161914	0.182958	0	0	1.19961	0.911237	0.542445	0.768105	5.30088	4.74883	0.77155	0.642485	6.93838	9.21015	0	0
k107_14816031 flag=1 multi=23.1475 len=53742	53742	15.0001	0	0	0.0880801	0.166659	0	0	0	0	0.121407	0.211368	0.0225861	0.0302344	1.08037	1.44383	0.660516	0.895924	5.03161	7.5466	0.84607	1.18335	7.14944	10.9167	0	0
k107_6235574 flag=1 multi=92.0000 len=8197	8197	7.84003	0.0344522	0.0342063	0	0	0	0	0	0	0.0756175	0.101827	0	0	0	0	0.1886	0.22185	0	0	0	0	7.54136	8.83068	0	0
k107_15052594 flag=0 multi=14.0164 len=17726	17726	12.3263	0	0	0.0346648	0.0513702	0	0	0	0	0.0951561	0.140865	0.0519972	0.146744	1.34372	1.87317	0.517045	0.681643	5.1751	6.58161	0.787133	0.979487	4.32151	6.25721	0	0
k107_17569410 flag=1 multi=27.0000 len=5318	5318	10.4496	0	0	0	0	0	0	0	0	0	0	0	0	0	0	0	0	0.120215	0.105942	0.108652	0.121352	10.2207	16.0678	0	0
k107_8932412 flag=1 multi=4.0000 len=3877	3877	5.12168	0	0	0.0841958	0.0941521	0	0	0	0	0	0	0	0	0	0	0	0	0.422378	0.595447	0.0841958	0.0969479	4.53091	4.47042	0	0
k107_2326324 flag=0 multi=11.3967 len=3535	3535	12.8175	0	0	0	0	0	0	0	0	0	0	0	0	0.828023	0.718579	0.373647	0.382009	4.23322	3.74191	0.533869	0.615105	6.84875	7.53043	0	0
k107_6232983 flag=0 multi=22.9299 len=60061	60061	14.9283	0.00505363	0.00740528	0.0807242	0.103296	0	0	0	0	0.0909319	0.137061	0.0201978	0.0296155	1.11277	1.40927	0.706555	1.01565	5.29012	7.25374	0.750264	1.13772	6.87172	9.24793	0	0
k107_9319915 flag=0 multi=16.0036 len=14042	14042	14.0211	0	0	0.0218341	0.0343097	0	0	0	0	0.109825	0.233909	0	0	0.946652	0.947712	0.821179	1.05201	4.82606	5.92764	0.867686	1.16233	6.41718	7.59844	0.0106987	0.010871
k107_5327511 flag=0 multi=143.6971 len=4505	4505	14.2106	0	0	0.0716155	0.1024	0	0	0	0	0	0	0.0718534	0.0700342	0.719962	0.789759	1.0276	0.946694	5.63883	11.4984	0.0359267	0.0346443	6.64478	6.09356	0	0
k107_21259295 flag=0 multi=38.3873 len=22849	22849	12.541	0	0	0.0669269	0.114269	0	0	0	0	0.140373	0.201196	0.0133942	0.0212881	1.13013	1.16178	0.669757	0.774807	5.54881	8.88454	0.788575	1.15621	4.183	5.23198	0	0
k107_23794632 flag=1 multi=11.0000 len=3397	3397	4.88239	0	0	0	0	0	0	0	0	0	0	0	0	0	0	0	0	0.0975767	0.146261	0.195153	0.20366	4.58966	5.59393	0	0
k107_6206311 flag=0 multi=36.1035 len=22982	22982	15.6775	0	0	0.106481	0.146015	0	0	0	0	0.14612	0.223181	0.0265873	0.0380008	1.16883	1.38841	0.916711	1.11528	5.12399	6.12882	0.638492	1.03269	7.53713	9.80956	0.0131834	0.0131396
k107_8509579 flag=0 multi=37.0216 len=42436	42436	16.0869	0	0	0.0620402	0.0832074	0	0	0	0	0.0430056	0.060577	0.0537333	0.0648967	1.01716	1.36636	0.680353	0.870007	5.3514	7.14022	0.925452	1.19284	7.94662	9.76446	0.00716761	0.00759238
k107_15290114 flag=0 multi=53.0148 len=10140	10140	15.0618	0	0	0	0	0	0	0	0	0.0496036	0.0514267	0.0920919	0.108616	1.14891	1.47118	0.722911	1.07279	4.61923	6.01669	0.912381	1.3074	7.51667	10.2922	0	0
k107_1714094 flag=1 multi=29.0000 len=3268	3268	6.94842	0	0	0.101483	0.134656	0	0	0	0	0	0	0	0	0	0	0	0	0	0	0	0	6.84693	7.12982	0	0
k107_32061072 flag=0 multi=17.8321 len=4710	4710	5.4054	0	0	0	0	0.0685118	0.0697356	0	0	0	0	0	0	0	0	0	0	0.171053	0.301694	0.136116	0.172289	5.02972	6.46916	0	0
k107_1914129 flag=1 multi=5.0000 len=3501	3501	6.17662	0	0	0	0	0	0	0	0	0	0	0	0	0	0	0	0	0	0	0	0	6.17662	8.18124	0	0
k107_7126206 flag=0 multi=267.7256 len=3128	3128	17.3422	0	0	0	0	0	0	0	0	0.106511	0.0954761	0	0	1.00743	0.577603	0.911536	0.938367	6.41684	11.246	0.913305	1.86566	7.98655	7.33375	0	0
k107_18909123 flag=0 multi=21.0094 len=66501	66501	14.9779	0	0	0.0683092	0.0901373	0	0	0	0	0.113839	0.212061	0.052463	0.0672916	1.05174	1.3417	0.706914	0.999397	5.20787	7.84426	0.727715	1.02585	7.04453	8.77614	0.004562	0.00518445
k107_11581845 flag=0 multi=27.3199 len=18469	18469	14.8052	0	0	0.0997413	0.14001	0	0	0	0	0.0996312	0.158529	0.0579072	0.084107	1.06875	1.66114	0.482468	0.680023	5.3966	7.79615	0.800187	1.114	6.79991	8.09385	0	0
k107_9669070 flag=1 multi=5.0000 len=3777	3777	5.16662	0	0	0	0	0	0	0	0	0	0	0	0	0	0	0	0	0.260144	0.259011	0.0710791	0.0873599	4.8354	6.64058	0	0
k107_29480959 flag=1 multi=7.0000 len=4324	4324	7.79861	0	0	0	0	0	0	0	0	0	0	0	0	0	0	0	0	0.299354	0.41014	0	0	7.49925	13.7637	0	0
k107_13226936 flag=0 multi=27.8693 len=3374	3374	7.23633	0	0	0	0	0	0	0	0	0	0	0	0	0	0	0	0	0.293945	0.310906	0	0	6.94238	6.21599	0	0
k107_9006745 flag=0 multi=16.1925 len=8425	8425	14.0998	0	0	0.0370553	0.0569761	0	0	0	0	0	0	0	0	0.912963	1.06764	0.657393	1.09906	4.46645	4.20263	0.886003	1.15396	7.13997	6.68469	0	0
k107_4754799 flag=0 multi=67.9532 len=20053	20053	15.727	0	0	0.0759455	0.0979609	0	0	0	0	0.0914384	0.126878	0.0304288	0.0395749	0.79039	1.06844	0.695712	0.975722	5.8356	8.40543	1.00294	1.68887	7.18921	9.38547	0.0152904	0.015063
k107_29329246 flag=1 multi=5.0000 len=3661	3661	4.46532	0	0	0	0	0	0	0	0	0	0	0	0	0	0	0	0	0.269723	0.525804	0	0	4.19559	3.16679	0	0
k107_30254220 flag=0 multi=30.8499 len=28378	28378	15.1215	0	0	0.0966662	0.137582	0	0	0	0	0.0682433	0.0864929	0.0375766	0.0527754	1.15433	1.41466	0.618429	0.878593	5.42321	8.65312	0.697428	0.848553	7.02561	9.02358	0	0
k107_699700 flag=0 multi=16.0108 len=2879	2879	14.7765	0	0	0.117191	0.198217	0	0	0	0	0.117191	0.144646	0	0	0.550252	0.783742	0.555297	0.639026	5.25922	6.52355	1.08653	2.18548	7.0908	9.90556	0	0
k107_9960061 flag=0 multi=19.0676 len=14242	14242	16.0566	0	0	0.0863702	0.126964	0	0	0	0	0.107819	0.14824	0	0	1.11248	1.2195	0.670947	0.986244	5.76636	8.16292	0.86571	1.05258	7.44692	9.27651	0	0
k107_10876788 flag=0 multi=24.8152 len=126053	126053	15.2058	0.00239362	0.00277713	0.089876	0.130119	0	0	0	0	0.103053	0.161611	0.0311648	0.0439562	1.06837	1.41517	0.71442	1.03375	5.23918	6.92979	0.720432	1.04223	7.23578	9.31445	0.00117693	0.00119902
k107_1726182 flag=0 multi=63.3468 len=6829	6829	15.1383	0	0	0.0923855	0.123823	0	0	0	0	0.0925387	0.097474	0.0462693	0.0588422	1.15198	1.23405	0.674429	1.0134	5.61345	8.53313	0.749502	0.887999	6.71779	8.42394	0	0
k107_16255716 flag=1 multi=5.0000 len=2547	2547	4.4245	0	0	0	0	0	0	0	0	0	0	0	0	0	0	0	0	0.134521	0.16817	0	0	4.28998	5.66814	0	0
k107_34214876 flag=0 multi=56.5316 len=16084	16084	14.6675	0	0	0.0574072	0.0741395	0	0	0	0	0.0858573	0.0968262	0.0191357	0.0243471	1.14599	1.42477	0.897922	1.33707	4.66379	5.81432	0.576163	0.856704	7.22126	8.39768	0	0
k107_8553366 flag=0 multi=68.0000 len=5937	5937	14.5068	0	0	0.107187	0.158543	0	0	0	0	0.0535936	0.0507285	0.10701	0.177712	0.676486	0.608161	0.696007	1.16089	4.34091	6.1302	0.853949	1.13822	7.67169	8.71134	0	0
k107_10982646 flag=0 multi=30.2921 len=79832	79832	15.1621	0	0	0.0834276	0.144402	0	0	0	0	0.121438	0.185096	0.0530743	0.0676853	1.06166	1.36046	0.720508	1.16709	5.05731	7.46716	0.815617	1.14157	7.24724	9.42472	0.00184836	0.00189383
k107_4461220 flag=0 multi=15.7145 len=14176	14176	14.6069	0	0	0.0650858	0.0750299	0	0	0	0	0.0870693	0.107164	0.0217673	0.02332	0.745063	0.744444	0.69742	0.843319	5.26351	6.14678	0.655399	1.01233	7.06069	10.4282	0.0108837	0.010768
k107_27256434 flag=0 multi=16.9980 len=15187	15187	14.1778	0	0	0.0607995	0.0809196	0	0	0	0	0.0607323	0.0751667	0.0202889	0.0295403	1.07733	1.74448	0.667921	0.841288	4.78273	7.29701	0.860195	1.24274	6.64783	9.13431	0	0
k107_9004538 flag=0 multi=23.8662 len=39099	39099	14.6306	0	0	0.132175	0.213641	0	0	0	0	0.0894657	0.121825	0.0697477	0.111475	0.99982	1.5295	0.617934	0.947027	4.68943	6.60993	0.92404	1.29392	7.10802	8.14151	0	0
k107_21550064 flag=0 multi=69.0978 len=8050	8050	15.8977	0	0	0.0387197	0.0650886	0	0	0	0	0.0779556	0.121716	0.0389778	0.0395306	1.12997	1.38708	0.600284	0.752109	5.41559	8.15913	0.759422	1.02708	7.83673	11.0843	0	0
k107_10746689 flag=0 multi=21.0120 len=31603	31603	14.6269	0	0	0.0868023	0.140576	0	0	0	0	0.0675058	0.0804683	0.0757803	0.116308	1.05064	1.18801	0.578097	0.751512	4.63653	6.51427	0.750072	0.928748	7.38152	9.52154	0	0
k107_34684567 flag=0 multi=10.9770 len=56073	56073	12.0254	0	0	0.0378691	0.0705903	0	0	0	0	0.0865324	0.126555	0.0594754	0.0810021	1.19431	1.46619	0.700364	0.979948	5.17041	7.1234	0.691955	0.968654	4.08449	5.58395	0	0
k107_21965046 flag=1 multi=74.6239 len=5095	5095	7.49885	0.0924265	0.148189	0	0	0	0	0	0	0.17922	0.238348	0	0	0	0	0.0630086	0.0765782	0	0	0	0	7.10161	7.4741	0.0625913	0.070319
k107_1502128 flag=0 multi=27.3692 len=8377	8377	11.6497	0	0	0.0373994	0.0545882	0	0	0	0	0.0373994	0.062514	0	0	0.835294	1.38022	0.446687	0.560494	4.6774	6.94358	0.843715	1.13482	4.77176	8.53558	0	0
k107_27962528 flag=0 multi=13.3360 len=6625	6625	12.5191	0	0	0.0477621	0.0638381	0	0	0	0	0.143286	0.186671	0	0	0.982761	1.08314	0.555749	0.722556	5.01408	5.62362	0.973588	1.24101	4.80183	6.72188	0	0
k107_6667074 flag=1 multi=15.0000 len=4902	4902	7.13196	0	0	0	0	0	0	0	0	0.0973913	0.116203	0	0	0	0	0.194348	0.370854	0	0	0	0	6.84022	7.84159	0	0
k107_33061966 flag=1 multi=9.0000 len=8585	8585	6.97247	0	0	0	0	0	0	0	0	0.108415	0.166252	0	0	0	0	0.0339249	0.0473631	0	0	0	0	6.83013	6.61772	0	0
k107_887173 flag=0 multi=25.0586 len=11801	11801	14.2913	0	0	0.130011	0.256132	0	0	0	0	0.0785286	0.0962544	0	0	1.04592	1.46582	0.799635	1.15939	5.11731	7.6339	0.749196	1.12332	6.37073	7.41876	0	0
k107_2220077 flag=0 multi=29.8611 len=62277	62277	15.1259	0	0	0.0825494	0.147178	0	0	0	0	0.0802743	0.0956973	0.0486486	0.101147	0.970456	1.29984	0.734635	0.963114	5.12963	6.77557	0.71219	0.860954	7.3651	7.96028	0.00243647	0.0024286
k107_3239916 flag=0 multi=12.4470 len=4210	4210	14.5942	0	0	0.0772774	0.115865	0	0	0	0	0.154555	0.213113	0	0	1.05041	0.909293	0.966479	1.47066	4.73593	7.58083	1.01996	1.80351	6.58956	8.5437	0	0
k107_30768998 flag=0 multi=28.0000 len=32588	32588	15.2207	0	0	0.0841541	0.111474	0	0	0	0	0.0748312	0.0971236	0.0280617	0.0787275	1.039	1.3863	0.761414	1.21939	5.44459	7.09967	0.714861	1.04933	7.07378	8.52754	0	0
k107_6700550 flag=0 multi=119.2798 len=10971	10971	14.3766	0	0	0.111163	0.254403	0	0	0	0	0.0848252	0.112958	0	0	0.890149	0.95148	0.606055	0.798546	5.27228	6.74425	0.551129	0.678506	6.861	7.00636	0	0
k107_31288548 flag=0 multi=69.1749 len=10838	10838	15.1643	0	0	0.114655	0.151462	0	0	0	0	0.0573273	0.0755027	0.0143318	0.0141273	0.822513	0.795114	0.77145	1.39811	5.62785	7.43311	0.664009	1.12142	7.09216	9.17298	0	0
k107_9863140 flag=0 multi=13.1513 len=19456	19456	15.1519	0	0	0.0471964	0.0553081	0	0	0	0	0.0630678	0.1018	0.0472486	0.0628933	1.00841	1.36215	0.690091	0.902764	5.09491	7.64466	0.700063	0.838293	7.50094	8.2661	0	0
k107_28217526 flag=1 multi=6.0000 len=2698	2698	4.29758	0.125626	0.161152	0	0	0	0	0	0	0	0	0	0	0	0	0	0	0.125626	0.125241	0	0	4.04633	3.2867	0	0
k107_8595888 flag=1 multi=19.0000 len=5310	5310	4.6901	0	0	0	0	0	0	0	0	0	0	0	0	0	0	0	0	0.120407	0.162798	0	0	4.56969	4.31299	0	0
k107_30702083 flag=0 multi=15.0007 len=15284	15284	16.7918	0	0	0.201442	0.296282	0	0	0	0	0.140902	0.182236	0.0201575	0.0248215	1.34395	1.24514	0.663663	0.675153	5.82312	7.864	0.848218	1.08719	7.75037	10.4732	0	0
k107_5599517 flag=0 multi=28.4876 len=34974	34974	15.6894	0	0	0.0520881	0.0920962	0	0	0	0	0.11727	0.16927	0.0478772	0.0560073	0.989184	1.15848	0.700248	1.07806	5.55607	6.85847	0.850686	1.09609	7.37598	10.8283	0	0
k107_6426467 flag=0 multi=63.0451 len=2966	2966	14.994	0	0	0.226727	0.311317	0	0	0	0	0.0566817	0.0534892	0.112237	0.120828	0.522523	0.531086	0.763889	0.916156	4.50413	6.35483	1.13213	1.8277	7.67568	11.9631	0	0
k107_3827087 flag=0 multi=49.3284 len=14120	14120	16.4512	0	0	0.0436387	0.0632249	0	0	0	0	0.0874222	0.108899	0.0437111	0.0755224	1.31966	1.65712	0.733319	1.10129	5.60399	8.09258	0.757924	1.0567	7.86156	9.34114	0	0
k107_35469009 flag=0 multi=30.0162 len=12409	12409	15.7153	0	0	0.0606261	0.064381	0	0	0	0	0.0746676	0.100798	0.0873049	0.204744	0.982324	1.23962	0.573222	0.889669	5.42703	6.45608	1.03486	2.04727	7.46312	8.94171	0.0121417	0.0123152
k107_3404510 flag=0 multi=18.0233 len=4270	4270	11.2709	0	0	0	0	0	0	0	0	0	0	0	0	1.19783	1.37927	0.594254	0.680079	4.75101	6.04404	0.38004	0.515584	4.34778	5.20971	0	0
k107_23024876 flag=1 multi=10.0000 len=7619	7619	5.83299	0	0	0	0	0	0	0	0	0	0	0	0	0	0	0	0	0.206369	0.274533	0	0	5.62662	4.37279	0	0
k107_17713450 flag=0 multi=41.7531 len=35988	35988	15.342	0	0	0.0775374	0.142539	0	0	0	0	0.118001	0.145931	0.0367931	0.0528056	1.17354	1.28255	0.647453	0.794658	5.11206	7.04429	0.85902	0.920268	7.30923	8.8462	0.00840666	0.00839066
k107_29370093 flag=0 multi=26.6732 len=61555	61555	14.5465	0	0	0.0886324	0.160415	0	0	0	0	0.0694333	0.101526	0.0838163	0.129964	0.952998	1.19633	0.717646	1.03067	4.93987	7.45077	0.74096	0.938588	6.95318	8.28465	0	0
k107_28195599 flag=0 multi=51.6512 len=4298	4298	7.50526	0.0755756	0.108927	0	0	0	0	0	0	0	0	0	0	0.0755756	0.109426	0	0	0.522773	0.690973	0	0	6.83133	11.4419	0	0
k107_2607541 flag=1 multi=26.0000 len=3440	3440	7.87317	0.253665	0.446543	0	0	0	0	0	0	0.0471638	0.0458225	0	0	0	0	0.095921	0.123972	0	0	0	0	7.47642	13.0016	0	0
k107_17040802 flag=0 multi=20.3392 len=3441	3441	16.5053	0	0	0	0	0	0	0	0	0.096209	0.0927093	0	0	1.10577	1.09419	0.641924	1.23214	5.94712	4.79947	0.987894	1.04802	7.72635	6.02549	0	0
k107_10761157 flag=1 multi=11.0000 len=5890	5890	10.1707	0	0	0	0	0	0	0	0	0.0538654	0.0511338	0	0	0.911238	1.59406	0.700787	0.68225	4.14996	5.6637	0.458482	0.619955	3.89639	5.26525	0	0
k107_27827970 flag=0 multi=48.6864 len=20285	20285	14.8349	0	0	0.0604514	0.0808293	0	0	0	0	0.0755642	0.114911	0.0453385	0.0667121	1.04799	1.04853	0.689636	0.881042	5.15628	6.21437	0.740579	0.867908	7.01907	8.07036	0	0
k107_4594336 flag=0 multi=27.1311 len=10645	10645	14.7683	0	0	0.0727062	0.102503	0	0	0	0	0.131393	0.173701	0	0	1.15479	1.09367	0.479841	0.792865	4.94731	6.09153	0.920816	1.11809	7.06149	12.4681	0	0
k107_1472140 flag=0 multi=24.3419 len=13195	13195	14.3115	0	0	0.0832235	0.180979	0	0	0	0	0.0989684	0.132923	0.0234236	0.0334262	0.970449	1.46518	0.465757	0.748325	4.88474	8.52801	0.633677	0.858293	7.15124	8.41225	0	0
k107_16765039 flag=0 multi=7.1134 len=6004	6004	7.6845	0.0754121	0.0945747	0	0	0	0	0	0	0.232024	0.26456	0	0	0	0	0.157664	0.255771	0	0	0	0	7.2194	8.04924	0	0
k107_35501115 flag=1 multi=41.0000 len=7630	7630	4.63373	0	0	0	0	0.0412118	0.0657277	0	0	0	0	0	0	0	0	0	0	0.246588	0.333536	0.012964	0.0130637	4.31264	5.66701	0.020333	0.0201841
k107_10989489 flag=0 multi=31.3398 len=3744	3744	14.7423	0	0	0	0	0	0	0	0	0.0766996	0.0708437	0.0877397	0.113772	1.06363	1.36583	0.964265	2.22837	5.30622	8.38529	0.647298	0.395088	6.59646	4.22354	0	0
k107_686228 flag=0 multi=44.4549 len=7198	7198	8.40661	0	0	0.0433585	0.0511645	0	0	0	0	0	0	0	0	0	0	0	0	0.516966	0.476508	0.174159	0.310142	7.67213	12.8975	0	0
k107_4782307 flag=1 multi=3.0000 len=4046	4046	4.27404	0	0	0	0	0	0	0	0	0	0	0	0	0	0	0	0	0.161325	0.201052	0.161325	0.202641	3.95139	5.19033	0	0
k107_16766949 flag=0 multi=10.1326 len=7331	7331	7.89714	0.0209134	0.0210219	0	0	0	0	0	0	0.0847916	0.113559	0	0	0	0	0.0849338	0.110429	0	0	0	0	7.7065	8.90641	0	0
k107_9856280 flag=0 multi=15.0188 len=12426	12426	15.3571	0	0	0.149291	0.162599	0	0	0	0	0.0747278	0.101317	0.0498185	0.049822	0.869927	1.265	0.643764	0.896236	4.84337	6.32535	0.915374	1.40849	7.81079	10.3276	0	0
k107_27349633 flag=0 multi=34.0286 len=3327	3327	15.5094	0	0	0.0991736	0.12562	0.0770248	0.206771	0	0	0.182149	0.17349	0	0	1.19769	1.64891	0.548099	0.592258	5.38909	11.8384	0.588099	0.554682	7.39504	6.37146	0.0330578	0.0322844
k107_11647864 flag=0 multi=19.0665 len=20633	20633	15.7017	0	0	0.0740249	0.0880275	0	0	0	0	0.0889774	0.114337	0.014805	0.0202356	1.11942	1.42781	0.755349	1.18634	5.40465	6.87532	0.653583	0.8574	7.58359	11.2486	0.00732871	0.00737386
k107_23261386 flag=0 multi=13.2506 len=36429	36429	11.869	0	0	0.0250782	0.0360796	0	0	0	0	0.058322	0.0802782	0.0417416	0.051393	1.19163	1.5948	0.737149	1.10358	5.12841	8.96782	0.704957	1.02139	3.98168	5.18514	0	0
k107_26449135 flag=0 multi=16.0000 len=4652	4652	15.3234	0	0	0.138391	0.294353	0	0	0	0	0.138851	0.157773	0	0	1.07448	0.995609	1.17908	1.40419	4.93287	9.89804	0.648276	0.521595	7.21149	4.42195	0	0
k107_35797370 flag=0 multi=29.2403 len=7230	7230	16.7129	0	0	0.0871824	0.0833491	0	0	0	0	0.0434469	0.0694085	0.130774	0.168253	1.06726	1.37265	0.650982	0.777546	5.32722	7.50066	0.779446	0.903372	8.60479	8.55988	0.0217956	0.0213222
k107_772945 flag=0 multi=18.0133 len=18416	18416	15.0435	0	0	0.0833057	0.113516	0	0	0	0	0.0953958	0.120935	0.116484	0.181515	1.07166	1.35493	0.774649	1.22686	5.32599	6.36518	0.675003	0.90989	6.90102	12.198	0	0
k107_9099757 flag=0 multi=65.0049 len=7512	7512	13.6713	0	0	0.0837725	0.135305	0	0	0	0	0.209709	0.314682	0.0628294	0.0874678	0.932732	1.24756	0.696671	0.940091	5.17531	6.45451	0.92025	1.2007	5.59001	6.8361	0	0
k107_606766 flag=1 multi=4.0000 len=3288	3288	4.52009	0	0	0	0	0	0	0	0	0	0	0	0	0	0	0	0	0.40422	0.575989	0.101139	0.121761	4.01474	2.64427	0	0
k107_24872364 flag=0 multi=25.0162 len=30205	30205	15.5564	0	0	0.100993	0.167149	0	0	0	0	0.100759	0.19923	0.0352807	0.0453995	1.13019	1.41848	0.847306	1.2226	5.26827	6.96888	0.813497	1.01568	7.26011	10.1182	0	0
k107_18699786 flag=0 multi=25.0251 len=47566	47566	14.6979	0	0	0.0828538	0.142821	0	0	0	0	0.098849	0.151799	0.0573587	0.0859818	0.957113	1.17751	0.724822	0.971393	5.02308	6.77007	0.783408	1.07047	6.96084	8.39168	0.0095633	0.009535
k107_30835911 flag=0 multi=17.0520 len=34939	34939	15.4715	0	0	0.0784133	0.150761	0	0	0	0	0.116407	0.163649	0.0696076	0.108272	1.11569	1.21939	0.649854	0.832727	5.18737	5.93185	0.743771	0.855714	7.49733	8.49026	0.0130496	0.0137852
k107_21687734 flag=1 multi=44.0000 len=2577	2577	5.62022	0	0	0	0	0	0	0	0	0	0	0.132747	0.141556	0.718681	0.641732	0	0	1.4567	2.63026	0.0646154	0.0619983	3.24747	4.27571	0	0
k107_7608087 flag=1 multi=11.4645 len=4159	4159	7.48302	0.0381125	0.0376258	0	0	0	0	0.0381125	0.0376258	0	0	0	0	0	0	0	0	0.584392	1.01114	0.155821	0.18761	6.66658	6.04327	0	0
k107_17460247 flag=0 multi=33.3812 len=17324	17324	14.3975	0	0	0.0532252	0.0841172	0	0	0	0	0.0707907	0.0875606	0.0177417	0.0262331	0.966279	1.18952	0.708671	1.33285	5.06779	6.25543	0.760428	0.895962	6.75256	9.42492	0	0
k107_6777412 flag=0 multi=23.0029 len=9696	9696	15.2539	0	0	0.0477965	0.0776247	0	0	0	0	0.144347	0.193353	0.0321482	0.0341026	1.30264	1.45869	0.631254	0.975801	5.1501	6.93325	0.754098	1.01038	7.19151	9.81234	0	0
k107_35826894 flag=0 multi=25.1100 len=17082	17082	15.6694	0	0	0.0359356	0.0744194	0	0	0	0	0.0538737	0.0651592	0.0539333	0.0749297	1.17801	1.8207	0.67801	0.840555	5.59094	8.06958	0.811204	1.13025	7.26746	11.827	0	0
k107_35604573 flag=0 multi=12.0298 len=8485	8485	13.5812	0	0	0.147623	0.159104	0	0	0	0	0.068679	0.0904723	0.0738116	0.107471	1.0501	1.07723	0.515703	0.660425	4.4678	7.65005	0.729684	0.673355	6.5278	7.56569	0	0
k107_1897506 flag=0 multi=39.8715 len=54326	54326	14.515	0	0	0.0697838	0.117938	0	0	0	0	0.0556975	0.0831879	0.050311	0.0694772	0.916222	1.09733	0.693544	0.931383	4.89719	6.74041	0.809288	1.16291	7.02018	9.57242	0.00279505	0.00278893
k107_1424550 flag=0 multi=19.3110 len=28699	28699	14.5706	0.0106349	0.0148191	0.0529986	0.098279	0	0	0	0	0.0759939	0.102606	0.0742684	0.108114	0.966018	1.34781	0.590203	0.839543	5.09019	8.15187	0.625136	1.00919	7.07994	8.80557	0.00521182	0.00528987
k107_3088148 flag=0 multi=25.0041 len=12320	12320	15.6598	0	0	0.0502579	0.0708646	0	0	0	0	0.0753037	0.103001	0.0750541	0.0865269	1.08754	1.32627	0.620819	0.775033	5.25728	7.58447	0.796888	1.00161	7.68431	8.79488	0.0123981	0.0124053
k107_4633860 flag=0 multi=13.3337 len=8226	8226	14.7137	0	0	0.0762241	0.109287	0	0	0	0	0.114336	0.125503	0.0762241	0.111811	1.06878	1.50732	0.608783	0.981185	5.3767	6.90455	0.58897	0.706795	6.80363	6.57296	0	0
k107_685055 flag=0 multi=80.1991 len=18663	18663	11.9342	0	0	0.0657916	0.0842115	0	0	0	0	0.131202	0.194787	0.0350743	0.0411386	1.22183	1.59843	0.819727	1.02956	5.0995	7.89427	0.718752	0.737251	3.84233	5.41176	0	0
k107_19321880 flag=1 multi=6.0000 len=4476	4476	6.94849	0.0668424	0.108957	0	0	0	0	0	0	0.321275	0.415164	0	0	0	0	0	0	0	0	0	0	6.56037	9.58189	0	0
k107_19701843 flag=0 multi=38.9736 len=7113	7113	14.8002	0	0	0	0	0	0	0	0	0.0883864	0.139867	0.0295111	0.0515518	1.12773	1.44104	0.670973	1.00074	5.30421	6.78914	0.84158	1.18006	6.73778	7.71934	0	0
k107_2072740 flag=0 multi=36.0075 len=14446	14446	14.8588	0	0	0.0427036	0.0459793	0	0	0	0	0.0850537	0.281496	0.0213518	0.0233026	1.04433	1.3036	0.639564	0.835172	5.57204	8.60098	0.800622	1.06505	6.65314	9.41266	0	0
k107_6078315 flag=0 multi=38.6243 len=4289	4289	14.8034	0	0	0	0	0	0	0	0	0	0	0	0	1.20015	1.20557	0.49235	0.78338	5.12315	5.74303	0.752195	1.1149	7.23552	8.8975	0	0
k107_35832966 flag=0 multi=44.0106 len=20847	20847	15.2514	0	0	0.0880019	0.152967	0	0	0	0	0.158335	0.185839	0.0146994	0.023732	0.792212	1.1613	0.661037	0.782355	5.49813	7.56272	0.82862	1.1277	7.21042	10.1865	0	0
k107_31086619 flag=1 multi=13.0000 len=2528	2528	17.4465	0	0	0.159479	0.215307	0	0	0	0	0.13522	0.209897	0.27044	0.293978	0.677898	0.654262	0.542677	0.873031	6.10108	6.73642	1.01482	1.24691	8.54492	11.0008	0	0
k107_4749285 flag=0 multi=24.0552 len=7098	7098	15.6338	0	0	0.177457	0.26363	0	0	0	0	0.177752	0.259812	0.0438493	0.0586607	0.888022	0.663701	0.767952	0.738924	5.69085	7.67474	0.783549	1.38805	7.10433	6.3801	0	0
k107_5521872 flag=0 multi=49.6208 len=3601	3601	13.2155	0.044559	0.0436864	0	0	0	0	0	0	0	0	0.054562	0.0825284	1.23492	1.55446	0.731131	0.762482	4.30585	7.65772	1.32373	1.64649	5.52076	8.03565	0	0
k107_15017774 flag=0 multi=65.0000 len=15728	15728	15.4178	0	0	0.0195125	0.0387617	0	0	0	0	0.068391	0.0774479	0.0195773	0.0259391	1.19072	1.30345	0.476792	0.558169	5.21185	5.39357	0.572994	0.65726	7.85797	11.1648	0	0
k107_34776155 flag=0 multi=19.0722 len=66996	66996	15.6684	0	0	0.124419	0.18156	0	0	0	0	0.0836807	0.115563	0.0406183	0.0604096	1.1527	1.40405	0.728356	0.970787	5.22609	7.07278	0.76809	1.05143	7.54443	9.34937	0	0
k107_30707855 flag=1 multi=4.0000 len=2511	2511	4.77909	0	0	0	0	0	0	0	0	0	0	0	0	0	0	0	0	0.0991399	0.135546	0.0669986	0.0625356	4.61295	3.79025	0	0
k107_19935557 flag=0 multi=29.6213 len=12336	12336	15.1706	0	0	0	0	0	0	0	0	0.0752867	0.0817642	0.0500249	0.0616339	1.1475	1.33175	0.932774	1.58316	5.15431	9.83735	0.809041	0.957822	7.00166	9.25635	0	0
k107_9166174 flag=0 multi=127.4884 len=4323	4323	14.6777	0	0	0.150211	0.179915	0	0	0	0	0.0751057	0.0829193	0.074857	0.102817	0.675454	0.887311	1.05272	1.01087	5.27729	6.60662	0.520517	0.916744	6.85153	4.20665	0	0
k107_967227 flag=0 multi=26.8947 len=45963	45963	14.8442	0	0	0.0859815	0.132345	0	0	0	0	0.12895	0.171107	0.066052	0.0925692	0.957885	1.34789	0.68702	1.04375	4.96279	7.48001	0.8207	1.12664	7.13486	8.26915	0	0
k107_22858253 flag=0 multi=16.1573 len=63261	63261	14.4404	0	0	0.0479677	0.0596842	0	0	0	0	0.122191	0.149904	0.0478724	0.0651135	1.16808	1.53954	0.774504	1.15465	5.34198	7.82243	0.66969	0.8109	6.26573	9.83295	0.0023825	0.00238834
k107_31764808 flag=1 multi=4.0000 len=2605	2605	4.89145	0	0	0	0	0	0	0	0	0	0	0	0	0	0	0	0	0	0	0	0	4.89145	4.10194	0	0
