contigName	contigLen	totalAvgDepth	Cen01_MA.bam	Cen01_MA.bam-var	Cen03_MA.bam	Cen03_MA.bam-var	Cen04_MA.bam	Cen04_MA.bam-var	Cen05_MA.bam	Cen05_MA.bam-var	Cen06_MA.bam	Cen06_MA.bam-var	Cen07_MA.bam	Cen07_MA.bam-var	Cen10_MA.bam	Cen10_MA.bam-var	Cen12_MA.bam	Cen12_MA.bam-var	Cen14_MA.bam	Cen14_MA.bam-var	Cen15_MA.bam	Cen15_MA.bam-var	Cen16_MA.bam	Cen16_MA.bam-var	Cen17_MA.bam	Cen17_MA.bam-var
k107_27977141 flag=0 multi=17.2658 len=3741	3741	21.5513	0	0	0	0	0	0	0	0	0	0	0	0	0	0	0	0	0	0	0	0	21.5513	25.2608	0	0
k107_8110819 flag=0 multi=23.1008 len=4879	4879	20.2279	0	0	0	0	0	0	0	0	0	0	0	0	0	0	0	0	0	0	0	0	20.2279	26.9911	0	0
k107_13757807 flag=0 multi=18.0239 len=16952	16952	21.2274	0	0	0	0	0	0	0	0	0	0	0	0	0	0	0	0	0	0	0	0	21.2093	31.414	0.0181381	0.0178157
k107_34356427 flag=0 multi=40.2508 len=2615	2615	25.4185	0	0	0	0	0	0	0	0	0	0	0	0	0	0	0	0	0	0	0	0	25.4185	51.956	0	0
k107_14552278 flag=0 multi=70.9184 len=4994	4994	22.8589	0	0	0	0	0	0	0	0	0	0	0	0	0	0	0	0	0	0	0	0	22.8589	55.3347	0	0
k107_29758720 flag=0 multi=40.0155 len=3328	3328	21.8807	0	0	0	0	0	0	0	0	0	0	0	0	0	0	0	0	0	0	0	0	21.8807	50.1986	0	0
k107_28938595 flag=0 multi=21.9925 len=2779	2779	22.0093	0	0	0	0	0	0	0	0	0	0	0	0	0	0	0	0	0	0	0	0	22.0093	18.87	0	0
k107_28307051 flag=0 multi=16.0593 len=2872	2872	20.2992	0	0	0	0	0	0	0	0	0	0	0	0	0	0	0	0	0	0	0	0	20.2992	25.478	0	0
k107_7543311 flag=0 multi=33.0061 len=3361	3361	22.8869	0	0	0	0	0	0	0	0	0	0	0	0	0	0	0	0	0	0	0	0	22.8869	32.4116	0	0
k107_27899855 flag=0 multi=26.0000 len=2531	2531	27.1175	0	0	0	0	0	0	0	0	0	0	0	0	0	0	0	0	0	0	0	0	27.1175	26.4978	0	0
k107_25218366 flag=0 multi=34.0924 len=2575	2575	23.2033	0	0	0	0	0	0	0	0	0	0	0	0	0	0	0	0	0	0	0	0	23.2033	48.8668	0	0
k107_1000201 flag=0 multi=23.9023 len=3402	3402	23.1058	0	0	0	0	0	0	0	0	0	0	0	0	0	0	0	0	0	0	0	0	23.1058	27.1469	0	0
k107_22791450 flag=0 multi=33.0000 len=4632	4632	22.2753	0	0	0	0	0	0	0	0	0	0	0	0	0	0	0	0	0	0	0	0	22.2753	25.8778	0	0
k107_22510769 flag=0 multi=139.3797 len=3054	3054	24.3485	0	0	0	0	0	0	0	0	0	0	0	0	0	0	0	0	0	0	0	0	24.3485	63.5379	0	0
k107_17052221 flag=0 multi=23.2836 len=2501	2501	23.9877	0	0	0	0	0	0	0	0	0	0	0	0	0	0	0	0	0	0	0	0	23.9877	32.203	0	0
k107_14937308 flag=0 multi=31.0879 len=2609	2609	25.8639	0	0	0	0	0	0	0	0	0	0	0	0	0	0	0	0	0	0	0	0	25.8639	30.0595	0	0
k107_12125517 flag=0 multi=113.7950 len=10348	10348	23.2749	0	0	0	0	0	0	0	0	0	0	0	0	0	0	0	0	0	0	0	0	23.2749	21.7756	0	0
k107_2067921 flag=0 multi=193.6321 len=5339	5339	25.8551	0	0	0	0	0	0	0	0	0	0	0	0	0	0	0	0	0	0	0	0	25.8551	20.6175	0	0
k107_13753702 flag=1 multi=25.0000 len=2955	2955	7.39389	0	0	0	0	0	0	0	0	0	0	0	0	0	0	0	0	0	0	0	0	7.39389	6.08754	0	0
k107_12661019 flag=0 multi=15.1927 len=6364	6364	19.1866	0	0	0	0	0	0	0	0	0	0	0	0	0	0	0	0	0	0	0	0	19.1368	18.7067	0.0498185	0.0836362
k107_9935431 flag=0 multi=27.9554 len=5864	5864	21.1383	0	0	0	0	0	0	0	0	0	0	0	0	0	0	0	0	0	0	0	0	21.1383	26.9502	0	0
k107_8355939 flag=0 multi=55.0000 len=4275	4275	20.0906	0	0	0	0	0	0	0	0	0	0	0	0	0	0	0	0	0	0	0	0	20.0906	32.2872	0	0
k107_6882280 flag=0 multi=19.0000 len=3593	3593	17.7329	0	0	0	0	0	0	0	0	0	0	0	0	0	0	0	0	0	0	0	0	17.7329	26.2193	0	0
k107_429809 flag=0 multi=239.0000 len=2690	2690	23.7781	0	0	0	0	0	0	0	0	0	0	0	0	0	0	0	0	0	0	0	0	23.7781	31.4233	0	0
k107_30632100 flag=0 multi=20.0005 len=8942	8942	20.6722	0	0	0	0	0	0	0	0	0.0347222	0.0538763	0	0	0	0	0	0	0	0	0	0	20.6375	31.4885	0	0
k107_4755634 flag=0 multi=16.8568 len=15301	15301	19.7619	0	0	0	0	0	0	0	0	0	0	0	0	0	0	0	0	0	0	0	0	19.7619	23.361	0	0
k107_5079481 flag=0 multi=53.2140 len=4444	4444	22.0164	0	0	0	0	0	0	0	0	0	0	0	0	0	0	0	0	0	0	0	0	22.0164	39.2566	0	0
k107_4700011 flag=0 multi=120.6686 len=3966	3966	26.5287	0	0	0	0	0	0	0	0	0	0	0	0	0	0	0	0	0	0	0	0	26.5287	54.1622	0	0
k107_3151620 flag=0 multi=27.1368 len=2526	2526	22.6479	0	0	0	0	0	0	0	0	0	0	0	0	0	0	0	0	0	0	0	0	22.6479	41.6054	0	0
k107_1333502 flag=0 multi=70.7356 len=4101	4101	22.3156	0	0	0	0	0	0	0	0	0	0	0	0	0	0	0	0	0	0	0	0	22.3156	27.0103	0	0
k107_1339916 flag=0 multi=20.7929 len=2628	2628	20.0357	0	0	0	0	0	0	0	0	0	0	0	0	0	0	0	0	0	0	0	0	20.0357	16.5174	0	0
k107_875953 flag=0 multi=31.9115 len=37998	37998	24.3019	0	0	0	0	0	0	0	0	0	0	0	0	0	0	0	0	0	0	0	0	24.3019	35.8436	0	0
k107_14552478 flag=0 multi=53.1701 len=2782	2782	20.175	0	0	0	0	0	0	0	0	0	0	0	0	0	0	0	0	0	0	0	0	20.175	15.3429	0	0
k107_889240 flag=0 multi=179.9729 len=4093	4093	22.9726	0	0	0	0	0	0	0	0	0	0	0	0	0	0	0	0	0	0	0	0	22.9726	44.0666	0	0
k107_12134405 flag=0 multi=55.0496 len=2767	2767	23.0333	0	0	0	0	0	0	0	0	0	0	0	0	0	0	0	0	0	0	0	0	23.0333	73.9817	0	0
k107_12120035 flag=0 multi=50.1209 len=16693	16693	24.0167	0	0	0	0	0	0	0	0	0	0	0	0	0	0	0	0	0	0	0	0	23.9896	27.9592	0.027088	0.0268743
k107_29139122 flag=0 multi=20.6786 len=9489	9489	22.3163	0	0	0	0	0	0	0	0	0	0	0	0	0	0	0	0	0	0	0	0	22.3163	34.9624	0	0
k107_21877254 flag=0 multi=155.3622 len=5678	5678	26.3878	0	0	0	0	0	0	0	0	0	0	0	0	0	0	0	0	0	0	0	0	26.3878	51.7117	0	0
k107_5807181 flag=0 multi=127.0000 len=4786	4786	22.6597	0	0	0	0	0	0	0	0	0	0	0	0	0	0	0	0	0	0	0	0	22.6597	20.3643	0	0
k107_24396467 flag=0 multi=41.9581 len=4406	4406	23.0178	0	0	0	0	0	0	0	0	0	0	0	0	0	0	0	0	0	0	0	0	23.0178	20.6045	0	0
k107_1028650 flag=0 multi=46.1898 len=32883	32883	25.2941	0	0	0	0	0	0	0	0	0	0	0	0	0	0	0	0	0	0	0	0	25.2895	43.3187	0.00460391	0.00460954
k107_835767 flag=0 multi=65.0888 len=7142	7142	20.168	0	0	0	0	0	0	0	0	0	0	0	0	0	0	0	0	0	0	0	0	20.168	22.8223	0	0
k107_21108445 flag=0 multi=47.9752 len=41309	41309	24.1947	0	0	0	0	0	0	0	0	0	0	0	0	0	0	0	0	0	0	0	0	24.191	30.4365	0.00365791	0.00367014
k107_13573118 flag=0 multi=224.7937 len=4421	4421	23.4943	0	0	0	0	0	0	0	0	0	0	0	0	0	0	0	0	0	0	0	0	23.4943	21.5299	0	0
k107_9605490 flag=0 multi=160.2706 len=3673	3673	23.8873	0	0	0	0	0	0	0	0	0	0	0	0	0	0	0	0	0	0	0	0	23.8873	18.3607	0	0
k107_1438639 flag=0 multi=45.2910 len=21853	21853	22.9795	0	0	0	0	0	0	0	0	0	0	0	0	0	0	0	0	0	0	0	0	22.9795	35.0864	0	0
k107_7319977 flag=0 multi=126.8823 len=3336	3336	24.617	0	0	0	0	0	0	0	0	0	0	0	0	0	0	0	0	0	0	0	0	24.617	59.4548	0	0
k107_1664781 flag=0 multi=24.0035 len=11602	11602	25.2306	0	0	0	0	0	0	0	0	0	0	0	0	0	0	0	0	0	0	0	0	25.2306	42.6982	0	0
k107_5035199 flag=0 multi=98.2674 len=8960	8960	24.7764	0	0	0	0	0	0	0	0	0	0	0	0	0	0	0	0	0	0	0	0	24.7764	51.7382	0	0
k107_11672496 flag=1 multi=7.0000 len=3150	3150	5.27844	0	0	0	0	0	0	0	0	0	0	0	0	0	0	0	0	0	0	0	0	5.27844	3.79203	0	0
k107_4114410 flag=0 multi=23.0470 len=18594	18594	22.9027	0	0	0	0	0	0	0	0	0	0	0	0	0	0	0	0	0	0	0	0	22.9027	24.0871	0	0
k107_9732109 flag=0 multi=39.2095 len=50068	50068	22.9311	0	0	0	0	0	0	0	0	0	0	0	0	0	0	0	0	0	0	0	0	22.925	28.1794	0.0060684	0.00602587
k107_5103758 flag=0 multi=24.0039 len=4751	4751	24.7746	0	0	0	0	0	0	0	0	0	0	0	0	0	0	0	0	0	0	0	0	24.7746	39.3875	0	0
k107_15853328 flag=0 multi=30.0507 len=4048	4048	21.1794	0	0	0	0	0	0	0	0	0	0	0	0	0	0	0	0	0	0	0	0	21.1396	27.4741	0.0397758	0.0386902
k107_33591530 flag=0 multi=231.7128 len=2833	2833	22.7772	0	0	0	0	0	0	0	0	0	0	0	0	0	0	0	0	0	0	0	0	22.7772	26.5599	0	0
k107_28797097 flag=0 multi=55.0019 len=16130	16130	21.1311	0	0	0	0	0	0	0	0	0	0	0	0	0	0	0	0	0	0	0	0	21.1311	78.7865	0	0
k107_56519 flag=0 multi=35.2036 len=9782	9782	18.618	0	0	0	0	0	0	0	0	0	0	0	0	0	0	0	0	0	0	0	0	18.618	30.5874	0	0
k107_32270734 flag=0 multi=37.9935 len=3933	3933	22.5136	0	0	0	0	0	0	0	0	0	0	0	0	0	0	0	0	0	0	0	0	22.5136	47.5375	0	0
k107_3379505 flag=0 multi=163.8652 len=6162	6162	24.4259	0	0	0	0	0	0	0	0	0	0	0	0	0	0	0	0	0	0	0	0	24.4259	38.0535	0	0
k107_14546547 flag=0 multi=59.8119 len=12556	12556	24.7241	0	0	0	0	0	0	0	0	0	0	0	0	0	0	0	0	0	0	0	0	24.7241	31.8817	0	0
k107_23376669 flag=0 multi=22.0192 len=3652	3652	24.8215	0	0	0	0	0	0	0	0	0	0	0	0	0	0	0	0	0	0	0	0	24.8215	35.9783	0	0
k107_837813 flag=0 multi=19.0734 len=6595	6595	23.6506	0	0	0	0	0	0	0	0	0	0	0	0	0	0	0	0	0	0	0	0	23.6506	32.3771	0	0
k107_8211427 flag=0 multi=33.6526 len=6943	6943	21.8619	0	0	0	0	0	0	0	0	0	0	0	0	0	0	0	0	0	0	0	0	21.8392	37.5079	0.0227375	0.0222247
k107_28082229 flag=0 multi=40.3154 len=8268	8268	24.3373	0	0	0	0	0	0	0	0	0	0	0	0	0	0	0	0	0	0	0	0	24.3373	45.8902	0	0
k107_2494054 flag=0 multi=66.4441 len=25122	25122	23.3465	0	0	0	0	0	0	0	0	0	0	0	0	0	0	0	0	0	0	0	0	23.3465	26.4224	0	0
k107_21536141 flag=0 multi=29.3167 len=5560	5560	20.6554	0	0	0	0	0	0	0	0	0	0	0	0	0	0	0	0	0	0	0	0	20.5926	22.9527	0.0627615	0.0591763
k107_31434502 flag=0 multi=244.4091 len=4047	4047	21.5509	0	0	0	0	0	0	0	0	0	0	0	0	0	0	0	0	0	0	0	0	21.5509	24.97	0	0
k107_10923334 flag=0 multi=26.0013 len=3263	3263	23.7879	0	0	0	0	0	0	0	0	0	0	0	0	0	0	0	0	0	0	0	0	23.7879	32.0843	0	0
k107_12132082 flag=0 multi=37.0187 len=17020	17020	24.1428	0	0	0	0	0	0	0	0	0	0	0	0	0	0	0	0	0	0	0	0	24.1428	44.862	0	0
k107_18849130 flag=0 multi=22.1917 len=3415	3415	25.522	0	0	0	0	0	0	0	0	0	0	0	0	0	0	0	0	0	0	0	0	25.522	40.1066	0	0
k107_17053842 flag=0 multi=80.2001 len=7169	7169	19.4184	0	0	0	0	0	0	0	0	0	0	0	0	0	0	0	0	0	0	0	0	19.4184	19.251	0	0
k107_29229142 flag=0 multi=51.4013 len=6282	6282	24.0089	0	0	0	0	0	0	0	0	0	0	0	0	0	0	0	0	0	0	0	0	24.0089	29.5992	0	0
k107_5144353 flag=0 multi=65.0000 len=2517	2517	20.8876	0	0	0	0	0	0	0	0	0	0	0	0	0	0	0	0	0	0	0	0	20.8614	23.8671	0.0261851	0.0255119
k107_490632 flag=0 multi=100.2856 len=13845	13845	25.3824	0	0	0	0	0	0	0	0	0	0	0	0	0	0	0	0	0	0	0	0	25.3824	31.3992	0	0
k107_33827874 flag=0 multi=216.9616 len=4714	4714	26.7278	0	0	0	0	0	0	0	0	0	0	0	0	0	0	0	0	0	0	0	0	26.7278	42.1073	0	0
k107_3889012 flag=0 multi=45.0000 len=4428	4428	22.8286	0	0	0	0	0	0	0	0	0	0	0	0	0	0	0	0	0	0	0	0	22.8286	43.7945	0	0
k107_424385 flag=0 multi=29.2741 len=3598	3598	21.8425	0	0	0	0	0	0	0	0	0	0	0	0	0	0	0	0	0	0	0	0	21.8425	19.9639	0	0
k107_33225802 flag=0 multi=53.2105 len=4792	4792	22.5352	0	0	0	0	0	0	0	0	0	0	0	0	0	0	0	0	0	0	0	0	22.5352	31.8251	0	0
k107_29153497 flag=0 multi=85.7131 len=10414	10414	23.5228	0	0	0	0	0	0	0	0	0	0	0	0	0	0	0	0	0	0	0	0	23.5228	36.3333	0	0
k107_3200253 flag=0 multi=62.5141 len=23368	23368	22.4891	0	0	0	0	0	0	0	0	0	0	0	0	0	0	0	0	0	0	0	0	22.4891	26.8616	0	0
k107_19922142 flag=0 multi=34.0000 len=3580	3580	27.4234	0	0	0	0	0	0	0	0	0	0	0	0	0	0	0	0	0	0	0	0	27.4234	58.9068	0	0
k107_12328623 flag=0 multi=60.0000 len=6867	6867	23.5519	0	0	0	0	0	0	0	0	0	0	0	0	0	0	0	0	0	0	0	0	23.5519	27.7524	0	0
k107_18049313 flag=0 multi=297.6425 len=4899	4899	21.9956	0	0	0	0	0	0	0	0	0	0	0	0	0	0	0	0	0	0	0	0	21.9956	26.1356	0	0
k107_11733059 flag=0 multi=24.9544 len=3242	3242	19.8942	0	0	0	0	0	0	0	0	0	0	0	0	0	0	0	0	0	0	0	0	19.8942	28.6884	0	0
k107_20688819 flag=0 multi=39.0949 len=5038	5038	22.6138	0	0	0	0	0	0	0	0	0	0	0	0	0	0	0	0	0	0	0	0	22.6138	30.6761	0	0
k107_739581 flag=0 multi=29.5627 len=9203	9203	21.9042	0	0	0	0	0	0	0	0	0	0	0	0	0	0	0	0	0	0	0	0	21.9042	34.4426	0	0
k107_17711883 flag=0 multi=162.9805 len=2514	2514	19.0836	0	0	0	0	0	0	0	0	0	0	0	0	0	0	0	0	0	0	0	0	19.0836	23.6349	0	0
k107_17224810 flag=0 multi=26.0066 len=3446	3446	25.6504	0	0	0	0	0	0	0	0	0	0	0	0	0	0	0	0	0	0	0	0	25.6504	21.7623	0	0
k107_22987108 flag=0 multi=113.4954 len=3613	3613	22.8928	0	0	0	0	0	0	0	0	0	0	0	0	0	0	0	0	0	0	0	0	22.8928	33.5614	0	0
k107_18476122 flag=0 multi=34.1201 len=3145	3145	25.8463	0	0	0	0	0	0	0	0	0	0	0	0	0	0	0	0	0	0	0	0	25.8463	36.4355	0	0
k107_12465848 flag=0 multi=39.1491 len=8837	8837	23.0935	0	0	0	0	0	0	0	0	0	0	0	0	0	0	0	0	0	0	0	0	23.0935	31.4815	0	0
k107_19713696 flag=0 multi=26.0700 len=10223	10223	29.0832	0	0	0	0	0	0	0	0	0	0	0	0	0	0	0	0	0	0	0	0	29.0832	41.7551	0	0
k107_16457685 flag=0 multi=25.0807 len=5488	5488	22.2137	0	0	0	0	0	0	0	0	0	0	0	0	0	0	0	0	0	0	0	0	22.1845	36.2499	0.0291169	0.0282807
k107_19229619 flag=0 multi=45.5311 len=21312	21312	25.1361	0	0	0	0	0	0	0	0	0	0	0	0	0	0	0	0	0	0	0	0	25.1261	39.1777	0.0100428	0.0121341
k107_2401721 flag=0 multi=34.8985 len=21470	21470	25.1967	0	0	0	0	0	0	0	0	0	0	0	0	0	0	0	0	0	0	0	0	25.1967	33.9821	0	0
k107_4670036 flag=0 multi=48.8606 len=14373	14373	22.1774	0	0	0	0	0	0	0	0	0	0	0	0	0	0	0	0	0	0	0	0	22.1563	28.5922	0.0210362	0.0210008
k107_10934043 flag=0 multi=39.0000 len=4144	4144	25.4396	0	0	0	0	0	0	0	0	0	0	0	0	0	0	0	0	0	0	0	0	25.4396	27.2186	0	0
k107_22038231 flag=0 multi=64.3324 len=8279	8279	21.8617	0	0	0	0	0	0	0	0	0	0	0	0	0	0	0	0	0	0	0	0	21.8617	27.3378	0	0
k107_20249166 flag=0 multi=34.0071 len=8980	8980	22.345	0	0	0	0	0	0	0	0	0	0	0	0	0	0	0	0	0	0	0	0	22.345	32.7931	0	0
k107_13975830 flag=0 multi=20.0094 len=15583	15583	21.7084	0	0	0	0	0	0	0	0	0	0	0	0	0	0	0	0	0	0	0	0	21.6985	32.5658	0.00988155	0.00978025
k107_27857399 flag=0 multi=45.5249 len=5510	5510	23.8005	0	0	0	0	0	0	0	0	0	0	0	0	0	0	0	0	0	0	0	0	23.8005	21.2854	0	0
k107_2871245 flag=0 multi=17.2746 len=4076	4076	21.4425	0	0	0	0	0	0	0	0	0	0	0	0	0	0	0	0	0	0	0	0	21.4425	27.0714	0	0
k107_17009775 flag=0 multi=84.0000 len=11242	11242	23.5106	0	0	0	0	0	0	0	0	0	0	0	0	0	0	0	0	0	0	0	0	23.5106	24.2871	0	0
k107_8112910 flag=0 multi=37.1012 len=5514	5514	26.0363	0	0	0	0	0	0	0	0	0	0	0	0	0	0	0	0	0	0	0	0	26.0363	23.3023	0	0
k107_11032615 flag=0 multi=78.0000 len=6099	6099	22.8203	0	0	0	0	0	0	0	0	0	0	0	0	0	0	0	0	0	0	0	0	22.8203	28.0152	0	0
k107_31364883 flag=0 multi=47.6902 len=2576	2576	22.752	0	0	0	0	0	0	0	0	0	0	0	0	0	0	0	0	0	0	0	0	22.752	64.5719	0	0
k107_22469471 flag=0 multi=95.7199 len=23085	23085	25.7506	0	0	0	0	0	0	0	0	0	0	0	0	0	0	0	0	0	0	0	0	25.7442	36.2686	0.00645218	0.00658457
k107_19343340 flag=0 multi=21.6381 len=7067	7067	21.3382	0	0	0	0	0	0	0	0	0	0	0	0	0	0	0	0	0	0	0	0	21.2943	30.9362	0.0439024	0.0426541
k107_11645481 flag=0 multi=127.0000 len=2826	2826	27.5915	0	0	0	0	0	0	0	0	0	0	0	0	0	0	0	0	0	0	0	0	27.5915	35.345	0	0
k107_1722101 flag=0 multi=152.3357 len=3661	3661	21.6818	0	0	0	0	0	0	0	0	0	0	0	0	0	0	0	0	0	0	0	0	21.6818	37.1021	0	0
k107_2848143 flag=0 multi=29.2903 len=6294	6294	23.7583	0	0	0	0	0	0	0	0	0	0	0	0	0	0	0	0	0	0	0	0	23.7583	27.7762	0	0
k107_5870889 flag=0 multi=17.0210 len=2770	2770	21.8983	0	0	0	0	0	0	0	0	0	0	0	0	0	0	0	0	0	0	0	0	21.8983	35.9822	0	0
k107_5605845 flag=0 multi=49.6037 len=11351	11351	22.5629	0	0	0	0	0	0	0	0	0	0	0	0	0	0	0	0	0	0	0	0	22.5629	24.4365	0	0
k107_1225194 flag=0 multi=22.0000 len=5575	5575	26.1563	0	0	0	0	0	0	0	0	0	0	0	0	0	0	0	0	0	0	0	0	26.1276	36.0769	0.0286364	0.0278235
k107_17843608 flag=0 multi=15.0043 len=3814	3814	18.6341	0	0	0	0	0	0	0	0	0	0	0	0	0	0	0	0	0	0	0	0	18.6341	24.3791	0	0
k107_7013018 flag=0 multi=61.0234 len=7189	7189	25.7073	0	0	0	0	0	0	0	0	0	0	0	0	0	0	0	0	0	0	0	0	25.7073	31.962	0	0
k107_32036360 flag=0 multi=126.8871 len=5962	5962	23.553	0	0	0	0	0	0	0	0	0	0	0	0	0	0	0	0	0	0	0	0	23.5269	31.7479	0.0261484	0.0259757
k107_27028152 flag=0 multi=33.3744 len=4097	4097	23.0661	0	0	0	0	0	0	0	0	0	0	0	0	0	0	0	0	0	0	0	0	23.0264	36.8295	0.0397892	0.0382169
k107_33037706 flag=0 multi=38.5995 len=9968	9968	21.8807	0	0	0	0	0	0	0	0	0	0	0	0	0	0	0	0	0	0	0	0	21.8653	36.9812	0.0154149	0.0153793
k107_2275335 flag=0 multi=33.0000 len=2802	2802	24.326	0	0	0	0	0	0	0	0	0	0	0	0	0	0	0	0	0	0	0	0	24.326	23.1482	0	0
k107_19682927 flag=0 multi=174.0000 len=6496	6496	21.3316	0	0	0	0	0	0	0	0	0	0	0	0	0	0	0	0	0	0	0	0	21.3316	32.276	0	0
k107_3168674 flag=0 multi=71.3074 len=26209	26209	24.7382	0	0	0	0	0	0	0	0	0	0	0	0	0	0	0	0	0	0	0	0	24.7382	31.8447	0	0
k107_5871110 flag=0 multi=113.0000 len=4842	4842	26.2976	0	0	0	0	0	0	0	0	0	0	0	0	0	0	0	0	0	0	0	0	26.2976	23.1054	0	0
k107_27351704 flag=0 multi=34.4814 len=26660	26660	23.2704	0	0	0	0	0	0	0	0	0	0	0	0	0	0	0	0	0	0	0	0	23.2704	44.7671	0	0
k107_4636090 flag=0 multi=62.0000 len=4318	4318	22.0232	0	0	0	0	0	0	0	0	0	0	0	0	0	0	0	0	0	0	0	0	22.0232	37.4821	0	0
k107_35350822 flag=0 multi=26.6786 len=11954	11954	22.3157	0	0	0	0	0	0	0	0	0	0	0	0	0	0	0	0	0	0	0	0	22.3157	37.0303	0	0
k107_17942132 flag=0 multi=52.9810 len=13842	13842	25.8335	0	0	0	0	0	0	0	0	0	0	0	0	0	0	0	0	0	0	0	0	25.8335	32.7073	0	0
k107_28394249 flag=0 multi=254.0000 len=3060	3060	24.5707	0	0	0	0	0	0	0	0	0	0	0	0	0	0	0	0	0	0	0	0	24.5707	25.3484	0	0
k107_8997527 flag=0 multi=45.8847 len=6056	6056	22.1345	0	0	0	0	0	0	0	0	0	0	0	0	0	0	0	0	0	0	0	0	22.1345	25.9326	0	0
k107_33523742 flag=0 multi=57.5246 len=4735	4735	22.1358	0	0	0	0	0	0	0	0	0	0	0	0	0	0	0	0	0	0	0	0	22.1358	34.1703	0	0
k107_10701141 flag=0 multi=57.0733 len=25689	25689	22.9354	0	0	0	0	0	0	0	0	0	0	0	0	0	0	0	0	0	0	0	0	22.9354	32.1713	0	0
k107_33655871 flag=0 multi=65.0000 len=2818	2818	26.7516	0	0	0	0	0	0	0	0	0	0	0	0	0	0	0	0	0	0	0	0	26.7516	48.9445	0	0
k107_13431645 flag=0 multi=22.6817 len=4351	4351	18.1079	0	0	0	0	0	0	0	0	0	0	0	0	0	0	0	0	0	0	0	0	18.1079	88.2271	0	0
k107_7126586 flag=0 multi=23.0000 len=6914	6914	23.3128	0	0	0	0	0	0	0	0	0	0	0	0	0	0	0	0	0	0	0	0	23.3128	33.135	0	0
k107_5691702 flag=0 multi=26.5740 len=6816	6816	20.6793	0	0	0	0	0	0	0	0	0	0	0	0	0	0	0	0	0	0	0	0	20.6793	33.7975	0	0
k107_31351262 flag=0 multi=29.1534 len=3550	3550	25.2555	0	0	0	0	0	0	0	0	0	0	0	0	0	0	0	0	0	0	0	0	25.2555	35.2957	0	0
k107_32552067 flag=0 multi=18.3770 len=5133	5133	22.769	0	0	0	0	0	0	0	0	0	0	0	0	0	0	0	0	0	0	0	0	22.769	28.6155	0	0
k107_7813463 flag=0 multi=32.0054 len=3779	3779	21.7348	0	0	0	0	0	0	0	0	0	0	0	0	0	0	0	0	0	0	0	0	21.7348	36.1911	0	0
k107_2533838 flag=0 multi=29.0633 len=10717	10717	24.5914	0	0	0	0	0	0	0	0	0	0	0	0	0	0	0	0	0	0	0	0	24.5627	32.6657	0.0287086	0.042179
k107_17134128 flag=0 multi=48.0000 len=15277	15277	21.1604	0	0	0	0	0	0	0	0	0	0	0	0	0	0	0	0	0	0	0	0	21.1604	24.713	0	0
k107_35709801 flag=0 multi=36.3656 len=5337	5337	21.8159	0	0	0	0	0	0	0	0	0	0	0	0	0	0	0	0	0	0	0	0	21.8159	24.2459	0	0
k107_2785495 flag=0 multi=25.0314 len=2778	2778	23.3502	0	0	0	0	0	0	0	0	0	0	0	0	0	0	0	0	0	0	0	0	23.229	52.1514	0.121163	0.170163
k107_18289146 flag=0 multi=19.0184 len=11072	11072	22.7605	0	0	0	0	0	0	0	0	0	0	0	0	0	0	0	0	0	0	0	0	22.7468	32.861	0.0137419	0.0138263
k107_28868143 flag=0 multi=19.0429 len=6101	6101	21.9079	0	0	0	0	0	0	0	0	0	0	0	0	0	0	0	0	0	0	0	0	21.882	27.2092	0.0258665	0.0253631
k107_28153464 flag=0 multi=22.0783 len=3863	3863	19.1174	0	0	0	0	0	0	0	0	0	0	0	0	0	0	0	0	0	0	0	0	19.1174	13.2685	0	0
k107_25994324 flag=1 multi=4.0000 len=3966	3966	5.38919	0	0	0	0	0	0	0	0	0	0	0	0	0	0	0	0	0	0	0	0	5.38919	5.54454	0	0
k107_3618481 flag=0 multi=58.0000 len=3897	3897	21.6765	0	0	0	0	0	0	0	0	0	0	0	0	0	0	0	0	0	0	0	0	21.6765	17.0471	0	0
k107_15494397 flag=0 multi=35.0838 len=2888	2888	24.6512	0	0	0	0	0	0	0	0	0	0	0	0	0	0	0	0	0	0	0	0	24.6512	82.6904	0	0
k107_1707830 flag=0 multi=298.6854 len=5046	5046	27.0377	0	0	0	0	0	0	0	0	0	0	0	0	0	0	0	0	0	0	0	0	27.0377	32.3244	0	0
k107_26017917 flag=0 multi=38.7496 len=15995	15995	23.6454	0	0	0	0	0	0	0	0	0	0	0	0	0	0	0	0	0	0	0	0	23.6454	42.2854	0	0
k107_31500016 flag=0 multi=153.7163 len=4531	4531	22.6628	0	0	0	0	0	0	0	0	0	0	0	0	0	0	0	0	0	0	0	0	22.6628	30.9631	0	0
k107_15745751 flag=0 multi=33.0413 len=4613	4613	22.5191	0	0	0	0	0	0	0	0	0	0	0	0	0	0	0	0	0	0	0	0	22.5191	21.1884	0	0
k107_23631174 flag=0 multi=88.9585 len=8473	8473	21.5537	0	0	0	0	0	0	0	0	0	0	0	0	0	0	0	0	0	0	0	0	21.5537	34.8284	0	0
k107_14834223 flag=0 multi=332.2719 len=4248	4248	20.1376	0	0	0	0	0	0	0	0	0	0	0	0	0	0	0	0	0	0	0	0	20.1376	68.058	0	0
k107_22286302 flag=0 multi=21.9233 len=9148	9148	22.8622	0	0	0	0	0	0	0	0	0	0	0	0	0	0	0	0	0	0	0	0	22.8517	37.3318	0.0105132	0.010516
k107_35321602 flag=0 multi=18.0000 len=2837	2837	21.9732	0	0	0	0	0	0	0	0	0	0	0	0	0	0	0	0	0	0	0	0	21.9732	38.6233	0	0
k107_17743466 flag=0 multi=24.4604 len=3482	3482	18.9858	0	0	0	0	0	0	0	0	0	0	0	0	0	0	0	0	0	0	0	0	18.9858	20.3029	0	0
k107_35521207 flag=0 multi=35.7888 len=10638	10638	22.1919	0	0	0	0	0	0	0	0	0	0	0	0	0	0	0	0	0	0	0	0	22.1919	32.4863	0	0
k107_20461751 flag=0 multi=24.0000 len=6510	6510	23.3244	0	0	0	0	0	0	0	0	0	0	0	0	0	0	0	0	0	0	0	0	23.3244	43.6381	0	0
k107_14750847 flag=0 multi=42.6856 len=11089	11089	26.1475	0	0	0	0	0	0	0	0	0	0	0	0	0	0	0	0	0	0	0	0	26.1475	29.046	0	0
k107_21929708 flag=0 multi=105.0000 len=10492	10492	25.5209	0	0	0	0	0	0	0	0	0	0	0	0	0	0	0	0	0	0	0	0	25.4918	29.3018	0.0291462	0.0342582
k107_853195 flag=0 multi=17.5079 len=14703	14703	19.5587	0	0	0	0	0	0	0	0	0	0	0	0	0	0	0	0	0	0	0	0	19.5587	26.9584	0	0
k107_17962864 flag=0 multi=38.8847 len=15776	15776	21.5646	0	0	0	0	0	0	0	0	0	0	0	0	0	0	0	0	0	0	0	0	21.5549	29.8014	0.00969368	0.00966248
k107_2017055 flag=0 multi=40.9706 len=5077	5077	19.4469	0	0	0	0	0	0	0	0	0	0	0	0	0	0	0	0	0	0	0	0	19.4469	23.3013	0	0
k107_19975649 flag=0 multi=21.0015 len=6040	6040	22.0901	0	0	0	0	0	0	0	0	0	0	0	0	0	0	0	0	0	0	0	0	22.0901	26.3363	0	0
k107_24555638 flag=0 multi=45.2059 len=3216	3216	25.3881	0	0	0	0	0	0	0	0	0	0	0	0	0	0	0	0	0	0	0	0	25.3881	26.0264	0	0
k107_17227068 flag=0 multi=59.7782 len=19380	19380	25.1889	0	0	0	0	0	0	0	0	0	0	0	0	0	0	0	0	0	0	0	0	25.1656	29.0136	0.0232729	0.0290407
k107_9183441 flag=0 multi=16.5296 len=4199	4199	17.2348	0	0	0	0	0	0	0	0	0	0	0	0	0	0	0	0	0	0	0	0	17.2348	25.1106	0	0
k107_1384884 flag=0 multi=20.0000 len=2972	2972	25.2581	0	0	0	0	0	0	0	0	0	0	0	0	0	0	0	0	0	0	0	0	25.2581	21.6272	0	0
k107_2364877 flag=0 multi=75.9555 len=11660	11660	24.3908	0	0	0	0	0	0	0	0	0	0	0	0	0	0	0	0	0	0	0	0	24.3908	36.7563	0	0
k107_5374429 flag=0 multi=106.6019 len=3626	3626	23.2572	0.0908544	0.134377	0	0	0	0	0	0	0	0	0	0	0	0	0	0	0	0	0	0	23.0761	41.6086	0.0902527	0.0826233
k107_12171549 flag=0 multi=23.0067 len=20174	20174	22.9521	0	0	0	0	0	0	0	0	0	0	0	0	0	0	0	0	0	0	0	0	22.9521	37.2412	0	0
k107_11351194 flag=0 multi=64.0867 len=9514	9514	23.3205	0	0	0	0	0	0	0	0	0	0	0	0	0	0	0	0	0	0	0	0	23.2878	22.7449	0.0326748	0.0317078
k107_33597324 flag=0 multi=104.0000 len=4338	4338	22.6499	0	0	0	0	0	0	0	0	0	0	0	0	0	0	0	0	0	0	0	0	22.6499	19.763	0	0
k107_25848036 flag=1 multi=5.0000 len=2534	2534	5.57751	0	0	0	0	0	0	0	0	0	0	0	0	0	0	0	0	0	0	0	0	5.57751	5.66397	0	0
k107_24667134 flag=0 multi=27.2007 len=3715	3715	21.8972	0	0	0	0	0	0	0	0	0	0	0	0	0	0	0	0	0	0	0	0	21.8972	37.9337	0	0
k107_942566 flag=0 multi=38.0000 len=4728	4728	25.6749	0	0	0	0	0	0	0	0	0	0	0	0	0	0	0	0	0	0	0	0	25.6749	50.1281	0	0
k107_3285380 flag=0 multi=128.1464 len=6454	6454	26.5509	0	0	0	0	0	0	0	0	0	0	0	0	0	0	0	0	0	0	0	0	26.5509	41.4459	0	0
k107_4987075 flag=0 multi=30.8530 len=13653	13653	27.0433	0	0	0	0	0	0	0	0	0	0	0	0	0	0	0	0	0	0	0	0	27.0433	27.5979	0	0
k107_24135789 flag=0 multi=79.0700 len=12735	12735	25.687	0	0	0	0	0	0	0	0	0	0	0	0	0	0	0	0	0	0	0	0	25.687	38.1676	0	0
k107_12074325 flag=0 multi=24.0012 len=4969	4969	28.0081	0	0	0	0	0	0	0	0	0	0	0	0	0	0	0	0	0	0	0	0	27.976	36.5492	0.0321406	0.0313166
k107_10037908 flag=0 multi=29.8401 len=11268	11268	21.8983	0	0	0	0	0	0	0	0	0	0	0	0	0	0	0	0	0	0	0	0	21.8983	34.6416	0	0
k107_580647 flag=0 multi=29.2716 len=6671	6671	22.4269	0	0	0	0	0	0	0	0	0	0	0	0	0	0	0	0	0	0	0	0	22.3803	26.5089	0.0466321	0.0809867
k107_23685410 flag=0 multi=19.9996 len=7713	7713	21.5953	0	0	0	0	0	0	0	0	0	0	0	0	0	0	0	0	0	0	0	0	21.5953	30.5315	0	0
k107_3700486 flag=0 multi=145.9195 len=8745	8745	21.6889	0	0	0	0	0	0	0	0	0	0	0	0	0	0	0	0	0	0	0	0	21.6711	24.6045	0.0177662	0.0175672
k107_2574540 flag=0 multi=91.7219 len=3882	3882	24.8483	0	0	0	0	0	0	0	0	0	0	0	0	0	0	0	0	0	0	0	0	24.8483	42.9041	0	0
k107_8402670 flag=0 multi=127.0000 len=12525	12525	25.6502	0	0	0	0	0	0	0	0	0	0	0	0	0	0	0	0	0	0	0	0	25.6381	31.7725	0.0121083	0.0122021
k107_12425917 flag=0 multi=42.6033 len=2797	2797	25.5483	0	0	0	0	0	0	0	0	0	0	0	0	0	0	0	0	0	0	0	0	25.5483	25.2513	0	0
k107_33731848 flag=0 multi=47.0000 len=8911	8911	22.7711	0	0	0	0	0	0	0	0	0	0	0	0	0	0	0	0	0	0	0	0	22.7539	29.775	0.0171913	0.0172338
k107_22372461 flag=0 multi=48.8788 len=3753	3753	22.388	0	0	0	0	0	0	0	0	0	0	0	0	0	0	0	0	0	0	0	0	22.388	18.8038	0	0
k107_4473105 flag=0 multi=79.6845 len=11099	11099	23.9088	0	0	0	0	0	0	0	0	0	0	0	0	0	0	0	0	0	0	0	0	23.9088	38.5857	0	0
k107_13577469 flag=0 multi=27.0175 len=2507	2507	26.1152	0	0	0	0	0	0	0	0	0	0	0	0	0	0	0	0	0	0	0	0	26.1152	29.5469	0	0
k107_10763297 flag=0 multi=90.8767 len=18408	18408	24.8572	0	0	0	0	0	0	0	0	0	0	0	0	0	0	0	0	0	0	0	0	24.8325	35.9071	0.0246879	0.0300162
k107_31185806 flag=0 multi=18.2599 len=13021	13021	22.3545	0	0	0	0	0	0	0	0	0	0	0	0	0	0	0	0	0	0	0	0	22.3545	27.7605	0	0
k107_30961481 flag=0 multi=136.0488 len=2812	2812	24.3562	0	0	0	0	0	0	0	0	0	0	0	0	0	0	0	0	0	0	0	0	24.3562	42.0428	0	0
