contigName	contigLen	totalAvgDepth	Cen01_MA.bam	Cen01_MA.bam-var	Cen03_MA.bam	Cen03_MA.bam-var	Cen04_MA.bam	Cen04_MA.bam-var	Cen05_MA.bam	Cen05_MA.bam-var	Cen06_MA.bam	Cen06_MA.bam-var	Cen07_MA.bam	Cen07_MA.bam-var	Cen10_MA.bam	Cen10_MA.bam-var	Cen12_MA.bam	Cen12_MA.bam-var	Cen14_MA.bam	Cen14_MA.bam-var	Cen15_MA.bam	Cen15_MA.bam-var	Cen16_MA.bam	Cen16_MA.bam-var	Cen17_MA.bam	Cen17_MA.bam-var
k107_30442412 flag=0 multi=14.0072 len=83324	83324	15.6506	0	0	0	0	0	0	0	0	0	0	0	0	0	0	11.963	15.7272	2.30691	3.45322	1.38069	1.89097	0	0	0	0
k107_255812 flag=0 multi=13.0621 len=11371	11371	16.7412	0.0272834	0.0453276	0	0	0	0	0	0	0	0	0	0	0	0	13.3005	23.5853	1.95582	2.31736	1.45758	1.75516	0	0	0	0
k107_252769 flag=0 multi=14.0130 len=96604	96604	15.6064	0	0	0	0	0	0	0	0	0	0	0	0	0	0	12.1002	17.9186	2.10493	2.99675	1.40124	1.63847	0	0	0	0
k107_5611056 flag=0 multi=14.0004 len=243182	243182	15.7142	0	0	0	0	0	0	0	0	0	0	0	0	0	0	12.2046	17.3097	2.10071	2.88865	1.40898	1.93207	0	0	0	0
k107_10063779 flag=0 multi=15.0055 len=151981	151981	16.089	0	0	0	0	0	0	0	0	0	0	0	0	0	0	12.349	17.7394	2.29796	3.25812	1.44201	2.03398	0	0	0	0
k107_17825533 flag=1 multi=14.0000 len=359742	359742	15.2404	0	0	0	0	0	0	0	0	0	0	0	0	0	0	11.9202	17.4359	2.04145	2.80572	1.27877	1.82051	0	0	0	0
k107_24849070 flag=0 multi=13.0062 len=307363	307363	15.5701	0	0	0	0	0	0	0	0	0	0	0	0	0	0	12.064	16.7865	2.10464	2.96798	1.40151	1.87475	0	0	0	0
k107_9403551 flag=0 multi=13.0163 len=115705	115705	15.947	0	0	0	0	0	0	0	0	0	0	0	0	0	0	12.4031	16.4232	2.14746	2.91439	1.39645	1.9092	0	0	0	0
k107_4356729 flag=0 multi=13.0016 len=835316	835316	15.552	0	0	0	0	0	0	0	0	0	0	0	0	0.000361671	0.000361525	12.0998	17.3045	2.10363	2.85279	1.34819	1.87985	0	0	0	0
k107_8466262 flag=0 multi=14.1296 len=47748	47748	15.1716	0	0	0	0	0	0	0	0	0	0	0	0	0	0	11.8444	17.623	2.00653	2.62416	1.32064	1.71908	0	0	0	0
k107_33676874 flag=0 multi=13.0016 len=123397	123397	15.3448	0	0	0	0	0	0	0	0	0	0	0	0	0	0	12.0591	17.1791	1.97894	2.76651	1.30674	1.76144	0	0	0	0
k107_15865435 flag=0 multi=20.2133 len=16508	16508	15.9862	0	0	0	0	0	0	0	0	0	0	0	0	0	0	12.8042	17.6253	2.03949	3.03013	1.14254	1.27568	0	0	0	0
k107_28261454 flag=0 multi=15.0011 len=122581	122581	15.1864	0	0	0	0	0	0	0	0	0	0	0	0	0	0	11.6981	17.3411	2.09792	2.71402	1.39045	2.12001	0	0	0	0
k107_25586079 flag=0 multi=13.2414 len=295631	295631	15.2571	0	0	0	0	0	0	0	0	0	0	0	0	0	0	11.9143	17.1339	2.01908	2.86717	1.32372	1.78546	0	0	0	0
k107_21837995 flag=0 multi=17.0029 len=64522	64522	15.4281	0	0	0	0	0	0	0	0	0	0	0	0	0	0	12.0781	17.589	1.9939	2.82525	1.35609	1.79506	0	0	0	0
k107_16349668 flag=0 multi=14.0295 len=146471	146471	14.9465	0	0	0	0	0	0	0	0	0	0	0	0	0.00102621	0.00103193	11.6867	18.6865	1.95879	2.77938	1.29997	1.88143	0	0	0	0
k107_8857190 flag=0 multi=13.0023 len=94539	94539	15.1948	0	0	0	0	0	0	0	0	0	0	0	0	0	0	11.8771	18.1541	1.94571	2.34633	1.37203	1.8954	0	0	0	0
k107_24819456 flag=0 multi=13.4224 len=376570	376570	15.6297	0.000802619	0.00104637	0	0	0	0	0	0	0	0	0	0	0	0	12.2266	17.7881	2.07357	2.89416	1.32794	1.89823	0.000802619	0.000801482	0	0
k107_19033839 flag=0 multi=13.0027 len=60574	60574	15.3061	0	0	0	0	0	0	0	0	0	0	0	0	0	0	11.7133	16.6148	2.21828	3.34827	1.37449	1.81971	0	0	0	0
