contigName	contigLen	totalAvgDepth	Cen01_MA.bam	Cen01_MA.bam-var	Cen03_MA.bam	Cen03_MA.bam-var	Cen04_MA.bam	Cen04_MA.bam-var	Cen05_MA.bam	Cen05_MA.bam-var	Cen06_MA.bam	Cen06_MA.bam-var	Cen07_MA.bam	Cen07_MA.bam-var	Cen10_MA.bam	Cen10_MA.bam-var	Cen12_MA.bam	Cen12_MA.bam-var	Cen14_MA.bam	Cen14_MA.bam-var	Cen15_MA.bam	Cen15_MA.bam-var	Cen16_MA.bam	Cen16_MA.bam-var	Cen17_MA.bam	Cen17_MA.bam-var
k107_6625492 flag=1 multi=6.0000 len=8503	8503	6.91733	0	0	0	0	0	0	0	0	0	0	0	0	0	0	6.91733	8.44578	0	0	0	0	0	0	0	0
k107_15782733 flag=0 multi=14.4183 len=8261	8261	14.713	0	0	0	0	0	0	0	0	0.0376932	0.0583729	0	0	0	0	14.6753	29.9397	0	0	0	0	0	0	0	0
k107_1781485 flag=1 multi=15.0000 len=4835	4835	8.17692	0	0	0	0	0	0	0	0	0.0666225	0.0648365	0	0	0	0	8.1103	9.79552	0	0	0	0	0	0	0	0
k107_25774067 flag=0 multi=18.1705 len=4365	4365	11.7015	0	0	0	0	0	0	0	0	0	0	0	0	0	0	11.7015	14.587	0	0	0	0	0	0	0	0
k107_15862765 flag=0 multi=8.0857 len=13436	13436	9.43011	0	0	0	0	0	0	0	0	0	0	0	0	0	0	9.43011	11.4355	0	0	0	0	0	0	0	0
k107_13794552 flag=0 multi=11.0436 len=23616	23616	11.6759	0	0	0	0	0	0	0	0	0.0317406	0.0455878	0	0	0	0	11.6442	14.3973	0	0	0	0	0	0	0	0
k107_34917942 flag=0 multi=13.5082 len=16482	16482	13.8235	0	0	0	0	0	0	0	0	0.0091471	0.00924663	0	0	0	0	13.8143	19.7597	0	0	0	0	0	0	0	0
k107_13563204 flag=0 multi=7.4097 len=3761	3761	8.90257	0	0	0	0	0	0	0	0	0.174039	0.166722	0	0	0	0	8.20584	8.74485	0	0	0.522694	0.670559	0	0	0	0
k107_8858207 flag=1 multi=11.0000 len=4825	4825	8.86314	0	0	0	0	0	0	0	0	0.0994915	0.145859	0	0	0	0	8.76365	14.3659	0	0	0	0	0	0	0	0
k107_33641932 flag=1 multi=41.0000 len=16620	16620	8.40489	0	0	0	0	0	0	0	0	0.00900846	0.00917298	0.0184459	0.0235525	0	0	8.24972	11.8828	0.0551538	0.0524581	0.0725579	0.115376	0	0	0	0
k107_12697883 flag=0 multi=12.0704 len=16308	16308	12.9023	0	0	0	0	0	0	0	0	0	0	0	0	0	0	12.8839	15.6797	0	0	0.0183681	0.0373876	0	0	0	0
k107_8694886 flag=1 multi=10.0000 len=5325	5325	9.05116	0	0	0	0	0	0	0	0	0.0599243	0.0812057	0	0	0	0	8.99124	8.36814	0	0	0	0	0	0	0	0
k107_1155559 flag=1 multi=7.0000 len=10821	10821	7.9499	0	0	0	0	0	0	0	0	0.0281396	0.0501386	0	0	0	0	7.90769	9.31192	0	0	0.0140698	0.0141563	0	0	0	0
k107_16737448 flag=0 multi=9.1020 len=3656	3656	9.39147	0	0	0	0	0	0	0	0	0	0	0	0	0	0	9.39147	16.9976	0	0	0	0	0	0	0	0
k107_7175993 flag=1 multi=6.0000 len=12969	12969	7.99076	0	0	0	0	0	0	0	0	0	0	0	0	0	0	7.99076	8.29942	0	0	0	0	0	0	0	0
k107_21095282 flag=1 multi=6.0000 len=4135	4135	7.57814	0	0	0	0	0	0	0	0	0.0787895	0.106518	0	0	0	0	7.49935	9.13043	0	0	0	0	0	0	0	0
k107_16533910 flag=1 multi=8.0000 len=4237	4237	9.60152	0	0	0	0	0	0	0	0	0	0	0	0	0	0	9.60152	17.0786	0	0	0	0	0	0	0	0
k107_4012712 flag=0 multi=17.1097 len=4557	4557	10.1972	0	0	0	0	0	0	0	0	0.0709753	0.126151	0	0	0	0	10.1262	15.5137	0	0	0	0	0	0	0	0
k107_35288666 flag=0 multi=8.9997 len=3024	3024	6.12895	0	0	0	0	0	0	0	0	0.110948	0.163353	0	0	0	0	6.018	8.58498	0	0	0	0	0	0	0	0
k107_34686070 flag=1 multi=7.0000 len=2516	2516	8.89747	0	0	0	0	0	0	0	0	0	0	0	0	0	0	8.89747	12.4901	0	0	0	0	0	0	0	0
k107_32490669 flag=1 multi=8.0000 len=3089	3089	10.07	0	0	0	0	0	0	0	0	0	0	0	0	0	0	10.07	16.6532	0	0	0	0	0	0	0	0
k107_30422371 flag=1 multi=9.0000 len=6656	6656	9.26267	0	0	0	0	0	0	0	0	0.0947435	0.1087	0	0	0	0	9.16793	11.5629	0	0	0	0	0	0	0	0
k107_29347518 flag=0 multi=9.0651 len=4131	4131	10.071	0	0	0	0	0	0	0	0	0.236354	0.338476	0	0	0	0	9.67772	29.9943	0	0	0.15696	0.2076	0	0	0	0
k107_28753349 flag=1 multi=7.0000 len=7094	7094	7.92094	0	0	0	0	0	0	0	0	0.220995	0.414119	0	0	0	0	7.69994	10.4371	0	0	0	0	0	0	0	0
k107_23156060 flag=0 multi=7.7353 len=3753	3753	8.9151	0	0	0	0	0	0	0	0	0	0	0	0	0	0	8.9151	18.5448	0	0	0	0	0	0	0	0
k107_22591196 flag=0 multi=74.2005 len=4575	4575	10.1137	0	0	0	0	0	0	0	0	0.212029	0.287884	0	0	0	0	9.28481	20.7877	0	0	0.616897	0.940783	0	0	0	0
k107_22036615 flag=1 multi=7.0000 len=4944	4944	7.243	0	0	0	0	0	0	0	0	0.0650582	0.117291	0	0	0	0	7.17794	7.65912	0	0	0	0	0	0	0	0
k107_21942731 flag=1 multi=7.0000 len=2775	2775	8.03397	0	0	0	0	0	0	0	0	0	0	0	0	0	0	8.03397	18.6121	0	0	0	0	0	0	0	0
k107_21669603 flag=1 multi=6.0000 len=3030	3030	7.39333	0	0	0	0	0	0	0	0	0	0	0	0	0	0	7.39333	3.1772	0	0	0	0	0	0	0	0
k107_21484826 flag=1 multi=6.0000 len=3336	3336	7.46902	0.0995386	0.108788	0	0	0	0	0	0	0	0	0	0	0	0	7.36948	9.00921	0	0	0	0	0	0	0	0
k107_19261668 flag=1 multi=11.7793 len=2599	2599	9.39051	0	0	0	0	0	0	0	0	0.108838	0.20243	0	0	0	0	9.28167	12.2696	0	0	0	0	0	0	0	0
k107_16226484 flag=0 multi=9.0000 len=4624	4624	9.56386	0	0	0	0	0	0	0	0	0	0	0	0	0	0	9.56386	15.3011	0	0	0	0	0	0	0	0
k107_15637562 flag=0 multi=7.3771 len=6222	6222	7.73784	0	0	0	0	0	0	0	0	0.135642	0.19374	0	0	0	0	7.5772	7.89071	0	0	0.025	0.0248629	0	0	0	0
k107_14120895 flag=1 multi=7.0000 len=5225	5225	8.18058	0	0	0	0	0	0	0	0	0	0	0	0	0	0	8.12025	19.3603	0	0	0.0603291	0.0575913	0	0	0	0
k107_12933123 flag=1 multi=6.0000 len=4306	4306	6.98951	0	0	0	0	0	0	0	0	0.0749251	0.125706	0	0	0	0	6.84016	7.32178	0	0	0.0744256	0.145192	0	0	0	0
k107_12745990 flag=0 multi=79.8715 len=4441	4441	12.518	0	0	0	0	0	0	0	0	0	0	0	0	0	0	12.518	26.9389	0	0	0	0	0	0	0	0
k107_12438686 flag=1 multi=6.0000 len=3277	3277	6.88202	0	0	0	0	0	0	0	0	0	0	0	0	0	0	6.88202	9.29059	0	0	0	0	0	0	0	0
k107_11394173 flag=0 multi=17.0000 len=3464	3464	16.4244	0	0	0	0	0	0	0	0	0.116382	0.134746	0	0	0	0	16.308	33.4681	0	0	0	0	0	0	0	0
k107_30708523 flag=0 multi=8.2330 len=2965	2965	8.75253	0	0	0	0	0	0	0	0	0	0	0	0	0	0	8.75253	13.649	0	0	0	0	0	0	0	0
k107_10161264 flag=1 multi=8.0000 len=8264	8264	8.64921	0	0	0	0	0	0	0	0	0.0379302	0.0437781	0	0	0	0	8.47928	17.5461	0	0	0.132002	0.278662	0	0	0	0
k107_7213759 flag=0 multi=10.5936 len=2718	2718	8.06664	0	0	0	0	0	0	0	0	0	0	0	0	0	0	8.06664	14.569	0	0	0	0	0	0	0	0
k107_6930309 flag=1 multi=8.0000 len=3812	3812	6.83048	0	0	0	0	0	0	0	0	0	0	0	0	0	0	6.83048	6.08542	0	0	0	0	0	0	0	0
k107_6387586 flag=1 multi=6.0000 len=4264	4264	7.15093	0	0	0	0	0	0	0	0	0	0	0	0	0	0	7.15093	11.6457	0	0	0	0	0	0	0	0
k107_5763072 flag=0 multi=60.9178 len=6069	6069	7.1115	0	0	0	0	0	0	0	0	0	0	0	0	0	0	7.1115	9.48228	0	0	0	0	0	0	0	0
k107_3148366 flag=0 multi=30.1382 len=2510	2510	9.75	0	0	0	0	0	0	0	0	0.134511	0.25317	0	0	0	0	9.61549	11.857	0	0	0	0	0	0	0	0
k107_25385603 flag=1 multi=5.0000 len=2581	2581	6.71786	0	0	0	0	0	0	0	0	0	0	0	0	0	0	6.71786	6.02372	0	0	0	0	0	0	0	0
k107_2637351 flag=1 multi=6.0000 len=2807	2807	7.9493	0	0	0	0	0	0	0	0	0	0	0	0	0	0	7.90459	8.43876	0	0	0.0447106	0.0441807	0	0	0	0
k107_2021829 flag=1 multi=8.0000 len=3724	3724	8.52659	0	0	0	0	0	0	0	0	0	0	0	0	0	0	8.52659	4.33826	0	0	0	0	0	0	0	0
k107_1959687 flag=0 multi=10.0196 len=6979	6979	8.69747	0	0	0	0	0	0	0	0	0	0	0	0	0	0	8.69747	11.3176	0	0	0	0	0	0	0	0
k107_5169019 flag=1 multi=7.0000 len=2625	2625	8.74989	0	0	0	0	0	0	0	0	0	0	0	0	0	0	8.74989	11.4242	0	0	0	0	0	0	0	0
k107_1441708 flag=1 multi=7.0000 len=5506	5506	8.45772	0	0	0	0	0	0	0	0	0.174097	0.264523	0	0	0	0	7.90757	19.8814	0	0	0.376057	0.509075	0	0	0	0
k107_31690383 flag=0 multi=6.0078 len=5755	5755	7.79332	0	0	0	0	0	0	0	0	0	0	0	0	0	0	7.79332	9.43231	0	0	0	0	0	0	0	0
k107_11409760 flag=1 multi=8.0000 len=23362	23362	8.60442	0	0	0	0	0	0	0	0	0.0326106	0.0645545	0	0	0	0	8.52012	14.6586	0	0	0.0516912	0.0724393	0	0	0	0
k107_14762840 flag=1 multi=10.0000 len=4606	4606	9.375	0	0	0	0	0	0	0	0	0.139638	0.17645	0	0	0	0	9.23536	6.6334	0	0	0	0	0	0	0	0
k107_1194725 flag=1 multi=7.0000 len=11520	11520	9.22571	0	0	0	0	0	0	0	0	0.026921	0.0451027	0	0	0	0	9.17222	16.0247	0	0	0.0265644	0.0500911	0	0	0	0
k107_25778614 flag=1 multi=6.0000 len=6869	6869	7.51439	0	0	0	0	0	0	0	0	0.0458352	0.0761668	0	0	0	0	7.44617	10.9333	0.0223847	0.0224702	0	0	0	0	0	0
k107_31544695 flag=1 multi=8.0000 len=2579	2579	9.35529	0	0	0	0	0	0	0	0	0.132631	0.133541	0	0	0	0	9.22266	8.62812	0	0	0	0	0	0	0	0
k107_3626643 flag=1 multi=7.0000 len=3451	3451	8.61194	0	0	0	0	0	0	0	0	0	0	0	0	0	0	8.56462	6.02847	0	0	0.0473166	0.04567	0	0	0	0
k107_32819445 flag=1 multi=8.0000 len=6075	6075	7.92829	0	0	0	0	0	0	0	0	0.0517928	0.0579021	0	0	0	0	7.87649	8.64683	0	0	0	0	0	0	0	0
k107_21253876 flag=1 multi=7.0000 len=17373	17373	7.68666	0	0	0	0	0	0	0	0	0.208424	0.296015	0	0	0	0	7.45217	9.55198	0	0	0.0260676	0.0258322	0	0	0	0
k107_4085945 flag=1 multi=9.0000 len=14904	14904	8.39926	0	0	0	0	0	0	0	0	0.0409533	0.0651328	0	0	0	0	8.35831	11.0757	0	0	0	0	0	0	0	0
k107_34412078 flag=1 multi=7.0000 len=9834	9834	8.48657	0	0	0	0	0	0	0	0	0.189257	0.201814	0	0	0	0	8.28189	10.0731	0	0	0.0154217	0.0155864	0	0	0	0
k107_18259193 flag=1 multi=8.0000 len=4646	4646	8.59807	0	0	0	0	0	0	0	0	0.0686004	0.103836	0	0	0	0	8.49563	13.2004	0	0	0.0338398	0.0335598	0	0	0	0
k107_20299472 flag=0 multi=8.4578 len=4526	4526	8.84754	0	0	0	0	0	0	0	0	0	0	0	0	0	0	8.84754	12.4599	0	0	0	0	0	0	0	0
k107_35326275 flag=1 multi=7.0000 len=20308	20308	8.36994	0	0	0	0	0	0	0	0	0.0603319	0.0755452	0	0	0	0	8.24308	10.1957	0	0	0.06653	0.106326	0	0	0	0
k107_5351771 flag=1 multi=6.0000 len=2548	2548	6.81256	0	0	0	0	0	0	0	0	0	0	0	0	0	0	6.81256	11.4887	0	0	0	0	0	0	0	0
k107_8009836 flag=1 multi=9.0107 len=18193	18193	8.69868	0	0	0	0	0	0	0	0	0.100777	0.179329	0	0	0	0	8.5562	11.0838	0	0	0.0416969	0.0655885	0	0	0	0
k107_5736681 flag=1 multi=8.0000 len=20491	20491	8.13383	0	0	0	0	0	0	0	0	0.0740007	0.104984	0	0	0	0	8.02283	10.8023	0	0	0.0220417	0.0219233	0	0	0.0149586	0.0147288
k107_29055253 flag=0 multi=10.1240 len=2873	2873	9.50408	0	0	0	0	0	0	0	0	0	0	0	0	0	0	9.50408	21.1018	0	0	0	0	0	0	0	0
k107_35726832 flag=0 multi=54.8496 len=2601	2601	13.0013	0	0	0	0	0	0	0	0	0	0	0	0	0	0	13.0013	21.5519	0	0	0	0	0	0	0	0
k107_10548424 flag=1 multi=6.0000 len=19651	19651	7.70763	0	0	0	0	0	0	0	0	0	0	0	0	0	0	7.69993	8.7772	0	0	0.00770066	0.00774355	0	0	0	0
k107_5981077 flag=1 multi=7.0000 len=10608	10608	8.20503	0	0	0	0	0	0	0	0	0.116922	0.128521	0	0	0	0	8.05948	10.4955	0	0	0.0286241	0.0284454	0	0	0	0
k107_27197175 flag=1 multi=6.0000 len=10999	10999	7.69702	0	0	0	0	0	0	0	0	0.127699	0.216174	0	0	0	0	7.55558	9.40116	0	0	0.0137422	0.0139176	0	0	0	0
k107_6560816 flag=1 multi=8.0000 len=13654	13654	7.92937	0	0	0.0226183	0.0308038	0	0	0	0	0.052876	0.0756146	0	0	0	0	7.79846	10.0641	0.0112343	0.0111803	0.0441881	0.0656714	0	0	0	0
k107_25740349 flag=1 multi=6.9318 len=6619	6619	8.18142	0	0	0	0	0	0	0	0	0.0512902	0.061444	0	0	0	0	8.13013	9.93008	0	0	0	0	0	0	0	0
k107_2665028 flag=1 multi=8.0000 len=13789	13789	9.1322	0	0	0	0	0	0	0	0	0.0669534	0.0884201	0	0	0	0	9.06525	12.4749	0	0	0	0	0	0	0	0
k107_26926785 flag=1 multi=8.0000 len=28399	28399	8.49301	0	0	0	0	0	0	0	0	0.0691889	0.0948147	0	0	0	0	8.3973	10.9317	0.0107485	0.0186836	0.0157668	0.0256858	0	0	0	0
k107_4775390 flag=1 multi=7.0000 len=16646	16646	8.4989	0	0	0	0	0	0	0	0	0.0922663	0.171364	0	0	0	0	8.3616	12.4183	0	0	0.0450318	0.044065	0	0	0	0
k107_21445738 flag=0 multi=8.1507 len=3664	3664	8.80726	0	0	0	0	0	0	0	0	0.0362879	0.0712803	0	0	0	0	8.77097	15.6437	0	0	0	0	0	0	0	0
k107_16531991 flag=1 multi=8.0000 len=6875	6875	9.25848	0	0	0	0	0	0	0	0	0	0	0	0	0	0	9.25848	9.54146	0	0	0	0	0	0	0	0
k107_3767722 flag=1 multi=9.0070 len=6433	6433	8.0535	0	0	0	0	0	0	0	0	0.293264	0.449678	0	0	0	0	7.76023	7.72277	0	0	0	0	0	0	0	0
k107_26419019 flag=1 multi=12.0000 len=43305	43305	7.9994	0	0	0	0	0	0	0	0	0.0419738	0.0798979	0	0	0	0	7.93317	10.3395	0	0	0.0242541	0.0568656	0	0	0	0
k107_5118210 flag=1 multi=7.0000 len=20777	20777	8.67536	0	0	0	0	0	0	0	0	0	0	0	0	0	0	8.67536	12.5624	0	0	0	0	0	0	0	0
k107_8370316 flag=1 multi=8.0000 len=7998	7998	9.28729	0	0	0	0	0	0	0	0	0	0	0	0	0	0	9.26819	10.92	0	0	0.0191008	0.0192369	0	0	0	0
k107_1657756 flag=0 multi=8.0032 len=28328	28328	8.46218	0	0	0	0	0	0	0	0	0.0536288	0.120651	0	0	0	0	8.38739	9.86472	0	0	0.0211589	0.0310157	0	0	0	0
k107_28229726 flag=1 multi=6.0000 len=3600	3600	7.15191	0	0	0	0	0	0	0	0	0	0	0	0	0	0	7.07853	13.0054	0	0	0.0733778	0.0690516	0	0	0	0
k107_15300948 flag=1 multi=8.0000 len=10735	10735	8.8523	0	0	0	0	0	0	0	0	0	0	0	0	0	0	8.8523	10.5319	0	0	0	0	0	0	0	0
k107_11616376 flag=1 multi=6.0000 len=3515	3515	7.81824	0	0	0	0	0	0	0	0	0	0	0	0	0	0	7.81824	10.0694	0	0	0	0	0	0	0	0
k107_6322536 flag=0 multi=7.0460 len=24334	24334	7.70776	0	0	0	0	0	0	0	0	0	0	0	0	0	0	7.69545	8.45564	0	0	0.0123169	0.0124042	0	0	0	0
k107_8702651 flag=1 multi=8.0000 len=22236	22236	8.40508	0	0	0	0	0	0	0	0	0.0480077	0.063101	0	0	0	0	8.32329	13.1321	0	0	0.0337832	0.0438061	0	0	0	0
k107_2194766 flag=1 multi=7.0000 len=8154	8154	8.28375	0	0	0	0	0	0	0	0	0.0764137	0.123494	0	0	0	0	8.20734	8.90609	0	0	0	0	0	0	0	0
k107_15216609 flag=1 multi=8.0000 len=16788	16788	8.76701	0	0	0	0	0	0	0	0	0.0548344	0.0873787	0	0	0	0	8.71218	13.4364	0	0	0	0	0	0	0	0
k107_9293547 flag=1 multi=12.0000 len=4143	4143	8.44233	0	0	0	0	0	0	0	0	0	0	0	0	0	0	8.44233	5.98473	0	0	0	0	0	0	0	0
k107_34343847 flag=1 multi=6.0000 len=3196	3196	7.55632	0	0	0	0	0	0	0	0	0.181755	0.166737	0	0	0	0	7.37457	6.9806	0	0	0	0	0	0	0	0
k107_9496059 flag=1 multi=7.0000 len=7984	7984	8.38375	0	0	0	0	0	0	0	0	0.0778443	0.0927535	0	0	0	0	8.17014	14.7724	0	0	0.135772	0.256932	0	0	0	0
k107_35036599 flag=1 multi=7.0000 len=3556	3556	8.46036	0	0	0	0	0	0	0	0	0.0928089	0.0872922	0	0	0	0	8.36755	7.76044	0	0	0	0	0	0	0	0
k107_12188225 flag=1 multi=7.0000 len=14951	14951	7.70189	0	0	0	0	0	0	0	0	0.0614376	0.0718957	0	0	0	0	7.6098	11.6159	0.0206157	0.0201939	0.0100348	0.0102028	0	0	0	0
k107_15412781 flag=1 multi=36.0000 len=14609	14609	8.09296	0	0	0	0	0	0	0	0	0.0211085	0.0241699	0	0	0	0	8.07185	11.1379	0	0	0	0	0	0	0	0
k107_7293478 flag=1 multi=7.0000 len=9786	9786	8.59753	0	0	0	0	0	0	0	0	0.127267	0.233691	0	0	0	0	8.42356	9.41079	0	0	0.0467102	0.075418	0	0	0	0
k107_5751126 flag=1 multi=10.0000 len=9118	9118	7.92718	0	0	0	0	0	0	0	0	0.0342559	0.0553077	0	0	0	0	7.89292	10.6529	0	0	0	0	0	0	0	0
k107_7670848 flag=1 multi=6.0000 len=3664	3664	7.66686	0	0	0	0	0	0	0	0	0	0	0	0	0	0	7.66686	7.62435	0	0	0	0	0	0	0	0
k107_29057464 flag=0 multi=6.2647 len=5438	5438	6.86682	0	0	0	0	0	0	0	0	0.117601	0.441154	0	0	0	0	6.74922	9.023	0	0	0	0	0	0	0	0
k107_20302388 flag=1 multi=6.0000 len=7159	7159	7.80123	0	0	0	0	0	0	0	0	0	0	0	0	0	0	7.80123	7.79085	0	0	0	0	0	0	0	0
k107_24447498 flag=1 multi=8.0000 len=36410	36410	8.89296	0	0	0	0	0	0	0	0	0.0499335	0.0642961	0	0	0	0	8.81832	10.8884	0.0041819	0.00416251	0.0205218	0.024903	0	0	0	0
k107_9129648 flag=1 multi=7.0000 len=6824	6824	7.73551	0	0	0	0	0	0	0	0	0.0463048	0.0441612	0	0	0	0	7.68921	11.7755	0	0	0	0	0	0	0	0
k107_12268961 flag=1 multi=6.0000 len=8534	8534	7.54896	0	0	0	0	0	0	0	0	0.0549077	0.0780016	0	0	0	0	7.49405	8.34369	0	0	0	0	0	0	0	0
k107_31778095 flag=1 multi=8.0000 len=17339	17339	8.84516	0	0	0	0	0	0	0	0	0	0	0	0	0	0	8.84516	11.5674	0	0	0	0	0	0	0	0
k107_10396313 flag=0 multi=8.0312 len=11789	11789	8.52076	0	0	0	0	0	0	0	0	0	0	0	0	0	0	8.50797	9.9689	0	0	0.0127971	0.0129715	0	0	0	0
k107_28007660 flag=1 multi=6.0000 len=3831	3831	8.34372	0	0	0	0	0	0	0	0	0	0	0	0	0	0	8.34372	11.1917	0	0	0	0	0	0	0	0
k107_12473000 flag=1 multi=7.0000 len=20478	20478	8.25025	0	0	0	0	0	0	0	0	0.0299366	0.0529084	0	0	0	0	8.22031	10.1563	0	0	0	0	0	0	0	0
k107_26391077 flag=0 multi=6.0701 len=3659	3659	6.88293	0	0	0	0	0	0	0	0	0	0	0	0	0	0	6.88293	10.8211	0	0	0	0	0	0	0	0
k107_31623863 flag=1 multi=6.0000 len=3804	3804	7.5317	0	0	0	0	0	0	0	0	0.171616	0.210162	0	0	0	0	7.36008	8.72023	0	0	0	0	0	0	0	0
k107_16096316 flag=0 multi=10.2309 len=3099	3099	9.04112	0	0	0	0	0	0	0	0	0.431176	0.455747	0	0	0	0	8.17805	17.0952	0	0	0.431891	0.611684	0	0	0	0
k107_9623678 flag=1 multi=7.0000 len=11245	11245	8.26346	0	0	0	0	0	0	0	0	0.0275062	0.0392686	0	0	0	0	8.23595	10.0092	0	0	0	0	0	0	0	0
k107_12214013 flag=0 multi=8.0863 len=12347	12347	8.32902	0	0	0	0	0	0	0	0	0	0	0	0	0	0	8.30444	10.7389	0	0	0.0245745	0.0244476	0	0	0	0
k107_32138065 flag=0 multi=7.0889 len=4237	4237	8.70648	0	0	0	0	0	0	0	0	0	0	0	0	0	0	8.70648	8.83334	0	0	0	0	0	0	0	0
k107_22986592 flag=0 multi=8.1960 len=12382	12382	8.69023	0	0	0	0	0	0	0	0	0.0749172	0.114908	0	0	0	0	8.60306	12.594	0	0	0.0122517	0.0123443	0	0	0	0
k107_30261813 flag=0 multi=8.0360 len=14134	14134	8.167	0	0	0	0	0	0	0	0	0	0	0	0	0	0	8.1563	10.2399	0	0	0.0106998	0.0108005	0	0	0	0
k107_24563713 flag=0 multi=7.2548 len=14784	14784	8.37018	0	0	0	0	0	0	0	0	0.0417069	0.0500334	0	0	0	0	8.31819	13.8184	0	0	0.0102886	0.010318	0	0	0	0
k107_3541878 flag=1 multi=6.0000 len=14720	14720	7.66472	0	0	0	0	0	0	0	0	0.124636	0.149976	0	0	0	0	7.54009	9.95481	0	0	0	0	0	0	0	0
k107_32043726 flag=1 multi=7.0000 len=3743	3743	7.54955	0	0	0	0	0	0	0	0	0	0	0	0	0	0	7.54955	9.58394	0	0	0	0	0	0	0	0
k107_19268880 flag=1 multi=7.0000 len=5298	5298	8.90412	0	0	0	0	0	0	0	0	0.060048	0.106056	0	0	0	0	8.84408	13.8134	0	0	0	0	0	0	0	0
k107_20216898 flag=1 multi=6.0000 len=12943	12943	7.83799	0	0	0	0	0	0	0	0	0.166205	0.220603	0	0	0	0	7.64845	9.71498	0	0	0.0233368	0.0325	0	0	0	0
k107_21906199 flag=1 multi=6.0000 len=3101	3101	7.50232	0	0	0	0	0	0	0	0	0	0	0	0	0	0	7.50232	13.9507	0	0	0	0	0	0	0	0
k107_13072946 flag=0 multi=9.0935 len=6557	6557	8.7199	0	0	0	0	0	0	0	0	0.0481215	0.0459476	0	0	0	0	8.67178	15.0431	0	0	0	0	0	0	0	0
k107_21537891 flag=1 multi=7.0000 len=7239	7239	8.88309	0	0	0	0	0	0	0	0	0.086781	0.150427	0	0	0	0	8.75393	12.3293	0	0	0.0423814	0.0416424	0	0	0	0
k107_28836866 flag=1 multi=7.0000 len=15286	15286	8.4039	0	0	0	0	0	0	0	0	0.110117	0.15193	0	0	0	0	8.26428	10.7392	0	0	0.0294981	0.0484089	0	0	0	0
k107_15212795 flag=1 multi=7.0000 len=5002	5002	8.32723	0	0	0	0	0	0	0	0	0.128511	0.163104	0	0	0	0	8.13575	10.4672	0	0	0.0629787	0.123559	0	0	0	0
k107_15628008 flag=0 multi=8.2631 len=20728	20728	8.38329	0	0	0	0	0	0	0	0	0.0660922	0.0729839	0	0	0	0	8.30995	12.4604	0	0	0.00724567	0.00734316	0	0	0	0
k107_35583544 flag=1 multi=7.0000 len=5917	5917	8.36598	0	0	0	0	0	0	0	0	0.0267142	0.026171	0	0	0	0	8.33927	9.22184	0	0	0	0	0	0	0	0
k107_27629161 flag=0 multi=6.0110 len=3191	3191	7.76774	0	0	0	0	0	0	0	0	0.104534	0.148347	0	0	0	0	7.66321	7.72193	0	0	0	0	0	0	0	0
k107_18943853 flag=1 multi=8.0000 len=17797	17797	9.53032	0	0	0	0	0	0	0	0	0.119691	0.168784	0	0	0	0	9.40206	11.6755	0	0	0.00857388	0.00855744	0	0	0	0
k107_14430993 flag=1 multi=8.0000 len=4468	4468	8.90543	0	0	0	0	0	0	0	0	0.12434	0.130565	0	0	0	0	8.67427	11.2357	0	0	0.106817	0.127669	0	0	0	0
k107_19309362 flag=1 multi=8.0000 len=10079	10079	7.37118	0	0	0	0	0	0	0	0	0	0	0	0	0	0	7.35573	10.0858	0.0154444	0.0152098	0	0	0	0	0	0
k107_28474055 flag=1 multi=7.0000 len=11384	11384	7.09926	0	0	0	0	0	0	0	0	0.0270709	0.0358907	0	0	0	0	7.00532	7.109	0.0135355	0.0134392	0.0533297	0.117063	0	0	0	0
k107_17737003 flag=1 multi=9.0000 len=3896	3896	8.87479	0	0	0	0	0	0	0	0	0.165275	0.392005	0	0	0	0	8.70952	11.9317	0	0	0	0	0	0	0	0
k107_28831673 flag=1 multi=32.0000 len=24872	24872	8.60509	0.0122914	0.0187351	0	0	0	0	0	0	0.0980057	0.164922	0	0	0	0	8.47656	12.0342	0	0	0.0182336	0.0238044	0	0	0	0
k107_651690 flag=1 multi=7.0000 len=24759	24759	8.87243	0	0	0	0	0	0	0	0	0.0368811	0.0461383	0	0	0	0	8.8111	10.5116	0.00609233	0.00613439	0.0183588	0.0336476	0	0	0	0
k107_20685515 flag=1 multi=7.0000 len=29146	29146	8.43361	0	0	0	0	0	0	0	0	0.0939884	0.126517	0	0	0	0	8.29313	11.1126	0.0104701	0.0139673	0.0360214	0.0407122	0	0	0	0
k107_12771511 flag=1 multi=9.0000 len=5773	5773	8.48273	0	0	0	0	0	0	0	0	0.220252	0.266409	0	0	0	0	8.23561	10.3979	0	0	0.0268689	0.0268435	0	0	0	0
k107_17019912 flag=1 multi=7.0000 len=11077	11077	8.66339	0	0	0	0	0	0	0	0	0.027935	0.0291044	0	0	0	0	8.63545	11.1823	0	0	0	0	0	0	0	0
k107_27323747 flag=1 multi=8.0000 len=25076	25076	8.8366	0	0	0	0	0	0	0	0	0.0482764	0.0587064	0	0	0	0	8.77622	11.6467	0	0	0.0121095	0.0176161	0	0	0	0
k107_17018196 flag=1 multi=6.0000 len=4620	4620	8.20704	0	0	0	0	0	0	0	0	0.0699398	0.0724715	0	0	0	0	8.1371	8.29331	0	0	0	0	0	0	0	0
k107_5253049 flag=1 multi=21.0000 len=14821	14821	8.12005	0	0	0	0	0	0	0	0	0.0206626	0.0384116	0	0	0	0	8.02748	10.5504	0	0	0.0719058	0.118983	0	0	0	0
k107_10677547 flag=1 multi=7.0000 len=9182	9182	8.15439	0	0	0	0	0	0	0	0	0.101914	0.158743	0	0	0	0	8.05248	9.32478	0	0	0	0	0	0	0	0
k107_2092387 flag=1 multi=8.0000 len=16267	16267	8.48281	0	0	0	0	0	0	0	0	0.0377075	0.0490516	0	0	0	0	8.42662	12.0944	0	0	0.0184779	0.0185567	0	0	0	0
k107_9731929 flag=1 multi=8.0000 len=8968	8968	9.02146	0	0	0	0	0	0	0	0	0.138934	0.268627	0	0	0	0	8.88253	10.9171	0	0	0	0	0	0	0	0
k107_1555119 flag=1 multi=16.0000 len=11136	11136	8.47268	0	0	0	0	0	0	0	0	0.110947	0.167021	0	0	0	0	8.34816	10.5605	0	0	0.0135684	0.0137468	0	0	0	0
k107_1174834 flag=1 multi=6.0000 len=11556	11556	7.9282	0	0	0	0	0	0	0	0	0	0	0	0	0	0	7.9282	9.10094	0	0	0	0	0	0	0	0
k107_29130457 flag=1 multi=7.0000 len=6839	6839	8.82897	0	0	0	0	0	0	0	0	0	0	0	0	0	0	8.80603	8.60065	0	0	0.0229463	0.0225696	0	0	0	0
k107_32266747 flag=1 multi=6.0000 len=2580	2580	7.464	0	0	0	0	0	0	0	0	0	0	0	0	0	0	7.464	12.9425	0	0	0	0	0	0	0	0
k107_18175314 flag=1 multi=7.0000 len=17867	17867	8.11159	0	0	0	0	0	0	0	0	0.0429832	0.0515011	0	0	0	0	8.05186	10.9349	0	0	0.0167378	0.0168963	0	0	0	0
k107_20657772 flag=1 multi=8.0000 len=11401	11401	9.2766	0	0	0	0	0	0	0	0	0.108118	0.112137	0	0	0	0	9.10163	9.62068	0	0	0.0668529	0.171172	0	0	0	0
k107_32071874 flag=1 multi=6.0000 len=3844	3844	6.92575	0	0	0	0	0	0	0	0	0	0	0	0	0	0	6.92575	8.99389	0	0	0	0	0	0	0	0
k107_14816419 flag=1 multi=7.0030 len=9955	9955	8.56273	0	0	0	0	0	0	0	0	0.0312856	0.0493714	0	0	0	0	8.53144	10.426	0	0	0	0	0	0	0	0
k107_7774505 flag=1 multi=9.0000 len=15219	15219	8.15171	0	0	0	0	0	0	0	0	0.0400885	0.0513287	0	0	0	0	8.10176	10.2556	0	0	0.00985453	0.010021	0	0	0	0
k107_21057910 flag=1 multi=7.0000 len=10886	10886	8.26767	0	0	0	0	0	0	0	0	0.0565949	0.0687332	0	0	0	0	8.21107	7.92234	0	0	0	0	0	0	0	0
k107_30329712 flag=1 multi=7.0000 len=7076	7076	9	0	0	0	0	0	0	0	0	0.0839976	0.0875994	0	0	0	0	8.87216	11.6291	0	0	0.0438441	0.0759715	0	0	0	0
k107_30663439 flag=1 multi=8.0000 len=7631	7631	8.03056	0	0	0	0	0	0	0	0	0.0412062	0.0436112	0	0	0	0	7.94842	12.0456	0	0	0.0409333	0.0395217	0	0	0	0
k107_10943140 flag=1 multi=7.0000 len=4894	4894	8.99347	0	0	0	0	0	0	0	0	0	0	0	0	0	0	8.99347	10.6462	0	0	0	0	0	0	0	0
k107_25062483 flag=1 multi=6.0000 len=3532	3532	6.85108	0	0	0	0	0	0	0	0	0.0876161	0.0898746	0	0	0	0	6.76347	6.64166	0	0	0	0	0	0	0	0
k107_33408924 flag=1 multi=7.0000 len=9723	9723	8.40272	0	0	0	0	0	0	0	0	0.0641121	0.0729511	0	0	0	0	8.3386	10.4929	0	0	0	0	0	0	0	0
k107_2310708 flag=1 multi=7.0000 len=14594	14594	9.36566	0	0	0	0	0	0	0	0	0.0211307	0.0351111	0	0	0	0	9.32382	12.7562	0	0	0.0207109	0.0369059	0	0	0	0
k107_2365276 flag=1 multi=7.0000 len=3274	3274	8.61709	0	0	0	0	0	0	0	0	0	0	0	0	0	0	8.61709	8.20358	0	0	0	0	0	0	0	0
k107_2748841 flag=1 multi=8.0000 len=15715	15715	8.20392	0	0	0	0	0	0	0	0	0.0581976	0.0734874	0	0	0	0	8.11691	8.96206	0	0	0.0288069	0.0348831	0	0	0	0
k107_20694977 flag=1 multi=7.0000 len=6390	6390	8.06275	0	0	0	0	0	0	0	0	0	0	0	0	0	0	8.06275	13.2618	0	0	0	0	0	0	0	0
k107_12647347 flag=1 multi=6.0000 len=3784	3784	7.46611	0	0	0	0	0	0	0	0	0.120908	0.146464	0	0	0	0	7.3452	4.59338	0	0	0	0	0	0	0	0
k107_21142049 flag=1 multi=41.0000 len=13306	13306	7.94579	0	0	0	0	0	0	0	0	0.0115349	0.01148	0	0	0	0	7.87696	10.6098	0.0232236	0.0299183	0.0340664	0.0335547	0	0	0	0
k107_29032150 flag=1 multi=6.0000 len=3406	3406	7.92107	0	0	0	0	0	0	0	0	0	0	0	0	0	0	7.92107	10.4636	0	0	0	0	0	0	0	0
k107_12102007 flag=1 multi=8.0000 len=13191	13191	9.26852	0	0	0	0	0	0	0	0	0.0702149	0.0974768	0	0	0	0	9.19831	11.1795	0	0	0	0	0	0	0	0
k107_24298722 flag=1 multi=7.0000 len=5378	5378	7.75	0	0	0	0	0	0	0	0	0.0295508	0.0288687	0	0	0	0	7.72045	7.05928	0	0	0	0	0	0	0	0
k107_21586105 flag=1 multi=9.0000 len=12777	12777	8.53379	0	0	0	0	0	0	0	0	0.0362325	0.0447868	0	0	0	0	8.46164	10.0778	0	0	0.0359118	0.0739657	0	0	0	0
k107_29489799 flag=1 multi=10.0000 len=21496	21496	9.17462	0	0	0	0	0	0	0	0	0.0853543	0.104244	0	0	0	0	9.08927	9.39906	0	0	0	0	0	0	0	0
k107_6844539 flag=1 multi=8.0000 len=27502	27502	9.27423	0	0	0	0	0	0	0	0	0.0328676	0.0383313	0	0	0	0	9.21963	13.8326	0	0	0.0217279	0.023253	0	0	0	0
k107_18999917 flag=1 multi=7.0000 len=4138	4138	8.3316	0	0	0	0	0	0	0	0	0.0787278	0.147659	0	0	0	0	8.2427	9.66831	0	0	0.0101668	0.0100661	0	0	0	0
k107_14462985 flag=1 multi=11.0000 len=10700	10700	8.10454	0	0	0	0	0	0	0	0	0.0579919	0.0841456	0	0	0	0	8.00346	9.44466	0	0	0.0430852	0.0626354	0	0	0	0
k107_29282614 flag=1 multi=8.0000 len=10984	10984	9.20876	0	0	0	0	0	0	0	0	0.0278974	0.0439526	0	0	0	0	9.18087	12.4398	0	0	0	0	0	0	0	0
k107_32870815 flag=1 multi=6.0000 len=5662	5662	7.66922	0	0	0	0	0	0	0	0	0.112687	0.351546	0	0	0	0	7.55653	8.13664	0	0	0	0	0	0	0	0
k107_28919857 flag=0 multi=9.1254 len=5530	5530	9.01607	0	0	0	0	0	0	0	0	0	0	0	0	0	0	9.01607	14.9148	0	0	0	0	0	0	0	0
k107_20298011 flag=0 multi=7.6146 len=4982	4982	7.59509	0	0	0	0	0	0	0	0	0.127778	0.176973	0	0	0	0	7.46731	9.04074	0	0	0	0	0	0	0	0
k107_33765369 flag=1 multi=6.0000 len=5842	5842	7.84621	0	0	0	0	0	0	0	0	0	0	0	0	0	0	7.84621	10.6865	0	0	0	0	0	0	0	0
k107_2554949 flag=1 multi=6.0000 len=3125	3125	7.55083	0	0	0	0	0	0	0	0	0.106624	0.138799	0	0	0	0	7.33794	14.4303	0	0	0.10627	0.184164	0	0	0	0
k107_3532829 flag=0 multi=22.0069 len=7604	7604	7.92523	0	0	0	0	0	0	0	0	0.0413585	0.0396527	0	0	0	0	7.88387	8.25859	0	0	0	0	0	0	0	0
k107_8924387 flag=1 multi=6.0000 len=5980	5980	7.97253	0	0	0	0	0	0	0	0	0.159211	0.224699	0	0	0	0	7.81331	12.5319	0	0	0	0	0	0	0	0
k107_18591280 flag=1 multi=7.0000 len=5943	5943	8.17497	0	0	0	0	0	0	0	0	0.0526502	0.0609636	0	0	0	0	8.09608	9.04035	0	0	0.0262365	0.026057	0	0	0	0
k107_18937243 flag=0 multi=8.2737 len=8603	8603	8.11155	0	0	0	0	0	0	0	0	0.0726418	0.0850596	0	0	0	0	8.02108	9.19482	0	0	0.0178292	0.0178627	0	0	0	0
k107_23146805 flag=1 multi=7.0000 len=2616	2616	9.01945	0	0	0	0	0	0	0	0	0	0	0	0	0	0	9.01945	11.7285	0	0	0	0	0	0	0	0
k107_24325856 flag=1 multi=9.0000 len=21985	21985	8.25568	0	0	0	0	0	0	0	0	0.0483328	0.0537569	0	0	0	0	8.18678	9.71247	0	0	0.0205691	0.0298593	0	0	0	0
k107_29186507 flag=1 multi=7.0000 len=8504	8504	8.24982	0	0	0	0	0	0	0	0	0.0366984	0.04497	0	0	0	0	8.14094	11.1786	0	0	0.0721775	0.137481	0	0	0	0
k107_6021891 flag=1 multi=7.0000 len=12592	12592	8.76054	0	0	0	0	0	0	0	0	0.0980472	0.125732	0	0	0	0	8.63857	11.365	0	0	0.0239219	0.0239746	0	0	0	0
k107_25414423 flag=1 multi=7.0000 len=19620	19620	8.68874	0	0	0	0	0	0	0	0	0.0624288	0.0917533	0	0	0	0	8.6187	13.2896	0	0	0.00760948	0.00775584	0	0	0	0
k107_22147942 flag=1 multi=8.0000 len=3490	3490	8.1123	0	0	0	0	0	0	0	0	0.0652447	0.0892467	0	0	0	0	8.04705	9.33005	0	0	0	0	0	0	0	0
k107_15934757 flag=0 multi=8.0343 len=3601	3601	9.22067	0	0	0	0	0	0	0	0	0	0	0	0	0	0	9.22067	22.7375	0	0	0	0	0	0	0	0
k107_9158175 flag=0 multi=7.1409 len=6223	6223	8.44553	0	0	0	0	0	0	0	0	0.0510049	0.081514	0	0	0	0	8.3187	15.0705	0	0	0.0758318	0.0824953	0	0	0	0
k107_23938749 flag=1 multi=28.0000 len=14644	14644	9.35281	0	0	0	0	0	0	0	0	0.104867	0.163782	0	0	0	0	9.23769	14.8766	0	0	0.0102496	0.010417	0	0	0	0
k107_27214114 flag=0 multi=10.1166 len=4942	4942	8.67888	0	0	0	0	0	0	0	0	0	0	0	0	0	0	8.67888	9.91266	0	0	0	0	0	0	0	0
k107_18181987 flag=1 multi=9.0000 len=19147	19147	8.23847	0	0	0	0	0	0	0	0	0.0317856	0.0503468	0	0	0	0	8.19108	8.82142	0	0	0.015601	0.0157658	0	0	0	0
k107_24981010 flag=0 multi=11.0470 len=6462	6462	11.9047	0	0	0	0	0	0	0	0	0	0	0	0	0	0	11.8325	21.6548	0	0	0.0722403	0.0681379	0	0	0	0
k107_14147241 flag=1 multi=6.0000 len=12262	12262	7.54732	0	0	0	0	0	0	0	0	0.0251672	0.0254515	0	0	0	0	7.52216	9.8705	0	0	0	0	0	0	0	0
k107_19527910 flag=1 multi=7.0000 len=11957	11957	8.14234	0	0	0	0	0	0	0	0	0.0126984	0.0127891	0	0	0	0	8.11703	8.04585	0	0	0.0126126	0.0127066	0	0	0	0
k107_34886163 flag=0 multi=9.0202 len=11204	11204	7.85269	0	0	0	0	0	0	0	0	0	0	0	0	0	0	7.85269	9.34657	0	0	0	0	0	0	0	0
k107_16644279 flag=1 multi=12.0000 len=5702	5702	9.04833	0	0	0	0	0	0	0	0	0	0	0	0	0	0	9.02611	11.0299	0	0	0.0222222	0.0411367	0	0	0	0
k107_24988771 flag=1 multi=33.0000 len=20889	20889	8.34109	0	0	0	0	0	0	0	0	0.102395	0.12661	0	0	0	0	8.23155	10.3757	0	0	0.00714043	0.00728713	0	0	0	0
k107_4064509 flag=1 multi=7.0000 len=10496	10496	7.4537	0	0	0	0	0	0	0	0	0	0	0	0	0	0	7.42486	6.2753	0	0	0.0288405	0.0287518	0	0	0	0
k107_485532 flag=1 multi=21.0000 len=20305	20305	8.06629	0	0	0	0	0	0	0	0	0.0150977	0.0196666	0	0	0	0	7.96965	10.815	0	0	0.0815378	0.0904095	0	0	0	0
k107_87324 flag=1 multi=8.0000 len=19704	19704	8.93197	0	0	0	0	0	0	0	0	0.0461808	0.0804054	0	0	0	0	8.87821	11.7863	0	0	0.00757654	0.00772294	0	0	0	0
k107_27698823 flag=1 multi=7.0000 len=26829	26829	8.36585	0	0	0	0	0	0	0	0	0.0512308	0.0689146	0	0	0	0	8.28103	10.5939	0.0169638	0.0218487	0.0166246	0.0167901	0	0	0	0
k107_27768630 flag=1 multi=8.0000 len=10905	10905	9.04253	0	0	0	0	0	0	0	0	0.18391	0.335313	0	0	0	0	8.83043	11.448	0	0	0.0281996	0.0276752	0	0	0	0
k107_5269213 flag=0 multi=7.7752 len=6712	6712	8.58924	0	0	0	0	0	0	0	0	0.0471139	0.0449083	0	0	0	0	8.51903	10.2497	0	0	0.0230889	0.0230027	0	0	0	0
k107_16824852 flag=1 multi=7.0000 len=5576	5576	8.91107	0	0	0	0	0	0	0	0	0	0	0	0	0	0	8.91107	12.3706	0	0	0	0	0	0	0	0
k107_19289073 flag=1 multi=7.0000 len=13372	13372	8.34522	0	0	0	0	0	0	0	0	0.0461362	0.0440809	0	0	0	0	8.27651	11.7913	0	0	0.0225708	0.0225714	0	0	0	0
k107_11571199 flag=1 multi=36.0000 len=26705	26705	8.49369	0	0	0	0	0	0	0	0	0.0737416	0.173488	0	0	0	0	8.39746	11.5384	0	0	0.0224974	0.0323761	0	0	0	0
k107_2723597 flag=1 multi=7.0000 len=9820	9820	8.23724	0	0	0	0	0	0	0	0	0.0634587	0.0808743	0	0	0	0	8.17378	10.7138	0	0	0	0	0	0	0	0
k107_27901711 flag=1 multi=7.0000 len=16417	16417	8.1197	0	0	0	0	0	0	0	0	0.00918399	0.00928496	0	0	0	0	8.10127	10.9431	0	0	0.00924604	0.00928329	0	0	0	0
k107_35688737 flag=1 multi=7.0000 len=4757	4757	7.70438	0	0	0	0	0	0	0	0	0	0	0	0	0	0	7.67385	7.9657	0	0	0.0305275	0.0300253	0	0	0	0
k107_13907787 flag=1 multi=29.0000 len=20347	20347	8.03283	0	0	0	0	0	0	0	0	0.0224994	0.0223968	0	0	0	0	8.00299	10.6697	0	0	0.0073335	0.00748056	0	0	0	0
k107_28717628 flag=1 multi=6.0000 len=8316	8316	7.58622	0	0	0	0	0	0	0	0	0.113052	0.170916	0	0	0	0	7.47317	7.20231	0	0	0	0	0	0	0	0
k107_2310659 flag=1 multi=7.0000 len=7368	7368	7.64223	0	0	0	0	0	0	0	0	0.127937	0.14605	0	0	0	0	7.49321	10.0519	0	0	0.0210869	0.0209173	0	0	0	0
k107_23572137 flag=1 multi=9.0000 len=8535	8535	8.49629	0	0	0	0	0	0	0	0	0.10215	0.136218	0	0	0	0	8.39415	12.9971	0	0	0	0	0	0	0	0
k107_11221696 flag=1 multi=7.0000 len=19224	19224	8.76831	0	0	0	0	0	0	0	0	0.0473523	0.0592365	0	0	0	0	8.72096	10.2146	0	0	0	0	0	0	0	0
k107_30239919 flag=1 multi=9.0000 len=9322	9322	9.23581	0	0	0	0	0	0	0	0	0.0334812	0.0525506	0	0	0	0	9.20233	10.2215	0	0	0	0	0	0	0	0
k107_28923714 flag=1 multi=9.0000 len=21521	21521	9.0475	0.0142325	0.0219539	0	0	0	0	0	0	0.0569301	0.0710404	0	0	0	0	8.94854	11.6884	0	0	0.0278053	0.0368921	0	0	0	0
k107_31983652 flag=1 multi=7.0000 len=21573	21573	8.59569	0	0	0	0	0	0	0	0	0.11283	0.167658	0	0	0	0	8.44093	9.11805	0	0	0.041935	0.0510277	0	0	0	0
k107_1938407 flag=1 multi=8.0000 len=15005	15005	8.90845	0	0	0	0	0	0	0	0	0	0	0	0	0	0	8.89832	11.0123	0	0	0.010134	0.0101664	0	0	0	0
k107_28914417 flag=1 multi=9.0000 len=12617	12617	8.51441	0	0	0	0	0	0	0	0	0.0488835	0.0957162	0	0	0	0	8.44158	13.7875	0	0	0.0239545	0.0239273	0	0	0	0
k107_13450619 flag=1 multi=7.0000 len=5580	5580	8.42061	0	0	0	0	0	0	0	0	0.0570292	0.0747986	0	0	0	0	8.36358	10.1585	0	0	0	0	0	0	0	0
k107_28797473 flag=1 multi=14.0000 len=6686	6686	8.98058	0	0	0	0	0	0	0	0	0.0944549	0.116374	0	0	0	0	8.76895	8.39494	0	0	0.117168	0.207387	0	0	0	0
k107_32478837 flag=1 multi=7.0000 len=4466	4466	7.94044	0	0	0	0	0	0	0	0	0.0725264	0.126849	0	0	0	0	7.86792	11.1221	0	0	0	0	0	0	0	0
k107_31467316 flag=0 multi=22.0638 len=8523	8523	8.54677	0	0	0	0	0	0	0	0	0.0733487	0.0894902	0	0	0	0	8.47342	10.8722	0	0	0	0	0	0	0	0
k107_10787706 flag=1 multi=7.0000 len=16453	16453	8.26556	0	0	0	0	0	0	0	0	0.120797	0.169078	0	0	0	0	8.08024	11.7516	0	0	0.0645161	0.0849332	0	0	0	0
k107_33767747 flag=1 multi=7.0000 len=3887	3887	8.78605	0	0	0	0	0	0	0	0	0.167643	0.192028	0	0	0	0	8.57741	9.85647	0	0	0.0410042	0.040355	0	0	0	0
k107_33274136 flag=0 multi=8.0012 len=16516	16516	8.0399	0	0	0	0	0	0	0	0	0.0666091	0.117829	0	0	0	0	7.97329	10.4525	0	0	0	0	0	0	0	0
k107_25646468 flag=1 multi=8.0000 len=27135	27135	8.21213	0	0	0	0	0	0	0	0	0.0895912	0.179747	0	0	0	0	8.08941	11.715	0	0	0.0331308	0.0507407	0	0	0	0
k107_30154028 flag=0 multi=72.9324 len=5066	5066	8.45487	0	0	0	0	0	0	0	0	0	0	0	0	0	0	8.45487	13.9569	0	0	0	0	0	0	0	0
k107_7468284 flag=0 multi=8.0176 len=31112	31112	8.00435	0	0	0	0	0	0	0	0	0.0830899	0.115266	0	0	0	0	7.88773	10.2119	0	0	0.0335281	0.0504914	0	0	0	0
k107_32114027 flag=1 multi=12.0000 len=11896	11896	9.09884	0	0	0	0	0	0	0	0	0.0330343	0.0398869	0	0	0	0	9.04019	11.9368	0	0	0.0256167	0.0253654	0	0	0	0
k107_1105023 flag=1 multi=7.0000 len=10883	10883	8.58038	0.0284472	0.0549444	0	0	0	0	0	0	0.0568944	0.0553387	0	0	0	0	8.46678	10.1129	0	0	0.0282582	0.0277299	0	0	0	0
k107_21420877 flag=0 multi=7.9873 len=5611	5611	10.0981	0	0	0	0	0	0	0	0	0.169712	0.197702	0	0	0	0	9.90055	17.8508	0	0	0.0278772	0.0276383	0	0	0	0
k107_32776297 flag=1 multi=8.0000 len=25323	25323	8.34735	0	0	0	0	0	0	0	0	0.0241397	0.0278767	0	0	0	0	8.31729	10.9894	0	0	0.00591503	0.00595849	0	0	0	0
k107_23715061 flag=1 multi=7.0000 len=15205	15205	8.66604	0	0	0	0	0	0	0	0	0.0607931	0.122477	0	0	0	0	8.57539	10.9033	0.019996	0.0325987	0.00986379	0.0100307	0	0	0	0
k107_2331805 flag=1 multi=7.0000 len=9473	9473	8.04351	0	0	0	0	0	0	0	0	0.0328208	0.0645674	0	0	0	0	7.9288	11.5593	0.0329299	0.0318493	0.0160288	0.016198	0	0	0.0329299	0.0318507
k107_11325266 flag=1 multi=8.0000 len=12240	12240	9.3478	0	0	0	0	0	0	0	0	0.0252974	0.0325346	0	0	0	0	9.31019	11.0029	0	0	0.0123136	0.0124859	0	0	0	0
k107_15948384 flag=1 multi=32.0000 len=16754	16754	9.00584	0	0	0	0	0	0	0	0	0.0547046	0.0740445	0	0	0	0	8.92432	12.6337	0	0	0.0268053	0.0267821	0	0	0	0
k107_26640628 flag=1 multi=7.0000 len=6912	6912	7.6643	0	0	0.0456883	0.0783992	0	0	0	0	0.0228442	0.0223236	0	0	0	0	7.59576	11.6842	0	0	0	0	0	0	0	0
k107_35343093 flag=1 multi=8.0000 len=3199	3199	8.54298	0	0	0	0	0	0	0	0	0	0	0	0	0	0	8.54298	15.7517	0	0	0	0	0	0	0	0
k107_35484580 flag=1 multi=7.0000 len=29798	29798	8.49244	0	0	0	0	0	0	0	0	0.0152902	0.0169527	0	0	0	0	8.46708	10.182	0	0	0.0100692	0.0129039	0	0	0	0
k107_35354436 flag=1 multi=9.0000 len=14630	14630	8.87402	0	0	0	0	0	0	0	0	0.0630932	0.0936002	0	0	0	0	8.80039	15.4463	0.0105388	0.0104245	0	0	0	0	0	0
k107_22158031 flag=1 multi=7.0000 len=11518	11518	8.39542	0	0	0	0	0	0	0	0	0.0806883	0.125784	0	0	0	0	8.28825	10.424	0	0	0.02648	0.0262089	0	0	0	0
k107_18698615 flag=1 multi=7.0000 len=3528	3528	8.94792	0	0	0	0	0	0	0	0	0	0	0	0	0	0	8.94792	9.04952	0	0	0	0	0	0	0	0
k107_17324208 flag=1 multi=10.0000 len=9024	9024	7.48108	0	0	0	0	0	0	0	0	0.0690209	0.211892	0	0	0	0	7.34407	6.10215	0	0	0.067989	0.0926903	0	0	0	0
k107_22729250 flag=1 multi=7.0000 len=15613	15613	8.74339	0	0	0	0	0.0197244	0.027568	0	0	0.0490497	0.0996603	0	0	0	0	8.66488	11.6083	0	0	0.00973157	0.00976374	0	0	0	0
k107_19580490 flag=1 multi=7.0000 len=3072	3072	8.83357	0	0	0	0	0	0	0	0	0	0	0	0	0	0	8.83357	5.06583	0	0	0	0	0	0	0	0
k107_26605908 flag=1 multi=7.0000 len=9930	9930	7.91317	0	0	0	0	0	0	0	0	0.12526	0.214844	0	0	0	0	7.72611	7.02593	0	0	0.0617989	0.0791491	0	0	0	0
k107_26137118 flag=1 multi=7.0000 len=6396	6396	8.6019	0	0	0	0	0	0	0	0	0	0	0	0	0	0	8.6019	10.9907	0	0	0	0	0	0	0	0
k107_29075535 flag=1 multi=5.0000 len=4152	4152	6.5039	0	0	0	0	0	0	0	0	0	0	0	0	0	0	6.5039	3.20078	0	0	0	0	0	0	0	0
k107_29307131 flag=0 multi=7.0045 len=4144	4144	8.31936	0	0	0	0	0	0	0	0	0	0	0	0	0	0	8.31936	8.12219	0	0	0	0	0	0	0	0
k107_34799605 flag=1 multi=8.0000 len=5251	5251	8.64478	0	0	0	0	0	0	0	0	0.0608204	0.0868171	0	0	0	0	8.52334	9.39589	0	0	0.0606183	0.0573103	0	0	0	0
k107_26380702 flag=1 multi=7.0000 len=8520	8520	8.23838	0	0	0	0	0	0	0	0	0.0727671	0.0705541	0	0	0	0	8.16561	9.16437	0	0	0	0	0	0	0	0
k107_26515423 flag=1 multi=8.0000 len=15293	15293	9.29491	0	0	0	0	0	0	0	0	0.080515	0.12519	0	0	0	0	9.1647	14.258	0	0	0.0496965	0.055445	0	0	0	0
k107_5724920 flag=1 multi=13.0000 len=13371	13371	7.94988	0	0	0	0	0	0	0	0	0.0230316	0.0323575	0	0	0	0	7.88132	10.9837	0.0115541	0.0114251	0.0339735	0.0565908	0	0	0	0
k107_20576535 flag=1 multi=9.0000 len=4536	4536	8.34199	0	0	0	0	0	0	0	0	0.0484176	0.0469413	0	0	0	0	8.29358	8.34305	0	0	0	0	0	0	0	0
k107_21588884 flag=1 multi=7.0000 len=6225	6225	8.54246	0	0	0	0	0	0	0	0	0.0509877	0.0973734	0	0	0	0	8.49147	8.00886	0	0	0	0	0	0	0	0
k107_20733059 flag=1 multi=7.0000 len=10857	10857	8.99346	0	0	0	0	0	0	0	0	0	0	0	0	0	0	8.96513	15.848	0	0	0.0283278	0.0325355	0	0	0	0
k107_33951845 flag=1 multi=7.0000 len=6225	6225	8.18183	0	0	0	0	0	0	0	0	0	0	0	0	0	0	8.18183	10.3303	0	0	0	0	0	0	0	0
k107_25368749 flag=0 multi=8.1809 len=7231	7231	8.36051	0	0	0	0	0	0	0	0	0.0435849	0.0644947	0	0	0	0	8.31693	9.00349	0	0	0	0	0	0	0	0
k107_35285590 flag=1 multi=7.0000 len=10038	10038	8.24938	0	0	0	0	0	0	0	0	0.123973	0.196611	0	0	0	0	8.0794	9.91836	0	0	0.0460148	0.0687965	0	0	0	0
k107_7218995 flag=0 multi=8.5010 len=5372	5372	7.88994	0	0	0	0	0	0	0	0	0	0	0	0	0	0	7.88994	15.1859	0	0	0	0	0	0	0	0
k107_34287679 flag=1 multi=7.0000 len=11491	11491	8.35597	0	0	0	0	0	0	0	0	0.134596	0.162683	0	0	0	0	8.18161	10.7819	0	0	0.0397712	0.0388526	0	0	0	0
k107_30110425 flag=1 multi=9.0000 len=3704	3704	7.95003	0	0	0	0	0	0	0	0	0	0	0	0	0	0	7.86126	12.3201	0	0	0.0887713	0.0809095	0	0	0	0
k107_4243757 flag=1 multi=7.0000 len=8635	8635	8.38198	0	0	0	0	0	0	0	0	0	0	0	0	0	0	8.38198	11.442	0	0	0	0	0	0	0	0
k107_19851163 flag=0 multi=6.4520 len=25605	25605	7.96925	0	0	0	0	0	0	0	0	0.0594396	0.081802	0	0	0	0	7.90981	11.1802	0	0	0	0	0	0	0	0
k107_7765864 flag=0 multi=11.2258 len=4984	4984	10.6897	0	0	0	0	0	0	0	0	0.0433575	0.0418766	0	0	0	0	10.6463	15.4041	0	0	0	0	0	0	0	0
k107_18431398 flag=1 multi=7.0000 len=4290	4290	7.9985	0	0	0	0	0	0	0	0	0.0747242	0.0805457	0	0	0	0	7.88691	12.7893	0	0	0.0368606	0.0364392	0	0	0	0
k107_4611868 flag=1 multi=6.0000 len=6121	6121	7.05276	0	0	0	0	0	0	0	0	0.0874721	0.108383	0	0	0	0	6.96529	9.68149	0	0	0	0	0	0	0	0
k107_1299169 flag=0 multi=7.0305 len=14401	14401	8.28073	0	0	0	0	0	0	0	0	0.0853961	0.11082	0	0	0	0	8.19533	10.2946	0	0	0	0	0	0	0	0
k107_6416216 flag=1 multi=7.0000 len=6197	6197	8.09907	0	0	0	0	0	0	0	0	0.10246	0.140502	0	0	0	0	7.99661	13.7511	0	0	0	0	0	0	0	0
k107_33466794 flag=0 multi=7.0241 len=19050	19050	7.82915	0	0	0	0	0	0	0	0	0.0965436	0.135191	0	0	0	0	7.70039	11.3551	0	0	0.0161084	0.0205476	0	0	0.0161084	0.0158623
k107_17187323 flag=1 multi=7.0000 len=2558	2558	7.98138	0	0	0	0	0	0	0	0	0.0288121	0.0447433	0	0	0	0	7.95257	12.8714	0	0	0	0	0	0	0	0
k107_26060241 flag=1 multi=8.0000 len=3536	3536	9.7149	0	0	0	0	0	0	0	0	0.0930736	0.0896421	0	0	0	0	9.57638	7.84988	0	0	0.0454545	0.0445253	0	0	0	0
k107_7069509 flag=1 multi=19.0000 len=4283	4283	6.80708	0	0	0	0	0	0	0	0	0.303441	0.313422	0	0	0	0	6.50364	9.00277	0	0	0	0	0	0	0	0
k107_31123771 flag=1 multi=7.0000 len=9687	9687	8.44092	0	0	0	0	0	0	0	0	0.0800213	0.104886	0	0	0	0	8.34523	12.3203	0	0	0.0156633	0.0158327	0	0	0	0
k107_19701986 flag=1 multi=6.0000 len=9584	9584	7.27332	0	0	0	0	0	0	0	0	0	0	0	0	0	0	7.24144	7.84407	0	0	0.0318897	0.0314873	0	0	0	0
k107_8769926 flag=0 multi=23.6958 len=5872	5872	19.6937	0	0	0	0	0	0	0	0	0.295512	0.428447	0	0	0	0	19.3982	38.9573	0	0	0	0	0	0	0	0
k107_21130360 flag=1 multi=6.0000 len=7128	7128	7.81277	0	0	0	0	0	0	0	0	0	0	0	0	0	0	7.79124	7.03819	0	0	0.0215353	0.0216341	0	0	0	0
k107_11626734 flag=1 multi=9.0000 len=3751	3751	10.9516	0	0	0	0	0	0	0	0	0.0330531	0.0319698	0	0	0	0	10.9185	11.0527	0	0	0	0	0	0	0	0
k107_35271132 flag=1 multi=7.0000 len=6948	6948	8.21426	0	0	0	0	0	0	0	0	0.0454409	0.057232	0	0	0	0	8.12414	11.8591	0	0	0.0446885	0.0433825	0	0	0	0
k107_4555589 flag=1 multi=10.0000 len=9217	9217	7.12675	0	0	0	0	0	0	0	0	0	0	0	0	0	0	7.12675	8.57924	0	0	0	0	0	0	0	0
k107_32229392 flag=1 multi=7.0000 len=2784	2784	8.64142	0	0	0	0	0	0	0	0	0	0	0	0	0	0	8.64142	7.26009	0	0	0	0	0	0	0	0
k107_15224680 flag=0 multi=92.9364 len=5658	5658	13.3842	0	0	0	0	0	0	0	0	0.223301	0.388327	0	0	0	0	13.1609	12.4733	0	0	0	0	0	0	0	0
k107_29373363 flag=1 multi=7.0000 len=5320	5320	7.49582	0	0	0	0	0	0	0	0	0.0601833	0.112369	0	0	0	0	7.37684	6.0178	0	0	0.0587884	0.0880668	0	0	0	0
k107_25223143 flag=1 multi=6.0000 len=3744	3744	7.36549	0	0	0	0	0	0	0	0	0	0	0	0	0	0	7.36549	8.55604	0	0	0	0	0	0	0	0
k107_28593506 flag=1 multi=7.0000 len=7933	7933	8.2098	0	0	0	0	0	0	0	0	0.0390512	0.0471885	0	0	0	0	8.15149	9.52039	0	0	0.0192635	0.0193988	0	0	0	0
k107_22079906 flag=1 multi=11.0000 len=17358	17358	8.21652	0	0	0	0	0	0	0	0	0.0177064	0.0316991	0	0	0	0	8.19014	13.4762	0	0	0.0086773	0.00877456	0	0	0	0
k107_15429478 flag=1 multi=6.0000 len=5809	5809	7.83094	0	0	0	0	0	0	0	0	0.0542945	0.0729203	0	0	0	0	7.77665	11.2406	0	0	0	0	0	0	0	0
k107_27537308 flag=1 multi=10.0000 len=3711	3711	9.89176	0	0	0	0	0	0	0	0	0	0	0	0	0	0	9.78498	10.4802	0	0	0.106776	0.0965553	0	0	0	0
k107_31026409 flag=1 multi=7.0000 len=10617	10617	8.07572	0	0	0	0	0	0	0	0	0	0	0	0	0	0	8.07572	10.8801	0	0	0	0	0	0	0	0
k107_34463403 flag=1 multi=6.0000 len=6790	6790	7.98073	0	0	0	0	0	0	0	0	0	0	0	0	0	0	7.88964	7.51448	0.0229655	0.0227346	0.0681258	0.0649537	0	0	0	0
k107_10793168 flag=1 multi=9.0000 len=7463	7463	8.84346	0	0	0	0	0	0	0	0	0.0627007	0.095873	0	0	0	0	8.73956	8.79942	0	0	0.0411954	0.0403983	0	0	0	0
k107_33096290 flag=1 multi=6.0000 len=6247	6247	8.07553	0	0	0	0	0	0	0	0	0	0	0	0	0	0	7.95038	9.73355	0.050799	0.066399	0.0743482	0.0704017	0	0	0	0
k107_32299675 flag=1 multi=7.0000 len=8722	8722	8.14359	0	0	0	0	0	0	0	0	0.0714964	0.108645	0	0	0	0	8.03706	13.5231	0	0	0.0350356	0.0345818	0	0	0	0
k107_7164187 flag=1 multi=8.0000 len=15104	15104	8.92136	0	0	0	0	0	0	0	0	0.060735	0.146869	0	0	0	0	8.82077	13.6566	0	0	0.0398595	0.0464388	0	0	0	0
k107_1322809 flag=0 multi=9.4607 len=5492	5492	8.6659	0	0	0	0	0	0	0	0	0	0	0	0	0	0	8.6659	10.3979	0	0	0	0	0	0	0	0
k107_34260553 flag=1 multi=7.0000 len=25116	25116	8.1832	0	0	0	0	0	0	0	0	0.0727815	0.0991628	0	0	0	0	8.1045	9.12045	0	0	0.00592407	0.00604387	0	0	0	0
k107_33242437 flag=1 multi=9.0000 len=8544	8544	8.34179	0	0	0	0	0	0	0	0	0.109439	0.157313	0	0	0	0	8.23235	11.8218	0	0	0	0	0	0	0	0
k107_30861277 flag=1 multi=6.0000 len=5392	5392	8.3112	0	0	0	0	0	0	0	0	0.0591356	0.0774323	0	0	0	0	8.20982	12.8497	0	0	0.0422397	0.0602263	0	0	0	0
k107_23260994 flag=1 multi=7.0000 len=10850	10850	8.23436	0	0	0	0	0	0	0	0	0.0142207	0.0141083	0	0	0	0	8.22014	9.57688	0	0	0	0	0	0	0	0
k107_35448145 flag=0 multi=14.0426 len=17033	17033	12.0867	0	0	0	0	0	0	0	0	0.0538521	0.0684346	0	0	0	0	12.0328	16.6211	0	0	0	0	0	0	0	0
k107_13334084 flag=1 multi=8.0000 len=3411	3411	9.39498	0	0	0	0	0	0	0	0	0.0485687	0.0462288	0	0	0	0	9.34641	7.7563	0	0	0	0	0	0	0	0
k107_28968547 flag=3 multi=18.0010 len=17709	17709	16.6689	0	0	0	0	0	0	0	0	0	0	0	0	0	0	16.6605	23.1764	0.00844488	0.00860039	0	0	0	0	0	0
k107_7796084 flag=0 multi=7.1673 len=15030	15030	8.50801	0	0	0	0	0	0	0	0	0	0	0	0	0	0	8.50801	10.4197	0	0	0	0	0	0	0	0
k107_13809393 flag=1 multi=7.0000 len=46545	46545	8.31897	0	0	0	0	0	0	0	0	0.0358108	0.0476472	0	0	0	0	8.26389	12.3598	0	0	0.0192678	0.0218042	0	0	0	0
k107_27536865 flag=1 multi=7.0000 len=4896	4896	8.02264	0	0	0	0	0	0	0	0	0	0	0	0	0	0	8.02264	13.3981	0	0	0	0	0	0	0	0
k107_31860802 flag=1 multi=8.0000 len=8744	8744	8.17306	0	0	0	0	0	0	0	0	0.071547	0.125914	0	0	0	0	7.9865	9.63713	0	0	0.11502	0.134377	0	0	0	0
k107_11798192 flag=0 multi=8.0626 len=3653	3653	8.40854	0	0	0	0	0	0	0	0	0	0	0	0	0	0	8.40854	9.76118	0	0	0	0	0	0	0	0
k107_22830721 flag=1 multi=8.0000 len=7732	7732	9.19825	0	0	0	0	0	0	0	0	0	0	0	0	0	0	9.17847	12.4008	0	0	0.0197847	0.0199124	0	0	0	0
k107_22399238 flag=0 multi=10.1151 len=5649	5649	9.2493	0	0	0	0	0	0	0	0	0.112025	0.153341	0	0	0	0	9.05367	12.4794	0	0	0.0835983	0.151263	0	0	0	0
k107_995668 flag=1 multi=8.0000 len=15667	15667	7.74839	0	0	0	0	0	0	0	0	0.0391149	0.0548221	0	0	0	0	7.70927	9.14201	0	0	0	0	0	0	0	0
k107_19540855 flag=1 multi=7.0000 len=15121	15121	8.14549	0	0	0	0	0	0	0	0	0.101289	0.227094	0	0	0	0	7.9639	10.5908	0	0	0.0803023	0.194146	0	0	0	0
k107_18985800 flag=0 multi=14.0822 len=11726	11726	8.23328	0	0	0	0	0	0	0	0	0.0484069	0.0694647	0	0	0	0	8.18487	14.9703	0	0	0	0	0	0	0	0
k107_21006404 flag=0 multi=7.1767 len=3259	3259	8.11295	0	0	0	0	0	0	0	0	0.0497125	0.0484751	0	0	0	0	8.06324	9.93963	0	0	0	0	0	0	0	0
k107_29154886 flag=1 multi=8.0000 len=37259	37259	8.64396	0	0	0	0	0	0	0	0	0.0567957	0.0771486	0	0	0	0	8.55107	9.97251	0	0	0.036096	0.0502439	0	0	0	0
k107_6968881 flag=1 multi=7.0000 len=6514	6514	8.13554	0	0	0	0	0	0	0	0	0	0	0	0	0	0	8.13554	11.6859	0	0	0	0	0	0	0	0
k107_30592101 flag=0 multi=11.0554 len=12552	12552	8.94449	0	0	0	0	0	0	0	0	0.0365714	0.0427916	0	0	0	0	8.88375	12.8397	0	0	0.0241633	0.0487041	0	0	0	0
k107_23180251 flag=0 multi=9.0000 len=5768	5768	8.96158	0	0	0	0	0	0	0	0	0	0	0	0	0	0	8.96158	16.8202	0	0	0	0	0	0	0	0
k107_35618166 flag=1 multi=6.0000 len=4884	4884	7.68966	0	0	0	0	0	0	0	0	0	0	0	0	0	0	7.68966	13.0159	0	0	0	0	0	0	0	0
k107_12927587 flag=1 multi=7.0000 len=19312	19312	8.399	0	0	0	0	0	0	0	0	0.0553919	0.0804971	0	0	0	0	8.28864	12.5614	0	0	0.0549711	0.107408	0	0	0	0
k107_19106644 flag=0 multi=7.2586 len=3900	3900	8.33268	0	0	0	0	0	0	0	0	0.0836576	0.0924819	0	0	0	0	8.24903	8.35302	0	0	0	0	0	0	0	0
k107_11254118 flag=0 multi=6.1420 len=3494	3494	7.51598	0	0	0	0	0	0	0	0	0	0	0	0	0	0	7.51598	7.75579	0	0	0	0	0	0	0	0
k107_22795698 flag=1 multi=7.0000 len=2729	2729	8.51875	0	0	0	0	0	0	0	0	0.123609	0.148561	0	0	0	0	8.39514	6.80737	0	0	0	0	0	0	0	0
k107_21033529 flag=0 multi=13.9994 len=17214	17214	8.30641	0	0	0	0	0	0	0	0	0.159709	0.184109	0	0	0	0	8.1467	11.6509	0	0	0	0	0	0	0	0
k107_4899255 flag=0 multi=7.0047 len=8371	8371	7.4024	0	0	0	0	0	0	0	0	0	0	0	0	0	0	7.4024	7.96412	0	0	0	0	0	0	0	0
k107_26942626 flag=1 multi=7.0000 len=4722	4722	7.49118	0	0	0	0	0	0	0	0	0.0683258	0.07906	0	0	0	0	7.35611	9.47873	0	0	0.0667421	0.0808705	0	0	0	0
k107_32655790 flag=1 multi=7.0000 len=9541	9541	8.84771	0	0	0	0	0	0	0	0	0.0649421	0.090335	0	0	0	0	8.78277	9.41813	0	0	0	0	0	0	0	0
k107_14193702 flag=1 multi=7.0000 len=3050	3050	8.59753	0	0	0	0	0	0	0	0	0.112082	0.205703	0	0	0	0	8.48544	7.41052	0	0	0	0	0	0	0	0
k107_24458361 flag=1 multi=6.0000 len=6800	6800	7.26839	0	0	0	0	0	0	0	0	0.18498	0.356693	0	0	0	0	7.08341	10.0699	0	0	0	0	0	0	0	0
k107_9189412 flag=1 multi=7.0000 len=4481	4481	7.9062	0	0	0	0	0	0	0	0	0.0720268	0.109184	0	0	0	0	7.79852	12.6547	0	0	0.0356545	0.0348386	0	0	0	0
k107_19280814 flag=1 multi=6.0000 len=4196	4196	7.13303	0	0	0	0	0	0	0	0	0	0	0	0	0	0	7.13303	9.10328	0	0	0	0	0	0	0	0
k107_29281284 flag=1 multi=7.0000 len=17317	17317	8.33288	0	0	0	0	0	0	0	0	0.132648	0.268795	0	0	0	0	8.1916	10.6693	0	0	0.00863944	0.00879504	0	0	0	0
k107_14704742 flag=1 multi=6.0000 len=12635	12635	7.8217	0	0	0	0	0	0	0	0	0.0244871	0.0477317	0	0	0	0	7.79721	9.71104	0	0	0	0	0	0	0	0
k107_15034260 flag=1 multi=7.0000 len=4995	4995	8.39655	0	0	0	0	0	0	0	0	0.128276	0.182919	0	0	0	0	8.23652	9.73501	0.0317494	0.0311482	0	0	0	0	0	0
k107_32356399 flag=0 multi=7.0556 len=9068	9068	7.87337	0	0	0	0	0	0	0	0	0.068104	0.10228	0	0	0	0	7.80527	10.6436	0	0	0	0	0	0	0	0
k107_33933366 flag=1 multi=6.0000 len=3684	3684	7.41307	0	0	0	0	0	0	0	0	0	0	0	0	0	0	7.3696	8.58523	0	0	0.0434654	0.04267	0	0	0	0
k107_3489723 flag=1 multi=7.0000 len=2518	2518	8.56273	0	0	0	0	0	0	0	0	0	0	0	0	0	0	8.56273	10.4843	0	0	0	0	0	0	0	0
k107_18074287 flag=1 multi=6.0000 len=3141	3141	7.05565	0	0	0	0	0	0	0	0	0	0	0	0	0	0	6.89961	11.0377	0	0	0.156041	0.167748	0	0	0	0
k107_1541111 flag=1 multi=8.0000 len=4386	4386	8.65279	0	0	0	0	0	0	0	0	0	0	0	0	0	0	8.65279	14.5389	0	0	0	0	0	0	0	0
k107_20966946 flag=0 multi=9.2901 len=9900	9900	9.03897	0	0	0	0	0	0	0	0	0.0782455	0.083103	0	0	0	0	8.92988	14.9838	0	0	0.0308398	0.051312	0	0	0	0
k107_1052138 flag=0 multi=7.0252 len=5267	5267	8.86546	0	0	0	0	0	0	0	0	0	0	0	0	0	0	8.86546	10.6398	0	0	0	0	0	0	0	0
k107_14328739 flag=1 multi=7.0000 len=7407	7407	8.72709	0	0	0	0	0	0	0	0	0.0845883	0.106507	0	0	0	0	8.64251	8.80371	0	0	0	0	0	0	0	0
k107_25926603 flag=0 multi=7.6059 len=2713	2713	7.45915	0	0	0	0	0	0	0	0	0	0	0	0	0	0	7.45915	8.12445	0	0	0	0	0	0	0	0
k107_18995592 flag=0 multi=13.0535 len=28000	28000	8.17684	0	0	0	0	0	0	0	0	0.0325294	0.0548382	0	0	0	0	8.11203	12.8622	0	0	0.0322767	0.0378576	0	0	0	0
k107_27422856 flag=1 multi=8.0000 len=6254	6254	7.82812	0	0	0	0	0	0	0	0	0.0505712	0.0649662	0	0	0	0	7.77755	6.66119	0	0	0	0	0	0	0	0
k107_35621389 flag=1 multi=7.0000 len=6621	6621	7.87466	0	0	0	0	0	0	0	0	0.0718468	0.100705	0	0	0	0	7.80282	9.26498	0	0	0	0	0	0	0	0
k107_17449344 flag=1 multi=8.0000 len=2995	2995	9.47456	0	0	0	0	0	0	0	0	0.224285	0.275081	0	0	0	0	9.25028	12.2534	0	0	0	0	0	0	0	0
k107_16066525 flag=0 multi=8.0480 len=11585	11585	7.90543	0	0	0	0	0	0	0	0	0.0267659	0.0386336	0	0	0	0	7.87867	9.22026	0	0	0	0	0	0	0	0
k107_15923312 flag=1 multi=43.0000 len=11377	11377	8.0633	0	0	0	0	0	0	0	0	0.0406321	0.0478926	0	0	0	0	8.00939	12.0564	0	0	0.0132731	0.0134484	0	0	0	0
k107_15173019 flag=1 multi=7.7577 len=7086	7086	7.93853	0	0	0	0	0	0	0	0	0	0	0	0	0	0	7.93853	12.3371	0	0	0	0	0	0	0	0
k107_15053732 flag=1 multi=11.0000 len=10434	10434	8.66147	0	0	0	0	0	0	0	0	0.0596131	0.0858666	0	0	0	0	8.60186	12.6559	0	0	0	0	0	0	0	0
k107_25912218 flag=0 multi=11.0506 len=5578	5578	8.19105	0	0	0	0	0	0	0	0	0.113912	0.22991	0	0	0	0	8.04909	15.6442	0	0	0.0280516	0.0278085	0	0	0	0
k107_20250516 flag=1 multi=7.0000 len=7283	7283	8.54663	0	0	0	0	0	0	0	0	0.0860908	0.14782	0	0	0	0	8.46054	12.3644	0	0	0	0	0	0	0	0
k107_2676866 flag=1 multi=7.0000 len=13302	13302	8.26438	0	0	0	0	0	0	0	0	0.0695385	0.0782375	0	0	0	0	8.12623	9.97774	0	0	0.0686154	0.0776219	0	0	0	0
k107_29576002 flag=0 multi=7.0519 len=19554	19554	8.83799	0	0	0	0	0	0	0	0	0.0939123	0.157743	0	0	0	0	8.72875	11.4896	0	0	0.0153231	0.0154401	0	0	0	0
k107_15010589 flag=1 multi=27.0000 len=16916	16916	8.68129	0	0	0	0	0	0	0	0	0.0543518	0.0735609	0	0	0	0	8.60028	11.1432	0	0	0.0266643	0.0265185	0	0	0	0
k107_18133308 flag=0 multi=7.1074 len=12281	12281	7.99065	0	0	0	0	0	0	0	0	0.0754654	0.0872849	0	0	0	0	7.86568	14.5946	0	0	0.0495033	0.0478776	0	0	0	0
k107_27903260 flag=1 multi=7.0000 len=8312	8312	8.99064	0	0	0	0	0	0	0	0	0.0747815	0.111431	0	0	0	0	8.91586	9.74514	0	0	0	0	0	0	0	0
k107_22767383 flag=1 multi=9.0000 len=13998	13998	8.07155	0	0	0	0	0	0	0	0	0.109083	0.140625	0	0	0	0	7.95174	10.0864	0	0	0.0107331	0.0109045	0	0	0	0
k107_12565745 flag=1 multi=8.0000 len=9104	9104	9.2329	0	0	0	0	0	0	0	0	0.0685072	0.0898219	0	0	0	0	9.13099	12.9943	0	0	0.0334015	0.0356444	0	0	0	0
k107_14498798 flag=1 multi=8.0000 len=21896	21896	7.97212	0	0	0	0	0	0	0	0	0.11179	0.149912	0	0	0	0	7.83982	12.1541	0	0	0.020515	0.0345151	0	0	0	0
k107_31964983 flag=1 multi=8.0000 len=3759	3759	10.0391	0	0	0	0	0	0	0	0	0	0	0	0	0	0	9.99537	22.8705	0	0	0.0436795	0.0417836	0	0	0	0
k107_18981592 flag=0 multi=16.0936 len=8786	8786	7.54008	0	0	0	0	0	0	0	0	0	0	0	0	0	0	7.54008	8.59997	0	0	0	0	0	0	0	0
k107_2957268 flag=1 multi=8.0000 len=9094	9094	9.64786	0	0	0	0	0	0	0	0	0.0342357	0.0500103	0	0	0	0	9.59657	8.9495	0	0	0.017061	0.0168782	0	0	0	0
k107_35874481 flag=1 multi=6.0000 len=9083	9083	7.70584	0	0	0	0	0	0	0	0	0.0343924	0.0368644	0	0	0	0	7.67145	8.83377	0	0	0	0	0	0	0	0
k107_3671661 flag=1 multi=7.0000 len=22397	22397	8.31206	0	0	0	0	0	0	0	0	0.0543109	0.0704105	0	0	0	0	8.25096	10.5068	0	0	0.00678887	0.00678699	0	0	0	0
k107_14053816 flag=1 multi=7.0000 len=2914	2914	9.14165	0	0	0	0	0	0	0	0	0	0	0	0	0	0	9.02833	14.1329	0	0	0.113323	0.171996	0	0	0	0
k107_24855130 flag=0 multi=8.0742 len=5104	5104	9.11266	0	0	0.00104123	0.0018714	0	0	0	0	0	0	0.00104123	0.0018714	0	0	9.10537	11.1917	0	0	0	0	0.00520616	0.0126528	0	0
k107_23710607 flag=1 multi=6.0000 len=5803	5803	7.75532	0	0	0	0	0	0	0	0	0.109435	0.168306	0	0	0	0	7.64588	10.1967	0	0	0	0	0	0	0	0
k107_23134308 flag=1 multi=28.0000 len=4853	4853	9.45836	0	0	0	0	0	0	0	0	0.131839	0.15425	0	0	0	0	9.16304	11.7387	0	0	0.163481	0.207861	0	0	0	0
k107_13859083 flag=1 multi=7.0000 len=7639	7639	8.67998	0	0	0	0	0	0	0	0	0.0827314	0.106793	0	0	0	0	8.55704	11.2146	0	0	0.0402072	0.0751909	0	0	0	0
k107_31664061 flag=1 multi=7.0000 len=4431	4431	8.95423	0	0	0	0	0	0	0	0	0.072899	0.0745857	0	0	0	0	8.66699	13.2168	0	0	0.214338	0.274508	0	0	0	0
k107_32890094 flag=1 multi=6.0000 len=3580	3580	7.8673	0	0	0	0	0	0	0	0	0.183649	0.20406	0	0	0	0	7.50214	7.69696	0	0	0.181513	0.194288	0	0	0	0
k107_22195493 flag=1 multi=7.0000 len=4837	4837	8.15568	0	0	0	0	0	0	0	0	0.0665932	0.10143	0	0	0	0	8.05667	11.0573	0	0	0.0324146	0.0321973	0	0	0	0
k107_12220994 flag=0 multi=11.0423 len=6861	6861	8.59003	0.072572	0.28659	0	0	0	0	0	0	0.0908675	0.351398	0	0	0	0	8.38161	12.6397	0	0	0.0449764	0.0783867	0	0	0	0
k107_30833965 flag=0 multi=12.0298 len=16482	16482	13.86	0	0	0	0	0	0	0	0	0	0	0	0	0	0	13.86	23.5397	0	0	0	0	0	0	0	0
k107_3955639 flag=1 multi=6.0000 len=7092	7092	8.00029	0	0	0	0	0	0	0	0	0	0	0	0	0	0	8.00029	6.40713	0	0	0	0	0	0	0	0
k107_19819918 flag=1 multi=6.0000 len=3659	3659	7.54394	0	0	0	0	0	0	0	0	0	0	0	0	0	0	7.54394	10.2637	0	0	0	0	0	0	0	0
k107_23294717 flag=0 multi=7.0636 len=4761	4761	8.84055	0	0	0	0	0	0	0	0	0.135232	0.405151	0	0	0	0	8.70531	15.6675	0	0	0	0	0	0	0	0
k107_13736896 flag=1 multi=8.0000 len=10376	10376	9.08567	0	0	0	0	0	0	0	0	0.0966845	0.124439	0	0	0	0	8.97439	10.8365	0	0	0.014592	0.0147662	0	0	0	0
k107_13015841 flag=1 multi=7.0000 len=19154	19154	8.24597	0	0	0	0	0	0	0	0	0.032039	0.0508587	0	0	0	0	8.15102	12.1546	0	0	0.0629111	0.0744162	0	0	0	0
k107_24057669 flag=1 multi=7.0000 len=6712	6712	8.34431	0	0	0	0	0	0	0	0	0.0939158	0.0947178	0	0	0	0	8.14571	13.1609	0	0	0.10468	0.143826	0	0	0	0
k107_19256656 flag=1 multi=6.0000 len=4656	4656	8.19361	0	0	0	0	0	0	0	0	0	0	0	0	0	0	8.19361	9.48531	0	0	0	0	0	0	0	0
k107_17176894 flag=1 multi=7.0000 len=6346	6346	8.45053	0	0	0	0	0	0	0	0	0	0	0	0	0	0	8.42604	10.2503	0	0	0.0244871	0.0243637	0	0	0	0
k107_11634939 flag=1 multi=7.0000 len=9536	9536	7.23143	0	0	0	0	0	0	0	0	0.0620533	0.0700941	0	0	0	0	7.12151	7.67952	0.0159194	0.0160926	0.0319472	0.0316376	0	0	0	0
k107_9773900 flag=1 multi=12.0000 len=10258	10258	8.06308	0	0	0	0	0	0	0	0	0.030233	0.0294131	0	0	0	0	8.02973	9.46663	0	0	0.0031137	0.00310416	0	0	0	0
k107_24634929 flag=1 multi=8.0000 len=10874	10874	8.95961	0	0	0	0	0	0	0	0	0.0423761	0.0550149	0	0	0	0	8.86076	15.4177	0	0	0.0564699	0.0591496	0	0	0	0
k107_12828594 flag=1 multi=7.0000 len=5258	5258	8.3981	0	0	0	0	0	0	0	0	0	0	0	0	0	0	8.24919	15.8684	0	0	0.14891	0.166687	0	0	0	0
k107_16058313 flag=1 multi=7.0000 len=34410	34410	8.20107	0	0	0	0	0	0	0	0	0.0441245	0.0664655	0	0	0	0	8.14821	10.4589	0	0	0.00873695	0.0087792	0	0	0	0
k107_31694216 flag=1 multi=10.0000 len=10601	10601	8.48257	0	0	0	0	0	0	0	0	0.0585494	0.0820197	0	0	0	0	8.42402	12.2674	0	0	0	0	0	0	0	0
k107_10060500 flag=1 multi=6.0000 len=4647	4647	8.02232	0	0	0	0	0	0	0	0	0	0	0	0	0	0	8.02232	9.88533	0	0	0	0	0	0	0	0
k107_22625508 flag=1 multi=7.0000 len=3588	3588	7.99878	0	0	0	0	0	0	0	0	0.181984	0.2073	0	0	0	0	7.77176	9.45956	0	0	0.0450396	0.0438503	0	0	0	0
k107_26841047 flag=0 multi=12.0424 len=5342	5342	9.06151	0	0	0	0	0	0	0	0	0	0	0	0	0	0	9.06151	14.283	0	0	0	0	0	0	0	0
k107_23790516 flag=1 multi=7.0000 len=3402	3402	9.11484	0	0	0	0	0	0	0	0	0	0	0	0	0	0	9.11484	14.1335	0	0	0	0	0	0	0	0
k107_13092359 flag=1 multi=7.0000 len=13945	13945	8.69677	0	0	0	0	0	0	0	0	0.043832	0.0505201	0	0	0	0	8.58726	10.3849	0	0	0.0656747	0.158908	0	0	0	0
k107_26171430 flag=0 multi=8.5737 len=4834	4834	7.58848	0	0	0	0	0	0	0	0	0.197705	0.250884	0	0	0	0	7.3259	7.55574	0	0	0.064872	0.128865	0	0	0	0
k107_12208836 flag=0 multi=12.1655 len=15647	15647	8.35901	0	0	0	0	0	0	0	0	0.00957967	0.00974173	0	0	0	0	8.32975	11.2961	0.0196807	0.019297	0	0	0	0	0	0
k107_13261034 flag=1 multi=7.0000 len=14362	14362	7.9894	0	0	0	0	0	0	0	0	0.106259	0.141924	0	0	0	0	7.88314	9.88996	0	0	0	0	0	0	0	0
k107_3880841 flag=1 multi=8.0000 len=5472	5472	10.1992	0	0	0	0	0	0	0	0	0	0	0	0	0	0	10.1992	21.4243	0	0	0	0	0	0	0	0
k107_32565450 flag=1 multi=11.0000 len=13126	13126	8.3952	0	0	0	0	0	0	0	0	0.0704148	0.105915	0	0	0	0	8.30685	11.5199	0	0	0.0179351	0.0180628	0	0	0	0
k107_24822542 flag=1 multi=8.0000 len=23743	23743	8.55241	0	0	0	0	0	0	0	0	0.089416	0.142954	0	0	0	0	8.46299	9.66831	0	0	0	0	0	0	0	0
k107_4039496 flag=1 multi=6.0000 len=9422	9422	7.22018	0	0	0	0	0	0	0	0	0.0989035	0.116463	0	0	0	0	7.10746	10.5553	0	0	0.0138158	0.0140548	0	0	0	0
k107_32528321 flag=1 multi=7.0000 len=5532	5532	8.11358	0	0	0	0	0	0	0	0	0.0571702	0.0601538	0	0	0	0	8.05641	9.25327	0	0	0	0	0	0	0	0
k107_28448338 flag=0 multi=7.1913 len=11303	11303	8.17671	0	0	0	0	0	0	0	0	0.16344	0.296317	0	0	0	0	8.00182	9.42609	0	0	0.0114535	0.0115029	0	0	0	0
k107_20056576 flag=1 multi=6.0000 len=5851	5851	8.25104	0	0	0	0	0	0	0	0	0	0	0	0	0	0	8.22454	12.2217	0	0	0.0264913	0.0264769	0	0	0	0
k107_21240952 flag=1 multi=9.0000 len=5307	5307	9.14625	0	0	0	0	0	0	0	0	0.0601399	0.0698935	0	0	0	0	9.08611	10.6949	0	0	0	0	0	0	0	0
k107_21696938 flag=1 multi=7.0000 len=8134	8134	8.8178	0	0	0	0	0	0	0	0	0	0	0	0	0	0	8.8178	8.54466	0	0	0	0	0	0	0	0
k107_7861324 flag=1 multi=7.0000 len=3659	3659	8.82276	0	0	0	0	0	0	0	0	0	0	0	0	0	0	8.69526	11.1069	0	0	0.127495	0.113262	0	0	0	0
k107_25177253 flag=1 multi=5.0000 len=3860	3860	6.1706	0	0	0	0	0	0	0	0	0	0	0	0	0	0	6.1706	6.51966	0	0	0	0	0	0	0	0
k107_26509282 flag=1 multi=7.0000 len=5705	5705	8.25097	0	0	0	0	0	0	0	0	0	0	0	0	0	0	8.196	13.9387	0	0	0.0549695	0.0653594	0	0	0	0
k107_21675611 flag=1 multi=7.0000 len=13270	13270	9.03339	0	0	0	0	0	0	0	0	0.046422	0.0524385	0	0	0	0	8.94163	13.7236	0	0	0.0453424	0.0444089	0	0	0	0
k107_23723902 flag=1 multi=6.0000 len=9241	9241	8.35216	0	0	0	0	0	0	0	0	0.0674572	0.0824891	0	0	0	0	8.25171	8.9959	0	0	0.0330015	0.0664467	0	0	0	0
k107_31316397 flag=0 multi=8.1482 len=4809	4809	8.79343	0	0	0	0	0	0	0	0	0	0	0	0	0	0	8.79343	13.8311	0	0	0	0	0	0	0	0
k107_11684689 flag=1 multi=7.0000 len=12341	12341	8.60902	0	0	0	0	0	0	0	0	0.0375446	0.0521544	0	0	0	0	8.53443	13.3885	0	0	0.0370463	0.0408581	0	0	0	0
k107_28637104 flag=1 multi=7.0000 len=3575	3575	7.56034	0	0	0	0	0	0	0	0	0	0	0	0	0	0	7.42377	10.167	0	0	0.136572	0.191416	0	0	0	0
k107_8558091 flag=1 multi=7.0000 len=10704	10704	7.97222	0	0	0	0	0	0	0	0	0	0	0	0	0	0	7.97222	7.88792	0	0	0	0	0	0	0	0
k107_7886471 flag=1 multi=7.0000 len=4550	4550	7.79049	0	0	0	0	0	0	0	0	0	0	0	0	0	0	7.66172	12.1354	0	0	0.128766	0.208107	0	0	0	0
k107_20553258 flag=0 multi=8.0284 len=4901	4901	8.96478	0	0	0	0	0	0	0	0	0.0650141	0.0944203	0	0	0	0	8.89976	8.92378	0	0	0	0	0	0	0	0
k107_19765788 flag=1 multi=8.0000 len=9955	9955	7.82151	0	0	0	0	0	0	0	0	0.0624676	0.080619	0	0	0	0	7.74381	10.2666	0	0	0.0152284	0.0153996	0	0	0	0
k107_15929223 flag=1 multi=7.2179 len=11057	11057	7.7947	0	0	0	0	0	0	0	0	0.0560669	0.0909425	0	0	0	0	7.73863	11.0403	0	0	0	0	0	0	0	0
k107_21028375 flag=0 multi=8.0013 len=14416	14416	8.6276	0	0	0	0	0	0	0	0	0.0426527	0.0561289	0	0	0	0	8.58495	11.1458	0	0	0	0	0	0	0	0
k107_28288826 flag=0 multi=8.0272 len=10038	10038	8.81337	0	0	0	0	0	0	0	0	0.0308135	0.0565638	0	0	0	0	8.76746	12.8905	0	0	0.0150986	0.0152716	0	0	0	0
k107_14935571 flag=0 multi=7.0621 len=14798	14798	7.97172	0	0	0	0	0	0	0	0	0.0519454	0.0525455	0	0	0	0	7.85858	11.7632	0	0	0.0611893	0.0947482	0	0	0	0
k107_26270803 flag=1 multi=9.0000 len=4096	4096	7.98788	0	0	0	0	0	0	0	0	0.158672	0.159716	0	0	0	0	7.8292	9.99542	0	0	0	0	0	0	0	0
k107_26230120 flag=1 multi=7.0000 len=3000	3000	7.61564	0	0	0	0	0	0	0	0	0	0	0	0	0	0	7.61564	6.62047	0	0	0	0	0	0	0	0
k107_17640895 flag=1 multi=7.0000 len=9176	9176	7.23969	0	0	0	0	0	0	0	0	0.0849673	0.0947552	0	0	0	0	7.15472	10.4662	0	0	0	0	0	0	0	0
k107_8454078 flag=0 multi=54.3140 len=3365	3365	8.04375	0	0	0	0	0	0	0	0	0	0	0	0	0	0	8.04375	7.99623	0	0	0	0	0	0	0	0
k107_21984729 flag=1 multi=7.0000 len=27887	27887	8.66685	0	0	0	0	0	0	0	0	0.0764183	0.110414	0	0	0	0	8.57412	10.9748	0	0	0.0163132	0.0178225	0	0	0	0
k107_17432292 flag=1 multi=7.0000 len=5945	5945	8.44179	0	0	0	0	0	0	0	0	0.0531632	0.0740626	0	0	0	0	8.38862	11.0573	0	0	0	0	0	0	0	0
k107_8160219 flag=0 multi=6.0299 len=4692	4692	7.60433	0	0	0	0	0	0	0	0	0	0	0	0	0	0	7.60433	9.68795	0	0	0	0	0	0	0	0
k107_29067153 flag=3 multi=23.9976 len=51637	51637	10.7103	0	0	0	0	0	0	0	0	0	0	0	0	0	0	10.7045	14.282	0	0	0	0	0	0	0.00586345	0.00736763
k107_7311335 flag=1 multi=9.0000 len=4609	4609	7.88925	0	0	0	0	0	0	0	0	0.068261	0.133981	0	0	0	0	7.82099	10.1293	0	0	0	0	0	0	0	0
k107_19750098 flag=1 multi=8.0000 len=6857	6857	8.70282	0	0	0	0	0	0	0	0	0.137605	0.188682	0	0	0	0	8.54249	10.2908	0	0	0.0227307	0.0225106	0	0	0	0
k107_15760499 flag=1 multi=7.0000 len=24767	24767	8.88845	0	0	0	0	0	0	0	0	0.0369916	0.0529686	0	0	0	0	8.79693	12.5595	0	0	0.0545269	0.0623538	0	0	0	0
k107_19057867 flag=1 multi=8.0000 len=6751	6751	10.0999	0	0	0	0	0	0	0	0	0	0	0	0	0	0	10.0538	14.0409	0	0	0.0460537	0.0446453	0	0	0	0
k107_6696795 flag=1 multi=6.0000 len=9040	9040	7.42447	0	0	0	0	0	0	0	0	0.0344472	0.0475616	0	0	0	0	7.35592	10.3999	0	0	0.0341039	0.0667937	0	0	0	0
k107_29070320 flag=0 multi=8.0514 len=9763	9763	7.94387	0.0319205	0.0457006	0	0	0	0	0	0	0	0	0	0	0	0	7.91195	9.8124	0	0	0	0	0	0	0	0
k107_25300470 flag=1 multi=7.0000 len=10187	10187	8.88032	0	0	0	0	0	0	0	0	0.0610015	0.0867099	0	0	0	0	8.69944	9.37926	0	0	0.119879	0.209272	0	0	0	0
k107_23817371 flag=1 multi=7.0000 len=5824	5824	8.751	0	0	0	0	0	0	0	0	0.0586744	0.0756988	0	0	0	0	8.69232	11.5151	0	0	0	0	0	0	0	0
k107_21180625 flag=0 multi=7.2780 len=7064	7064	7.89988	0	0	0	0	0	0	0	0	0.0445135	0.0471083	0	0	0	0	7.85537	13.9685	0	0	0	0	0	0	0	0
k107_26993837 flag=1 multi=7.2968 len=4436	4436	8.62288	0	0	0	0	0	0	0	0	0.146105	0.338679	0	0	0	0	8.47678	8.61422	0	0	0	0	0	0	0	0
k107_35301622 flag=1 multi=36.0000 len=8569	8569	8.74852	0	0	0	0	0	0	0	0	0.10935	0.311207	0	0	0	0	8.57046	14.5056	0	0	0.0687069	0.131481	0	0	0	0
k107_368476 flag=1 multi=6.0000 len=8040	8040	7.7772	0	0	0	0	0	0	0	0	0	0	0	0	0	0	7.71957	8.68747	0	0	0.0576376	0.0931151	0	0	0	0
k107_18726156 flag=1 multi=6.0000 len=7719	7719	7.75691	0	0	0	0	0	0	0	0	0	0	0	0	0	0	7.75691	12.0547	0	0	0	0	0	0	0	0
k107_14167500 flag=1 multi=7.9720 len=6113	6113	8.2528	0	0	0	0	0	0	0	0	0.207021	0.403935	0	0	0	0	8.04578	7.04885	0	0	0	0	0	0	0	0
k107_31194326 flag=1 multi=6.0000 len=3077	3077	7.18631	0	0	0	0	0	0	0	0	0	0	0	0	0	0	7.18631	6.45025	0	0	0	0	0	0	0	0
k107_13030657 flag=1 multi=7.0000 len=15068	15068	7.34546	0	0	0	0	0	0	0	0	0.0610863	0.113015	0	0	0	0	7.27441	10.3446	0	0	0.0099553	0.0101238	0	0	0	0
k107_24672820 flag=1 multi=6.0000 len=3765	3765	8.00289	0	0	0	0	0	0	0	0	0.162576	0.221297	0	0	0	0	7.79757	9.30752	0.0427375	0.0417203	0	0	0	0	0	0
k107_10032234 flag=1 multi=7.4578 len=21558	21558	8.19698	0	0	0	0	0	0	0	0	0.0419176	0.104855	0	0	0	0	8.15506	11.139	0	0	0	0	0	0	0	0
k107_35318684 flag=1 multi=7.0000 len=2617	2617	7.8121	0	0	0	0	0	0	0	0	0	0	0	0	0	0	7.8121	12.1221	0	0	0	0	0	0	0	0
k107_23608215 flag=1 multi=7.0000 len=23824	23824	7.86783	0	0	0	0	0	0	0	0	0.0444265	0.0531238	0	0	0	0	7.8234	9.11093	0	0	0	0	0	0	0	0
k107_17882001 flag=1 multi=7.0000 len=11682	11682	8.4362	0	0	0	0	0	0	0	0	0.0264499	0.0365564	0	0	0	0	8.35765	14.1321	0	0	0.052109	0.0680131	0	0	0	0
k107_5171625 flag=1 multi=7.0000 len=3284	3284	8.74078	0	0	0	0	0	0	0	0	0	0	0	0	0	0	8.69115	9.65911	0	0	0.0496311	0.0480886	0	0	0	0
k107_16285334 flag=1 multi=7.0000 len=6674	6674	8.56654	0	0	0	0	0	0	0	0	0	0	0	0	0	0	8.56654	9.0096	0	0	0	0	0	0	0	0
k107_2941622 flag=1 multi=6.0000 len=3932	3932	7.36198	0	0	0	0	0	0	0	0	0.0831956	0.0944835	0	0	0	0	7.27879	10.4636	0	0	0	0	0	0	0	0
k107_17336031 flag=1 multi=9.0000 len=47214	47214	8.49601	0	0	0	0	0	0	0	0	0.0770379	0.115367	0	0	0	0	8.38743	11.1402	0	0	0.0315484	0.0422332	0	0	0	0
k107_19832482 flag=1 multi=12.0000 len=4578	4578	9.07881	0	0	0	0	0	0	0	0	0.0703929	0.102606	0	0	0	0	9.00842	10.8204	0	0	0	0	0	0	0	0
k107_17655562 flag=1 multi=7.0000 len=6121	6121	9.1172	0	0	0	0	0	0	0	0	0.103798	0.166607	0	0	0	0	9.0134	13.0026	0	0	0	0	0	0	0	0
k107_8685028 flag=1 multi=12.5772 len=13036	13036	8.21824	0	0	0	0	0	0	0	0	0.023716	0.0438816	0	0	0	0	8.15965	8.70001	0	0	0.0348673	0.05372	0	0	0	0
k107_7334556 flag=1 multi=7.0000 len=9126	9126	8.82015	0	0	0	0	0	0	0	0	0.0339982	0.0416691	0	0	0	0	8.75204	10.8845	0	0	0.0341115	0.0573039	0	0	0	0
k107_3966676 flag=1 multi=8.0000 len=3753	3753	9.1672	0	0	0	0	0	0	0	0	0.127499	0.186913	0	0	0	0	9.0397	12.0325	0	0	0	0	0	0	0	0
k107_12203112 flag=0 multi=7.2719 len=8367	8367	7.97161	0	0	0	0	0	0	0	0	0	0	0	0	0	0	7.97161	9.98022	0	0	0	0	0	0	0	0
k107_11527789 flag=0 multi=6.9920 len=4217	4217	8.14483	0	0	0	0	0	0	0	0	0.0768838	0.0727401	0	0	0	0	8.06794	6.87271	0	0	0	0	0	0	0	0
k107_8408895 flag=0 multi=6.2114 len=16193	16193	7.65358	0	0	0	0	0	0	0	0	0.0189415	0.0186468	0	0	0	0	7.62513	8.35665	0.00950223	0.00941329	0	0	0	0	0	0
k107_18966970 flag=1 multi=7.0000 len=3141	3141	8.323	0	0	0	0	0	0	0	0	0	0	0	0	0	0	8.323	8.37181	0	0	0	0	0	0	0	0
k107_17862909 flag=1 multi=7.0000 len=5909	5909	8.16997	0	0	0	0	0	0	0	0	0.0727662	0.0940338	0	0	0	0	8.0972	11.4942	0	0	0	0	0	0	0	0
k107_35122881 flag=0 multi=8.0755 len=6819	6819	7.92343	0	0	0	0	0	0	0	0	0.0688967	0.064689	0	0	0	0	7.85453	11.0095	0	0	0	0	0	0	0	0
k107_105916 flag=1 multi=7.0000 len=21028	21028	8.12429	0	0	0	0	0	0	0	0	0.0873782	0.179427	0	0	0	0	8.03691	12.6287	0	0	0	0	0	0	0	0
k107_13668646 flag=1 multi=8.0000 len=10762	10762	8.13203	0	0	0	0	0	0	0	0	0	0	0	0	0	0	8.06109	13.671	0	0	0.0709369	0.0719349	0	0	0	0
k107_959397 flag=1 multi=7.0000 len=4039	4039	7.94113	0	0	0	0	0	0	0	0	0	0	0	0	0	0	7.94113	10.5026	0	0	0	0	0	0	0	0
k107_29344630 flag=1 multi=7.0000 len=4987	4987	7.97012	0	0	0	0	0	0	0	0	0	0	0	0	0	0	7.97012	7.7287	0	0	0	0	0	0	0	0
k107_19882442 flag=1 multi=7.0000 len=6970	6970	8.95336	0	0	0	0	0	0	0	0	0.135573	0.205621	0	0	0	0	8.81779	9.19991	0	0	0	0	0	0	0	0
k107_32086579 flag=1 multi=7.0000 len=43041	43041	8.40436	0	0	0	0	0	0	0	0	0.0667072	0.0821291	0	0	0	0	8.28208	12.5091	0	0	0.0555699	0.105086	0	0	0	0
k107_34692595 flag=1 multi=8.0000 len=7560	7560	8.69895	0	0	0	0	0	0	0	0	0	0	0	0	0	0	8.65803	10.054	0	0	0.0409204	0.0481569	0	0	0	0
k107_12594853 flag=1 multi=9.0000 len=12557	12557	8.09425	0	0	0	0	0	0	0	0	0.147124	0.183455	0	0	0	0	7.94712	14.7611	0	0	0	0	0	0	0	0
k107_25838434 flag=1 multi=8.0000 len=4235	4235	9.41114	0	0	0	0	0	0	0	0	0.0564455	0.0695497	0	0	0	0	9.24231	10.1659	0	0	0.112382	0.110589	0	0	0	0
k107_3506442 flag=1 multi=7.0000 len=10805	10805	7.43207	0	0	0	0	0	0	0	0	0.0287537	0.0473537	0	0	0	0	7.37523	10.0988	0	0	0.0280872	0.0279291	0	0	0	0
k107_19201723 flag=1 multi=8.0000 len=24592	24592	8.46575	0	0	0	0	0	0	0	0	0.0476328	0.0627372	0	0	0	0	8.41811	10.3583	0	0	0	0	0	0	0	0
k107_11500056 flag=1 multi=7.0071 len=17562	17562	8.44305	0	0	0	0	0	0	0	0	0.122074	0.161685	0	0	0	0	8.30377	9.59208	0	0	0.0172074	0.0171916	0	0	0	0
k107_9361880 flag=1 multi=7.0000 len=6919	6919	8.56053	0	0	0	0	0	0	0	0	0.113344	0.135247	0	0	0	0	8.44718	10.0458	0	0	0	0	0	0	0	0
k107_2027737 flag=1 multi=15.0000 len=31127	31127	8.29846	0	0	0	0	0	0	0	0	0.0243633	0.028696	0	0	0	0	8.25492	11.9043	0	0	0.0191727	0.0350989	0	0	0	0
k107_32808184 flag=0 multi=8.0393 len=9054	9054	8.83238	0	0	0	0	0	0	0	0	0.0345064	0.0426898	0	0	0	0	8.79787	12.9257	0	0	0	0	0	0	0	0
k107_2265402 flag=1 multi=6.0000 len=12098	12098	7.34342	0	0	0	0	0	0	0	0	0.0765514	0.109057	0	0	0	0	7.25441	8.7442	0	0	0.0124619	0.0126389	0	0	0	0
k107_5923734 flag=1 multi=8.0000 len=15252	15252	8.26201	0	0	0	0	0	0	0	0	0.06	0.0794076	0	0	0	0	8.15258	11.3593	0	0	0.0494314	0.0654864	0	0	0	0
k107_32606867 flag=0 multi=55.2554 len=4011	4011	9.18064	0	0	0	0	0	0	0	0	0	0	0	0	0	0	9.18064	8.32644	0	0	0	0	0	0	0	0
k107_32883036 flag=1 multi=10.0000 len=36280	36280	7.96334	0	0	0	0	0	0	0	0	0.0921396	0.121426	0	0	0	0	7.83818	11.484	0	0	0.0330202	0.0437179	0	0	0	0
k107_17873459 flag=1 multi=6.0000 len=4676	4676	8.20256	0	0	0	0	0	0	0	0	0	0	0	0	0	0	8.20256	10.8187	0	0	0	0	0	0	0	0
k107_28634723 flag=1 multi=8.0000 len=3053	3053	8.36387	0	0	0	0	0	0	0	0	0	0	0	0	0	0	8.36387	8.36274	0	0	0	0	0	0	0	0
k107_33520950 flag=1 multi=7.0000 len=4013	4013	8.51981	0	0	0	0	0	0	0	0	0.0813797	0.122216	0	0	0	0	8.43843	13.9304	0	0	0	0	0	0	0	0
k107_21791983 flag=1 multi=7.0000 len=4678	4678	8.06833	0	0	0	0	0	0	0	0	0	0	0	0	0	0	7.90745	9.4156	0	0	0.160878	0.259377	0	0	0	0
k107_10277678 flag=0 multi=8.1779 len=3485	3485	8.41031	0	0	0	0	0	0	0	0	0	0	0	0	0	0	8.36412	7.7958	0	0	0.0461828	0.045198	0	0	0	0
k107_12311448 flag=1 multi=23.0000 len=13375	13375	8.92955	0	0	0	0	0	0	0	0	0	0	0	0	0	0	8.55603	16.1119	0	0	0.373518	1.44619	0	0	0	0
k107_9461061 flag=1 multi=48.0000 len=3941	3941	7.51992	0	0	0	0	0	0	0	0	0	0	0	0	0	0	7.47953	7.48082	0	0	0.0403957	0.0397862	0	0	0	0
k107_28445257 flag=0 multi=8.0627 len=4012	4012	7.57844	0	0	0	0	0	0	0	0	0	0	0	0	0	0	7.57844	9.30287	0	0	0	0	0	0	0	0
k107_21326019 flag=1 multi=7.0000 len=4745	4745	7.93158	0	0	0	0	0	0	0	0	0	0	0	0	0	0	7.93158	14.3531	0	0	0	0	0	0	0	0
k107_4154362 flag=1 multi=10.0000 len=24226	24226	8.21138	0	0	0	0	0	0	0	0	0.0628657	0.0860521	0	0	0	0	8.14851	10.8778	0	0	0	0	0	0	0	0
k107_13964615 flag=1 multi=8.9642 len=19824	19824	7.99795	0	0	0	0	0	0	0	0	0.0231534	0.0259558	0	0	0	0	7.9748	9.54558	0	0	0	0	0	0	0	0
k107_33052945 flag=0 multi=7.7476 len=7274	7274	6.92671	0	0	0	0	0	0	0	0	0	0	0	0	0	0	6.92671	7.62017	0	0	0	0	0	0	0	0
k107_22194540 flag=1 multi=40.0000 len=9957	9957	8.79047	0	0	0	0	0	0	0	0	0	0	0	0	0	0	8.74935	12.2318	0	0	0.0411186	0.0400953	0	0	0	0
k107_891769 flag=1 multi=6.0000 len=6604	6604	7.80879	0	0	0	0	0	0	0	0	0	0	0	0	0	0	7.78546	9.69992	0	0	0.0233259	0.0233951	0	0	0	0
k107_20765312 flag=1 multi=7.0536 len=3705	3705	8.83426	0	0	0	0	0	0	0	0	0	0	0	0	0	0	8.83426	13.9101	0	0	0	0	0	0	0	0
k107_3691761 flag=1 multi=9.6939 len=8605	8605	9.1544	0	0	0	0	0	0	0	0	0.0177044	0.017862	0	0	0	0	9.1367	11.9359	0	0	0	0	0	0	0	0
k107_25437597 flag=0 multi=7.0349 len=7146	7146	8.02689	0	0	0	0	0	0	0	0	0.13194	0.166613	0	0	0	0	7.89494	7.88003	0	0	0	0	0	0	0	0
k107_32486842 flag=1 multi=7.0000 len=8765	8765	8.32908	0	0	0	0	0	0	0	0	0	0	0	0	0	0	8.2941	8.7325	0	0	0.0349758	0.0623099	0	0	0	0
k107_13186871 flag=1 multi=6.0000 len=3362	3362	7.62026	0	0	0	0	0	0	0	0	0	0	0	0	0	0	7.5219	13.0566	0	0	0	0	0	0	0.098366	0.17594
k107_2367246 flag=1 multi=7.0000 len=16770	16770	8.29402	0	0	0	0	0	0	0	0	0.0366772	0.0490565	0	0	0	0	8.24836	11.5748	0	0	0.00898713	0.00908895	0	0	0	0
k107_8804312 flag=1 multi=7.0000 len=21001	21001	8.48746	0	0	0	0	0	0	0	0	0.0218368	0.0214097	0	0	0	0	8.45838	12.3641	0	0	0.00724673	0.00723724	0	0	0	0
k107_8884472 flag=1 multi=36.0000 len=3949	3949	8.29504	0	0	0	0	0	0	0	0	0.0408555	0.039696	0	0	0	0	8.25418	11.8609	0	0	0	0	0	0	0	0
k107_27748319 flag=1 multi=7.0000 len=10138	10138	7.89345	0	0	0	0	0	0	0	0	0.0307035	0.0297643	0	0	0	0	7.83276	10.4298	0	0	0.0299919	0.0297646	0	0	0	0
k107_27276488 flag=1 multi=6.0000 len=16066	16066	7.24918	0	0	0	0	0	0	0	0	0.0668612	0.0822315	0	0	0	0	7.16347	9.78842	0	0	0.0188404	0.0187913	0	0	0	0
k107_298587 flag=1 multi=16.0000 len=11121	11121	7.62834	0	0	0	0	0	0	0	0	0.0695998	0.0967304	0	0	0	0	7.53129	9.19767	0	0	0.0274517	0.0448923	0	0	0	0
k107_26598187 flag=0 multi=38.3487 len=5891	5891	12.3684	0	0	0	0	0	0	0	0	0	0	0	0	0	0	12.3684	36.0015	0	0	0	0	0	0	0	0
k107_12704065 flag=1 multi=8.0000 len=8403	8403	8.24009	0	0	0	0	0	0	0	0	0	0	0	0	0	0	8.24009	17.0155	0	0	0	0	0	0	0	0
k107_19759162 flag=1 multi=9.0000 len=6259	6259	7.84825	0	0	0	0	0	0	0	0	0	0	0	0	0	0	7.84825	9.20241	0	0	0	0	0	0	0	0
k107_9532562 flag=0 multi=8.1275 len=8093	8093	8.37402	0	0	0	0	0	0	0	0	0.038506	0.0377719	0	0	0	0	8.33552	10.3832	0	0	0	0	0	0	0	0
k107_11930186 flag=1 multi=7.0000 len=6606	6606	8.6856	0	0	0	0	0	0	0	0	0.0953363	0.11456	0	0	0	0	8.59026	11.9174	0	0	0	0	0	0	0	0
k107_7939795 flag=0 multi=58.3693 len=6262	6262	10.7503	0	0	0.363926	1.77734	0.101846	0.202843	0.13406	0.472609	0	0	0.0493289	0.0984556	0	0	10.1012	14.9847	0	0	0	0	0	0	0	0
k107_1012734 flag=0 multi=35.7860 len=4083	4083	8.04523	0	0	0	0	0	0	0	0	0	0	0	0	0	0	8.04523	12.6257	0	0	0	0	0	0	0	0
k107_28424128 flag=1 multi=19.0000 len=14368	14368	8.4117	0	0	0	0	0	0	0	0	0	0	0	0	0	0	8.3908	11.0459	0	0	0.0209015	0.021008	0	0	0	0
k107_26129251 flag=1 multi=7.0000 len=4938	4938	8.78861	0	0	0	0	0	0	0	0	0.193917	0.185756	0	0	0	0	8.59469	12.2533	0	0	0	0	0	0	0	0
k107_25646433 flag=1 multi=7.0000 len=8652	8652	8.11928	0	0	0	0	0	0	0	0	0.0361677	0.039657	0	0	0	0	8.0479	9.19141	0	0	0.0352096	0.0348664	0	0	0	0
k107_25891975 flag=1 multi=7.0000 len=12443	12443	8.51297	0	0	0	0	0	0	0	0	0	0	0	0	0	0	8.46388	14.1576	0	0	0.0490899	0.0686949	0	0	0	0
k107_8768003 flag=1 multi=7.0000 len=21075	21075	8.41655	0	0	0	0	0	0	0	0	0.0289318	0.047495	0	0	0	0	8.34492	10.32	0	0	0.0426997	0.0678178	0	0	0	0
k107_842329 flag=1 multi=20.0000 len=16804	16804	8.0486	0	0	0	0	0	0	0	0	0.118228	0.170633	0	0	0	0	7.91244	10.0962	0	0	0.0179372	0.0179677	0	0	0	0
k107_30014347 flag=0 multi=27.9962 len=7995	7995	8.68569	0	0	0	0	0	0	0	0	0.117119	0.135116	0	0	0	0	8.56857	11.0815	0	0	0	0	0	0	0	0
k107_30313379 flag=1 multi=7.0000 len=3523	3523	7.94381	0	0	0	0	0	0	0	0	0	0	0	0	0	0	7.94381	7.63243	0	0	0	0	0	0	0	0
k107_34842569 flag=1 multi=7.0000 len=12204	12204	8.12737	0	0	0	0	0	0	0	0	0.0253739	0.0472672	0	0	0	0	8.08948	9.44416	0	0	0.0125189	0.0125311	0	0	0	0
k107_10238464 flag=1 multi=7.0000 len=8081	8081	8.01298	0	0	0	0	0	0	0	0	0.0388225	0.0373159	0	0	0	0	7.97416	8.61168	0	0	0	0	0	0	0	0
k107_9348524 flag=1 multi=9.0000 len=2619	2619	8.38369	0	0	0	0	0	0	0	0	0.130341	0.181631	0	0	0	0	8.25334	10.6795	0	0	0	0	0	0	0	0
k107_26788491 flag=0 multi=7.0365 len=11388	11388	8.31779	0	0	0	0	0	0	0	0	0.0945336	0.107911	0	0	0	0	8.22325	10.2448	0	0	0	0	0	0	0	0
k107_10681392 flag=1 multi=10.0000 len=27775	27775	8.25341	0	0	0	0	0	0	0	0	0.0654097	0.126485	0	0	0	0	8.188	12.7378	0	0	0	0	0	0	0	0
k107_22866352 flag=1 multi=9.0000 len=12300	12300	8.15644	0	0	0	0	0	0	0	0	0.0500917	0.0624878	0	0	0	0	8.05668	8.58501	0	0	0.0496749	0.065659	0	0	0	0
k107_15932542 flag=1 multi=7.0000 len=11623	11623	7.89683	0	0	0	0	0	0	0	0	0.0131614	0.0131632	0	0	0	0	7.87059	10.3522	0	0	0.0130731	0.0131634	0	0	0	0
k107_8188406 flag=0 multi=13.1686 len=4566	4566	7.50117	0	0	0	0	0	0	0	0	0.0708255	0.0874049	0	0	0	0	7.43035	9.00345	0	0	0	0	0	0	0	0
k107_2815605 flag=1 multi=7.0000 len=3120	3120	8.09723	0	0	0	0	0	0	0	0	0.106813	0.106089	0	0	0	0	7.99042	10.1846	0	0	0	0	0	0	0	0
k107_35796351 flag=1 multi=13.0000 len=25521	25521	8.32039	0	0	0	0	0	0	0	0	0.0415163	0.0776952	0	0	0	0	8.2671	10.4284	0.0059479	0.00594818	0.00582894	0.00594776	0	0	0	0
k107_21707278 flag=1 multi=7.0000 len=2635	2635	8.81783	0	0	0	0	0	0	0	0	0.25718	0.43637	0	0	0	0	8.36991	10.7819	0	0	0.190742	0.15653	0	0	0	0
k107_2898311 flag=1 multi=7.0000 len=2988	2988	7.95607	0	0	0	0	0	0	0	0	0.224125	0.487198	0	0	0	0	7.73194	8.25496	0	0	0	0	0	0	0	0
k107_2892213 flag=1 multi=23.0000 len=16064	16064	8.09383	0	0	0	0	0	0	0	0	0.0574166	0.0768891	0	0	0	0	7.97995	13.2009	0	0	0.0564649	0.0782818	0	0	0	0
k107_1965125 flag=1 multi=8.0000 len=10715	10715	9.28071	0	0	0	0	0	0	0	0	0.0290022	0.0477632	0	0	0	0	9.20907	13.0332	0	0	0.042639	0.0706191	0	0	0	0
k107_33456913 flag=1 multi=6.0000 len=18672	18672	7.96913	0	0	0	0	0	0	0	0	0.0655961	0.0962626	0	0	0	0	7.87948	10.051	0	0	0.024061	0.0364658	0	0	0	0
k107_1323957 flag=0 multi=8.4400 len=3543	3543	7.48534	0	0	0	0	0	0	0	0	0	0	0	0	0	0	7.48534	8.03889	0	0	0	0	0	0	0	0
k107_32239453 flag=1 multi=15.0000 len=6660	6660	8.32683	0	0	0	0	0	0	0	0	0	0	0	0	0	0	8.32683	11.4321	0	0	0	0	0	0	0	0
k107_8792668 flag=0 multi=9.7785 len=14279	14279	8.55191	0	0	0	0	0	0	0	0	0.0323388	0.0410905	0	0	0	0	8.47235	17.519	0	0	0.0472204	0.073391	0	0	0	0
k107_2152503 flag=1 multi=7.0000 len=14964	14964	7.83727	0	0	0	0	0	0	0	0	0.0205293	0.020176	0	0	0	0	7.79662	11.419	0	0	0.02012	0.020177	0	0	0	0
k107_10156601 flag=1 multi=8.0000 len=32755	32755	8.73232	0	0	0	0	0	0	0	0	0.064863	0.0824358	0	0	0	0	8.64909	11.2271	0.00930576	0.00922353	0.00905926	0.00922266	0	0	0	0
k107_32548799 flag=1 multi=7.0000 len=6946	6946	7.27995	0	0	0	0	0	0	0	0	0	0	0	0	0	0	7.21358	7.85339	0	0	0.0663757	0.0819023	0	0	0	0
k107_24664496 flag=1 multi=13.0000 len=14066	14066	9.23961	0	0	0	0	0	0	0	0	0.065388	0.0980841	0	0	0	0	9.15264	14.2801	0	0	0.021578	0.0343997	0	0	0	0
k107_31600832 flag=1 multi=6.0000 len=3552	3552	7.60585	0	0	0	0	0	0	0	0	0.0923077	0.140332	0	0	0	0	7.51354	15.6184	0	0	0	0	0	0	0	0
k107_2960742 flag=1 multi=6.0000 len=9662	9662	7.30182	0	0	0	0	0	0	0	0	0	0	0	0	0	0	7.27019	7.26238	0	0	0.0316239	0.0503619	0	0	0	0
k107_16612661 flag=1 multi=7.0000 len=7645	7645	9.0429	0	0	0	0	0	0	0	0	0.0411276	0.0745886	0	0	0	0	8.85932	12.0589	0	0	0.142449	0.2104	0	0	0	0
k107_26255256 flag=1 multi=8.0000 len=10754	10754	8.18733	0	0	0	0	0	0	0	0	0.0573096	0.0745488	0	0	0	0	8.07281	10.8707	0	0	0.0572139	0.0659308	0	0	0	0
k107_22788011 flag=1 multi=8.0000 len=4569	4569	8.90157	0	0	0	0	0	0	0	0	0.0707757	0.133289	0	0	0	0	8.83079	8.44051	0	0	0	0	0	0	0	0
k107_27722638 flag=1 multi=8.0000 len=2716	2716	8.87241	0	0	0	0	0	0	0	0	0	0	0	0	0	0	8.75021	12.6812	0	0	0.122204	0.21724	0	0	0	0
k107_11598777 flag=1 multi=9.0000 len=73426	73426	10.6272	0	0	0	0	0	0	0	0	0	0	0	0	0	0	10.6129	15.2394	0.00619496	0.00942964	0.00817789	0.00936299	0	0	0	0
k107_26905210 flag=1 multi=6.0000 len=8658	8658	7.54631	0	0	0	0	0	0	0	0	0	0	0	0	0	0	7.52848	9.62267	0	0	0.0178315	0.0177405	0	0	0	0
k107_415110 flag=1 multi=7.0000 len=4156	4156	9.04048	0	0	0	0	0	0	0	0	0	0	0	0	0	0	9.03944	10.4896	0	0	0.00103788	0.00207198	0	0	0	0
k107_27114179 flag=1 multi=6.0000 len=10191	10191	7.48761	0	0	0	0	0	0	0	0	0.0761452	0.0893534	0	0	0	0	7.38154	11.8709	0	0	0.0299322	0.0348735	0	0	0	0
k107_5328510 flag=1 multi=7.0000 len=4953	4953	8.02064	0	0	0	0	0	0	0	0	0.0645023	0.0684669	0	0	0	0	7.95614	11.3816	0	0	0	0	0	0	0	0
k107_5249252 flag=1 multi=7.0000 len=5696	5696	7.98183	0	0	0	0	0	0	0	0	0	0	0	0	0	0	7.95755	9.67576	0	0	0.0242862	0.0242245	0	0	0	0
k107_2856288 flag=1 multi=7.0000 len=9776	9776	8.03008	0	0	0	0	0	0	0	0	0.0317712	0.0342378	0	0	0	0	7.99831	11.5259	0	0	0	0	0	0	0	0
k107_17445039 flag=1 multi=7.0000 len=33154	33154	8.60051	0	0	0	0	0	0	0	0	0.0549434	0.0794527	0	0	0	0	8.49403	11.3011	0	0	0.04986	0.0669513	0.00167418	0.0017329	0	0
k107_16745015 flag=1 multi=7.0000 len=10543	10543	8.43638	0	0	0	0	0	0	0	0	0.0437457	0.0430611	0	0	0	0	8.37936	11.4579	0	0	0.01328	0.0131999	0	0	0	0
k107_24434097 flag=1 multi=6.0000 len=9166	9166	8.35616	0.0339576	0.0408104	0	0	0	0	0	0	0.101534	0.140524	0	0	0	0	8.22067	12.0286	0	0	0	0	0	0	0	0
k107_3019275 flag=1 multi=11.0000 len=3557	3557	7.64885	0	0	0	0	0	0	0	0	0	0	0	0	0	0	7.64885	5.3071	0	0	0	0	0	0	0	0
k107_6425937 flag=1 multi=6.0000 len=4362	4362	7.6532	0	0	0	0	0	0	0	0	0.185961	0.252442	0	0	0	0	7.46724	9.97154	0	0	0	0	0	0	0	0
k107_9979215 flag=1 multi=9.4949 len=22164	22164	9.1224	0	0	0	0	0	0	0	0	0.00686122	0.00685801	0	0	0	0	9.11554	11.946	0	0	0	0	0	0	0	0
k107_4876825 flag=1 multi=7.0000 len=19911	19911	8.49579	0	0	0	0	0	0	0	0	0.0459993	0.0595716	0	0	0	0	8.445	12.2125	0	0	0.00479372	0.00727649	0	0	0	0
k107_12158669 flag=1 multi=9.0000 len=15324	15324	8.83411	0	0	0	0	0	0	0	0	0.12029	0.265097	0	0	0	0	8.68446	9.89259	0	0	0.0293569	0.0292499	0	0	0	0
k107_8433722 flag=0 multi=7.0297 len=11618	11618	8.99373	0	0	0	0	0	0	0	0	0.0265995	0.031273	0	0	0	0	8.96713	11.2529	0	0	0	0	0	0	0	0
k107_32770727 flag=1 multi=6.0000 len=14657	14657	7.96134	0	0	0	0	0	0	0	0	0.0838732	0.119154	0	0	0	0	7.86715	8.79594	0	0	0.01031	0.0104085	0	0	0	0
k107_16881835 flag=1 multi=7.0000 len=7177	7177	7.83258	0	0	0	0	0	0	0	0	0.131636	0.170292	0	0	0	0	7.65731	12.0404	0	0	0.0436364	0.0818799	0	0	0	0
k107_27128430 flag=1 multi=9.0000 len=3696	3696	7.85592	0	0	0	0	0	0	0	0	0	0	0	0	0	0	7.85592	5.35757	0	0	0	0	0	0	0	0
k107_23787188 flag=1 multi=8.0000 len=6079	6079	9.12429	0.0522763	0.0568361	0	0	0	0	0	0	0.417864	0.40367	0	0	0	0	8.12411	13.4069	0.0521032	0.0627114	0.47793	0.494353	0	0	0	0
k107_9036788 flag=1 multi=7.0000 len=6472	6472	8.12804	0	0	0	0	0	0	0	0	0.0489465	0.0776949	0	0	0	0	8.05997	9.49886	0	0	0.0191248	0.0193853	0	0	0	0
k107_31616219 flag=1 multi=8.0000 len=10866	10866	8.39937	0	0	0	0	0	0	0	0	0.0285877	0.0482266	0	0	0	0	8.37079	10.8031	0	0	0	0	0	0	0	0
k107_29843880 flag=1 multi=6.0000 len=5728	5728	8.07667	0	0	0	0	0	0	0	0	0	0	0	0	0	0	8.07667	8.66953	0	0	0	0	0	0	0	0
k107_10054587 flag=1 multi=7.0000 len=8803	8803	7.81873	0	0	0	0	0	0	0	0	0.141866	0.146618	0	0	0	0	7.58217	10.1769	0	0	0.0946947	0.200786	0	0	0	0
k107_159171 flag=1 multi=7.0000 len=5831	5831	8.60951	0	0	0	0	0	0	0	0	0	0	0	0	0	0	8.60951	13.8436	0	0	0	0	0	0	0	0
k107_33110855 flag=0 multi=8.0019 len=8146	8146	8.86831	0	0	0	0	0	0	0	0	0.0767466	0.118505	0	0	0	0	8.75382	13.9083	0	0	0.0377358	0.0370335	0	0	0	0
k107_32910591 flag=1 multi=6.0000 len=2625	2625	6.79079	0	0	0	0	0	0	0	0	0	0	0	0	0	0	6.79079	6.61163	0	0	0	0	0	0	0	0
k107_5214671 flag=0 multi=6.2739 len=2863	2863	7.52284	0	0	0	0	0	0	0	0	0	0	0	0	0	0	7.52284	6.62733	0	0	0	0	0	0	0	0
k107_13264733 flag=1 multi=6.0000 len=7630	7630	8.35398	0	0	0	0	0	0	0	0	0.0822871	0.290201	0	0	0	0	8.2717	11.5798	0	0	0	0	0	0	0	0
k107_11433247 flag=1 multi=8.0000 len=4555	4555	8.3233	0	0	0	0	0	0	0	0	0.140607	0.162312	0	0	0	0	8.18269	14.313	0	0	0	0	0	0	0	0
k107_7750915 flag=1 multi=7.0000 len=7379	7379	8.67486	0	0	0	0	0	0	0	0	0.0425321	0.0688428	0	0	0	0	8.59079	10.4778	0	0	0.041543	0.0691272	0	0	0	0
k107_23481430 flag=1 multi=7.0000 len=10302	10302	7.5677	0	0	0	0	0	0	0	0	0.06	0.0905617	0	0	0	0	7.4393	9.84093	0	0	0.0684	0.0850199	0	0	0	0
k107_29066917 flag=0 multi=7.1743 len=16322	16322	8.26704	0	0	0	0	0	0	0	0	0.0188514	0.0322404	0	0	0	0	8.24819	10.2558	0	0	0	0	0	0	0	0
k107_17938857 flag=1 multi=8.0000 len=14919	14919	8.36752	0	0	0	0	0	0	0	0	0.102689	0.164647	0	0	0	0	8.24444	10.2772	0	0	0.0203872	0.0202358	0	0	0	0
k107_24338948 flag=1 multi=6.0000 len=3813	3813	7.79351	0	0	0	0	0	0	0	0	0	0	0	0	0	0	7.79351	6.25615	0	0	0	0	0	0	0	0
k107_6142055 flag=1 multi=7.0000 len=14086	14086	8.80768	0	0	0	0	0	0	0	0	0	0	0	0	0	0	8.7862	13.1513	0	0	0.0214742	0.0307204	0	0	0	0
k107_17168119 flag=1 multi=11.0000 len=2846	2846	9.67256	0	0	0	0	0	0	0	0	0	0	0	0	0	0	9.57665	9.92168	0	0	0.0959119	0.142444	0	0	0	0
k107_22357451 flag=1 multi=6.0000 len=4092	4092	7.91214	0	0	0	0	0	0	0	0	0	0	0	0	0	0	7.91214	8.22372	0	0	0	0	0	0	0	0
k107_21423225 flag=1 multi=8.0000 len=6921	6921	8.87581	0	0	0	0	0	0	0	0	0.0681372	0.104577	0	0	0	0	8.80767	12.3872	0	0	0	0	0	0	0	0
k107_2733045 flag=1 multi=6.0000 len=4679	4679	7.39822	0	0	0	0	0	0	0	0	0	0	0	0	0	0	7.39822	8.055	0	0	0	0	0	0	0	0
k107_12752979 flag=0 multi=7.0197 len=19046	19046	8.01894	0	0	0	0	0	0	0	0	0.0480154	0.0640359	0	0	0	0	7.92339	9.19662	0.00784251	0.00799042	0.0396927	0.0490141	0	0	0	0
k107_27926301 flag=0 multi=8.0190 len=14919	14919	7.8395	0	0	0	0	0	0	0	0	0.0206609	0.0396663	0	0	0	0	7.80878	8.62034	0	0	0.0100568	0.0102245	0	0	0	0
k107_8254649 flag=1 multi=7.0000 len=10678	10678	8.4202	0	0	0	0	0	0	0	0	0.0101195	0.0141471	0	0	0	0	8.38146	8.66021	0	0	0.0286237	0.0434909	0	0	0	0
k107_8438906 flag=1 multi=7.0000 len=3763	3763	8.87605	0	0	0	0	0	0	0	0	0	0	0	0	0	0	8.87605	8.97236	0	0	0	0	0	0	0	0
k107_35724732 flag=1 multi=7.0000 len=4424	4424	8.15696	0	0	0	0	0	0	0	0	0	0	0	0	0	0	8.15696	10.1738	0	0	0	0	0	0	0	0
k107_8514259 flag=0 multi=7.0447 len=7800	7800	8.73166	0	0	0	0	0	0	0	0	0.11203	0.178208	0	0	0	0	8.59989	14.7144	0	0	0.0197386	0.0197413	0	0	0	0
k107_3084871 flag=1 multi=7.0000 len=11461	11461	8.49189	0	0	0	0	0	0	0	0	0.0537683	0.0660784	0	0	0	0	8.41169	9.81096	0	0	0.0264361	0.0263333	0	0	0	0
k107_20511694 flag=1 multi=7.0000 len=7475	7475	8.82936	0	0	0	0	0	0	0	0	0.0839258	0.117272	0	0	0	0	8.72494	11.8555	0	0	0.0204935	0.0206104	0	0	0	0
k107_5460708 flag=1 multi=7.0000 len=21930	21930	8.82356	0	0	0	0	0	0	0	0	0.0277881	0.0401996	0	0	0	0	8.75435	11.8626	0	0	0.0414278	0.0603844	0	0	0	0
k107_33681863 flag=1 multi=8.0000 len=2538	2538	9.6288	0	0	0	0	0	0	0	0	0	0	0	0	0	0	9.6288	16.4603	0	0	0	0	0	0	0	0
k107_19975057 flag=0 multi=7.9950 len=5319	5319	9.11521	0	0	0	0	0	0	0	0	0.119793	0.295337	0	0	0	0	8.99542	14.6541	0	0	0	0	0	0	0	0
k107_2201074 flag=1 multi=8.0000 len=15741	15741	8.81424	0	0	0	0	0	0	0	0	0.0583587	0.0859289	0	0	0	0	8.74629	12.9791	0	0	0.00958611	0.00968523	0	0	0	0
k107_22220683 flag=1 multi=6.0000 len=3319	3319	8.15114	0	0	0	0	0	0	0	0	0	0	0	0	0	0	8.10607	7.7882	0.0450779	0.04306	0	0	0	0	0	0
k107_16610886 flag=1 multi=6.0000 len=5674	5674	7.57558	0	0	0	0	0	0	0	0	0.0554728	0.0556759	0	0	0	0	7.5201	7.36969	0	0	0	0	0	0	0	0
k107_2606832 flag=1 multi=7.0000 len=5138	5138	7.89868	0	0	0	0	0	0	0	0	0	0	0	0	0	0	7.89868	9.56099	0	0	0	0	0	0	0	0
k107_5226399 flag=1 multi=7.0000 len=2863	2863	7.53573	0	0	0	0	0	0	0	0	0	0	0	0	0	0	7.53573	6.2136	0	0	0	0	0	0	0	0
k107_15773552 flag=1 multi=6.0000 len=3498	3498	7.5072	0	0	0	0	0	0	0	0	0	0	0	0	0	0	7.44431	16.2476	0	0	0.0628911	0.0921426	0	0	0	0
k107_30453912 flag=1 multi=7.0000 len=5650	5650	8.68025	0	0	0	0	0	0	0	0	0.0560957	0.090307	0	0	0	0	8.62416	12.268	0	0	0	0	0	0	0	0
k107_19280179 flag=1 multi=7.0000 len=18014	18014	8.27879	0	0	0	0	0	0	0	0	0.0509259	0.0578153	0	0	0	0	8.18598	11.5927	0.0169377	0.0207191	0.0249548	0.0249168	0	0	0	0
k107_4284269 flag=1 multi=6.0000 len=3704	3704	7.36919	0	0	0	0	0	0	0	0	0	0	0	0	0	0	7.36919	9.65751	0	0	0	0	0	0	0	0
k107_15491048 flag=1 multi=8.0000 len=5544	5544	7.79092	0	0	0	0	0	0	0	0	0	0	0	0	0	0	7.71919	10.1122	0	0	0.0717283	0.0682266	0	0	0	0
k107_8996041 flag=1 multi=7.0000 len=19218	19218	8.33733	0	0	0	0	0	0	0	0	0.0638084	0.0890537	0	0	0	0	8.27353	11.9944	0	0	0	0	0	0	0	0
k107_20891201 flag=1 multi=8.0000 len=22129	22129	8.57172	0	0	0	0	0	0	0	0	0.0413708	0.0645174	0	0	0	0	8.46209	9.80021	0	0	0.0682641	0.0814447	0	0	0	0
k107_24657553 flag=0 multi=29.0000 len=14431	14431	8.51624	0	0	0	0	0	0	0	0	0.106731	0.210021	0	0	0	0	8.39578	10.9185	0	0	0.0137306	0.0140915	0	0	0	0
k107_8597724 flag=1 multi=7.0000 len=3127	3127	7.45664	0	0	0	0	0	0	0	0	0	0	0	0	0	0	7.45664	4.93511	0	0	0	0	0	0	0	0
k107_18415526 flag=0 multi=7.0620 len=7863	7863	8.37323	0	0	0	0	0	0	0	0	0.0396773	0.0539579	0	0	0	0	8.33355	13.3094	0	0	0	0	0	0	0	0
k107_17900064 flag=1 multi=6.0000 len=4418	4418	8.30685	0	0	0	0	0	0	0	0	0.0733722	0.115628	0	0	0	0	8.23348	7.18569	0	0	0	0	0	0	0	0
k107_7137771 flag=1 multi=8.0000 len=4704	4704	7.43071	0	0	0	0	0	0	0	0	0.068378	0.0661787	0	0	0	0	7.36234	5.11676	0	0	0	0	0	0	0	0
k107_15021628 flag=1 multi=7.0000 len=12400	12400	8.47066	0	0	0	0	0	0	0	0	0.0745578	0.114592	0	0	0	0	8.3961	11.7618	0	0	0	0	0	0	0	0
k107_6864355 flag=0 multi=25.2314 len=8067	8067	7.9839	0	0	0	0	0	0	0	0	0.0385061	0.043573	0	0	0	0	7.86954	14.8504	0	0	0.0758532	0.10059	0	0	0	0
k107_12434254 flag=1 multi=6.0000 len=5205	5205	7.74771	0	0	0	0	0	0	0	0	0.061187	0.0875958	0	0	0	0	7.68652	7.3544	0	0	0	0	0	0	0	0
k107_27628083 flag=0 multi=12.2304 len=4105	4105	8.54378	0	0	0	0	0	0	0	0	0	0	0	0	0	0	8.54378	10.7849	0	0	0	0	0	0	0	0
k107_21817138 flag=1 multi=7.0000 len=8899	8899	8.29568	0	0	0	0	0	0	0	0	0.0350122	0.0338871	0	0	0	0	8.19309	10.1639	0.0332674	0.0325901	0.0343143	0.033898	0	0	0	0
k107_3096394 flag=1 multi=10.0000 len=14137	14137	8.50119	0	0	0	0	0	0	0	0	0.0542826	0.0734371	0	0	0	0	8.40405	11.5355	0	0	0.0428623	0.050715	0	0	0	0
k107_25649045 flag=1 multi=8.0000 len=17850	17850	8.60708	0	0	0	0	0	0	0	0	0.0598929	0.0715503	0	0	0	0	8.52183	12.6458	0	0	0.025359	0.0400834	0	0	0	0
k107_348099 flag=1 multi=7.0946 len=24537	24537	7.93138	0	0	0	0	0	0	0	0	0.0683722	0.0978965	0	0	0	0	7.85075	11.0183	0	0	0.012255	0.0123043	0	0	0	0
k107_3017735 flag=1 multi=7.0000 len=7776	7776	8.1144	0	0	0	0	0	0	0	0	0.0400054	0.0593964	0	0	0	0	8.07439	8.93107	0	0	0	0	0	0	0	0
k107_25003652 flag=1 multi=6.0000 len=4470	4470	7.38964	0	0	0	0	0	0	0	0	0.0722169	0.0821019	0	0	0	0	7.31742	8.07223	0	0	0	0	0	0	0	0
k107_22545986 flag=1 multi=7.0000 len=6224	6224	8.11246	0	0	0	0	0	0	0	0	0.050152	0.0700175	0	0	0	0	8.06231	10.8421	0	0	0	0	0	0	0	0
k107_3483285 flag=1 multi=7.0000 len=13864	13864	8.81153	0	0	0	0	0	0	0	0	0.0222681	0.0402059	0	0	0	0	8.72393	12.1154	0	0	0.0653296	0.0683858	0	0	0	0
k107_20868156 flag=0 multi=12.2324 len=20342	20342	12.4084	0	0	0	0	0	0	0	0	0.037475	0.0471247	0	0	0	0	12.356	15.7037	0	0	0.0149202	0.0220179	0	0	0	0
k107_14688110 flag=1 multi=48.0000 len=5052	5052	7.74	0	0	0	0	0	0	0	0	0.127158	0.160711	0	0	0	0	7.48695	6.67371	0	0	0.125895	0.137124	0	0	0	0
k107_9593490 flag=1 multi=7.0000 len=3544	3544	8.83251	0	0	0	0	0	0	0	0	0.0453424	0.0444194	0	0	0	0	8.78717	11.8475	0	0	0	0	0	0	0	0
k107_8828822 flag=1 multi=6.0000 len=2828	2828	7.5574	0	0	0	0	0	0	0	0	0	0	0	0	0	0	7.5574	13.2816	0	0	0	0	0	0	0	0
k107_2124772 flag=1 multi=8.0000 len=3153	3153	8.40337	0	0	0	0	0	0	0	0	0.193266	0.179067	0	0	0	0	8.15854	7.58097	0	0	0.0515609	0.0501768	0	0	0	0
k107_12904367 flag=1 multi=6.0000 len=3998	3998	7.50081	0	0	0	0	0	0	0	0	0	0	0	0	0	0	7.50081	9.37255	0	0	0	0	0	0	0	0
k107_26174553 flag=0 multi=22.0253 len=8632	8632	9.54886	0	0	0	0	0	0	0	0	0.108163	0.162749	0	0	0	0	9.4407	14.698	0	0	0	0	0	0	0	0
k107_28126050 flag=1 multi=8.0000 len=6264	6264	8.43056	0	0	0	0	0	0	0	0	0	0	0	0	0	0	8.38108	11.6263	0	0	0.04948	0.0645342	0	0	0	0
k107_5917542 flag=1 multi=8.0000 len=7056	7056	9.82988	0	0	0	0	0	0	0	0	0	0	0	0	0	0	9.82988	15.1197	0	0	0	0	0	0	0	0
k107_11688168 flag=1 multi=6.0000 len=9148	9148	7.6872	0	0	0	0	0	0	0	0	0.0336875	0.0531001	0	0	0	0	7.63645	11.0826	0	0	0.0170699	0.0167793	0	0	0	0
k107_15822440 flag=1 multi=8.0000 len=2757	2757	9.50265	0	0	0	0	0	0	0	0	0	0	0	0	0	0	9.50265	8.45202	0	0	0	0	0	0	0	0
k107_8604177 flag=1 multi=6.0000 len=4043	4043	7.09436	0	0	0	0	0	0	0	0	0	0	0	0	0	0	7.09436	8.84222	0	0	0	0	0	0	0	0
k107_5930183 flag=1 multi=8.0000 len=14716	14716	8.82198	0	0	0	0	0	0	0	0	0.0341335	0.0343144	0	0	0	0	8.75711	12.4815	0	0	0.030734	0.0304388	0	0	0	0
k107_7135536 flag=1 multi=7.0000 len=3430	3430	9.1413	0	0	0	0	0	0	0	0	0	0	0	0	0	0	9.1413	17.9426	0	0	0	0	0	0	0	0
k107_33947345 flag=1 multi=9.0000 len=7369	7369	9.5445	0	0	0	0	0	0	0	0	0.0519315	0.0693814	0	0	0	0	9.49257	15.8988	0	0	0	0	0	0	0	0
k107_8539519 flag=1 multi=8.0000 len=7098	7098	8.94938	0	0	0	0	0	0	0	0	0.035462	0.0624655	0	0	0	0	8.91392	14.9335	0	0	0	0	0	0	0	0
k107_8684469 flag=1 multi=8.0000 len=9846	9846	9.63097	0	0	0	0	0	0	0	0	0.0628667	0.0775182	0	0	0	0	9.48984	13.6931	0	0	0.0782691	0.149545	0	0	0	0
k107_2018348 flag=1 multi=7.0000 len=2900	2900	9.11239	0	0	0	0	0	0	0	0	0.115473	0.193645	0	0	0	0	8.99692	11.097	0	0	0	0	0	0	0	0
k107_26404029 flag=1 multi=12.0000 len=15283	15283	8.33029	0	0	0	0	0	0	0	0	0.0200254	0.0269611	0	0	0	0	8.25078	9.83425	0	0	0.0594753	0.0912722	0	0	0	0
k107_16327287 flag=1 multi=6.0000 len=3426	3426	7.64149	0	0	0	0	0	0	0	0	0.0960307	0.112967	0	0	0	0	7.54545	9.92053	0	0	0	0	0	0	0	0
k107_28642837 flag=1 multi=7.0000 len=4577	4577	8.45006	0	0	0	0	0	0	0	0	0.0704094	0.0787717	0	0	0	0	8.37965	13.2545	0	0	0	0	0	0	0	0
k107_34117196 flag=1 multi=8.0000 len=8046	8046	8.33006	0	0	0	0	0	0	0	0	0.0389979	0.0602136	0	0	0	0	8.29106	11.1381	0	0	0	0	0	0	0	0
k107_21567302 flag=1 multi=6.0000 len=8042	8042	7.69238	0	0	0	0	0	0	0	0	0.0390181	0.0375015	0	0	0	0	7.65336	8.42237	0	0	0	0	0	0	0	0
k107_23097480 flag=1 multi=13.4998 len=8116	8116	8.24175	0	0	0	0	0	0	0	0	0.11505	0.256035	0	0	0	0	8.0883	12.4218	0.0383926	0.0527754	0	0	0	0	0	0
k107_4804227 flag=1 multi=7.0000 len=7790	7790	8.72903	0	0	0	0	0	0	0	0	0.0602297	0.0782162	0	0	0	0	8.6688	16.63	0	0	0	0	0	0	0	0
k107_6442091 flag=1 multi=7.0000 len=5353	5353	8.91586	0	0	0	0	0	0	0	0	0.0597901	0.0744414	0	0	0	0	8.82697	14.2389	0	0	0.0291031	0.0290078	0	0	0	0
k107_28406093 flag=1 multi=7.0000 len=5498	5498	8.96709	0	0	0	0	0	0	0	0	0.116243	0.131623	0	0	0	0	8.82256	10.999	0	0	0.028291	0.02822	0	0	0	0
k107_16755187 flag=1 multi=8.0000 len=4968	4968	7.96742	0	0	0	0	0	0	0	0	0.0647235	0.0922704	0	0	0	0	7.9027	10.2471	0	0	0	0	0	0	0	0
k107_34063864 flag=1 multi=9.0000 len=6279	6279	11.039	0	0	0	0	0	0	0	0	0	0	0	0	0	0	11.039	11.6311	0	0	0	0	0	0	0	0
k107_4953809 flag=1 multi=7.0000 len=2937	2937	8.41784	0	0	0	0	0	0	0	0	0	0	0	0	0	0	8.41784	9.58697	0	0	0	0	0	0	0	0
k107_23291478 flag=1 multi=7.0000 len=4213	4213	9.05139	0	0	0	0	0	0	0	0	0.153669	0.2227	0	0	0	0	8.89772	10.2106	0	0	0	0	0	0	0	0
k107_34680027 flag=1 multi=9.0000 len=5207	5207	9.5315	0	0	0	0	0	0	0	0	0.0615698	0.0981652	0	0	0	0	9.379	13.2944	0	0	0.0909276	0.10341	0	0	0	0
k107_21066246 flag=1 multi=7.0000 len=7176	7176	8.81219	0	0	0	0	0	0	0	0	0	0	0	0	0	0	8.81219	12.6585	0	0	0	0	0	0	0	0
k107_18064030 flag=1 multi=6.0000 len=6464	6464	7.9716	0	0	0	0	0	0	0	0	0	0	0	0	0	0	7.94758	10.3318	0	0	0.0240182	0.0239043	0	0	0	0
k107_29071005 flag=1 multi=7.0000 len=8972	8972	7.73945	0	0	0	0	0	0	0	0	0.0346021	0.0336253	0	0	0	0	7.70484	8.86983	0	0	0	0	0	0	0	0
k107_7218801 flag=0 multi=7.0742 len=15166	15166	8.36471	0.0203175	0.0244821	0	0	0	0	0	0	0.0708423	0.0827303	0	0	0	0	8.24327	13.1036	0.0203175	0.0199185	0.00995694	0.0100574	0	0	0	0
k107_34574859 flag=1 multi=7.0000 len=8498	8498	7.67509	0	0	0	0	0	0	0	0	0.0552709	0.0724761	0	0	0	0	7.54685	8.64648	0	0	0.0729624	0.129026	0	0	0	0
k107_19807413 flag=1 multi=9.0000 len=8426	8426	8.31733	0	0	0	0	0	0	0	0	0.0738552	0.0902646	0	0	0	0	8.24348	15.0549	0	0	0	0	0	0	0	0
k107_4601694 flag=1 multi=7.0000 len=8070	8070	7.80021	0	0	0	0	0	0	0	0	0.03862	0.0759987	0	0	0	0	7.76159	10.1305	0	0	0	0	0	0	0	0
k107_11664227 flag=1 multi=11.0000 len=3912	3912	8.26454	0	0	0	0	0	0	0	0	0.208864	0.22671	0	0	0	0	8.05568	10.334	0	0	0	0	0	0	0	0
k107_4126615 flag=1 multi=8.0000 len=6186	6186	9.53263	0	0	0	0	0	0	0	0	0.204453	0.298469	0	0	0	0	9.2777	15.694	0	0	0.0504759	0.0486975	0	0	0	0
k107_12587837 flag=1 multi=6.0000 len=4828	4828	7.46156	0	0	0	0	0	0	0	0	0	0	0	0	0	0	7.39859	9.08565	0	0	0.0629695	0.0770861	0	0	0	0
k107_11705700 flag=0 multi=8.0322 len=16707	16707	8.71326	0	0	0	0	0	0	0	0	0.0182262	0.0180705	0	0	0	0	8.64041	17.2003	0	0	0.0546175	0.0671777	0	0	0	0
k107_7967145 flag=1 multi=7.0000 len=31832	31832	8.65611	0	0	0	0	0	0	0	0	0.0475737	0.0520168	0	0	0	0	8.58509	10.68	0	0	0.023438	0.0262852	0	0	0	0
k107_4909161 flag=1 multi=10.7829 len=7831	7831	8.30761	0	0	0	0	0	0	0	0	0.0401116	0.048872	0	0	0	0	8.20893	13.381	0	0	0.0585735	0.0966612	0	0	0	0
k107_25337296 flag=1 multi=7.0000 len=8711	8711	8.29682	0	0	0	0	0	0	0	0	0.07159	0.163233	0	0	0	0	8.19015	13.8191	0	0	0.0350815	0.0686395	0	0	0	0
k107_12953405 flag=0 multi=7.0736 len=11097	11097	7.72858	0	0	0	0	0	0	0	0	0.0837425	0.109503	0	0	0	0	7.63122	7.83584	0	0	0.0136174	0.0137945	0	0	0	0
k107_16329381 flag=1 multi=6.0000 len=8721	8721	7.19017	0	0	0	0	0	0	0	0	0.0357525	0.0695115	0	0	0	0	7.13683	11.029	0	0	0.0175793	0.0176157	0	0	0	0
k107_4233894 flag=1 multi=7.0000 len=19096	19096	8.31372	0	0	0	0	0	0	0	0	0.0641162	0.0776086	0	0	0	0	8.23396	14.2553	0	0	0.0156433	0.0158103	0	0	0	0
k107_14367871 flag=1 multi=6.0000 len=6773	6773	7.69417	0	0	0	0	0	0	0	0	0.0466698	0.0602535	0	0	0	0	7.57935	11.4298	0	0	0.0681502	0.0651159	0	0	0	0
k107_1086491 flag=1 multi=8.0000 len=4468	4468	9.46015	0	0	0	0	0	0	0	0	0.0724916	0.0907809	0	0	0	0	9.38766	16.4008	0	0	0	0	0	0	0	0
k107_29277725 flag=1 multi=8.0000 len=10757	10757	8.78097	0	0	0	0	0	0	0	0	0	0	0	0	0	0	8.75285	11.8256	0	0	0.0281205	0.0279629	0	0	0	0
k107_2644547 flag=1 multi=9.0000 len=3252	3252	6.17593	0	0	0	0	0	0	0	0	0.204068	0.268004	0	0	0	0	5.97186	7.32022	0	0	0	0	0	0	0	0
k107_6700245 flag=0 multi=7.0813 len=5399	5399	8.06749	0	0	0	0	0	0	0	0	0	0	0	0	0	0	8.06749	8.77191	0	0	0	0	0	0	0	0
k107_2387193 flag=0 multi=6.1272 len=11307	11307	7.93212	0	0	0	0	0	0	0	0	0.0411631	0.058739	0	0	0	0	7.89096	10.9653	0	0	0	0	0	0	0	0
k107_5184374 flag=1 multi=6.0000 len=11724	11724	8.22772	0	0	0	0	0	0	0	0	0.092103	0.203051	0	0	0	0	8.13562	10.2746	0	0	0	0	0	0	0	0
k107_26457020 flag=1 multi=9.0000 len=4501	4501	8.0393	0	0	0	0	0	0	0	0	0.107883	0.121983	0	0	0	0	7.86116	14.6814	0	0	0.0702548	0.138707	0	0	0	0
k107_25435432 flag=0 multi=8.1222 len=13517	13517	9.52645	0	0	0	0	0	0	0	0	0	0	0	0	0	0	9.52645	15.26	0	0	0	0	0	0	0	0
k107_10440686 flag=0 multi=8.0153 len=8820	8820	8.36288	0	0	0	0	0	0	0	0	0	0	0	0	0	0	8.36288	10.6491	0	0	0	0	0	0	0	0
k107_10756431 flag=1 multi=12.0000 len=11588	11588	9.47253	0	0	0	0	0	0	0	0	0.0530746	0.0533188	0	0	0	0	9.35362	14.1014	0.0265816	0.0357906	0.0392522	0.0523549	0	0	0	0
k107_6914886 flag=1 multi=8.0000 len=8275	8275	8.97918	0	0	0	0	0	0	0	0	0.0378778	0.0695923	0	0	0	0	8.9043	14.5087	0	0	0.0369999	0.0700676	0	0	0	0
k107_16902554 flag=1 multi=15.0000 len=3497	3497	8.22598	0	0	0	0	0	0	0	0	0	0	0	0	0	0	8.22598	13.8737	0	0	0	0	0	0	0	0
k107_14796464 flag=1 multi=8.0000 len=28160	28160	8.06957	0	0	0	0	0	0	0	0	0.0484242	0.064479	0	0	0	0	7.96805	11.1471	0.00542035	0.00539121	0.0476703	0.0572403	0	0	0	0
k107_12324875 flag=1 multi=8.0000 len=5561	5561	8.641	0	0	0	0	0	0	0	0	0.0853774	0.098896	0	0	0	0	8.52729	13.4907	0	0	0.0283324	0.0278934	0	0	0	0
