contigName	contigLen	totalAvgDepth	Cen01_MA.bam	Cen01_MA.bam-var	Cen03_MA.bam	Cen03_MA.bam-var	Cen04_MA.bam	Cen04_MA.bam-var	Cen05_MA.bam	Cen05_MA.bam-var	Cen06_MA.bam	Cen06_MA.bam-var	Cen07_MA.bam	Cen07_MA.bam-var	Cen10_MA.bam	Cen10_MA.bam-var	Cen12_MA.bam	Cen12_MA.bam-var	Cen14_MA.bam	Cen14_MA.bam-var	Cen15_MA.bam	Cen15_MA.bam-var	Cen16_MA.bam	Cen16_MA.bam-var	Cen17_MA.bam	Cen17_MA.bam-var
k107_4605576 flag=0 multi=62.2770 len=2508	2508	79.4347	0	0	0	0	0	0	0	0	0	0	0	0	0	0	0	0	79.4347	58.0416	0	0	0	0	0	0
k107_22651030 flag=0 multi=85.0577 len=2864	2864	83.5429	0	0	0	0	0	0	0	0	0	0	0	0	0	0	0	0	83.5429	182.482	0	0	0	0	0	0
k107_16180839 flag=0 multi=75.0824 len=3093	3093	84.2153	0	0	0	0	0	0	0	0	0	0	0	0	0	0	0	0	84.2153	68.1355	0	0	0	0	0	0
k107_30547852 flag=0 multi=59.9800 len=16823	16823	73.294	0	0	0	0	0	0	0	0	0	0	0	0	0	0	0.00901882	0.00905146	73.2667	137.243	0.0182798	0.0316169	0	0	0	0
k107_1635550 flag=0 multi=65.9960 len=17909	17909	85.7244	0	0	0	0	0	0	0	0	0	0	0	0	0	0	0	0	85.7244	99.4449	0	0	0	0	0	0
k107_28846788 flag=0 multi=59.0008 len=92832	92832	74.256	0	0	0	0	0	0	0.00326381	0.0040918	0	0	0	0	0	0	0.0113693	0.0160228	74.2414	111.613	0	0	0	0	0	0
k107_20429532 flag=0 multi=59.8687 len=2545	2545	84.9737	0	0	0	0	0	0	0	0	0	0	0	0	0	0	0	0	84.9737	97.3569	0	0	0	0	0	0
k107_8806365 flag=0 multi=61.7752 len=3096	3096	77.1879	0	0	0	0	0	0	0	0	0	0	0	0	0	0	0	0	77.1879	51.9974	0	0	0	0	0	0
k107_22903662 flag=0 multi=82.9937 len=47895	47895	84.9358	0	0	0	0	0	0	0	0	0	0	0	0	0	0	0	0	84.9295	119.21	0	0	0.00634547	0.00629765	0	0
k107_27207629 flag=0 multi=71.0000 len=81841	81841	87.9032	0	0	0	0	0	0	0.00370375	0.00493845	0.0109028	0.0385027	0	0	0	0	0.0074075	0.0102265	87.8774	127.111	0	0	0.00370375	0.00392886	0	0
k107_21124142 flag=0 multi=67.9990 len=57979	57979	82.6928	0	0	0	0	0	0	0	0	0	0	0	0	0	0	0	0	82.6876	136.8	0	0	0.00521872	0.00659619	0	0
k107_8885384 flag=0 multi=62.9976 len=282307	282307	74.8235	0	0	0	0	0	0	0.00213826	0.00356653	0	0	0.0010709	0.00150162	0	0	0.00637577	0.00727222	74.8107	106.478	0.0010709	0.00141633	0.00213826	0.00304073	0	0
k107_14111867 flag=0 multi=73.7026 len=3365	3365	89.2919	0	0	0	0	0	0	0	0	0	0	0	0	0	0	0	0	89.2919	132.82	0	0	0	0	0	0
k107_33367235 flag=0 multi=61.9970 len=113992	113992	76.5843	0	0	0	0	0	0	0.00264755	0.00349045	0	0	0	0	0	0	0.00132817	0.00132553	76.5776	123.244	0	0	0.00265635	0.00475955	0	0
k107_18926335 flag=0 multi=70.3794 len=118385	118385	84.8402	0	0	0	0	0	0	0.00511505	0.00543791	0	0	0	0	0	0	0.0063684	0.00793551	84.8237	129.998	0	0	0.00508964	0.00507807	0	0
k107_743191 flag=0 multi=68.0666 len=42402	42402	85.9139	0	0	0	0	0	0	0	0	0	0	0	0	0	0	0.0106651	0.0106491	85.8961	131.731	0	0	0.0071734	0.00954789	0	0
k107_23936720 flag=0 multi=67.0363 len=68958	68958	82.66	0	0	0	0	0	0	0	0	0	0	0	0	0	0	0.00436961	0.00438836	82.6512	140.757	0.00439874	0.00528427	0	0	0	0
k107_7418587 flag=0 multi=63.0273 len=424983	424983	78.2406	0	0	0	0	0	0	0.00142224	0.0019836	0	0	0.000346142	0.00035532	0	0	0.00599744	0.00817585	78.23	118.045	0.00213101	0.00274752	0.000711122	0.000748082	0	0
k107_1686417 flag=0 multi=65.9211 len=332412	332412	80.6973	0.000903315	0.00118493	0	0	0	0	0.000909337	0.00169735	6.32321e-05	7.52708e-05	0	0	0	0	0.00996658	0.0126024	80.6777	120.017	0.00227033	0.0029528	0.00545602	0.00602114	0	0
k107_3741425 flag=0 multi=68.3726 len=331625	331625	80.5392	0	0	0	0	0	0	0.00182299	0.00252874	0	0	0	0	0	0	0.0108987	0.0128727	80.5228	120.832	0.00182299	0.00237378	0.00182299	0.00232377	0	0
k107_28579319 flag=0 multi=60.1770 len=13844	13844	74.3157	0	0	0	0	0	0	0	0	0	0	0	0	0	0	0	0	74.3157	87.0216	0	0	0	0	0	0
k107_23290927 flag=0 multi=68.6341 len=49990	49990	81.6199	0	0	0	0	0	0	0	0	0	0	0	0	0	0	0.00303896	0.00303124	81.6169	136.93	0	0	0	0	0	0
k107_28568018 flag=0 multi=62.0010 len=176833	176833	78.191	0	0	0	0	0	0	0.00171075	0.00248734	0	0	0	0	0	0	0.00594796	0.00708765	78.1817	117.376	0	0	0.00171075	0.00170494	0	0
k107_25473930 flag=0 multi=65.9978 len=154269	154269	83.6091	0.00196146	0.00195583	0	0	0	0	0	0	0	0	0	0	0	0	0.00969039	0.0124263	83.5974	124.805	0	0	0	0	0	0
k107_35240018 flag=0 multi=71.9963 len=199367	199367	84.3813	0	0	0	0	0	0	0.00151709	0.00151402	0	0	0	0	0	0	0.011338	0.0132772	84.3578	131.532	0.00452616	0.00682551	0.00606837	0.00690367	0	0
k107_20252893 flag=0 multi=64.0082 len=125659	125659	80.1467	0	0	0	0	0	0	0	0	0	0	0	0	0	0	0.0120057	0.0138949	80.1323	124.021	0.00240114	0.00397778	0	0	0	0
k107_29341220 flag=0 multi=66.0000 len=53113	53113	82.8347	0	0	0	0	0	0	0.00571851	0.00924431	0	0	0	0	0	0	0.00569957	0.00568508	82.8176	121.385	0	0	0.00571851	0.00579819	0	0
k107_35624113 flag=0 multi=67.4608 len=57036	57036	84.7652	0	0	0	0	0	0	0.00532309	0.00878612	0	0	0	0	0	0	0.00259104	0.00264853	84.7573	135.222	0	0	0	0	0	0
k107_1320258 flag=0 multi=63.0140 len=3829	3829	78.8622	0	0	0	0	0	0	0	0	0	0	0	0	0	0	0	0	78.8622	101.447	0	0	0	0	0	0
k107_26053758 flag=0 multi=73.1540 len=74128	74128	83.4193	0	0	0	0	0	0	0	0	0	0	0	0	0	0	0.0040907	0.00407634	83.4029	122.778	0.0040907	0.00408262	0.00816785	0.0097623	0	0
