contigName	contigLen	totalAvgDepth	Cen01_MA.bam	Cen01_MA.bam-var	Cen03_MA.bam	Cen03_MA.bam-var	Cen04_MA.bam	Cen04_MA.bam-var	Cen05_MA.bam	Cen05_MA.bam-var	Cen06_MA.bam	Cen06_MA.bam-var	Cen07_MA.bam	Cen07_MA.bam-var	Cen10_MA.bam	Cen10_MA.bam-var	Cen12_MA.bam	Cen12_MA.bam-var	Cen14_MA.bam	Cen14_MA.bam-var	Cen15_MA.bam	Cen15_MA.bam-var	Cen16_MA.bam	Cen16_MA.bam-var	Cen17_MA.bam	Cen17_MA.bam-var
k107_28066694 flag=1 multi=6.0000 len=2612	2612	3.17706	0	0	0	0	0	0	0	0	0	0	0.194372	0.235669	0	0	0	0	0	0	0.24329	0.340577	2.73939	2.91715	0	0
k107_707791 flag=0 multi=34.7859 len=23716	23716	28.0083	0	0	0	0	0	0	0	0	0	0	0	0	0	0	0	0	0.0128128	0.025634	0	0	27.9699	41.3635	0.025583	0.0317973
k107_1384386 flag=0 multi=28.0971 len=62062	62062	27.4794	0	0	0	0	0	0	0	0	0	0	0	0	0	0	0	0	0	0	0	0	27.477	38.5196	0.00241256	0.00243396
k107_8098365 flag=0 multi=39.8393 len=82526	82526	28.3904	0	0	0	0	0	0	0	0	0	0	0	0	0	0	0	0	0.0107511	0.0302909	0	0	28.376	43.5935	0.00367289	0.00577463
k107_3135920 flag=0 multi=26.0430 len=24060	24060	27.7068	0	0	0	0	0	0	0	0	0	0	0	0	0	0	0	0	0	0	0	0	27.669	45.6207	0.0377978	0.0512551
k107_4881377 flag=0 multi=41.6588 len=82480	82480	27.6977	0	0	0	0	0	0	0	0	0	0	0	0	0	0	0	0	0.00141157	0.001456	0.00360194	0.00682053	27.6781	43.1295	0.0146268	0.0155482
k107_5605916 flag=0 multi=28.4940 len=97775	97775	28.0647	0.00150811	0.00154517	0	0	0	0	0	0	0	0	0.00151837	0.00154676	0	0	0	0	0.00391903	0.00401578	0.00303674	0.00454277	28.0471	40.7911	0.00764314	0.00768661
k107_16426690 flag=0 multi=24.0580 len=53000	53000	27.2196	0	0	0	0	0	0	0	0	0	0	0	0	0	0	0	0	0	0	0	0	27.2167	39.4272	0.00286538	0.00286108
k107_35251531 flag=0 multi=27.0000 len=19759	19759	27.6382	0	0	0	0	0	0	0	0	0	0	0	0	0	0	0	0	0.0298607	0.128314	0	0	27.5931	43.8585	0.015213	0.0212447
k107_10930526 flag=0 multi=25.2710 len=61176	61176	28.396	0	0	0	0	0	0	0	0	0	0	0	0	0	0	0	0	0	0	0.00188915	0.00191466	28.3891	41.104	0.00492821	0.00539766
k107_27477810 flag=0 multi=22.0476 len=23623	23623	27.1272	0	0	0	0	0	0	0	0	0	0	0	0	0	0	0	0	0	0	0	0	27.1207	36.5787	0.00647485	0.00643604
k107_27762510 flag=0 multi=38.9972 len=62286	62286	27.5003	0	0	0	0	0	0	0	0	0	0	0	0	0	0	0	0	0	0	0	0	27.4834	35.9675	0.0169721	0.0191231
k107_16078815 flag=0 multi=26.6550 len=163814	163814	28.3148	0	0	0	0	0	0	0	0	0	0	0.00180415	0.00338205	0	0	0	0	0.00545526	0.0100987	0.00272151	0.00416995	28.3011	41.1295	0.00366334	0.00469018
k107_12861702 flag=0 multi=24.3725 len=106110	106110	27.8711	0	0	0	0	0	0	0	0	0	0	0	0	0	0	0	0	0	0	0	0	27.8627	37.0349	0.00843036	0.00847982
k107_17870314 flag=0 multi=27.6299 len=245319	245319	28.5503	0.00060404	0.000615541	0	0	0	0	0	0	0	0	0	0	0	0	0	0	0.000599958	0.000615546	0.000599958	0.000615774	28.5387	39.5178	0.00979524	0.0111629
k107_31478619 flag=0 multi=26.5860 len=86448	86448	27.6977	0	0	0	0	0	0	0	0	0	0	0	0	0	0	0	0	0.00511922	0.0114587	0	0	27.6856	38.9452	0.0069301	0.00697076
k107_1427556 flag=0 multi=34.0592 len=22041	22041	27.7702	0	0	0	0	0	0	0	0	0	0	0	0	0	0	0	0	0.0135241	0.0136947	0	0	27.7567	40.4467	0	0
k107_26458616 flag=0 multi=31.0331 len=16792	16792	29.9888	0.00430564	0.0044677	0	0	0	0	0	0	0	0	0	0	0	0	0	0	0.00946028	0.0205209	0	0	29.9661	40.6006	0.00891449	0.00906962
k107_31469908 flag=0 multi=35.8480 len=71283	71283	28.611	0	0	0	0	0	0	0	0	0	0	0	0	0	0	0	0	0.010369	0.0174078	0.00417013	0.00423469	28.5922	40.9189	0.00424057	0.00424052
k107_32236818 flag=0 multi=26.1554 len=163720	163720	27.6069	0	0	0	0	0	0	0	0	0	0	0	0	0	0	0	0	0.00545228	0.0111973	0.000899534	0.000922314	27.5905	41.1165	0.010109	0.0119207
k107_20234141 flag=0 multi=35.1304 len=57391	57391	27.0811	0	0	0	0	0	0	0	0	0	0	0	0	0	0	0	0	0.00259244	0.0026358	0.000770726	0.000821936	27.0778	38.8129	0	0
k107_27358452 flag=0 multi=34.6347 len=105569	105569	27.487	0.0027929	0.00572149	0	0	0	0	0	0	0	0	0	0	0	0	0	0	0.00494932	0.00537559	0.00430334	0.0097756	27.4651	41.2954	0.00993664	0.0121447
k107_12589501 flag=0 multi=31.0269 len=41529	41529	28.5013	0	0	0	0	0	0	0	0	0	0	0	0	0	0	0	0	0.00812574	0.0163659	0	0	28.4931	44.6756	0	0
k107_19624283 flag=0 multi=29.0513 len=32164	32164	26.7621	0	0	0	0	0	0	0	0	0	0	0	0	0	0	0	0	0	0	0	0	26.7621	38.5584	0	0
k107_15228423 flag=0 multi=25.0121 len=33047	33047	28.5026	0	0	0	0	0	0	0	0	0	0	0	0	0	0	0	0	0	0	0	0	28.5026	41.8464	0	0
k107_7937229 flag=0 multi=34.0112 len=120093	120093	27.1941	0	0	0.00252106	0.00327701	0	0	0	0	0	0	0	0	0	0	0	0	0.0055096	0.00561024	0	0	27.1836	40.3142	0.00251271	0.00250946
k107_34196394 flag=0 multi=22.7065 len=107335	107335	27.4921	0	0	0	0	0	0	0	0	0	0	0	0	0	0	0	0	0	0	0	0	27.485	43.2473	0.00701653	0.00765947
k107_20084061 flag=0 multi=35.0260 len=55669	55669	26.9659	0	0	0	0	0	0	0	0	0	0	0	0	0	0	0	0	0	0	0	0	26.9577	43.6693	0.00812759	0.010678
k107_3146893 flag=0 multi=24.0421 len=232143	232143	27.3444	0	0	0	0	0	0	0	0	0	0	0	0	0	0	0	0	0.00317459	0.00420333	0	0	27.3348	39.7421	0.00647426	0.00855955
k107_6226826 flag=0 multi=21.9187 len=216825	216825	26.4526	0	0	0	0	0	0	0	0	0	0	0	0	0	0	0	0	0.000678912	0.000696789	0.000678912	0.000696824	26.4367	42.1639	0.0145112	0.017316
k107_11447397 flag=0 multi=28.0129 len=56955	56955	28.9788	0	0	0	0	0	0	0	0	0	0	0	0	0	0	0	0	0	0	0	0	28.963	44.074	0.0158156	0.0199615
k107_30656564 flag=0 multi=26.2970 len=49301	49301	27.2844	0	0	0	0	0	0	0	0	0	0	0	0	0	0	0	0	0	0	0	0	27.2753	40.6852	0.00918386	0.00916282
k107_19749945 flag=0 multi=25.7495 len=79128	79128	27.1973	0	0	0	0	0	0	0	0	0	0	0	0	0	0	0	0	0.0120519	0.0206284	0.00314617	0.00442013	27.1727	34.9258	0.0094512	0.0107222
k107_14158922 flag=0 multi=21.5536 len=69886	69886	27.261	0	0	0	0	0	0	0	0	0	0	0	0	0	0	0	0	0	0	0	0	27.2567	35.5712	0.00431134	0.00432347
k107_20032631 flag=0 multi=23.0069 len=17903	17903	29.1009	0	0	0	0	0	0	0	0	0	0	0	0	0	0	0	0	0	0	0.0083518	0.00850781	29.084	36.6125	0.00852224	0.0085073
k107_28007071 flag=0 multi=27.0099 len=159490	159490	28.7819	0	0	0	0	0	0	0	0	0	0	0	0	0	0	0	0	0.00185944	0.00189016	0.000923436	0.000947652	28.7773	41.9611	0.00189085	0.00189036
k107_32935736 flag=0 multi=23.0791 len=60947	60947	28.3409	0	0	0	0	0	0	0	0	0	0	0	0	0	0	0	0	0.00242394	0.00248338	0	0	28.3311	38.2232	0.00740374	0.00741909
k107_16410915 flag=0 multi=26.0871 len=16064	16064	25.3087	0	0	0	0	0	0	0	0	0	0	0	0	0	0	0	0	0	0	0	0	25.2897	28.3497	0.0189697	0.0218387
k107_26799831 flag=0 multi=29.0107 len=163492	163492	28.2823	0	0	0	0	0	0	0	0	0	0	0.0027085	0.00275656	0	0	0	0	0.00366444	0.0050476	0	0	28.2631	42.9258	0.0128378	0.0142329
k107_4076049 flag=0 multi=29.0737 len=6105	6105	27.7749	0	0	0	0	0	0	0	0	0	0	0	0	0	0	0	0	0	0	0	0	27.7489	34.7051	0.026021	0.0253448
k107_10851336 flag=0 multi=21.0839 len=10578	10578	27.8025	0	0	0	0	0	0	0	0	0	0	0	0	0	0	0	0	0	0	0	0	27.7881	38.398	0.0144025	0.0144789
k107_34129999 flag=0 multi=23.0266 len=62454	62454	28.9844	0	0	0	0	0	0	0.00485906	0.00551701	0	0	0.000160896	0.000225156	0	0	0	0	0.0166205	0.0293527	0	0	28.9579	40.406	0.00484297	0.00483574
k107_8435717 flag=1 multi=4.9412 len=2999	2999	2.99333	0	0	0	0	0	0	0	0	0	0	0.0552466	0.0528696	0	0	0	0	0	0	0.735261	2.03093	2.20282	2.01073	0	0
k107_11514799 flag=0 multi=23.0000 len=5831	5831	26.5493	0	0	0	0	0	0	0	0	0	0	0	0	0	0	0	0	0	0	0	0	26.522	34.3667	0.0273105	0.0265694
k107_3642805 flag=0 multi=38.7868 len=132455	132455	28.2542	0	0	0	0	0	0	0	0	0	0	0	0	0	0	0	0	0.00447209	0.00542845	0.00142259	0.0014652	28.2324	42.5361	0.0158907	0.0167935
k107_34263139 flag=0 multi=31.7034 len=227884	227884	27.3912	0	0	0	0	0	0	0	0	0	0	0.00129624	0.00221998	0	0	0	0	0.00583526	0.0137646	0.00130502	0.00132397	27.3749	38.0381	0.00790924	0.00880614
k107_15200792 flag=0 multi=21.0541 len=14982	14982	27.1399	0	0	0	0	0	0	0	0	0	0	0	0	0	0	0	0	0	0	0	0	27.1296	36.7646	0.0102861	0.010181
k107_25670240 flag=0 multi=30.0233 len=27702	27702	27.5818	0	0	0	0	0	0	0	0	0	0	0	0	0	0	0	0	0.00540146	0.00548089	0	0	27.5655	43.7734	0.0109124	0.0109011
k107_7886017 flag=0 multi=24.0718 len=23085	23085	28.1821	0	0	0	0	0	0	0	0	0	0	0	0	0	0	0	0	0	0	0	0	28.1559	40.3781	0.0262476	0.0258216
k107_30800919 flag=0 multi=22.8475 len=40410	40410	28.4458	0	0	0	0	0	0	0	0	0	0	0.0036651	0.00375175	0	0	0	0	0.00735514	0.0104193	0.00371497	0.00375175	28.4311	39.5203	0	0
k107_28743995 flag=0 multi=23.0031 len=71740	71740	27.501	0	0	0	0	0	0	0	0	0	0	0	0	0	0	0	0	0.00205773	0.00210902	0	0	27.4907	38.7962	0.0083289	0.00837535
