contigName	contigLen	totalAvgDepth	Cen01_MA.bam	Cen01_MA.bam-var	Cen03_MA.bam	Cen03_MA.bam-var	Cen04_MA.bam	Cen04_MA.bam-var	Cen05_MA.bam	Cen05_MA.bam-var	Cen06_MA.bam	Cen06_MA.bam-var	Cen07_MA.bam	Cen07_MA.bam-var	Cen10_MA.bam	Cen10_MA.bam-var	Cen12_MA.bam	Cen12_MA.bam-var	Cen14_MA.bam	Cen14_MA.bam-var	Cen15_MA.bam	Cen15_MA.bam-var	Cen16_MA.bam	Cen16_MA.bam-var	Cen17_MA.bam	Cen17_MA.bam-var
k107_9503942 flag=0 multi=13.3203 len=3978	3978	6.97252	0	0	0	0	0	0	0	0	0	0	0	0	0	0	4.54706	5.18063	0	0	0.0821545	0.0852197	2.34331	2.99016	0	0
k107_4246987 flag=0 multi=8.1337 len=2739	2739	5.16414	0	0	0	0	0	0	0	0	0	0	0	0	0	0	2.95691	4.47887	0	0	0	0	2.20722	2.12765	0	0
k107_35474101 flag=0 multi=7.1377 len=3579	3579	7.03723	0	0	0	0	0	0	0	0	0	0	0	0	0	0	3.50442	3.57299	0	0	0	0	3.5328	3.82855	0	0
k107_32704031 flag=1 multi=7.0000 len=3256	3256	7.6002	0	0	0	0	0	0	0	0	0	0	0	0	0	0	4.85579	7.47132	0	0	0.306026	0.247921	2.43839	1.61204	0	0
k107_28539711 flag=1 multi=5.0000 len=2818	2818	6.15302	0	0	0	0	0	0	0	0	0	0	0	0	0	0	3.80087	3.58426	0	0	0.120032	0.176441	2.23211	3.6367	0	0
k107_22505880 flag=1 multi=6.0000 len=4224	4224	7.47348	0	0	0	0	0	0	0	0	0	0	0	0	0	0	4.13718	6.52751	0	0	0.154003	0.18235	3.1823	3.14199	0	0
k107_20235258 flag=0 multi=8.1721 len=2756	2756	7.26773	0	0	0	0	0	0	0	0	0	0	0	0	0	0	3.74857	4.49254	0	0	0.246129	0.817527	3.27302	2.99554	0	0
k107_19546213 flag=1 multi=6.0000 len=9782	9782	7.06783	0	0	0	0	0	0	0	0	0	0	0	0	0	0	4.33713	8.7191	0	0	0.127215	0.16648	2.60348	3.44597	0	0
k107_18898591 flag=1 multi=5.0000 len=6390	6390	6.0974	0	0	0	0	0	0	0	0	0	0	0	0	0	0	3.96994	7.03823	0	0	0	0	2.12746	2.0989	0	0
k107_10289514 flag=0 multi=13.2318 len=5655	5655	10.5632	0	0	0	0	0	0	0	0	0.084065	0.0774863	0	0	0	0	4.10574	4.84214	0	0	4.26135	4.4662	2.11209	3.22295	0	0
k107_4279927 flag=1 multi=6.0000 len=6517	6517	7.14722	0	0	0	0	0	0	0	0	0	0	0	0	0	0	4.07804	5.96346	0	0	0.193886	0.223231	2.8753	2.53258	0	0
k107_4193187 flag=0 multi=9.5025 len=7394	7394	9.62465	0	0	0	0	0	0	0	0	0.0425832	0.0540285	0	0	0	0	3.66751	4.55348	0	0	2.94106	10.9646	2.97349	3.38086	0	0
k107_21492632 flag=0 multi=6.2045 len=2978	2978	6.03737	0	0	0	0	0	0	0	0	0	0	0	0	0	0	2.94507	3.50858	0	0	0.0201794	0.0287487	3.07212	3.82486	0	0
k107_1224212 flag=1 multi=41.9814 len=6025	6025	8.82177	0	0	0	0	0	0	0	0	0	0	0	0	0	0	3.92294	3.97862	0	0	2.22698	6.13614	2.67185	4.5548	0	0
k107_344540 flag=1 multi=9.9747 len=4655	4655	7.56053	0	0	0	0	0	0	0	0	0.0693774	0.120192	0	0	0	0	3.64967	8.58544	0	0	1.357	6.49926	2.48449	3.75833	0	0
k107_22911885 flag=1 multi=109.3519 len=3017	3017	10.1823	0	0	0	0	0	0	0	0	0	0	0	0	0	0	0.164641	0.236332	0	0	7.73333	15.6885	2.28435	4.11848	0	0
k107_30481895 flag=1 multi=47.0000 len=5632	5632	9.60713	0	0	0	0	0	0	0	0	0	0	0	0	0	0	0.333396	0.664664	0.0836773	0.0860446	7.55516	9.94495	1.6349	2.27949	0	0
k107_12796918 flag=1 multi=8.0000 len=4570	4570	9.55248	0	0	0	0	0	0	0	0	0	0	0	0	0.140112	0.159012	3.18838	4.36633	0.237113	0.240452	4.86246	3.2759	1.12441	1.15233	0	0
k107_25407956 flag=0 multi=15.5585 len=3396	3396	9.19942	0	0	0	0	0	0	0	0	0	0	0	0	0	0	4.93924	4.76506	0.682935	0.576007	3.45249	3.83269	0.124758	0.148513	0	0
k107_2096871 flag=0 multi=8.0592 len=5863	5863	9.81011	0	0	0.0266139	0.0264161	0	0	0	0	0	0	0	0	0	0	4.89696	6.27781	0.108254	0.146466	4.33879	5.64048	0.439489	0.544631	0	0
k107_15569716 flag=1 multi=5.0000 len=3497	3497	5.83255	0	0	0	0	0	0	0	0	0	0	0	0	0	0	0	0	0	0	5.83255	3.8308	0	0	0	0
k107_34062808 flag=0 multi=23.3792 len=2599	2599	9.66173	0	0	0	0	0	0	0	0	0	0	0	0	0	0	3.49325	4.58811	0	0	4.4249	7.01233	1.74358	1.30294	0	0
k107_33769127 flag=0 multi=9.0119 len=3310	3310	6.43118	0	0	0	0	0	0	0	0	0	0	0	0	0	0	2.65625	2.99103	0.42254	0.693093	0.450798	0.706016	2.9016	2.00175	0	0
k107_31138162 flag=0 multi=13.6723 len=2710	2710	10.8517	0	0	0	0	0	0	0	0	0	0	0	0	0	0	4.99336	5.42252	0	0	3.1304	6.61348	2.72799	2.2518	0	0
k107_30693034 flag=0 multi=6.4164 len=5385	5385	7.11411	0	0	0	0	0	0	0	0	0	0	0	0	0	0	3.6809	3.74343	0	0	0.0245918	0.0239918	3.40862	4.31286	0	0
k107_29909173 flag=0 multi=8.3338 len=3402	3402	10.5439	0	0	0	0	0	0	0	0	0	0	0	0	0	0	5.12226	8.28575	0	0	3.28032	3.62209	2.14129	3.01078	0	0
k107_29646066 flag=0 multi=216.0000 len=2864	2864	10.493	0	0	0	0	0	0	0	0	0	0	0	0	0	0	3.79742	4.59285	0	0	4.78649	5.5197	1.90906	1.65217	0	0
k107_28798581 flag=0 multi=7.4944 len=3345	3345	7.65034	0	0	0	0	0	0	0	0	0	0	0	0	0.721656	0.94702	3.30562	6.37089	0	0	3.62307	4.83502	0	0	0	0
k107_27470289 flag=0 multi=16.4049 len=2940	2940	12.6099	0	0	0	0	0	0	0	0	0.0621683	0.0583255	0	0	0	0	4.50872	8.42996	0	0	5.64594	4.6576	2.3931	4.7081	0	0
k107_25789722 flag=1 multi=17.0141 len=3372	3372	9.86222	0	0	0	0	0	0	0	0	0	0	0	0	0	0	2.70521	3.74412	0	0	5.53062	10.8929	1.62638	1.92592	0	0
k107_23831106 flag=0 multi=9.0000 len=3397	3397	10.6397	0	0	0	0	0	0	0	0	0	0	0	0	0	0	3.93603	5.27125	0	0	4.35767	7.67779	2.34604	1.62313	0	0
k107_23591271 flag=1 multi=6.0000 len=4381	4381	7.42461	0	0	0	0	0	0	0	0	0	0	0	0	0.0740378	0.0926107	2.61461	4.31242	0	0	4.73596	5.51378	0	0	0	0
k107_20119669 flag=0 multi=28.0000 len=3288	3288	9.80141	0	0	0	0	0	0	0	0	0.100804	0.0989794	0	0	0	0	3.30543	3.57011	0	0	3.85867	3.20671	2.5365	2.85478	0	0
k107_18930439 flag=0 multi=14.2872 len=3115	3115	9.63882	0	0	0	0	0	0	0	0	0	0	0	0	0	0	3.35514	5.18146	0	0	3.65944	7.74064	2.62424	2.84088	0	0
k107_18363900 flag=0 multi=24.0000 len=11040	11040	10.2272	0	0	0	0	0	0	0	0	0.0280313	0.0383262	0	0	0	0	4.09555	7.33027	0	0	3.60123	4.70404	2.50242	2.89917	0	0
k107_15078463 flag=1 multi=17.0925 len=3889	3889	8.85503	0	0	0	0	0	0	0	0	0	0	0	0	0	0	3.45693	3.51947	0	0	3.43044	6.5646	1.96766	1.20559	0	0
k107_13485948 flag=0 multi=17.0000 len=3365	3365	11.7682	0	0	0	0	0	0	0	0	0.0982697	0.0889074	0	0	0	0	4.67156	4.72357	0	0	4.29416	4.74744	2.70421	2.84969	0	0
k107_28010275 flag=0 multi=26.0000 len=6195	6195	8.5213	0	0	0	0	0	0	0	0	0	0	0	0	0	0	0.473782	0.763877	0	0	6.18293	10.2636	1.86459	1.98875	0	0
k107_11915170 flag=0 multi=85.0000 len=2857	2857	8.07515	0	0	0	0	0	0	0	0	0.0575342	0.0556291	0	0	0	0	3.52759	5.18023	0	0	2.65558	3.64257	1.83444	1.35067	0	0
k107_10878291 flag=0 multi=24.9753 len=3143	3143	9.28863	0	0	0	0	0	0	0	0	0.104189	0.164752	0	0	0	0	3.22879	4.52762	0	0	3.87962	6.14031	2.07603	2.31301	0	0
k107_9953961 flag=0 multi=10.1331 len=2700	2700	12.1526	0	0	0	0	0	0	0	0	0	0	0	0	0	0	4.70684	8.86963	0	0	5.68891	6.52039	1.75688	2.08599	0	0
k107_8071952 flag=0 multi=169.6411 len=3587	3587	11.5991	0	0	0	0	0	0	0	0	0	0	0	0	0	0	4.83805	6.30397	0	0	3.40122	5.84519	3.35982	5.76063	0	0
k107_5564739 flag=0 multi=14.1027 len=2669	2669	8.69159	0	0	0	0	0	0	0	0	0	0	0	0	0	0	2.96705	2.46923	0	0	3.9379	3.54576	1.78665	0.945741	0	0
k107_5396992 flag=0 multi=19.4160 len=2662	2662	8.65	0	0	0	0	0	0	0	0	0.127966	0.198967	0	0	0	0	2.32288	2.57009	0	0	3.81059	3.51229	2.38856	5.01911	0	0
k107_4675740 flag=0 multi=8.0023 len=2685	2685	10.0281	0	0	0	0	0	0	0	0	0.126731	0.203912	0	0	0	0	3.50231	4.24083	0	0	4.51238	3.80713	1.8867	2.87782	0	0
k107_4552741 flag=0 multi=7.0799 len=2974	2974	8.60404	0	0	0	0	0	0	0	0	0	0	0	0	1.0741	2.35935	3.59132	6.92737	0	0	3.93862	6.96156	0	0	0	0
k107_2680205 flag=1 multi=14.0000 len=2638	2638	9.41481	0	0	0	0	0	0	0	0	0	0	0	0	0	0	3.34289	4.84253	0	0	3.59803	6.6324	2.47389	1.5175	0	0
k107_2309524 flag=0 multi=12.0130 len=3036	3036	8.64009	0	0	0	0	0	0	0	0	0.109729	0.0982981	0	0	0	0	4.01975	6.25451	0	0	1.86759	2.2068	2.64301	2.43576	0	0
k107_2153701 flag=0 multi=134.7709 len=3390	3390	11.2445	0	0	0	0	0	0	0	0	0.0977979	0.0882551	0	0	0	0	5.46729	6.53094	0	0	2.46114	3.28421	3.21826	5.38557	0	0
k107_1125670 flag=1 multi=68.9101 len=4655	4655	7.98277	0	0	0	0	0	0	0	0	0.0691477	0.121571	0	0	0	0	2.69883	4.83435	0	0	3.35125	6.40578	1.86354	2.15499	0	0
k107_215226 flag=1 multi=48.7169 len=2534	2534	12.2863	0	0	0	0	0	0	0	0	0	0	0	0	0	0	5.21505	5.65202	0.135305	0.14305	4.46595	10.5208	2.46998	3.32188	0	0
k107_150738 flag=1 multi=4.0000 len=5902	5902	4.74339	0	0	0	0	0	0	0	0	0.161607	0.192076	0	0	0	0	0	0	0	0	4.58179	3.51917	0	0	0	0
k107_4944406 flag=1 multi=38.2985 len=21581	21581	10.7645	0	0	0	0	0	0	0	0	0.0567696	0.0746991	0	0	0	0	3.94535	5.61136	0	0	4.41604	6.00653	2.3463	2.99236	0	0
k107_21269332 flag=0 multi=15.8472 len=18754	18754	10.4393	0	0	0	0	0	0	0	0	0.0163668	0.0201162	0	0	0	0	4.08525	4.94455	0	0	3.73152	3.82677	2.60617	3.74626	0	0
k107_565812 flag=0 multi=32.7593 len=12348	12348	10.1403	0	0	0	0	0	0	0	0	0.0248215	0.0295948	0	0	0	0	3.78408	5.88759	0	0	3.9394	5.2158	2.392	2.48546	0	0
k107_17906369 flag=1 multi=42.0000 len=25531	25531	10.1798	0	0	0	0	0	0	0	0	0.0359111	0.0534873	0	0	0	0	3.51647	4.61887	0	0	4.09731	4.47856	2.53014	3.44127	0	0
k107_14416848 flag=1 multi=10.0000 len=62736	62736	10.3776	0	0	0	0	0	0	0	0	0.0337156	0.0508684	0	0	0	0	3.65588	5.866	0.00474101	0.00548654	4.18415	5.91695	2.49917	2.88361	0	0
k107_5190085 flag=0 multi=25.8637 len=31453	31453	10.1009	0	0	0	0	0	0	0	0	0.0484736	0.0745547	0	0	0	0	3.47347	4.94118	0	0	4.23957	6.10336	2.33941	2.96698	0	0
k107_6365656 flag=0 multi=23.6868 len=4736	4736	9.41295	0	0	0	0	0	0	0	0	0	0	0	0	0	0	3.63464	5.00036	0	0	3.3507	6.44286	2.4276	2.2003	0	0
k107_10789652 flag=1 multi=145.0000 len=3093	3093	6.57757	0	0	0	0	0	0	0	0	0	0	0	0	0	0	3.85238	5.17286	0	0	0	0	2.72519	4.7175	0	0
k107_2827396 flag=0 multi=14.5758 len=5668	5668	11.7439	0	0	0	0	0	0	0	0	0.0562803	0.0829495	0	0	0	0	3.39228	5.32992	0	0	5.40309	6.3132	2.89228	4.03481	0	0
k107_3035331 flag=1 multi=41.0000 len=21252	21252	10.5185	0	0	0	0	0	0	0	0	0.0288305	0.0344126	0	0	0	0	3.30745	4.50757	0	0	4.36955	5.93665	2.81265	3.80325	0	0
k107_20106872 flag=0 multi=33.3079 len=62987	62987	10.9185	0	0	0	0	0	0	0	0	0.0623594	0.0857176	0	0	0	0	3.73817	5.4941	0.00475393	0.00473139	4.39	5.67999	2.72319	3.20444	0	0
k107_30606233 flag=0 multi=11.9972 len=5801	5801	10.0864	0	0	0	0	0	0	0	0	0	0	0	0	0	0	4.24423	5.50501	0	0	3.52464	4.71825	2.31751	2.8766	0	0
k107_3501634 flag=0 multi=8.0359 len=10582	10582	10.5321	0	0	0	0	0	0	0	0	0.0293774	0.0419405	0	0	0	0	3.76031	4.84617	0	0	3.96362	7.30646	2.77879	4.45727	0	0
k107_3959740 flag=0 multi=191.0311 len=3159	3159	12.4974	0	0	0	0	0	0	0	0	0	0	0.0161008	0.0161861	0	0	2.82359	5.51037	0.0861043	0.120735	5.07595	3.56609	4.49563	2.97204	0	0
k107_23014586 flag=0 multi=25.2790 len=7032	7032	10.8615	0	0	0	0	0	0	0	0	0.268796	0.327577	0	0	0	0	3.90535	5.8969	0	0	4.11486	5.68734	2.57251	2.16295	0	0
k107_22770193 flag=0 multi=9.0187 len=3746	3746	10.8772	0	0	0	0	0	0	0	0	0	0	0	0	0	0	4.78746	8.3151	0	0	4.57549	4.64779	1.51423	1.1535	0	0
k107_9424228 flag=1 multi=44.0000 len=7486	7486	11.489	0	0	0	0	0	0	0	0	0.0420379	0.0569836	0	0	0	0	4.32336	6.51699	0	0	4.22007	6.10659	2.90354	4.33001	0	0
k107_11600404 flag=0 multi=13.0000 len=10976	10976	10.6532	0	0	0	0	0	0	0	0	0	0	0	0	0	0	3.48229	4.74777	0	0	4.39966	6.01698	2.77122	3.67841	0	0
k107_21685815 flag=0 multi=14.6421 len=12862	12862	9.59275	0	0	0	0	0	0	0	0	0.0480096	0.0658503	0	0	0	0	3.53854	3.33812	0	0	3.71314	6.38571	2.29307	2.82694	0	0
k107_127271 flag=0 multi=27.0901 len=58263	58263	11.1693	0	0	0	0	0	0	0	0	0.088456	0.116553	0	0	0	0	3.94829	5.51873	0.0052104	0.00910205	4.51719	6.7201	2.61012	3.18873	0	0
k107_14835335 flag=0 multi=13.0195 len=5549	5549	10.2731	0	0	0	0	0	0	0	0	0	0	0	0	0	0	4.54336	10.704	0	0	3.17953	5.58316	2.55022	3.24133	0	0
k107_1847927 flag=1 multi=14.7513 len=33950	33950	10.1627	0	0	0	0	0	0	0	0	0.0670471	0.116002	0	0	0	0	3.47186	5.68988	0	0	4.06039	4.98329	2.56345	3.27139	0	0
k107_13676389 flag=0 multi=41.2616 len=45895	45895	10.2568	0	0	0	0	0	0	0	0	0.0132038	0.0162823	0	0	0	0	3.61869	4.89107	0	0	4.39032	6.05462	2.23455	2.91774	0	0
k107_28440 flag=0 multi=13.2355 len=28428	28428	10.1092	0	0	0	0	0	0	0	0	0.0535803	0.0675486	0	0	0	0	3.7198	4.79304	0	0	3.94845	5.00851	2.38736	2.9878	0	0
k107_4252742 flag=1 multi=25.0970 len=12504	12504	9.26504	0	0	0	0	0	0	0	0	0.0495001	0.0747526	0	0	0	0	2.83036	4.76617	0	0	3.82847	7.93685	2.55671	3.53434	0	0
k107_29985297 flag=1 multi=10.0000 len=3352	3352	9.07016	0	0	0	0	0	0	0	0	0	0	0	0	0	0	2.97082	5.42256	0	0	3.71934	3.47016	2.38	1.84886	0	0
k107_1131270 flag=0 multi=28.6048 len=16042	16042	10.6032	0	0	0	0	0	0	0	0	0	0	0	0	0	0	3.58844	6.01153	0	0	4.68158	7.83212	2.33323	3.75563	0	0
k107_22971861 flag=0 multi=8.1879 len=3002	3002	7.71556	0	0	0	0	0	0	0	0	0	0	0	0	0	0	4.08296	3.98406	0	0	0.165556	0.227859	3.46704	3.62459	0	0
k107_2645036 flag=0 multi=70.9641 len=22500	22500	10.5385	0	0	0	0	0	0	0	0	0.0135598	0.0134189	0	0	0	0	3.9054	6.31421	0	0	4.2043	5.07013	2.41522	3.2745	0	0
k107_26565068 flag=0 multi=15.0050 len=12057	12057	9.90583	0	0	0	0	0	0	0	0	0.0256912	0.0447786	0	0	0	0	3.63981	3.89967	0	0	4.18222	5.19819	2.0581	2.87115	0	0
k107_6138586 flag=1 multi=56.0000 len=22807	22807	10.0796	0	0	0	0	0	0	0	0	0.0402133	0.0531999	0	0	0	0	3.36956	4.84702	0.00666519	0.00666562	4.35263	7.03296	2.31051	2.5646	0	0
k107_15643106 flag=0 multi=80.2535 len=16756	16756	9.62064	0	0	0	0	0	0	0	0	0.0363437	0.0607663	0	0	0	0	3.52097	4.60306	0	0	3.71533	7.43137	2.348	3.01468	0	0
k107_26139311 flag=1 multi=53.1787 len=44878	44878	9.97328	0	0	0	0	0	0	0	0	0.0540201	0.0634598	0	0	0	0	3.47604	5.18472	0	0	3.98136	5.07141	2.46186	2.99998	0	0
k107_27520172 flag=0 multi=8.0165 len=7260	7260	10.1332	0	0	0	0	0	0	0	0	0.173613	0.263087	0	0	0	0	3.84996	4.8842	0	0	3.56022	6.32716	2.54944	2.56019	0	0
k107_2999548 flag=0 multi=18.1798 len=40524	40524	10.1371	0	0	0	0	0	0	0	0	0.0374422	0.053426	0	0	0	0	3.88862	5.26378	0	0	4.01422	5.95112	2.19683	2.51872	0	0
k107_1513105 flag=1 multi=9.0000 len=18181	18181	10.2424	0	0	0	0	0	0	0	0	0.0168913	0.0289287	0	0	0	0	3.85592	5.10406	0	0	4.02534	6.09431	2.33581	2.75099	0.00844566	0.00837676
k107_32474113 flag=1 multi=14.0000 len=39942	39942	10.1834	0	0	0	0	0	0	0	0	0.04556	0.0677284	0	0	0	0	3.58148	5.24831	0	0	4.07651	5.51508	2.47603	3.40427	0.00380928	0.00379519
k107_4950699 flag=0 multi=79.8003 len=10126	10126	10.1875	0	0	0	0	0	0	0	0	0.0306393	0.0540184	0	0	0	0	3.64159	5.51783	0	0	4.38111	7.21553	2.13416	2.75504	0	0
k107_20893528 flag=0 multi=36.0226 len=9762	9762	10.1363	0	0	0	0	0	0	0	0	0.0318182	0.0309033	0	0	0	0	3.33076	3.68981	0	0	4.26723	6.16294	2.50645	2.49149	0	0
k107_4273100 flag=1 multi=8.0000 len=4620	4620	8.50741	0	0	0	0	0	0	0	0	0	0	0	0	0	0	3.36406	5.26931	0	0	5.14335	4.83778	0	0	0	0
k107_539214 flag=0 multi=15.8859 len=29414	29414	10.193	0	0	0	0	0	0	0	0	0.0516969	0.0841451	0	0	0	0	3.26614	5.06927	0	0	4.38403	5.51788	2.49114	3.31187	0	0
k107_19558508 flag=1 multi=5.0000 len=4860	4860	5.92277	0	0	0	0	0	0	0	0	0	0	0	0	0	0	3.6086	6.52572	0	0	0	0	2.31417	2.19748	0	0
k107_6844546 flag=0 multi=92.6816 len=11348	11348	11.8915	0	0	0	0	0	0	0	0	0.0272497	0.0312905	0	0	0	0	4.62339	7.81469	0	0	4.71483	5.22724	2.52598	2.70332	0	0
k107_27371930 flag=0 multi=47.1835 len=16268	16268	10.2455	0	0	0	0	0	0	0	0	0.0567456	0.0901194	0	0	0	0	3.73631	4.83102	0	0	4.46248	6.1238	1.98998	2.36509	0	0
k107_1136480 flag=0 multi=13.8479 len=15065	15065	10.9222	0	0	0	0	0	0	0	0	0.115491	0.154068	0	0	0	0	3.4073	4.15422	0	0	4.46298	6.36626	2.93646	4.9991	0	0
k107_18115648 flag=0 multi=35.1165 len=12395	12395	10.6591	0	0	0	0	0	0	0	0	0.0249731	0.0347697	0	0	0	0	4.32647	4.60001	0	0	4.17432	4.78799	2.1333	2.3035	0	0
k107_13204975 flag=1 multi=16.0934 len=14161	14161	10.6192	0	0	0	0	0	0	0	0	0.0217909	0.0333075	0	0	0	0	3.16206	4.74122	0	0	4.98023	5.87642	2.45508	2.35784	0	0
k107_11903954 flag=0 multi=8.0134 len=5645	5645	9.32697	0	0	0	0	0	0	0	0	0	0	0	0	0	0	3.39435	4.16584	0	0	3.67977	4.499	2.25285	3.88523	0	0
k107_4217182 flag=0 multi=81.0000 len=21576	21576	11.0674	0	0	0.0140077	0.0139999	0	0	0	0	0.0424462	0.054042	0	0	0	0	3.81071	5.34834	0	0	4.58221	7.29901	2.61098	3.36462	0.00705086	0.00704441
k107_6591186 flag=0 multi=17.0493 len=17277	17277	10.0789	0	0	0	0	0	0	0	0	0.0192047	0.0301459	0	0	0	0	3.50374	4.18759	0	0	4.13414	5.99628	2.4218	4.40061	0	0
k107_6618363 flag=0 multi=18.0749 len=4991	4991	9.47814	0	0	0	0	0	0	0	0	0	0	0	0	0	0	3.91597	4.01031	0	0	3.2717	5.65585	2.29047	3.06672	0	0
k107_6717700 flag=1 multi=12.0087 len=52839	52839	10.6785	0	0	0	0	0	0	0	0	0.0316158	0.063602	0	0	0	0	3.76782	5.21278	0	0	4.30691	6.90057	2.57211	3.10647	0	0
k107_5857510 flag=1 multi=13.0000 len=4924	4924	9.66465	0	0	0	0	0	0	0	0	0.0653397	0.0654126	0	0	0	0	2.54738	2.02403	0	0	3.98377	6.25428	3.06815	4.47396	0	0
k107_5062400 flag=0 multi=32.8246 len=24527	24527	9.65767	0	0	0	0	0	0	0	0	0.062291	0.0756349	0	0	0	0	3.02502	4.57418	0	0	4.39682	6.58188	2.17354	3.0173	0	0
k107_7281786 flag=0 multi=14.0609 len=7515	7515	10.1708	0	0	0	0	0	0	0	0	0.0418688	0.0584187	0	0	0	0	3.54457	5.22022	0	0	3.66242	4.15933	2.92195	5.54612	0	0
k107_866544 flag=1 multi=49.4847 len=22589	22589	9.97976	0	0	0	0	0	0	0	0	0.081303	0.108511	0	0	0	0	2.88819	3.14959	0.0135056	0.0133672	4.30157	6.37975	2.6952	3.49092	0	0
k107_7596316 flag=0 multi=34.2084 len=40499	40499	10.2288	0	0	0	0	0	0	0	0	0.0522925	0.0922559	0	0	0	0	3.69279	4.95289	0	0	4.09563	6.34984	2.38809	2.90398	0	0
k107_6669228 flag=0 multi=12.0268 len=8753	8753	9.38741	0	0	0	0	0	0	0	0	0	0	0	0	0	0	0.0352621	0.0626293	0	0	7.65472	11.9609	1.69743	2.09867	0	0
k107_20352965 flag=0 multi=70.1550 len=7444	7444	11.0937	0	0	0	0	0	0	0	0	0	0	0	0	0	0	3.38995	4.4352	0	0	5.10879	11.5075	2.59493	3.3942	0	0
k107_11790397 flag=1 multi=9.0000 len=7695	7695	5.73948	0	0	0	0	0	0	0	0	0	0	0	0	0	0	3.15866	5.84949	0	0	0.0612742	0.0948675	2.51955	3.05259	0	0
k107_8556869 flag=0 multi=65.7247 len=23191	23191	9.44126	0	0	0	0	0	0	0	0	0.0263445	0.045977	0	0	0	0	3.38713	4.85433	0.0113592	0.0112306	3.52287	4.86707	2.49356	4.20641	0	0
k107_23459994 flag=1 multi=22.1619 len=3400	3400	7.53066	0	0	0	0	0	0	0	0	0	0	0	0	0	0	2.77954	5.4742	0	0	3.11427	5.76992	1.63686	3.02807	0	0
k107_8613185 flag=1 multi=31.3532 len=65952	65952	10.751	0	0	0	0	0	0	0	0	0.045834	0.0720123	0	0	0	0	3.86466	5.31476	0.00230008	0.0022921	4.29587	6.42183	2.54232	2.92969	0	0
k107_829606 flag=0 multi=53.3297 len=5940	5940	10.0009	0	0	0	0	0	0	0	0	0	0	0	0	0	0	3.54505	5.11055	0	0	3.52519	5.67823	2.93065	5.52093	0	0
k107_28428589 flag=0 multi=15.6751 len=28069	28069	10.5036	0	0	0	0	0	0	0	0	0.11935	0.195008	0	0	0	0	3.41492	4.81504	0	0	4.08679	5.23746	2.88252	3.9636	0	0
k107_13312870 flag=0 multi=29.3956 len=20360	20360	10.7582	0	0	0	0	0	0	0	0	0.0599761	0.0830831	0	0	0	0	3.85153	5.40262	0	0	4.4295	5.39535	2.41719	2.98765	0	0
k107_6728698 flag=1 multi=33.5991 len=9535	9535	9.95256	0	0	0	0	0	0	0	0	0	0	0	0	0	0	3.1252	5.12349	0	0	3.94509	5.85736	2.88227	2.903	0	0
k107_35371186 flag=0 multi=26.5505 len=8862	8862	9.92757	0	0	0	0	0	0	0	0	0.140771	0.17776	0	0	0	0	4.02103	5.25784	0	0	3.72605	6.722	2.03972	2.19853	0	0
k107_24063540 flag=0 multi=67.0000 len=4522	4522	12.6789	0	0	0	0	0	0	0	0	0	0	0	0	0	0	5.14953	5.85995	0	0	4.25521	6.9201	3.27417	3.49311	0	0
k107_19288224 flag=1 multi=160.0000 len=4100	4100	9.78857	0	0	0	0	0	0	0	0	0.236967	0.258596	0	0	0	0	3.46235	5.03474	0	0	4.22933	6.59648	1.85993	2.95513	0	0
k107_14092131 flag=1 multi=23.0000 len=6719	6719	11.8515	0	0	0	0	0	0	0	0	0.141187	0.245008	0	0	0	0	4.22222	7.97372	0	0	4.35951	5.7748	3.12856	2.32696	0	0
k107_32343740 flag=0 multi=21.0000 len=28532	28532	10.4641	0	0	0	0	0	0	0	0	0.0213957	0.0293019	0	0	0	0	3.66309	4.62264	0.0106978	0.0154081	4.27552	6.10271	2.49338	3.17636	0	0
k107_13710120 flag=1 multi=10.0000 len=3243	3243	8.53485	0	0	0	0	0	0	0	0	0	0	0	0	0	0	3.47807	4.92467	0	0	3.34036	2.87048	1.71642	1.83908	0	0
k107_8329053 flag=1 multi=26.0000 len=18917	18917	10.4057	0	0	0	0	0	0	0	0	0.0891217	0.100917	0	0	0	0	3.79662	5.89426	0	0	4.22627	4.46934	2.29374	2.71682	0	0
k107_19809440 flag=1 multi=16.1878 len=11193	11193	9.95088	0	0	0	0	0	0	0	0	0.0449913	0.0430613	0	0	0	0	3.37536	4.5565	0	0	4.07171	5.09265	2.45882	4.04605	0	0
k107_3183793 flag=0 multi=50.0000 len=3610	3610	11.8416	0	0	0	0	0	0	0	0	0.0909915	0.145275	0	0	0	0	3.9864	3.91499	0	0	4.89057	4.09842	2.87364	3.24205	0	0
k107_7016873 flag=0 multi=14.0608 len=13287	13287	10.6497	0	0	0	0	0	0	0	0	0	0	0	0	0	0	3.54594	5.04614	0	0	4.49596	5.88399	2.60778	3.04064	0	0
k107_10443725 flag=0 multi=154.2349 len=7582	7582	10.0095	0	0	0	0	0	0	0	0	0.0414835	0.0491043	0	0	0	0	2.77898	2.84203	0	0	4.63448	6.19155	2.55453	4.15503	0	0
k107_6441558 flag=0 multi=39.0532 len=17433	17433	10.7268	0	0	0	0	0	0	0	0	0.0880859	0.100002	0	0	0	0	3.36886	5.77214	0	0	4.59325	5.20252	2.67661	4.15214	0	0
k107_12281950 flag=0 multi=16.8258 len=23973	23973	10.0469	0	0	0	0	0	0	0	0	0.0382324	0.0648639	0	0	0	0	3.44274	4.67086	0	0	4.18018	4.85166	2.38575	2.80024	0	0
k107_4661228 flag=0 multi=9.0225 len=6502	6502	9.54258	0	0	0	0	0	0	0	0	0.0970968	0.13859	0	0	0	0	2.75919	5.23759	0	0	3.93581	4.07798	2.75048	3.601	0	0
k107_28476702 flag=0 multi=27.0297 len=2632	2632	8.5764	0	0	0	0	0	0	0	0	0	0	0	0	0	0	4.31416	6.24979	0	0	2.12146	3.69137	2.14077	1.67393	0	0
k107_11863427 flag=0 multi=10.0017 len=9504	9504	10.7873	0	0	0	0	0	0	0	0	0	0	0	0	0	0	3.6253	5.25004	0	0	4.44012	4.10095	2.72191	3.04568	0	0
k107_24185790 flag=0 multi=26.0317 len=8057	8057	8.4018	0	0	0	0	0	0	0	0	0.0386847	0.037436	0	0	0	0	3.36132	5.09853	0	0	2.96351	7.56992	2.0383	2.62245	0	0
k107_28284628 flag=0 multi=24.0000 len=7185	7185	10.635	0	0	0	0	0	0	0	0	0.0432951	0.0419548	0	0	0	0	4.57054	5.75405	0	0	3.63068	5.18647	2.39053	3.07343	0	0
k107_31979277 flag=0 multi=51.9922 len=15393	15393	10.2575	0	0	0	0	0	0	0	0	0.0199457	0.0311414	0	0	0	0	4.17971	6.11217	0	0	3.77907	4.61295	2.27878	2.67047	0	0
k107_12174963 flag=0 multi=15.4610 len=5886	5886	10.079	0	0	0	0	0	0	0	0	0	0	0	0	0	0	3.60691	4.25727	0	0	3.99588	5.08082	2.47618	3.67868	0	0
k107_855215 flag=0 multi=8.2054 len=2536	2536	7.25962	0	0	0	0	0	0	0	0	0	0	0	0	0	0	4.13429	13.2745	0	0	0.269919	0.531436	2.85542	3.26235	0	0
k107_10651264 flag=1 multi=99.0000 len=8477	8477	10.3955	0	0	0	0	0	0	0	0	0.0955352	0.131215	0	0	0	0	3.28783	4.66878	0	0	4.43229	5.73579	2.57982	3.24182	0	0
k107_14735130 flag=0 multi=16.0096 len=19296	19296	10.4001	0	0	0	0	0	0	0	0	0.0633884	0.106405	0	0	0	0	3.35506	3.99758	0.00794988	0.00788706	4.24018	5.41036	2.73349	3.58518	0	0
k107_27808461 flag=0 multi=11.0202 len=13191	13191	10.0007	0	0	0	0	0	0	0	0	0.0234308	0.0228839	0	0	0	0	3.50679	4.3901	0	0	3.9647	4.18968	2.50578	3.41612	0	0
k107_12627514 flag=0 multi=77.0000 len=10463	10463	9.29456	0	0	0	0	0	0	0	0	0	0	0	0	0	0	2.92717	3.69814	0	0	4.05826	5.04193	2.30912	3.0957	0	0
k107_22757759 flag=0 multi=17.1626 len=24611	24611	9.35365	0	0	0	0	0	0	0	0	0.0496113	0.0678736	0	0	0	0	3.21317	6.15558	0	0	3.70069	5.21423	2.38397	3.59494	0.00621169	0.0061766
k107_1796146 flag=0 multi=20.0361 len=10390	10390	10.5109	0	0	0	0	0	0	0	0	0.0598731	0.0977397	0	0	0	0	3.82504	5.02929	0	0	4.10944	6.38373	2.51655	2.53275	0	0
k107_5403655 flag=0 multi=14.0127 len=14390	14390	12.0684	0	0	0	0	0	0	0	0	0	0	0	0	0	0	4.45535	6.35173	0	0	4.99134	7.5769	2.62166	3.76431	0	0
k107_7464644 flag=0 multi=20.0551 len=11824	11824	10.315	0	0	0	0	0	0	0	0	0	0	0	0	0	0	3.74527	6.74284	0	0	4.21767	5.23777	2.35202	2.66824	0	0
k107_20695140 flag=0 multi=39.1149 len=2536	2536	7.28021	0	0	0	0	0	0	0	0	0	0	0	0	0	0	3.04745	2.45578	0	0	1.20278	5.46499	3.02999	3.98056	0	0
k107_17593416 flag=1 multi=24.8462 len=24365	24365	10.5405	0	0	0	0	0	0	0	0	0.0627519	0.0726043	0	0	0	0	4.1895	5.70445	0	0	3.80069	4.90925	2.48755	3.47371	0	0
k107_17349464 flag=0 multi=34.0009 len=5909	5909	9.56786	0	0	0	0	0	0	0	0	0.0538612	0.100217	0	0	0	0	3.38006	4.38211	0	0	3.92813	7.95431	2.20581	3.37384	0	0
k107_2458012 flag=1 multi=36.7394 len=48895	48895	10.0263	0	0	0	0	0	0	0	0	0.0434425	0.0615687	0	0	0	0	3.38203	4.86956	0	0	4.03083	5.1549	2.56693	3.52823	0.00310744	0.0031005
k107_11109143 flag=1 multi=22.0000 len=7747	7747	10.3001	0	0	0	0	0	0	0	0	0.0807253	0.192774	0	0	0	0	3.3687	4.45208	0	0	4.40967	6.5095	2.44097	2.51114	0	0
k107_585539 flag=0 multi=29.2893 len=6212	6212	9.42453	0	0	0	0	0	0	0	0	0.0509306	0.0620441	0	0	0	0	2.63469	3.5129	0	0	4.03046	10.6548	2.70846	2.52531	0	0
k107_8980073 flag=1 multi=48.0000 len=7749	7749	10.7087	0	0	0	0	0	0	0	0	0	0	0	0	0	0	4.29703	6.66962	0	0	4.31382	8.59773	2.09789	2.55776	0	0
k107_19093223 flag=0 multi=13.0050 len=8496	8496	10.6449	0	0	0	0	0	0	0	0	0.110203	0.153756	0	0	0	0	3.73017	5.4758	0	0	4.1113	3.32166	2.69319	2.82976	0	0
k107_28226250 flag=1 multi=28.9890 len=33425	33425	10.2468	0	0	0	0	0	0	0	0	0.054524	0.0911493	0	0	0	0	3.35459	5.20887	0	0	4.07759	6.43181	2.75564	3.58603	0.00449838	0.00453411
k107_35403848 flag=1 multi=40.0000 len=7450	7450	11.0273	0	0	0	0	0	0	0	0	0.0422496	0.0413096	0	0	0	0	3.82541	4.41512	0	0	4.57932	6.71198	2.5803	2.3602	0	0
k107_12706618 flag=1 multi=12.0000 len=9324	9324	11.0102	0	0	0	0	0	0	0	0	0	0	0	0	0	0	4.52749	6.31957	0	0	3.92008	4.80253	2.56262	3.11276	0	0
k107_20863199 flag=1 multi=9.0000 len=10572	10572	10.4015	0	0	0	0	0	0	0	0	0.0262902	0.0355449	0	0	0	0	3.57595	5.33473	0	0	4.51938	6.97757	2.27984	2.45202	0	0
k107_25304387 flag=0 multi=13.8791 len=5136	5136	9.53455	0	0	0	0	0	0	0	0	0	0	0	0	0	0	4.02213	6.21032	0	0	3.40608	3.75522	2.10633	2.71386	0	0
k107_18537731 flag=1 multi=29.8398 len=10969	10969	9.5577	0	0	0	0	0	0	0	0	0.140433	0.303229	0	0	0	0	3.55995	4.07832	0	0	3.48758	3.84693	2.36974	2.36637	0	0
k107_1876055 flag=0 multi=13.8582 len=6342	6342	10.3093	0	0	0	0	0	0	0	0	0.05	0.0643986	0	0	0	0	3.9553	5.4683	0	0	3.62053	5.4486	2.68344	2.3242	0	0
k107_14565386 flag=1 multi=12.3551 len=5444	5444	7.33975	0	0	0	0	0	0	0	0	0	0	0	0	0	0	4.13127	7.11052	0	0	0	0	3.20848	3.34725	0	0
k107_28454891 flag=1 multi=36.0000 len=15778	15778	10.4466	0	0	0	0	0	0	0	0	0.0195141	0.0254579	0	0	0	0	3.78153	5.37223	0	0	4.05809	5.51099	2.5778	3.5569	0.00969243	0.00966231
k107_18724159 flag=0 multi=10.0213 len=23160	23160	10.338	0	0	0	0	0	0	0	0	0.039636	0.0711505	0	0	0	0	3.62114	5.2757	0	0	4.30541	6.11451	2.37182	4.09292	0	0
k107_11118268 flag=1 multi=32.1778 len=48733	48733	10.389	0	0	0	0	0	0	0	0	0.0372695	0.0504706	0	0	0	0	3.69024	4.8107	0	0	3.89439	5.3602	2.76707	4.08626	0	0
k107_8912477 flag=1 multi=13.0400 len=82995	82995	10.7711	0	0	0	0	0	0	0	0	0.018224	0.0233913	0	0	0	0	3.6837	5.08936	0.00547809	0.00807722	4.35493	6.08806	2.70879	3.54209	0	0
k107_21224913 flag=1 multi=26.4284 len=19195	19195	10.5212	0	0	0	0	0	0	0	0	0.0159848	0.0258884	0	0	0	0	3.85206	6.16961	0	0	4.25443	6.75945	2.39872	3.19067	0	0
k107_19429821 flag=0 multi=13.4668 len=6551	6551	10.1021	0	0	0	0	0	0	0	0	0.144823	0.160468	0	0	0	0	3.41511	4.12379	0	0	3.95263	10.4083	2.58953	4.50311	0	0
k107_19894199 flag=1 multi=61.0000 len=4188	4188	10.6462	0	0	0	0	0	0	0	0	0.15543	0.177645	0	0	0	0	3.92434	5.88002	0	0	4.01544	2.5787	2.55095	2.67603	0	0
k107_11550273 flag=0 multi=18.0032 len=22782	22782	10.9249	0	0	0	0	0	0	0	0	0.0938167	0.160159	0	0	0	0	3.81633	4.95078	0.0134342	0.0132545	4.47398	7.24508	2.52731	3.13575	0	0
k107_18024037 flag=1 multi=14.2250 len=13118	13118	10.6439	0	0	0	0	0	0	0	0	0.0466604	0.112631	0	0	0	0	3.35612	4.88924	0	0	4.45225	6.80067	2.78886	3.14556	0	0
k107_2570491 flag=1 multi=12.0000 len=19137	19137	10.3183	0	0	0	0	0	0	0	0	0.0159809	0.024054	0	0	0	0	3.58827	5.33491	0	0	4.12509	5.02138	2.58896	2.84649	0	0
k107_27412514 flag=1 multi=31.0000 len=14152	14152	10.4815	0	0	0	0	0	0	0	0	0	0	0	0	0	0	4.3743	7.99394	0	0	3.61841	5.74492	2.48881	4.45127	0	0
k107_35599860 flag=0 multi=59.0000 len=27831	27831	10.0608	0	0	0	0	0	0	0	0	0.0548149	0.0669043	0	0	0	0	3.43536	4.81877	0.00541247	0.00545552	3.96462	4.91797	2.6006	2.82575	0	0
k107_6666065 flag=0 multi=61.0060 len=10817	10817	10.8984	0	0	0	0	0	0	0	0	0.0329054	0.0319208	0	0	0	0	4.0758	6.20561	0	0	4.21065	7.94381	2.57908	3.10568	0	0
k107_16006546 flag=1 multi=63.7662 len=4730	4730	9.3103	0	0	0	0	0	0	0	0	0.0682023	0.0734924	0	0	0	0	3.17864	3.66609	0	0	3.91441	7.93305	2.14905	3.27391	0	0
k107_12621866 flag=0 multi=96.5199 len=3265	3265	12.8485	0	0	0	0	0	0	0	0	0.203847	0.275113	0	0	0	0	4.01114	6.13945	0	0	5.39251	10.4343	3.24097	3.33026	0	0
k107_1665318 flag=0 multi=13.0000 len=11957	11957	10.2904	0	0	0	0	0	0	0	0	0.0258258	0.0252424	0	0	0	0	3.97924	5.2399	0	0	3.78275	5.5956	2.50262	3.71692	0	0
k107_34601644 flag=1 multi=12.0000 len=5216	5216	11.0305	0	0	0	0	0	0	0	0	0.0919821	0.083703	0	0	0	0	3.3195	3.55237	0	0	5.20208	5.97777	2.41697	3.92328	0	0
k107_14814906 flag=0 multi=23.6908 len=37640	37640	11.0987	0	0	0	0	0	0	0	0	0.0161765	0.0252424	0	0	0	0	3.97469	6.15719	0	0	4.32104	6.85411	2.78676	3.47845	0	0
k107_34675657 flag=0 multi=11.0088 len=3964	3964	10.4582	0	0	0	0	0	0	0	0	0	0	0	0	0	0	3.72747	3.44086	0	0	3.76707	5.92583	2.96368	2.50638	0	0
k107_21600729 flag=0 multi=17.0144 len=7191	7191	9.09493	0	0	0	0	0	0	0	0	0.0869502	0.114846	0	0	0	0	2.6866	3.97679	0	0	4.00973	4.73532	2.28974	3.25371	0.021919	0.0214366
k107_21606616 flag=0 multi=21.0000 len=7075	7075	10.3784	0	0	0	0	0	0	0	0	0	0	0	0	0	0	3.72169	7.56074	0	0	3.69349	4.8564	2.96324	2.37743	0	0
k107_22059208 flag=0 multi=35.0279 len=6058	6058	10.7552	0	0	0	0	0	0	0	0	0	0	0	0	0	0	3.70188	4.82151	0.0521195	0.0691804	4.51598	7.56017	2.48523	3.24947	0	0
k107_28690489 flag=1 multi=5.0000 len=3312	3312	5.72259	0	0	0	0	0	0	0	0	0.100332	0.0969454	0	0	0	0	0	0	0	0	5.62226	4.25403	0	0	0	0
k107_5994912 flag=0 multi=20.7227 len=17760	17760	10.5125	0	0	0	0	0	0	0	0	0.0172987	0.0190654	0	0	0	0	3.61943	5.11559	0	0	4.51421	7.0555	2.36161	2.61618	0	0
k107_22129934 flag=0 multi=17.9969 len=10506	10506	9.73128	0	0	0	0	0	0	0	0	0	0	0	0	0	0	3.26284	4.42921	0	0	4.12319	5.56902	2.34526	2.12676	0	0
k107_5513830 flag=0 multi=41.5411 len=25529	25529	10.7493	0	0	0	0	0	0	0	0	0.0119713	0.0230834	0	0	0	0	3.56749	5.70974	0	0	4.43271	6.05028	2.73711	3.3153	0	0
k107_5422568 flag=1 multi=9.0000 len=3760	3760	8.89069	0	0	0	0	0	0	0	0	0.0118566	0.0120029	0	0	0	0	3.23511	4.0206	0	0	3.35281	4.85911	2.29092	3.46197	0	0
k107_7739135 flag=0 multi=36.6098 len=21399	21399	10.1651	0	0	0	0	0	0	0	0	0.0143148	0.0230296	0	0	0	0	3.48666	4.64051	0	0	4.27734	6.12022	2.38683	2.86151	0	0
k107_15342265 flag=0 multi=23.2355 len=22065	22065	10.4848	0	0	0	0	0	0	0	0	0.0138768	0.0167116	0	0	0	0	3.85995	5.14407	0	0	4.13973	5.31465	2.47126	3.13459	0	0
k107_11234379 flag=0 multi=41.2143 len=35078	35078	10.1057	0	0	0	0	0	0	0	0	0.0431907	0.0606074	0	0	0	0	3.66322	5.41177	0	0	3.55372	6.19815	2.84561	3.78352	0	0
k107_32654355 flag=0 multi=46.4831 len=2889	2889	19.6691	0	0	0	0	0	0	0	0	0	0	0.116738	0.137953	1.9281	2.14083	4.31813	4.15106	7.37998	8.90781	2.90182	4.44757	3.02435	2.14671	0	0
k107_22206238 flag=1 multi=15.0539 len=6398	6398	10.6247	0	0	0	0	0	0	0	0	0	0	0	0	0	0	4.18241	5.09977	0	0	3.55135	6.32255	2.89091	2.76957	0	0
k107_3227047 flag=0 multi=186.3581 len=4765	4765	9.37015	0	0	0	0	0	0	0	0	0.134887	0.209826	0	0	0	0	3.74815	3.40062	0	0	3.76473	4.86686	1.72238	1.93113	0	0
k107_32908820 flag=0 multi=14.0921 len=24144	24144	10.4411	0	0	0	0	0	0	0	0	0.0378743	0.0499004	0	0	0	0	4.19579	6.70618	0	0	3.90219	5.83212	2.29263	2.80335	0.0125828	0.0125
k107_31483943 flag=0 multi=11.6159 len=12664	12664	10.8738	0	0	0	0	0	0	0	0	0.0488594	0.0464699	0	0	0	0	4.22909	5.96769	0	0	4.05282	6.05825	2.54304	3.54926	0	0
k107_10485982 flag=1 multi=17.0000 len=6518	6518	10.0256	0	0	0	0	0	0	0	0	0.029601	0.0589494	0	0	0	0	3.01464	3.51233	0	0	4.53346	7.06579	2.44788	3.61012	0	0
k107_22515817 flag=0 multi=67.0997 len=9094	9094	10.1588	0	0	0	0	0	0	0	0	0.0805278	0.091726	0	0	0	0	3.60919	6.67256	0	0	4.31256	5.03221	2.15651	3.2286	0	0
k107_22106694 flag=1 multi=9.0000 len=7192	7192	10.8313	0	0	0	0	0	0	0	0	0	0	0	0	0	0	3.70479	4.90653	0	0	4.24064	5.31805	2.88592	4.07227	0	0
k107_3058974 flag=0 multi=53.1277 len=8555	8555	10.0528	0	0	0	0	0	0	0	0	0	0	0	0	0	0	4.67127	4.23701	0	0	3.89592	6.12665	1.48564	1.40505	0	0
k107_16919210 flag=1 multi=29.0000 len=40940	40940	10.3014	0	0	0	0	0	0	0	0	0.0816477	0.12046	0	0	0	0	3.36997	3.90527	0	0	4.23746	5.62264	2.61233	3.15025	0	0
k107_4425373 flag=0 multi=31.9761 len=16586	16586	9.84076	0	0	0	0	0	0	0	0	0.0819209	0.105679	0	0	0	0	3.14186	5.3418	0.0185458	0.0295	3.99932	6.03584	2.59912	3.0101	0	0
k107_22812616 flag=0 multi=80.4477 len=12105	12105	10.5582	0	0	0	0	0	0	0	0	0.0255867	0.0367843	0	0	0	0	4.07625	4.75451	0	0	4.0427	5.52357	2.41362	2.80333	0	0
k107_14204854 flag=1 multi=61.0819 len=25482	25482	9.78995	0	0	0	0	0	0	0	0	0.0598491	0.131363	0	0	0	0	3.76493	5.69006	0	0	3.79686	5.32893	2.16831	2.89921	0	0
k107_29439158 flag=0 multi=4.8931 len=2774	2774	5.11286	0	0	0	0	0	0	0	0	0	0	0	0	0	0	0	0	0	0	5.11286	5.87365	0	0	0	0
k107_23248329 flag=0 multi=114.3504 len=11446	11446	10.0356	0	0	0	0	0	0	0	0	0	0	0	0	0	0	3.47631	5.00092	0	0	3.79882	5.88851	2.7605	3.10079	0	0
k107_30583193 flag=1 multi=24.9378 len=2921	2921	8.83238	0	0	0	0	0	0	0	0	0	0	0	0	0	0	4.07904	7.93647	0	0	1.52615	6.58018	3.22719	5.67974	0	0
k107_22321942 flag=1 multi=46.6177 len=22748	22748	10.2692	0	0	0	0	0	0	0	0	0.0401853	0.0605591	0	0	0	0	3.58817	4.9054	0	0	4.27314	6.03869	2.36768	3.30938	0	0
k107_1304105 flag=0 multi=253.9235 len=6456	6456	9.89357	0	0	0	0	0	0	0	0	0.0973351	0.127219	0	0	0	0	2.65843	4.87594	0	0	4.57556	7.28628	2.56224	4.10017	0	0
k107_23933483 flag=1 multi=61.3364 len=26481	26481	10.7106	0	0	0	0	0	0	0	0	0.0403377	0.0632593	0	0	0	0	3.96574	5.03039	0	0	4.37293	5.6475	2.33164	2.63316	0	0
k107_24461687 flag=0 multi=18.0453 len=9946	9946	10.1884	0	0	0	0	0	0	0	0	0.0312111	0.0465117	0	0	0	0	3.34664	3.89507	0	0	4.46889	7.92254	2.34166	1.88711	0	0
k107_1679478 flag=1 multi=20.1643 len=52798	52798	10.3237	0	0	0	0	0	0	0	0	0.043089	0.0575456	0	0	0	0	3.64969	4.78977	0	0	4.2164	5.85242	2.41449	2.80284	0	0
k107_2098815 flag=0 multi=50.0916 len=4792	4792	10.3254	0	0	0	0	0	0	0	0	0	0	0	0	0	0	3.61581	5.46761	0	0	4.66437	6.02495	2.04521	2.89928	0	0
k107_1556183 flag=1 multi=37.0000 len=12249	12249	10.6198	0	0	0	0	0	0	0	0	0.100946	0.122219	0	0	0	0	3.58065	5.38066	0	0	4.50431	6.64507	2.43392	3.3342	0	0
k107_6618628 flag=0 multi=24.0180 len=3498	3498	8.59481	0	0	0	0	0	0	0	0	0	0	0	0	0	0	2.11921	3.03372	0	0	4.40019	6.89659	2.07541	3.47292	0	0
k107_8290980 flag=1 multi=112.2667 len=28983	28983	9.26805	0	0	0	0	0	0	0	0	0.0104599	0.0189303	0	0	0	0	3.14013	4.45502	0	0	3.92615	4.86849	2.19131	2.48341	0	0
k107_29488165 flag=0 multi=22.7346 len=26557	26557	10.4418	0	0	0	0	0	0	0	0	0.045896	0.0636153	0	0	0	0	3.44654	4.88279	0	0	4.36469	5.66873	2.58469	3.09718	0	0
k107_21879649 flag=0 multi=18.0000 len=8399	8399	10.0676	0	0	0	0	0	0	0	0	0	0	0	0	0	0	3.37705	5.60093	0	0	3.95653	5.25262	2.73398	3.16142	0	0
k107_19520044 flag=1 multi=16.0000 len=9412	9412	10.5313	0	0	0	0	0	0	0	0	0.032382	0.0362266	0	0	0	0	3.60867	4.12966	0	0	4.51164	3.97186	2.37859	3.91153	0	0
k107_16352597 flag=0 multi=9.0216 len=2794	2794	11.5205	0	0	0	0	0	0	0	0	0.242376	0.190128	0	0	0	0	3.82705	7.24918	0	0	4.49077	9.98916	2.96027	7.68759	0	0
k107_16118395 flag=0 multi=45.7261 len=6544	6544	10.2903	0	0	0	0	0	0	0	0	0.0483819	0.0758554	0	0	0	0	4.10974	4.90968	0	0	3.53973	7.44511	2.59244	4.24699	0	0
k107_8249480 flag=0 multi=37.9437 len=49487	49487	10.4384	0	0	0	0	0	0	0	0	0.0734167	0.13139	0	0	0	0	3.59689	5.45931	0	0	4.13242	6.03857	2.63572	3.5425	0	0
k107_25512195 flag=0 multi=22.0000 len=9961	9961	11.1017	0	0	0	0	0	0	0	0	0.0625324	0.0942431	0	0	0	0	4.09877	7.16667	0	0	4.80319	7.39227	2.13718	2.84876	0	0
k107_1715736 flag=0 multi=21.0187 len=5243	5243	8.65938	0	0	0	0	0	0	0	0	0.0611212	0.107184	0	0	0	0	2.51123	4.37467	0	0	3.65331	6.62403	2.43372	2.57129	0	0
k107_20485136 flag=0 multi=45.4316 len=30973	30973	10.6008	0	0	0	0	0	0	0	0	0.0393857	0.059994	0	0	0	0	3.48019	4.73518	0	0	4.44505	7.2699	2.63617	3.18868	0	0
k107_11864586 flag=0 multi=15.4751 len=13743	13743	10.4145	0	0	0	0	0	0	0	0	0.0674057	0.160185	0	0	0	0	3.26925	5.54839	0	0	4.20534	5.77372	2.87248	3.57691	0	0
k107_24689670 flag=0 multi=14.2958 len=15758	15758	9.64007	0	0	0	0	0	0	0	0	0.0585533	0.139305	0	0	0	0	3.43951	7.58114	0.0195393	0.0327519	3.91473	6.57931	2.19798	3.88653	0.00976967	0.00967374
k107_2593373 flag=0 multi=52.1318 len=3568	3568	11.1206	0	0	0	0	0	0	0	0	0	0	0	0	0	0	3.18157	3.02579	0	0	5.13411	4.97826	2.80496	1.71457	0	0
k107_2712411 flag=0 multi=12.9752 len=8679	8679	10.969	0	0	0	0	0	0	0	0	0	0	0	0	0	0	4.05837	4.30816	0	0	4.2015	5.68598	2.70908	3.23165	0	0
k107_17817742 flag=0 multi=35.9668 len=23965	23965	10.8638	0	0	0	0	0	0	0	0	0.0254828	0.0370505	0	0	0	0	4.20652	7.6499	0	0	4.19588	5.36036	2.43591	3.06944	0	0
k107_16890044 flag=0 multi=31.1650 len=6277	6277	8.33724	0	0	0	0	0	0	0	0	0	0	0	0	0	0	4.55715	5.40778	0	0	0.184603	0.39042	3.59548	4.89713	0	0
k107_24614261 flag=0 multi=15.0000 len=7862	7862	10.4836	0	0	0	0	0	0	0	0	0	0	0	0	0	0	3.60648	4.03899	0	0	4.30185	7.96621	2.57526	3.36599	0	0
k107_16890073 flag=0 multi=27.1980 len=3339	3339	8.61969	0	0	0	0	0	0	0	0	0	0	0	0	0	0	2.55779	3.24528	0	0	4.56832	5.76603	1.49358	1.76259	0	0
k107_20423565 flag=1 multi=50.0000 len=29273	29273	10.4402	0	0	0	0	0	0	0	0	0.0104242	0.0162573	0	0	0	0	4.22043	5.96286	0.0104242	0.0162578	3.63142	5.33725	2.56753	2.70543	0	0
k107_19022684 flag=1 multi=5.0000 len=7696	7696	6.68664	0	0	0	0	0	0	0	0	0	0	0	0	0	0	3.94982	5.33986	0	0	0	0	2.73681	2.5572	0	0
k107_15971172 flag=0 multi=62.4090 len=23983	23983	10.1971	0	0	0	0	0	0	0	0	0.0634686	0.0945671	0	0	0	0	3.50526	5.76273	0	0	3.79819	4.58346	2.83016	3.24223	0	0
k107_24984025 flag=1 multi=5.0000 len=2703	2703	5.90671	0	0	0	0	0	0	0	0	0	0	0	0	0	0	4.0708	4.51892	0	0	0	0	1.8359	1.41307	0	0
k107_24811579 flag=0 multi=15.0079 len=10538	10538	10.3037	0	0	0	0	0	0	0	0	0.0587143	0.0815181	0	0	0	0	3.12935	4.02955	0	0	3.7796	4.00776	3.33607	4.44067	0	0
k107_20932878 flag=0 multi=11.3069 len=6683	6683	10.4817	0	0	0	0	0	0	0	0	0	0	0	0	0	0	4.54459	7.09104	0	0	2.85535	8.13577	3.08181	3.27627	0	0
k107_24857503 flag=1 multi=15.0000 len=14322	14322	10.2068	0	0	0	0	0	0	0	0	0.0215407	0.025924	0	0	0	0	3.76098	5.44293	0	0	4.15036	4.76636	2.27397	3.04738	0	0
k107_4044667 flag=0 multi=11.7028 len=6204	6204	9.98695	0	0	0	0	0	0	0	0	0.15283	0.197746	0	0	0	0	2.93223	3.19946	0	0	4.23653	5.7988	2.66537	3.01991	0	0
k107_25943259 flag=0 multi=38.0089 len=13662	13662	9.88099	0	0	0	0	0	0	0	0	0.0226048	0.0258419	0	0	0	0	3.55629	5.25445	0	0	3.63338	5.45861	2.66871	4.199	0	0
k107_8546346 flag=0 multi=10.0289 len=7138	7138	10.0712	0	0	0	0	0	0	0	0	0	0	0	0	0	0	3.28979	4.38177	0	0	4.3758	6.04795	2.40565	3.5299	0	0
k107_8620838 flag=1 multi=25.2750 len=98428	98428	10.3831	0	0	0	0	0	0	0	0	0.0429448	0.0588401	0	0	0	0	3.17301	4.47954	0.00307768	0.00534778	4.54313	6.37678	2.6209	3.1293	0	0
k107_26690688 flag=1 multi=11.0000 len=14378	14378	10.3884	0	0	0	0	0	0	0	0	0.106849	0.162258	0	0	0	0	3.28659	5.39556	0	0	4.35756	6.32555	2.6374	3.23173	0	0
k107_3924544 flag=0 multi=13.6113 len=19983	19983	11.0677	0	0	0	0	0	0	0	0	0.122352	0.191345	0	0	0	0	3.71988	5.06714	0	0	4.41665	6.53432	2.80885	2.54599	0	0
k107_24221245 flag=0 multi=32.7035 len=4586	4586	10.0294	0	0	0	0	0	0	0	0	0	0	0	0	0	0	3.44818	3.38631	0	0	4.96289	4.90251	1.61835	2.38508	0	0
k107_15569033 flag=0 multi=32.0070 len=4996	4996	8.42352	0	0	0	0	0	0	0	0	0	0	0	0	0	0	2.81934	4.44636	0	0	3.52727	4.40051	2.07691	1.94844	0	0
k107_27061507 flag=0 multi=91.0000 len=14103	14103	9.42533	0	0	0	0	0	0	0	0	0.0218825	0.0377856	0	0	0	0	3.53953	5.7579	0	0	3.15535	6.14005	2.70857	3.40286	0	0
k107_21579850 flag=1 multi=5.0000 len=4699	4699	6.36593	0	0	0	0	0	0	0	0	0	0	0	0	0	0	3.25404	2.56387	0	0	0.137366	0.136264	2.97453	2.87124	0	0
k107_7589200 flag=0 multi=31.2887 len=8642	8642	11.2163	0	0	0	0	0	0	0	0	0	0	0	0	0	0	4.18717	5.51628	0	0	4.25647	4.72582	2.77266	3.84374	0	0
k107_7694395 flag=0 multi=38.4298 len=27065	27065	9.72204	0	0	0	0	0	0	0	0	0.0954676	0.136679	0	0	0	0	3.11019	4.29095	0	0	3.8792	4.7045	2.63719	3.24273	0	0
k107_16413869 flag=0 multi=196.9343 len=5829	5829	9.78741	0	0	0	0	0	0	0	0	0	0	0	0	0	0	4.09481	6.40781	0	0	3.21983	3.90745	2.47277	4.11339	0	0
k107_20181771 flag=0 multi=34.0109 len=12006	12006	10.6132	0	0	0	0	0	0	0	0	0.0774094	0.112775	0	0	0	0	4.48556	5.78648	0	0	4.15695	4.75024	1.89328	2.34285	0	0
k107_2108261 flag=0 multi=24.4966 len=14488	14488	9.98118	0	0	0	0	0	0	0	0	0	0	0	0	0	0	3.30763	5.16919	0	0	4.12026	6.86735	2.55329	3.1475	0	0
k107_7637695 flag=0 multi=48.0000 len=3148	3148	10.5401	0	0	0	0	0	0	0	0	0	0	0	0	0	0	3.14301	4.63423	0	0	4.12895	6.52664	3.2681	3.6094	0	0
k107_14148413 flag=0 multi=30.7552 len=19992	19992	11.3903	0	0	0	0	0	0	0	0	0.122651	0.141377	0	0	0	0	3.81346	5.27837	0	0	4.43088	6.42601	3.02331	3.67483	0	0
k107_16297542 flag=1 multi=7.0000 len=16678	16678	7.61706	0	0	0	0	0	0	0	0	0.00922081	0.00913808	0	0	0	0	4.01234	4.66784	0	0	0.779983	3.67784	2.81552	3.29775	0	0
k107_26066353 flag=1 multi=9.0000 len=7826	7826	10.3674	0	0	0	0	0	0	0	0	0.0401382	0.0414624	0	0	0	0	3.21544	5.69537	0	0	4.48312	5.30129	2.62865	3.64889	0	0
k107_34706079 flag=1 multi=9.0000 len=5159	5159	10.5993	0	0	0	0	0	0	0	0	0.124357	0.196225	0	0	0	0	3.37204	5.33855	0	0	4.36195	6.27469	2.74099	3.19441	0	0
k107_6321702 flag=0 multi=29.7387 len=49469	49469	10.4883	0	0	0	0	0	0	0	0	0.0337015	0.0404838	0	0	0.00599996	0.00907265	3.94214	5.6782	0	0	3.80963	5.85611	2.69685	3.60835	0	0
k107_4104234 flag=1 multi=9.0000 len=8500	8500	10.4876	0	0	0	0	0	0	0	0	0.0735545	0.104613	0	0	0	0	3.7292	4.61947	0	0	4.40681	5.12507	2.27799	2.84893	0	0
k107_16672872 flag=0 multi=13.2504 len=19490	19490	10.2677	0	0	0	0	0	0	0	0	0.0629039	0.0894106	0	0	0	0	3.65385	5.24508	0	0	4.07004	7.13759	2.48093	3.7547	0	0
k107_5656788 flag=0 multi=9.0080 len=6101	6101	10.7622	0	0	0	0	0	0	0	0	0.104156	0.126442	0	0	0	0	3.59924	5.24863	0	0	4.28074	6.39908	2.77807	3.5065	0	0
k107_29890123 flag=0 multi=11.1086 len=3045	3045	8.65658	0	0	0	0	0	0	0	0	0	0	0	0	0	0	3.6132	6.64001	0	0	2.92198	6.33188	2.1214	2.38425	0	0
k107_23979240 flag=1 multi=17.0000 len=8111	8111	10.4593	0	0	0	0	0	0	0	0	0.114867	0.14992	0	0	0	0	3.64374	5.49824	0	0	4.04661	4.89013	2.65412	3.15436	0	0
k107_28631202 flag=1 multi=57.4075 len=3503	3503	9.45736	0	0	0	0	0	0	0	0	0.0940331	0.146101	0	0	0	0	3.01125	4.91587	0	0	3.19806	4.44895	3.15401	4.48632	0	0
k107_1530121 flag=1 multi=27.0000 len=12424	12424	9.24666	0	0	0	0	0	0	0	0	0.0497443	0.0763994	0	0	0	0	3.65699	4.78336	0	0	3.49357	5.0882	2.04636	2.6672	0	0
k107_5326941 flag=1 multi=10.0000 len=3595	3595	11.4622	0	0	0	0	0	0	0	0	0	0	0	0	0	0	3.63681	5.73213	0	0	4.77164	2.7396	3.05375	2.08823	0	0
k107_31284338 flag=0 multi=11.0068 len=5583	5583	10.6359	0	0	0	0	0	0	0	0	0	0	0	0	0	0	3.60727	3.5971	0	0	4.43855	5.53951	2.59004	3.02671	0	0
k107_31853467 flag=0 multi=70.0814 len=15200	15200	10.6161	0	0	0	0	0	0	0	0	0	0	0	0	0	0	3.7995	4.99032	0	0	4.55001	5.16186	2.26661	2.93946	0	0
k107_32062060 flag=0 multi=28.0084 len=24995	24995	10.6221	0	0	0	0	0	0	0	0	0.0611509	0.0728193	0	0	0	0	3.5248	4.8852	0	0	4.24934	5.94563	2.78682	3.4279	0	0
k107_1716201 flag=0 multi=13.0062 len=22367	22367	10.9173	0	0	0	0	0	0	0	0	0.10247	0.161448	0	0	0	0	3.80317	5.45608	0.0067981	0.00679663	4.55423	6.24266	2.45062	3.14596	0	0
k107_32452587 flag=1 multi=11.0000 len=5786	5786	10.595	0	0	0	0	0	0	0	0	0.0548869	0.052037	0	0	0	0	2.96791	3.40393	0	0	5.48049	6.44516	2.09172	3.33086	0	0
k107_20171862 flag=0 multi=13.4561 len=5213	5213	10.9192	0	0	0	0	0	0	0	0	0.0610874	0.0760562	0	0	0	0	4.47974	4.02149	0	0	4.21482	7.42039	2.16351	2.53825	0	0
k107_35529863 flag=0 multi=14.0712 len=3448	3448	10.5935	0	0	0	0	0	0	0	0	0	0	0	0	0	0	3.20025	3.02378	0	0	4.43484	6.94563	2.95836	3.47257	0	0
k107_21458568 flag=0 multi=13.0588 len=3169	3169	10.1706	0	0	0	0	0	0	0	0	0	0	0	0	0	0	3.06278	5.91727	0	0	4.5504	9.54224	2.55738	6.35684	0	0
k107_10968721 flag=0 multi=10.0051 len=2853	2853	10.4202	0	0	0	0	0	0	0	0	0	0	0	0	0	0	3.40063	4.98395	0	0	3.8283	3.49024	3.1913	3.63316	0	0
k107_14886465 flag=0 multi=19.0000 len=17391	17391	10.4948	0	0	0	0	0	0	0	0	0.0353444	0.044861	0	0	0	0	3.76558	4.61423	0	0	3.91456	4.83978	2.77933	2.8194	0	0
k107_32652873 flag=1 multi=17.0000 len=5027	5027	9.91471	0	0	0	0	0	0	0	0	0.0639153	0.078474	0	0	0	0	3.18265	3.42122	0	0	4.55937	5.46143	2.10878	1.62497	0	0
k107_16877064 flag=0 multi=59.0000 len=6562	6562	9.64073	0	0	0	0	0	0	0	0	0.0480831	0.0861801	0	0	0	0	2.73291	3.49394	0	0	3.94649	3.58186	2.91326	4.36638	0	0
k107_18334206 flag=1 multi=23.4681 len=37405	37405	10.2192	0	0	0	0	0	0	0	0	0.032558	0.0441288	0	0	0	0	3.57055	6.5386	0	0	4.0114	5.49151	2.59661	3.49577	0.00805865	0.00807234
k107_27498586 flag=0 multi=34.0000 len=29240	29240	9.93991	0	0	0	0	0	0	0	0	0.0624093	0.074443	0	0	0	0	3.45007	4.55994	0	0	3.92256	5.80107	2.50487	3.22724	0	0
k107_32798238 flag=0 multi=26.0122 len=16001	16001	10.2486	0	0	0	0	0	0	0	0	0.0384738	0.0470652	0	0	0	0	3.26995	4.79831	0	0	4.77413	6.03328	2.166	2.62947	0	0
k107_33534538 flag=0 multi=11.0528 len=3670	3670	9.49733	0	0	0	0	0	0	0	0	0	0	0	0	0	0	3.6155	3.72948	0	0	3.34976	4.36731	2.53207	3.82457	0	0
k107_5713097 flag=0 multi=18.0008 len=16633	16633	10.7385	0	0	0	0	0	0	0	0	0.0183087	0.0181493	0	0	0	0	3.60633	4.44565	0	0	4.51528	7.34498	2.59862	2.9309	0	0
k107_12130538 flag=1 multi=7.0000 len=6959	6959	7.84467	0	0	0	0	0	0	0	0	0	0	0	0	0.022082	0.0221754	0	0	0.0226829	0.0221725	7.0374	6.33613	0.762506	1.95548	0	0
k107_8375394 flag=0 multi=40.0299 len=8951	8951	9.05561	0	0	0	0	0	0	0	0	0	0	0	0	0	0	2.90958	4.42007	0	0	3.65846	3.78086	2.48757	2.01733	0	0
k107_11886982 flag=1 multi=16.4598 len=9079	9079	8.51407	0	0	0	0	0	0	0	0	0	0	0	0	0	0	3.99635	4.80847	0	0	2.10015	6.86817	2.41757	4.29412	0	0
k107_6655273 flag=0 multi=29.8058 len=9425	9425	10.034	0	0	0	0	0	0	0	0	0.0329935	0.0331076	0	0	0	0	3.23161	3.9134	0	0	4.68464	4.42363	2.08473	2.1407	0	0
k107_34375027 flag=1 multi=49.0000 len=29701	29701	10.3679	0	0	0	0	0	0	0	0	0.0716691	0.106775	0	0	0	0	3.63563	5.1301	0.0050682	0.00511029	4.09494	6.6917	2.56056	3.37349	0	0
k107_20619526 flag=1 multi=5.0000 len=4225	4225	6.0859	0	0	0	0	0	0	0	0	0	0	0	0	0	0	3.11369	3.07729	0	0	0.146826	0.152362	2.82539	2.38615	0	0
k107_937499 flag=0 multi=35.0145 len=4095	4095	12.1347	0	0	0	0	0	0	0	0	0.157922	0.212505	0	0	0	0	4.08357	7.39746	0.0780385	0.13343	4.69022	4.48228	3.12497	3.38492	0	0
k107_5544822 flag=0 multi=22.3697 len=12905	12905	9.86138	0	0	0	0	0	0	0	0	0.0477664	0.0581648	0	0	0	0	3.14187	4.85126	0	0	4.3419	4.96517	2.32984	2.94651	0	0
k107_28407993 flag=1 multi=8.0000 len=14414	14414	10.0278	0.0214002	0.0225027	0	0	0	0	0	0	0.0428005	0.110279	0.0214002	0.0318572	0	0	3.49107	4.04865	0	0	4.05393	5.62755	2.39718	3.55171	0	0
k107_27856438 flag=0 multi=15.0023 len=13730	13730	10.9363	0	0	0	0	0	0	0	0	0.0892166	0.128575	0	0	0	0	4.03232	5.50643	0	0	4.45025	5.83855	2.36454	3.23561	0	0
k107_4221552 flag=0 multi=31.3663 len=23760	23760	10.875	0	0	0	0	0	0	0	0	0.0386222	0.0555253	0	0	0	0	3.99331	5.42633	0	0	4.45034	7.4091	2.39274	3.05476	0	0
k107_35282944 flag=0 multi=47.2117 len=24602	24602	9.41477	0	0	0	0	0	0	0	0	0.0123868	0.012273	0	0	0	0	3.1951	4.12105	0	0	3.77506	4.44524	2.43222	3.13865	0	0
k107_15217959 flag=1 multi=16.0000 len=27674	27674	10.6236	0	0	0	0	0	0	0	0	0.0881192	0.105412	0	0	0	0	3.75117	4.35166	0	0	4.21723	7.15524	2.56156	3.76236	0.00548005	0.0054864
k107_1471130 flag=0 multi=22.4007 len=5807	5807	10.8256	0	0	0	0	0	0	0	0	0.0548592	0.0914719	0	0	0	0	4.45831	7.93916	0	0	3.54024	5.29909	2.77221	3.64054	0	0
k107_3808841 flag=1 multi=26.0000 len=20992	20992	9.57071	0	0	0	0	0	0	0	0	0.0291445	0.0435202	0	0	0	0	3.54495	5.72474	0.0145964	0.0188314	3.77893	5.14037	2.20309	2.71191	0	0
k107_17279242 flag=0 multi=41.4197 len=25016	25016	10.6957	0	0	0	0	0	0	0	0	0.0487578	0.073207	0	0	0	0	3.56065	4.6393	0	0	4.57587	6.30801	2.5104	3.49348	0	0
k107_19426849 flag=0 multi=13.2548 len=36447	36447	11.0174	0	0	0	0	0	0	0	0	0.0250657	0.0613038	0	0	0	0	3.92226	6.80357	0	0	4.3883	5.78256	2.67769	3.02958	0.00412229	0.00415903
k107_10465830 flag=1 multi=44.3095 len=14680	14680	10.5824	0	0	0	0	0	0	0	0	0.0209348	0.0327952	0	0	0	0	3.58805	2.89229	0	0	4.14355	4.67111	2.82988	3.22172	0	0
k107_25204606 flag=0 multi=12.3185 len=11260	11260	10.3852	0	0	0	0	0	0	0	0	0.0273773	0.029361	0	0	0	0	3.32725	3.8873	0	0	4.7046	8.33473	2.32597	2.90773	0	0
k107_26013305 flag=0 multi=20.0156 len=9072	9072	10.0526	0	0	0	0	0	0	0	0	0.0515393	0.0594854	0	0	0	0	3.59111	4.47768	0	0	4.2886	6.9953	2.12132	2.69126	0	0
k107_1989905 flag=0 multi=13.5377 len=12159	12159	10.1505	0	0	0	0	0	0	0	0	0.050603	0.0680099	0	0	0	0	3.43586	4.92958	0	0	3.99494	8.31781	2.66906	2.98741	0	0
k107_8750404 flag=0 multi=14.5522 len=11165	11165	10.4506	0	0	0	0	0	0	0	0	0.0834024	0.111992	0	0	0	0	4.11084	5.4391	0	0	4.19774	6.9245	2.05864	2.64026	0	0
k107_11045339 flag=1 multi=15.9755 len=43015	43015	9.67317	0	0	0	0	0	0	0	0	0.028235	0.0411835	0	0	0	0	3.47786	5.16209	0	0	3.85431	4.63077	2.3093	3.02744	0.00346499	0.00352434
k107_4137821 flag=1 multi=22.0000 len=11316	11316	11.1966	0	0	0	0	0	0	0	0	0.0547485	0.0641798	0	0	0	0	3.80607	5.53798	0	0	4.41865	7.21797	2.91711	3.25539	0	0
k107_16502858 flag=0 multi=99.0000 len=4443	4443	10.5595	0	0	0	0	0	0	0	0	0.145617	0.146358	0	0	0	0	3.5122	5.79345	0	0	4.89326	6.29685	2.00845	2.72206	0	0
k107_2351484 flag=0 multi=12.6693 len=10331	10331	10.9349	0	0	0	0	0	0	0	0	0.0301127	0.0407811	0	0	0	0	3.54153	4.57849	0	0	4.78901	8.19341	2.57423	2.62181	0	0
k107_28649522 flag=1 multi=14.0000 len=8328	8328	10.624	0	0	0	0	0	0	0	0	0	0	0	0	0	0	3.96374	7.38365	0	0	4.16584	6.38573	2.49439	2.71153	0	0
k107_6333437 flag=1 multi=9.0000 len=15085	15085	10.1105	0	0	0	0	0	0	0	0	0.061219	0.182622	0	0	0	0	3.74261	4.51187	0	0	3.92086	5.67179	2.38578	4.41336	0	0
k107_30950972 flag=0 multi=16.0154 len=16167	16167	10.0458	0	0	0	0	0	0	0	0	0.0190356	0.0186779	0	0	0	0	3.57586	4.11439	0	0	3.32247	5.30625	3.12846	4.17436	0	0
k107_170373 flag=0 multi=15.0083 len=4226	4226	12.314	0	0	0	0	0	0	0	0	0.148573	0.146771	0	0	0	0	4.86493	5.74628	0	0	4.33741	4.8496	2.96305	3.16913	0	0
k107_24750558 flag=1 multi=29.0000 len=49782	49782	9.98852	0	0	0	0	0	0	0	0	0.0548909	0.0786084	0	0	0	0	3.41888	4.74792	0	0	4.02617	5.42673	2.48858	3.1324	0	0
k107_19155587 flag=0 multi=11.0359 len=3730	3730	9.00438	0	0	0	0	0	0	0	0	0	0	0	0	0	0	3.53938	2.23907	0	0	3.78705	7.27182	1.67795	1.35112	0	0
k107_26552867 flag=0 multi=18.0397 len=21053	21053	9.72054	0	0	0	0	0	0	0	0	0.0727676	0.122589	0	0	0	0	3.32302	5.30379	0	0	4.1172	6.68915	2.20756	2.82784	0	0
k107_3832922 flag=0 multi=60.3922 len=18331	18331	10.3005	0	0	0	0	0	0	0	0	0.133784	0.186971	0	0	0	0	3.77719	5.67522	0	0	4.09446	5.99859	2.29508	2.62423	0	0
k107_30700391 flag=1 multi=25.0000 len=13747	13747	10.3647	0	0	0	0	0	0	0	0	0	0	0	0	0	0	4.092	5.16724	0	0	4.04143	7.63395	2.23131	2.74455	0	0
k107_25233890 flag=0 multi=19.0000 len=5370	5370	8.90213	0	0	0	0	0	0	0	0	0	0	0	0	0	0	2.8532	3.23252	0	0	3.40726	3.6913	2.64167	2.21309	0	0
k107_34106168 flag=1 multi=36.0000 len=7701	7701	8.55372	0	0	0	0	0	0	0	0	0	0	0	0	0	0	3.67901	4.32549	0	0	1.64009	6.86986	3.23463	3.3114	0	0
k107_7254775 flag=0 multi=25.1768 len=45442	45442	10.3668	0	0	0	0	0	0	0	0	0.040031	0.05024	0	0	0	0	3.70789	4.8633	0.0066903	0.00664423	4.14063	5.09892	2.47156	3.11352	0	0
k107_11026441 flag=0 multi=39.1690 len=26794	26794	10.9634	0	0	0	0	0	0	0	0	0.102408	0.144222	0	0	0	0	3.78265	5.60766	0	0	4.07727	6.06828	3.00109	3.96938	0	0
k107_26797663 flag=0 multi=12.0242 len=2829	2829	12.996	0	0	0	0	0	0	0	0	0	0	0	0	0	0	4.05224	5.44116	0	0	5.60546	9.9746	3.33835	4.17596	0	0
k107_2194733 flag=0 multi=17.6828 len=7234	7234	9.8931	0	0	0	0	0	0	0	0	0	0	0	0	0	0	3.55006	4.26798	0	0	3.96134	5.99126	2.38171	3.63399	0	0
k107_18620315 flag=0 multi=23.3753 len=56175	56175	10.23	0	0	0	0	0	0	0	0	0.0485744	0.0757252	0	0	0	0	3.5295	5.15111	0	0	4.11181	6.82598	2.53477	3.12246	0.00535142	0.00659434
k107_5310794 flag=1 multi=11.7725 len=14302	14302	10.0075	0	0	0	0	0	0	0	0	0.0430714	0.0672838	0	0	0	0	3.73321	5.37064	0	0	3.66743	4.2813	2.56379	4.16469	0	0
k107_27750021 flag=0 multi=50.0040 len=22075	22075	10.677	0	0	0	0	0	0	0	0	0.0207597	0.0203726	0	0	0	0	3.43536	4.75082	0.0138245	0.0145034	4.39967	7.63179	2.80742	3.4923	0	0
k107_7534672 flag=0 multi=74.1691 len=8331	8331	11.2635	0	0	0	0	0	0	0	0	0.0188068	0.0184527	0	0	0	0	4.1451	5.94905	0	0	4.68228	6.22366	2.41736	2.3309	0	0
k107_3691665 flag=0 multi=47.0207 len=15896	15896	10.7475	0	0	0	0	0	0	0	0	0.0193664	0.027837	0	0	0	0	3.56105	5.15001	0	0	4.10927	5.94439	3.05778	5.17894	0	0
k107_56877 flag=0 multi=15.0000 len=11147	11147	12.0046	0	0	0	0	0	0	0	0	0.0278469	0.0373913	0	0	0	0	4.66639	6.12796	0	0	4.47192	5.00506	2.83845	3.69295	0	0
k107_7518255 flag=0 multi=101.3145 len=2555	2555	10.8313	0	0	0	0	0	0	0	0	0.0217488	0.0229808	0	0	0	0	3.89259	6.42184	0	0	3.79494	11.595	3.12206	3.52317	0	0
k107_324227 flag=0 multi=104.8841 len=3991	3991	8.45405	0	0	0	0	0	0	0	0	0	0	0	0	0	0	3.84982	4.10177	0	0	2.77257	6.31193	1.83166	2.68594	0	0
k107_14628196 flag=0 multi=58.0000 len=2654	2654	11.3588	0	0	0	0	0	0	0	0	0.127126	0.13493	0	0	0	0	4.99362	9.50244	0	0	4.51233	5.49411	1.72577	1.82566	0	0
k107_9771238 flag=0 multi=14.0000 len=3617	3617	9.18069	0	0	0	0	0	0	0	0	0	0	0	0	0	0	3.51493	5.59204	0	0	2.92036	4.46036	2.7454	3.22202	0	0
k107_25048942 flag=0 multi=20.3851 len=32874	32874	10.7897	0	0	0	0	0	0	0	0	0.0692926	0.0867122	0	0	0	0	4.09874	6.11676	0	0	4.04114	5.86559	2.58053	3.51034	0	0
k107_9889037 flag=0 multi=24.4452 len=18207	18207	10.5405	0	0	0	0	0	0	0	0	0.0506004	0.0626788	0	0	0	0	3.71717	6.09009	0.0168109	0.025402	4.26797	5.57001	2.48791	3.03792	0	0
k107_3880086 flag=0 multi=28.3961 len=13599	13599	10.3819	0	0	0	0	0	0	0	0	0.0227119	0.0279145	0	0	0	0	3.4501	5.79545	0	0	4.13605	7.24733	2.77303	3.98409	0	0
k107_14471066 flag=0 multi=16.0000 len=22674	22674	11.061	0	0	0	0	0	0	0	0	0.0539961	0.0606597	0	0	0	0	4.31986	5.88741	0	0	4.20374	6.60118	2.46996	2.92508	0.0134543	0.0178774
k107_8198673 flag=0 multi=16.0037 len=11563	11563	11.1277	0	0	0	0	0	0	0	0	0.0935086	0.105302	0	0	0	0	4.82284	9.73961	0	0	4.04564	6.13703	2.1657	2.2811	0	0
k107_30829826 flag=1 multi=10.0000 len=11542	11542	9.52171	0	0	0	0	0	0	0	0	0.0268683	0.0363016	0	0	0	0	3.82509	4.83984	0	0	3.90089	3.94692	1.75543	3.30955	0.0134342	0.0132569
k107_29318693 flag=1 multi=27.0014 len=19515	19515	11.1796	0	0	0	0	0	0	0	0	0.0784365	0.0794051	0	0	0	0	3.58341	5.89244	0	0	4.37194	5.58195	3.14584	3.86616	0	0
k107_14676173 flag=0 multi=41.0882 len=7091	7091	9.67315	0	0	0	0	0	0	0	0	0	0	0	0	0	0	3.54308	4.6432	0	0	3.70762	5.80071	2.42245	2.34826	0	0
k107_19260335 flag=0 multi=10.0004 len=57865	57865	10.7996	0	0	0	0	0	0	0	0	0.0576238	0.0863474	0	0	0	0	3.89274	5.73593	0	0	4.33985	5.51793	2.50937	2.99711	0	0
k107_3843208 flag=0 multi=45.0178 len=18988	18988	9.86375	0	0	0	0	0	0	0	0	0.0161618	0.0162309	0	0	0	0	3.48282	4.59316	0	0	3.89345	5.21109	2.47132	3.08036	0	0
k107_5380017 flag=0 multi=11.0028 len=5023	5023	10.255	0	0	0	0	0	0	0	0	0	0	0	0	0	0	4.71235	5.59609	0	0	3.21161	3.67799	2.33107	4.02905	0	0
k107_28193812 flag=1 multi=25.4177 len=17297	17297	10.9589	0	0	0	0	0	0	0	0	0.053251	0.0703571	0	0	0	0	4.05243	6.4886	0	0	4.06702	5.74768	2.78617	3.84693	0	0
k107_29090023 flag=0 multi=14.9576 len=5600	5600	10.7431	0	0	0	0	0	0	0	0	0.0558701	0.0537514	0	0	0	0	3.93375	5.54814	0	0	4.55983	4.28104	2.19366	3.2296	0	0
k107_22256049 flag=0 multi=26.0286 len=2768	2768	12.9453	0	0	0	0	0	0	0	0	0	0	0	0	0	0	4.61517	8.5677	0	0	4.62733	6.49134	3.70276	2.13604	0	0
k107_26935407 flag=0 multi=13.0000 len=9572	9572	9.92168	0	0	0	0	0	0	0	0	0.0325782	0.0496465	0	0	0	0	3.5754	4.47547	0	0	3.8151	4.99992	2.4986	3.34351	0	0
k107_18435514 flag=0 multi=14.8036 len=8700	8700	9.44225	0	0	0	0	0	0	0	0	0	0	0	0	0	0	3.26209	4.53425	0	0	3.99095	6.53817	2.18921	3.86348	0	0
k107_25168605 flag=1 multi=32.0000 len=11850	11850	10.5713	0	0	0	0	0	0	0	0	0	0	0	0	0	0	3.77494	5.49808	0	0	4.14124	5.8256	2.65509	4.01683	0	0
k107_23549626 flag=0 multi=12.0146 len=4969	4969	9.24577	0	0	0	0	0	0	0	0	0	0	0	0	0	0	2.70645	4.0889	0.0647097	0.0605309	4.08592	6.289	2.38869	3.38975	0	0
k107_25307782 flag=0 multi=13.6859 len=10440	10440	10.2565	0	0	0	0	0	0	0	0	0.0297889	0.0456728	0	0	0	0	3.5436	4.66111	0	0	4.03383	6.77853	2.64924	4.65506	0	0
k107_24748661 flag=0 multi=21.9361 len=24886	24886	10.9202	0	0	0	0	0	0	0	0	0.0428327	0.0651339	0	0	0	0	4.48702	6.35139	0.00614221	0.00610182	3.93846	5.54645	2.44578	3.22484	0	0
k107_14142280 flag=0 multi=32.0662 len=6281	6281	7.92875	0	0	0	0	0	0	0	0	0	0	0	0	0	0	2.84061	4.6704	0	0	2.86469	4.55309	2.22345	2.85883	0	0
k107_22810829 flag=1 multi=31.0000 len=3618	3618	9.36399	0	0	0	0	0	0	0	0	0	0	0	0	0	0	2.90109	10.2636	0	0	4.05489	4.85722	2.40802	5.13918	0	0
k107_6203105 flag=1 multi=4.0000 len=2612	2612	4.60649	0	0	0	0	0	0	0	0	0	0	0	0	0	0	0	0	0	0	4.60649	6.22633	0	0	0	0
k107_31902846 flag=0 multi=16.0317 len=10481	10481	10.3856	0	0	0	0	0	0	0	0	0.0296689	0.0346901	0	0	0	0	3.77129	5.46791	0.0296689	0.0287929	3.87514	5.32069	2.67983	3.55507	0	0
k107_18575828 flag=0 multi=12.1728 len=36933	36933	10.4473	0	0	0	0	0	0	0	0	0.0905517	0.139603	0	0	0	0	3.90194	5.51404	0	0	4.22639	6.33407	2.22844	2.58631	0	0
k107_3411551 flag=0 multi=89.0000 len=6821	6821	9.40129	0	0	0	0	0	0	0	0	0	0	0	0	0	0	3.9414	7.12576	0	0	2.76177	6.06699	2.69811	3.12256	0	0
k107_35421955 flag=1 multi=9.0000 len=7387	7387	9.76613	0	0	0	0	0	0	0	0	0.127876	0.147117	0	0	0	0	3.41905	5.00235	0	0	3.69894	5.76028	2.52025	3.77247	0	0
k107_26318459 flag=1 multi=12.0000 len=10893	10893	10.2037	0	0	0	0	0	0	0	0	0.0855443	0.0912715	0	0	0	0	3.71957	4.4146	0	0	4.15617	6.9954	2.24238	3.1985	0	0
k107_10058152 flag=0 multi=19.0507 len=2947	2947	9.46352	0	0	0	0	0	0	0	0	0.1138	0.213893	0	0	0	0	2.85104	4.149	0	0	3.75312	9.63258	2.74556	3.17824	0	0
k107_25929058 flag=0 multi=106.7861 len=3226	3226	10.0595	0	0	0	0	0	0	0	0	0	0	0	0	0	0	3.50718	6.45455	0	0	4.75	6.19719	1.80233	2.66187	0	0
k107_16957138 flag=0 multi=17.2267 len=2974	2974	11.0711	0	0	0	0	0	0	0	0	0.112275	0.126495	0	0	0	0	3.08308	4.83501	0	0	4.77507	6.50914	3.10067	2.2976	0	0
k107_17919209 flag=0 multi=16.0005 len=28871	28871	10.2354	0	0	0	0	0	0	0	0	0.0632504	0.0854476	0	0	0	0	3.44727	4.95296	0.0105709	0.0162064	4.1118	5.56827	2.60254	2.69435	0	0
k107_28203750 flag=0 multi=23.0011 len=20834	20834	10.3389	0	0	0	0	0	0	0	0	0.0658484	0.104101	0	0	0	0	3.64826	4.79619	0	0	3.95792	5.21103	2.66686	3.76534	0	0
k107_1358188 flag=0 multi=22.3355 len=59845	59845	10.0891	0	0	0	0	0	0	0	0	0.065902	0.100357	0	0	0	0	3.3353	4.58154	0.00505517	0.00635755	4.07833	6.1654	2.59693	3.03109	0.00755756	0.0111454
k107_2368451 flag=0 multi=23.0000 len=9052	9052	10.7829	0	0	0	0	0	0	0	0	0.0344	0.049328	0	0	0	0	4.00846	6.29224	0	0	4.06286	5.78165	2.67714	3.0086	0	0
k107_12361218 flag=0 multi=29.1971 len=3101	3101	10.552	0	0	0	0	0	0	0	0	0	0	0	0	0	0	3.03537	6.61325	0	0	4.99321	6.34939	2.5234	4.53428	0	0
k107_10353802 flag=0 multi=19.0000 len=5848	5848	10.6332	0	0	0	0	0	0	0	0	0	0	0	0	0	0	4.25424	3.91689	0	0	3.95384	4.68375	2.42517	2.90968	0	0
k107_12522379 flag=0 multi=12.5027 len=33268	33268	10.4121	0	0	0	0	0	0	0	0	0.0594552	0.0739143	0	0	0	0	3.53704	5.62425	0.00916095	0.00950208	4.29715	5.90241	2.50931	3.17807	0	0
k107_2553161 flag=0 multi=17.3327 len=12311	12311	12.0777	0	0	0	0	0	0	0	0	0.0619535	0.0852758	0	0	0	0	4.35382	6.60749	0	0	5.24032	6.43334	2.4216	3.14823	0	0
k107_33885959 flag=0 multi=27.0000 len=63198	63198	10.392	0	0	0	0	0	0	0	0	0.0191427	0.0214435	0	0	0	0	3.71806	5.206	0.00480158	0.00478449	4.25523	6.06364	2.39478	3.00458	0	0
k107_6332967 flag=0 multi=27.0095 len=3463	3463	10.3284	0	0	0	0	0	0	0	0	0	0	0	0	0	0	2.51345	2.50476	0	0	4.62702	8.10263	3.18792	3.79816	0	0
k107_1079786 flag=0 multi=8.4237 len=2583	2583	7.41824	0	0	0	0	0	0	0	0	0	0	0	0	0	0	3.71153	4.65451	0	0	0.126699	0.110694	3.58001	5.0813	0	0
k107_28697153 flag=1 multi=29.9865 len=7975	7975	9.53395	0	0	0	0	0	0	0	0	0.176854	0.230227	0	0	0	0	3.11847	6.18291	0	0	4.39593	4.36389	1.8427	3.36414	0	0
k107_8606922 flag=0 multi=11.6628 len=3037	3037	10.0516	0	0	0	0	0	0	0	0	0.0552102	0.0521811	0	0	0	0	3.18903	3.16182	0	0	4.12724	6.42872	2.62559	3.44541	0.054479	0.052183
k107_14044928 flag=0 multi=15.1661 len=17609	17609	10.0877	0	0	0	0	0	0	0	0	0.0695672	0.131505	0	0	0	0	3.64847	4.88798	0.0348992	0.0416582	4.08898	6.09324	2.2458	3.3249	0	0
k107_19647017 flag=0 multi=36.5381 len=53747	53747	10.8234	0	0	0	0	0	0	0	0	0.0168959	0.02638	0	0	0	0	3.90237	5.73145	0.0113013	0.0160347	4.34209	6.61291	2.5507	3.27682	0	0
k107_21775591 flag=0 multi=73.1092 len=3185	3185	9.65522	0	0	0	0	0	0	0	0	0	0	0	0	0	0	3.75581	3.53	0	0	3.01491	8.00656	2.8845	3.83718	0	0
k107_1921998 flag=0 multi=20.3198 len=2502	2502	6.27909	0	0	0	0	0	0	0	0	0.0772727	0.109529	0	0	0	0	1.15773	3.56422	0	0	3.53909	4.30567	1.505	3.31238	0	0
k107_11859362 flag=0 multi=13.6431 len=5921	5921	9.80708	0	0	0	0	0	0	0	0	0	0	0	0	0	0	3.16604	3.77153	0	0	4.0614	5.82604	2.57964	2.94324	0	0
k107_4930047 flag=0 multi=60.6177 len=8347	8347	10.1575	0	0	0	0	0	0	0	0	0.0187694	0.0184186	0	0	0	0	4.11286	5.56655	0	0	3.56047	4.00105	2.46538	2.58907	0	0
k107_18128233 flag=0 multi=17.0031 len=9190	9190	10.1741	0	0	0	0	0	0	0	0	0	0	0	0	0	0	3.39165	3.51945	0	0	4.50169	5.59345	2.28072	3.50538	0	0
k107_12603395 flag=0 multi=9.2983 len=12707	12707	10.6899	0	0	0	0	0	0	0	0	0.0486094	0.0568106	0	0	0	0	3.62999	6.12842	0	0	4.44579	5.08459	2.5655	3.33161	0	0
k107_22224319 flag=1 multi=9.0000 len=30190	30190	11.0975	0	0	0	0	0	0	0	0	0.0555741	0.0771639	0	0	0	0	3.66923	5.75775	0	0	4.59388	5.38995	2.77884	3.30403	0	0
k107_5257516 flag=0 multi=37.0863 len=5750	5750	11.0018	0	0	0	0	0	0	0	0	0.0554332	0.0769735	0	0	0	0	3.73385	4.05406	0	0	4.21292	6.92751	2.99963	2.67421	0	0
k107_25711974 flag=0 multi=15.0779 len=3547	3547	13.1495	0	0	0	0	0	0	0	0	0.185516	0.265591	0	0	0	0	4.8114	6.97591	0	0	5.41356	4.44949	2.73898	2.81557	0	0
k107_19681342 flag=0 multi=11.0024 len=3824	3824	10.2402	0	0	0	0	0	0	0	0	0.0851789	0.0784178	0	0	0	0	3.7933	6.38127	0	0	3.89012	5.31073	2.47161	3.45481	0	0
k107_3852971 flag=0 multi=128.3601 len=2551	2551	11.1961	0	0	0	0	0	0	0	0	0.265007	0.628918	0	0	0	0	4.00178	7.91296	0	0	4.61894	12.8728	2.31036	2.66321	0	0
k107_8140309 flag=0 multi=16.8966 len=6314	6314	9.68596	0	0	0	0	0	0	0	0	0	0	0	0	0	0	3.58749	4.16366	0	0	3.47804	4.4642	2.62043	4.25574	0	0
k107_15497439 flag=0 multi=11.0199 len=6130	6130	9.62371	0	0	0	0	0	0	0	0	0	0	0	0	0	0	3.74228	5.58399	0	0	3.23233	3.45351	2.64911	2.99351	0	0
k107_35141161 flag=0 multi=93.0000 len=4110	4110	10.9669	0	0	0	0	0	0	0	0	0	0	0	0	0	0	3.24002	6.66764	0	0	5.59217	5.90978	2.13472	3.76322	0	0
k107_10376616 flag=0 multi=33.2777 len=7233	7233	8.99856	0	0	0	0	0	0	0	0	0.0435724	0.0754444	0	0	0	0	3.41249	3.65921	0	0	3.00664	2.28234	2.53585	3.58227	0	0
k107_6360405 flag=0 multi=13.1329 len=7061	7061	11.8575	0	0	0	0	0	0	0	0	0.133748	0.164919	0	0	0	0	4.21453	4.59961	0	0	5.03063	5.85501	2.47862	2.44721	0	0
k107_10489260 flag=1 multi=16.0000 len=4894	4894	11.4194	0	0	0	0	0	0	0	0	0.0657666	0.0736552	0	0	0	0	4.24956	7.50133	0	0	4.37805	8.32597	2.72605	5.64303	0	0
k107_23274659 flag=0 multi=9.0084 len=12714	12714	10.2011	0	0	0	0	0	0	0	0	0	0	0	0	0	0	3.9229	5.02039	0	0	4.02562	5.77509	2.25258	2.99505	0	0
k107_27500389 flag=0 multi=126.0004 len=9481	9481	10.7611	0	0	0	0	0	0	0	0	0.0326833	0.0318215	0	0	0	0	3.60758	5.02857	0	0	4.25025	7.0186	2.87057	2.67286	0	0
k107_554717 flag=0 multi=60.7989 len=15703	15703	10.9655	0	0	0	0	0	0	0	0	0.0585676	0.0743238	0	0	0	0	4.25635	6.16963	0	0	4.03279	5.43615	2.61775	2.79458	0	0
k107_25687300 flag=0 multi=14.9602 len=10435	10435	10.9003	0	0	0	0	0	0	0	0	0.0889174	0.103122	0	0	0	0	3.52847	6.06592	0	0	4.29744	4.32554	2.98549	3.66788	0	0
k107_2437447 flag=1 multi=9.0000 len=8264	8264	9.62535	0	0	0	0	0	0	0	0	0	0	0	0	0	0	3.63426	5.01011	0	0	3.80897	5.90646	2.18212	3.7624	0	0
k107_15598324 flag=0 multi=7.0327 len=2858	2858	6.5759	0	0	0	0	0	0	0	0	0	0	0	0	0	0	4.22496	4.76002	0	0	0	0	2.35094	3.01502	0	0
k107_10466567 flag=0 multi=36.7722 len=6275	6275	9.87862	0	0	0	0	0	0	0	0	0.050226	0.0717905	0	0	0	0	3.22987	6.19003	0.0503934	0.0480142	4.00469	4.32695	2.54345	4.15949	0	0
k107_11730672 flag=0 multi=15.0010 len=11379	11379	10.4729	0	0	0	0	0	0	0	0	0.0543468	0.101046	0	0	0	0	3.75743	5.82419	0	0	4.24176	5.30596	2.41934	2.89144	0	0
k107_35338636 flag=1 multi=22.0037 len=36388	36388	10.1623	0	0	0	0	0	0	0	0	0	0	0	0	0	0	3.81275	5.62874	0.0249958	0.0306786	3.93568	6.62693	2.38888	3.07676	0	0
k107_31021138 flag=0 multi=20.0147 len=2689	2689	11.4445	0	0	0	0	0	0	0	0	0	0	0	0	0	0	4.68622	7.28701	0	0	4.77503	4.25809	1.98324	1.60716	0	0
k107_2227507 flag=0 multi=67.9692 len=6304	6304	8.07564	0	0	0	0	0	0	0	0	0	0	0	0	2.8912	3.29866	0	0	1.02982	1.80495	4.15461	5.85598	0	0	0	0
k107_7341206 flag=1 multi=50.2851 len=12562	12562	10.3338	0	0	0	0	0	0	0	0	0	0	0	0	0	0	3.6168	4.09443	0	0	3.96427	8.43582	2.75269	3.96534	0	0
k107_20707501 flag=0 multi=12.2701 len=5524	5524	10.4259	0	0	0	0	0	0	0	0	0	0	0	0	0	0	3.75661	7.04346	0	0	4.62773	6.34981	2.04155	2.10613	0	0
k107_8274022 flag=0 multi=47.7305 len=4062	4062	11.6426	0	0	0	0	0	0	0	0	0	0	0	0	0	0	4.56862	8.23485	0	0	4.63138	4.03824	2.44255	5.74193	0	0
k107_8070910 flag=0 multi=25.3984 len=11417	11417	10.9982	0	0	0	0	0	0	0	0	0.054161	0.0834255	0	0	0	0	4.44067	7.45739	0	0	3.85407	6.78636	2.6493	2.97349	0	0
k107_7440239 flag=0 multi=19.7146 len=27282	27282	10.5724	0	0	0	0	0	0	0	0	0.0447368	0.0601643	0	0	0	0	3.91353	6.21356	0	0	4.07765	7.17656	2.53651	3.41178	0	0
k107_9533438 flag=0 multi=30.0000 len=8502	8502	9.87622	0	0	0	0	0	0	0	0	0.0368293	0.045471	0	0	0	0	3.05061	5.52151	0	0	4.3722	5.62656	2.41659	2.49966	0	0
k107_22538531 flag=0 multi=10.0005 len=8581	8581	9.71675	0	0	0	0	0	0	0	0	0	0	0	0	0	0	3.68185	6.46544	0	0	3.70516	5.22375	2.32975	2.49233	0	0
k107_18678924 flag=0 multi=16.0081 len=31180	31180	10.8663	0	0	0	0	0	0	0	0	0.0488374	0.065645	0	0	0	0	3.79578	5.69427	0	0	4.4635	5.15377	2.5582	3.2439	0	0
k107_17499606 flag=1 multi=26.0000 len=11518	11518	10.1197	0	0	0	0	0	0	0	0	0.0538516	0.082171	0	0	0	0	3.58934	5.82052	0.0263017	0.0490316	4.24206	5.62329	2.20818	2.36445	0	0
k107_3557604 flag=1 multi=16.3821 len=34939	34939	10.2213	0	0	0	0	0	0	0	0	0.0520542	0.0735652	0	0	0	0	3.62015	5.33754	0	0	4.17527	5.89038	2.37379	2.94878	0	0
k107_21154148 flag=0 multi=40.6593 len=36703	36703	10.4178	0	0	0	0	0	0	0	0	0.0331035	0.0426877	0	0	0	0	3.5579	4.0616	0	0	4.17587	6.06044	2.65092	3.80449	0	0
k107_21204686 flag=1 multi=32.0000 len=19366	19366	9.64357	0	0	0	0	0	0	0	0	0.0710239	0.128212	0	0	0	0	3.44508	4.96293	0	0	3.75671	4.15405	2.37075	3.34787	0	0
k107_35850989 flag=1 multi=30.0112 len=5128	5128	9.67468	0	0	0	0	0	0	0	0	0	0	0	0	0	0	3.50352	3.06692	0	0	3.21032	4.41195	2.96084	3.24215	0	0
k107_34299069 flag=1 multi=17.0000 len=28741	28741	11.1608	0	0	0	0	0	0	0	0	0.0528851	0.0783369	0	0	0	0	4.16565	6.47475	0	0	4.32529	6.2039	2.61693	4.0635	0	0
k107_17258791 flag=0 multi=23.9333 len=2760	2760	11.6184	0	0	0	0	0	0	0	0	0	0	0	0	0	0	3.62083	3.53822	0	0	5.8157	8.65364	2.18186	3.20538	0	0
k107_28526784 flag=0 multi=26.0019 len=32465	32465	11.1122	0	0	0	0	0	0	0	0	0.0375276	0.0687031	0	0	0	0	4.14358	6.16159	0	0	4.4864	6.03217	2.44467	3.43273	0	0
k107_587528 flag=0 multi=14.1131 len=4149	4149	9.96829	0	0	0	0	0	0	0	0	0.0785027	0.0723595	0	0	0	0	3.96647	5.06314	0	0	3.36938	4.33773	2.55394	3.1997	0	0
k107_29389965 flag=1 multi=7.0000 len=3399	3399	6.79625	0	0	0	0	0	0	0	0	0	0	0	0	0	0	3.58476	5.88667	0	0	0.644172	2.2481	2.56732	1.98124	0	0
k107_12437636 flag=1 multi=19.4331 len=20060	20060	10.2618	0	0	0	0	0	0	0	0	0	0	0	0	0	0	3.97156	5.4719	0	0	4.02445	5.502	2.26577	2.26832	0	0
k107_11409358 flag=0 multi=20.1012 len=6293	6293	9.8219	0	0	0	0	0	0	0	0	0.0504089	0.0672381	0	0	0	0	3.07111	4.38593	0	0	4.58337	8.34016	2.11701	3.55973	0	0
k107_1251602 flag=0 multi=29.0088 len=15106	15106	10.8496	0	0	0	0	0	0	0	0	0.0407998	0.0491408	0	0	0	0	4.31336	6.66131	0	0	4.0104	5.36598	2.485	2.969	0	0
k107_5223804 flag=0 multi=8.1050 len=8276	8276	10.4545	0	0	0	0	0	0	0	0	0.0378731	0.0555076	0	0	0	0	3.72461	6.42821	0	0	4.38927	6.08106	2.30273	2.45879	0	0
k107_18176992 flag=0 multi=11.0370 len=7765	7765	10.3698	0	0	0	0	0	0	0	0	0	0	0	0	0	0	3.28929	4.04177	0	0	4.09447	7.61401	2.98606	4.3449	0	0
k107_31142124 flag=1 multi=16.7783 len=4140	4140	9.92183	0	0	0	0	0	0	0	0	0	0	0	0	0	0	3.63497	5.22547	0	0	3.66285	5.77796	2.62402	3.0139	0	0
k107_14545870 flag=1 multi=12.0000 len=44746	44746	10.4106	0	0	0	0	0	0	0	0	0.0813158	0.132119	0	0	0	0	3.36338	5.19969	0.00675007	0.00676229	4.10906	5.88509	2.85006	3.70407	0	0
k107_25120323 flag=1 multi=6.0000 len=6887	6887	7.24814	0	0	0	0	0	0	0	0	0	0	0	0	0	0	3.90448	5.39125	0	0	0.0917236	0.088191	3.25194	4.35804	0	0
k107_19079958 flag=0 multi=12.0000 len=2583	2583	7.93599	0	0	0	0	0	0	0	0	0	0	0	0	0	0	3.44323	5.1997	0	0	2.99167	5.3539	1.5011	1.30712	0	0
k107_12318792 flag=0 multi=28.9628 len=45543	45543	10.4612	0	0	0	0	0	0	0	0	0.0600782	0.10555	0	0	0	0	3.76798	4.68504	0	0	4.10037	5.99781	2.52616	3.16517	0.00665326	0.00839696
k107_6737157 flag=0 multi=116.0000 len=17584	17584	10.1842	0	0	0	0	0	0	0	0	0	0	0	0	0	0	3.55028	5.32615	0	0	4.25483	6.17197	2.37907	2.9282	0	0
k107_229409 flag=0 multi=29.0000 len=8518	8518	10.2566	0	0	0	0	0	0	0	0	0.0362707	0.0509915	0	0	0	0	3.37853	3.83514	0	0	4.09068	6.8276	2.7511	2.82089	0	0
k107_5410554 flag=1 multi=15.0000 len=4157	4157	10.0501	0	0	0	0	0	0	0	0	0.077821	0.101279	0	0	0	0	3.15642	3.28421	0	0	4.58573	5.63497	2.23009	1.95963	0	0
k107_12620748 flag=0 multi=48.4022 len=26853	26853	10.7381	0	0	0	0	0	0	0	0	0.0113743	0.0162118	0	0	0	0	3.76212	5.88819	0	0	4.29215	5.44434	2.6724	3.57229	0	0
k107_29442306 flag=0 multi=20.1553 len=6315	6315	9.55762	0	0	0	0	0	0	0	0	0	0	0	0	0	0	3.54316	3.93453	0	0	3.65591	4.6021	2.35856	3.01611	0	0
k107_5100785 flag=0 multi=12.0000 len=9674	9674	10.6816	0	0	0	0	0	0	0	0	0.095924	0.127675	0	0	0	0	3.90205	5.21139	0	0	4.18321	6.07913	2.50043	2.42847	0	0
k107_6087803 flag=0 multi=16.0469 len=4887	4887	11.0783	0	0	0	0	0	0	0	0	0.065867	0.106913	0	0	0	0	4.35791	5.52753	0	0	3.50229	4.3424	3.15224	4.19828	0	0
k107_9152891 flag=0 multi=71.5512 len=8453	8453	9.90406	0	0	0	0	0	0	0	0	0	0	0	0	0	0	3.2823	4.08681	0	0	4.12673	9.84022	2.49503	3.41207	0	0
k107_20846449 flag=0 multi=13.5846 len=5547	5547	8.5897	0.0282173	0.0279637	0	0	0	0	0	0	0.0854147	0.0960744	0	0	0	0	3.24557	3.38204	0	0	2.88179	3.56335	2.34871	2.68518	0	0
k107_3018499 flag=1 multi=22.0000 len=11039	11039	10.5286	0	0	0	0	0	0	0	0	0.19633	0.239016	0	0	0	0	4.1669	7.05705	0	0	3.77303	5.11149	2.39238	3.25961	0	0
k107_32803247 flag=0 multi=14.2800 len=5067	5067	11.2225	0	0	0	0	0	0	0	0	0	0	0	0	0	0	2.75383	5.42047	0	0	5.3595	8.05521	3.10913	4.16949	0	0
k107_16326666 flag=1 multi=15.3698 len=18193	18193	10.3257	0	0	0	0	0	0	0	0	0.0419764	0.055236	0	0	0	0	3.40803	6.13792	0	0	4.44475	6.92952	2.43094	3.34156	0	0
k107_9863064 flag=1 multi=70.0000 len=5729	5729	8.65561	0	0	0	0	0	0	0	0	0.0112401	0.0173819	0	0	0	0	3.89423	4.55348	0	0	2.68178	4.62595	2.06836	2.29135	0	0
k107_19308611 flag=0 multi=21.0000 len=21770	21770	10.4683	0	0	0	0	0	0	0	0	0.0140674	0.0146995	0	0	0	0	4.13182	7.19251	0	0	3.95249	6.06972	2.3699	3.21273	0	0
k107_1804294 flag=0 multi=110.6567 len=8301	8301	9.26178	0	0	0	0	0	0	0	0	0.0565071	0.0641832	0.0370046	0.036342	0.0923866	0.300676	3.1779	3.54661	0.0368796	0.0450942	2.88299	4.98691	2.97812	3.94855	0	0
k107_6292023 flag=0 multi=28.6927 len=7640	7640	9.61938	0	0	0	0	0	0	0	0	0	0	0	0	0	0	3.43186	5.14532	0	0	3.75429	4.94982	2.43322	2.46839	0	0
k107_11450235 flag=0 multi=22.4928 len=7767	7767	10.6185	0	0	0	0	0	0	0	0	0	0	0	0	0	0	3.74267	5.22846	0	0	4.57133	6.14328	2.30449	2.52188	0	0
k107_33567729 flag=1 multi=29.0000 len=5203	5203	9.53928	0	0	0	0	0	0	0	0	0	0	0	0	0	0	3.13691	5.42818	0	0	3.64864	4.72741	2.75372	2.34539	0	0
k107_10539866 flag=1 multi=22.0000 len=16168	16168	9.82277	0	0	0	0	0	0	0	0	0.0379428	0.115551	0	0	0	0	3.54992	5.58576	0	0	3.81224	6.28521	2.42266	3.12454	0	0
k107_16315624 flag=0 multi=13.4073 len=23061	23061	10.4542	0	0	0	0	0	0	0	0	0.0398084	0.056682	0	0	0	0	3.37708	4.80223	0	0	4.52907	7.22937	2.50828	3.1901	0	0
k107_13178948 flag=0 multi=13.9159 len=10653	10653	9.7976	0	0	0	0	0	0	0	0	0.0290793	0.0283285	0	0	0	0	3.62294	5.61938	0.0288861	0.05635	4.21592	8.48542	1.90078	3.01668	0	0
k107_17568225 flag=0 multi=10.0113 len=4366	4366	10.9582	0	0	0	0	0	0	0	0	0.0364173	0.0357836	0	0	0	0	3.0342	4.60432	0	0	4.89173	7.13001	2.99582	4.26283	0	0
k107_4482969 flag=0 multi=12.2249 len=12833	12833	10.3211	0	0	0	0	0	0	0	0	0.0481207	0.0532196	0	0	0	0	3.55351	5.62982	0	0	3.89945	5.14823	2.82005	3.48279	0	0
k107_595101 flag=0 multi=192.3626 len=3094	3094	10.8836	0	0	0	0	0	0	0	0	0.215974	0.258458	0	0	0	0	3.94019	4.08492	0	0	3.57127	5.79124	3.15616	4.6147	0	0
k107_31104782 flag=0 multi=21.5885 len=9118	9118	9.65007	0	0	0	0	0	0	0	0	0.0685118	0.249369	0	0	0	0	3.43671	6.77616	0	0	3.53777	5.94442	2.60708	4.12448	0	0
k107_21536924 flag=0 multi=66.9865 len=13144	13144	10.2308	0	0	0	0	0	0	0	0	0.116181	0.194149	0	0	0	0	3.14678	4.79833	0.0231272	0.0309085	4.4363	6.49182	2.50841	2.86026	0	0
k107_4838701 flag=0 multi=9.7940 len=5948	5948	9.12717	0	0	0	0	0	0	0	0	0	0	0	0	0	0	3.78569	4.77805	0	0	3.82572	3.55353	1.51576	2.33406	0	0
k107_6985475 flag=1 multi=12.6473 len=34208	34208	10.396	0	0	0	0	0	0	0	0	0.0354215	0.0464475	0	0	0	0	3.98328	5.64927	0	0	3.70533	5.22141	2.67195	3.40013	0	0
k107_16549708 flag=0 multi=11.0410 len=4909	4909	12.3434	0	0	0	0	0	0	0	0	0.0655524	0.069088	0	0	0	0	4.8639	5.18999	0	0	5.03299	5.12588	2.38094	3.98661	0	0
k107_6436783 flag=0 multi=9.1327 len=7613	7613	6.84626	0	0	0	0	0	0	0	0	0	0	0	0	0	0	3.82615	5.35189	0	0	0.90015	2.75606	2.11996	1.94533	0	0
k107_15276678 flag=0 multi=27.4727 len=28029	28029	9.99629	0	0	0	0	0	0	0	0	0.0434594	0.0608217	0	0	0	0	3.70642	4.50837	0	0	3.76377	5.20642	2.48263	3.59511	0	0
k107_14135826 flag=0 multi=27.0000 len=7657	7657	10.5067	0	0	0	0	0	0	0	0	0.0409245	0.0393742	0	0	0	0	4.10306	5.13732	0	0	3.71761	6.62725	2.60449	2.53952	0.0406526	0.039373
k107_28891509 flag=0 multi=24.7946 len=25533	25533	11.0229	0	0	0	0	0	0	0	0	0.047838	0.0856755	0	0	0	0	3.87618	5.61705	0	0	4.40331	6.94255	2.69557	2.88531	0	0
k107_33320448 flag=0 multi=17.0000 len=32160	32160	10.553	0	0	0	0	0	0	0	0	0.0379183	0.045358	0	0	0	0	4.16774	6.20188	0.0189277	0.0263891	3.94742	5.63289	2.381	2.5927	0	0
k107_23732395 flag=1 multi=19.7056 len=16299	16299	9.77752	0	0	0	0	0	0	0	0	0.0376946	0.0399477	0	0	0	0	3.54304	5.71059	0	0	3.77477	7.40432	2.42202	2.69158	0	0
k107_33635257 flag=0 multi=12.0081 len=4296	4296	10.7308	0	0	0	0	0	0	0	0	0	0	0	0	0	0	3.9667	5.58041	0	0	4.54357	4.96199	2.22058	2.47914	0	0
k107_30408202 flag=0 multi=13.0718 len=3925	3925	8.68866	0	0	0	0	0	0	0	0	0	0	0	0	0	0	4.19404	4.58179	0	0	2.44714	7.62501	2.04747	3.72389	0	0
k107_3332171 flag=0 multi=15.0106 len=2550	2550	11.1481	0	0	0	0	0	0	0	0	0.131228	0.205345	0	0	0	0	4.61744	5.82682	0	0	4.45329	7.59312	1.94617	2.05871	0	0
k107_31137378 flag=0 multi=12.6892 len=18882	18882	11.1809	0	0	0	0	0	0	0	0	0.0646932	0.0986771	0	0	0	0	3.71302	6.80275	0	0	4.55285	4.45121	2.85038	3.81176	0	0
k107_1308143 flag=0 multi=48.9512 len=27348	27348	10.9194	0	0	0	0	0	0	0	0	0.0610441	0.0841837	0	0	0	0	3.9428	5.80328	0	0	4.41862	6.04463	2.49689	3.07751	0	0
k107_29262177 flag=0 multi=14.0003 len=14793	14793	9.505	0	0	0	0	0	0	0	0	0.0208405	0.0253746	0	0	0	0	3.53737	5.58979	0	0	3.65924	5.45449	2.28756	2.72755	0	0
k107_7569732 flag=1 multi=24.0000 len=9148	9148	9.22112	0	0	0	0	0	0	0	0	0.0682794	0.0765125	0	0	0	0	2.63057	5.15677	0	0	3.88322	4.44671	2.63905	2.75383	0	0
k107_3269280 flag=0 multi=8.0701 len=5725	5725	9.58658	0	0	0	0	0	0	0	0	0.0556887	0.0692069	0	0	0	0	3.91776	5.90587	0	0	3.17592	5.09368	2.43721	2.87151	0	0
k107_34314626 flag=0 multi=20.2110 len=2600	2600	10.1793	0	0	0	0	0	0	0	0	0.130113	0.170793	0	0	0	0	4.54439	4.06426	0	0	3.70801	6.182	1.79678	2.21093	0	0
k107_13166277 flag=0 multi=41.5036 len=10367	10367	10.0541	0	0	0	0	0	0	0	0	0	0	0	0	0	0	3.54784	4.87411	0	0	3.6916	6.90637	2.8147	5.13785	0	0
k107_2548780 flag=0 multi=34.5290 len=38511	38511	10.8867	0	0	0	0	0	0	0	0	0.0473449	0.0658235	0	0	0	0	3.88958	5.13145	0	0	4.21592	6.08472	2.73388	3.80053	0	0
k107_3273595 flag=0 multi=11.1650 len=18938	18938	10.4909	0	0	0	0	0	0	0	0	0.0162052	0.0248606	0	0	0	0	3.68303	5.01509	0	0	4.24061	6.27727	2.55108	3.21686	0	0
k107_8537466 flag=0 multi=60.7220 len=9550	9550	9.83672	0	0	0	0	0	0	0	0	0.0974265	0.1113	0	0	0	0	3.21183	5.17377	0	0	4.41349	6.6108	2.11397	3.00543	0	0
k107_10393993 flag=0 multi=104.8814 len=6601	6601	9.74456	0	0	0	0	0	0	0	0	0.101921	0.152905	0	0	0	0	3.24051	6.43909	0	0	4.00143	5.33661	2.4007	3.88443	0	0
k107_5939128 flag=1 multi=17.0000 len=8836	8836	10.933	0	0	0	0	0	0	0	0	0.0705414	0.0678831	0	0	0	0	3.37356	4.85862	0	0	4.40989	5.60859	3.07898	4.16794	0	0
k107_10661806 flag=0 multi=15.7643 len=40603	40603	10.2906	0	0	0	0	0	0	0	0	0.0708915	0.0897715	0	0	0	0	3.36902	5.35585	0	0	4.43185	6.29394	2.41882	3.52459	0	0
k107_4089697 flag=0 multi=20.0014 len=33953	33953	10.0285	0	0	0	0	0	0	0	0	0.0269234	0.0392816	0	0	0	0	3.54411	5.57565	0	0	4.26739	6.65028	2.19004	2.90071	0	0
k107_32832988 flag=0 multi=22.5941 len=9640	9640	9.28561	0	0	0	0	0	0	0	0	0.0314843	0.0621759	0	0	0	0	3.77993	4.72284	0	0	3.43446	5.84505	2.03973	2.97628	0	0
k107_20121333 flag=1 multi=57.7801 len=8659	8659	9.40804	0	0	0	0	0	0	0	0	0.0722747	0.0740012	0	0	0	0	2.93191	4.50428	0	0	4.58251	7.36713	1.82135	1.85176	0	0
k107_33726733 flag=0 multi=14.0349 len=16721	16721	10.7778	0	0	0	0	0	0	0	0	0.0732079	0.11122	0	0	0	0	3.78957	5.26589	0	0	4.41976	5.191	2.49522	2.84822	0	0
k107_15890075 flag=1 multi=9.0341 len=8500	8500	9.75213	0	0	0	0	0	0	0	0	0.0550134	0.0714849	0	0	0	0	3.01781	5.53108	0	0	4.15126	7.04796	2.52806	3.19692	0	0
k107_4957057 flag=0 multi=7.3448 len=5473	5473	5.69774	0	0	0	0	0	0	0	0	0	0	0	0	0	0	3.65248	3.58149	0	0	0.0574357	0.0750343	1.98782	2.13292	0	0
k107_409900 flag=0 multi=32.8597 len=12934	12934	9.21873	0	0	0	0	0	0	0	0	0.0477359	0.058982	0	0	0	0	3.62247	5.27178	0	0	3.06476	5.5702	2.48377	3.23852	0	0
k107_26863009 flag=0 multi=73.9141 len=3646	3646	8.52542	0	0	0	0	0	0	0	0	0.090012	0.114482	0	0	0	0	3.34031	3.01668	0	0	2.16148	4.77234	2.93361	2.446	0	0
k107_10861894 flag=0 multi=28.9716 len=15017	15017	11.2646	0	0	0	0	0	0	0	0	0.0410466	0.0562226	0	0	0	0	4.34054	5.54058	0	0	4.39232	5.75967	2.49066	2.42237	0	0
k107_448536 flag=1 multi=16.3017 len=27612	27612	10.4277	0	0	0	0	0	0	0	0	0.0771146	0.0905495	0	0	0	0	3.60721	5.29723	0	0	4.15972	6.47046	2.58363	3.59062	0	0
k107_4730408 flag=0 multi=16.0142 len=7131	7131	9.85122	0	0	0	0	0	0	0	0	0.0437839	0.0727356	0	0	0	0	3.54722	3.54766	0	0	3.9776	7.40074	2.28262	3.49954	0	0
k107_4443793 flag=0 multi=20.5654 len=6895	6895	8.07569	0	0	0	0	0	0	0	0	0.0458062	0.078599	0	0	0	0	2.70696	3.29313	0	0	3.47702	3.4818	1.8459	1.85504	0	0
k107_3449439 flag=1 multi=5.0000 len=6215	6215	6.4644	0	0	0	0	0	0	0	0	0	0	0	0	0	0	3.69592	5.15374	0	0	0.163876	0.215528	2.6046	2.33826	0	0
k107_26127896 flag=1 multi=142.1268 len=7409	7409	12.0149	0	0	0	0	0	0	0	0	0.0634586	0.0672821	0	0	0	0	4.53806	8.57132	0.12748	0.251685	4.34994	6.44976	2.93598	2.74661	0	0
k107_1752782 flag=0 multi=15.0199 len=15807	15807	9.73925	0	0	0	0	0	0	0	0	0.0385682	0.0604044	0	0	0	0	3.30926	4.48623	0	0	4.15634	6.87192	2.23509	2.43674	0	0
k107_25461649 flag=0 multi=15.0012 len=18767	18767	10.7043	0	0	0	0	0	0	0	0	0.0487409	0.0750542	0	0	0	0	3.68568	5.7635	0	0	4.2958	6.61697	2.67403	3.26181	0	0
k107_14947513 flag=0 multi=9.5025 len=12287	12287	9.69186	0	0	0	0	0	0	0	0	0	0	0	0	0	0	3.13016	4.8175	0	0	4.44539	6.81416	2.11631	3.60735	0	0
k107_5710197 flag=0 multi=66.0040 len=8578	8578	9.68753	0	0	0	0	0	0	0	0	0.0905027	0.106594	0	0	0	0	2.67581	3.30953	0	0	4.7239	5.96619	2.19732	2.94059	0	0
k107_35224871 flag=0 multi=31.5247 len=4618	4618	9.38021	0	0	0	0	0	0	0	0	0.139481	0.223284	0	0	0	0	3.26483	7.39105	0	0	3.71756	3.50611	2.25834	2.70652	0	0
k107_13761490 flag=0 multi=21.2866 len=16549	16549	9.70099	0	0	0	0	0	0	0	0	0.074106	0.0855678	0	0	0	0	3.571	4.50251	0	0	3.71656	5.62652	2.33932	3.97276	0	0
k107_35863321 flag=0 multi=14.0000 len=30144	30144	10.1038	0	0	0	0	0	0	0	0	0.0505663	0.0644643	0	0	0	0	3.5004	4.29816	0	0	3.91401	5.20668	2.63883	3.7902	0	0
k107_10450836 flag=1 multi=13.0034 len=10042	10042	10.1727	0	0	0	0	0	0	0	0	0.0310062	0.0339622	0	0	0	0	3.7806	6.45865	0.0308008	0.0608538	4.22002	8.00438	2.11027	3.56188	0	0
k107_7042616 flag=1 multi=21.0000 len=9372	9372	10.8434	0	0	0	0	0	0	0	0	0.0332966	0.055784	0	0	0	0	4.09405	5.6399	0	0	4.01929	6.38627	2.6968	3.90898	0	0
k107_12286138 flag=0 multi=20.0789 len=13054	13054	10.1012	0	0	0	0	0	0	0	0	0.0590496	0.0757786	0	0	0	0	3.40582	5.37074	0	0	4.73784	7.55088	1.89853	2.45871	0	0
k107_25954285 flag=0 multi=60.0000 len=11101	11101	11.4348	0	0	0	0	0	0	0	0	0.0832485	0.165233	0	0	0	0	4.58404	6.6141	0	0	4.21437	5.80546	2.55311	3.55035	0	0
k107_4662526 flag=1 multi=13.0000 len=13414	13414	9.89956	0	0	0	0	0	0	0	0	0.0230323	0.0224998	0	0	0	0	3.24336	5.30443	0	0	4.05514	4.83546	2.57802	3.6392	0	0
k107_15764732 flag=0 multi=18.3041 len=19296	19296	10.9469	0	0	0	0	0	0	0	0	0.0472254	0.0736466	0	0	0	0	3.87691	5.96391	0	0	4.26114	5.85577	2.76166	3.45341	0	0
k107_13534091 flag=1 multi=10.6515 len=5869	5869	8.72606	0	0	0	0	0	0	0	0	0.053889	0.0523917	0	0	0	0	2.87516	5.34299	0	0	3.522	4.83984	2.27501	2.9972	0	0
k107_20906736 flag=0 multi=17.6168 len=23157	23157	10.1304	0	0	0	0	0	0	0	0	0.0395975	0.063639	0	0	0	0	3.4841	4.67024	0	0	3.8865	6.15156	2.72024	3.43256	0	0
k107_34032826 flag=0 multi=48.0000 len=8941	8941	10.6091	0	0	0	0	0	0	0	0	0	0	0	0	0	0	4.34564	6.07238	0	0	4.32643	6.90295	1.93703	1.98278	0	0
k107_34841558 flag=1 multi=68.0000 len=19835	19835	10.1762	0	0	0	0	0	0	0	0	0.030922	0.0460433	0	0	0	0	3.43444	5.21501	0	0	3.99293	6.06106	2.71786	3.89327	0	0
k107_8183619 flag=0 multi=60.3368 len=14269	14269	11.0674	0	0	0	0	0	0	0	0	0.0432448	0.061441	0	0	0	0	3.62748	4.61106	0	0	4.5508	6.51137	2.84592	3.51449	0	0
k107_14250862 flag=0 multi=11.9102 len=6232	6232	8.91265	0	0	0	0	0	0	0	0	0	0	0	0	0	0	2.94368	4.18876	0	0	3.08145	4.8594	2.88752	3.67011	0	0
k107_27877880 flag=0 multi=10.0721 len=4824	4824	9.57541	0	0	0	0	0	0	0	0	0.0667846	0.0981673	0	0	0	0	3.8724	4.81203	0.0667846	0.0623378	3.59045	6.34004	1.97899	3.24306	0	0
k107_667901 flag=0 multi=42.6144 len=12249	12249	10.5641	0	0	0	0	0	0	0	0	0.0758349	0.0886628	0	0	0	0	3.64158	5.81916	0	0	4.23529	5.57922	2.61137	3.09458	0	0
k107_28274256 flag=0 multi=36.0194 len=11778	11778	9.45617	0	0	0	0	0	0	0	0	0.0523702	0.109143	0	0	0	0	3.34062	4.67358	0	0	3.95992	4.87477	2.10326	2.33081	0	0
k107_5257557 flag=0 multi=46.2998 len=22094	22094	9.53818	0	0	0	0	0	0	0	0	0.0552037	0.0673057	0	0	0	0	3.98389	5.5865	0	0	3.52001	5.84583	1.97907	2.29051	0	0
k107_21242518 flag=1 multi=33.0000 len=21558	21558	10.6209	0	0	0	0	0	0	0	0	0.0425292	0.054463	0	0	0	0	3.49506	4.97201	0	0	4.55885	7.05405	2.52442	3.02221	0	0
k107_18184542 flag=1 multi=17.8811 len=60059	60059	10.1445	0	0	0	0	0	0	0	0	0.0402965	0.0535292	0	0	0	0	3.45867	4.82751	0	0	4.10225	6.23507	2.5433	3.17773	0	0
k107_2861821 flag=0 multi=21.0020 len=4091	4091	11.0061	0	0	0	0	0	0	0	0	0	0	0	0	0	0	3.4038	4.2213	0	0	4.24967	7.02798	3.3526	2.69668	0	0
k107_4549732 flag=0 multi=10.0065 len=14903	14903	10.5639	0	0	0	0	0	0	0	0	0.0620505	0.0787499	0	0	0	0	4.08725	5.46211	0	0	3.68434	4.93997	2.73022	3.30576	0	0
k107_9158481 flag=0 multi=15.9969 len=30360	30360	11.1223	0	0	0	0	0	0	0	0	0.0502029	0.0691596	0	0	0	0	3.82547	6.43799	0	0	4.49032	5.93603	2.75128	3.36566	0.00499035	0.0050019
k107_27316198 flag=0 multi=24.0247 len=4723	4723	8.22846	0	0	0	0	0	0	0	0	0.204931	0.304599	0	0	0	0	3.54513	4.61211	0	0	2.6537	2.29407	1.8247	3.09408	0	0
k107_23997336 flag=1 multi=14.0000 len=46205	46205	11.0065	0.00657909	0.0106224	0	0	0	0	0	0	0.0948958	0.123483	0	0	0	0	3.85711	5.05506	0.00657909	0.00857832	4.38418	5.05112	2.65719	3.36243	0	0
k107_3439489 flag=0 multi=19.9128 len=8721	8721	11.2762	0	0	0	0	0	0	0	0	0.0716237	0.0810852	0	0	0	0	4.2922	6.40989	0	0	4.23922	7.81948	2.67312	2.65042	0	0
k107_31995807 flag=0 multi=77.0000 len=20613	20613	10.134	0	0	0	0	0	0	0	0	0.0446064	0.0683137	0	0	0	0	4.055	6.77289	0	0	3.76303	5.48784	2.27133	3.04681	0	0
k107_34179922 flag=1 multi=25.9494 len=60711	60711	10.1201	0	0	0	0	0	0	0	0	0.0599248	0.0738814	0	0	0	0	3.43911	4.92382	0	0	4.15029	5.71209	2.46582	3.32901	0.00494959	0.00497808
k107_34059106 flag=1 multi=30.0000 len=16621	16621	10.5655	0	0	0	0	0	0	0	0	0.0555181	0.0524239	0	0	0	0	3.44476	5.06118	0	0	4.40107	5.60585	2.6642	3.61363	0	0
k107_11361987 flag=0 multi=59.3675 len=20263	20263	11.2317	0	0	0	0	0	0	0	0	0.0829618	0.134176	0	0	0	0	4.40419	6.79661	0	0	4.21858	5.98844	2.52598	2.95391	0	0
k107_2136740 flag=0 multi=11.8399 len=20138	20138	9.87392	0	0	0	0	0	0	0	0	0	0	0	0	0	0	3.98553	6.89722	0	0	3.74708	5.51815	2.14131	2.98129	0	0
k107_5474152 flag=0 multi=9.0146 len=4352	4352	11.8114	0	0	0	0	0	0	0	0	0	0	0	0	0	0	3.8437	2.78751	0.0745679	0.0971737	5.09062	5.68309	2.80247	3.89283	0	0
k107_29652767 flag=0 multi=14.5501 len=2563	2563	10.1358	0	0	0	0	0	0	0	0	0	0	0	0	0	0	3.1234	4.8154	0	0	4.28395	8.5924	2.72844	2.63609	0	0
k107_4828830 flag=1 multi=24.8447 len=13946	13946	9.93125	0	0	0	0	0	0	0	0	0.0546028	0.0889185	0	0	0	0	3.674	4.92611	0	0	3.86551	4.41692	2.33714	2.58924	0	0
k107_9394933 flag=0 multi=17.6562 len=3850	3850	9.20321	0	0	0	0	0	0	0	0	0.0845547	0.112844	0	0	0	0	3.28016	9.72087	0	0	3.78467	5.99528	2.05383	2.64868	0	0
k107_2288217 flag=0 multi=14.8454 len=25607	25607	10.3857	0	0	0	0	0	0	0	0	0.0059672	0.00593017	0	0	0	0	3.68524	4.87675	0	0	4.11753	7.11369	2.57696	3.2595	0	0
k107_2538317 flag=1 multi=16.0708 len=8430	8430	10.2269	0	0	0	0	0	0	0	0	0.0371555	0.0677875	0	0	0	0	3.50234	4.60696	0	0	3.68725	5.20191	3.00012	4.53772	0	0
k107_35208109 flag=1 multi=6.0000 len=3668	3668	7.33601	0	0	0	0	0	0	0	0	0	0	0	0	0	0	3.99198	6.00556	0	0	0.0897207	0.128653	3.25431	4.19404	0	0
k107_11691384 flag=0 multi=21.0009 len=34989	34989	10.077	0	0	0	0	0	0	0	0	0.0304437	0.0372783	0	0	0	0	3.10488	4.01316	0	0	4.15452	5.79454	2.77842	3.83718	0.00870643	0.00920162
k107_20236688 flag=0 multi=23.8374 len=4381	4381	7.36431	0	0	0	0	0	0	0	0	0	0	0	0	0	0	4.12086	8.35062	0	0	0.0740378	0.091626	3.1694	4.11477	0	0
k107_4855630 flag=0 multi=16.6917 len=47320	47320	10.0286	0	0	0	0	0	0	0	0	0.0255859	0.0251136	0	0	0	0	3.53277	4.90199	0.00312646	0.00320244	3.95744	5.74399	2.50968	3.11217	0	0
k107_23449930 flag=0 multi=24.0036 len=8911	8911	10.1291	0	0	0	0	0	0	0	0	0.070043	0.083147	0	0	0	0	3.74875	4.64443	0	0	3.65397	4.67524	2.65629	3.52483	0	0
k107_23624808 flag=0 multi=26.0054 len=16086	16086	9.50393	0	0	0	0	0	0	0	0	0	0	0	0	0	0	3.02762	4.94869	0	0	3.90769	5.06243	2.55905	4.00072	0.00956665	0.00947574
k107_1043648 flag=1 multi=6.0000 len=3204	3204	6.59545	0	0	0	0	0	0	0	0	0	0	0	0	0	0	3.77981	4.54646	0	0	0	0	2.81564	3.99002	0	0
k107_22466153 flag=0 multi=20.0005 len=8048	8048	11.8796	0	0	0	0	0	0	0	0	0	0	0	0	0	0	4.49445	7.90669	0.00839143	0.010128	4.62174	5.51105	2.75497	5.73127	0	0
k107_30146751 flag=1 multi=20.0000 len=9657	9657	11.085	0	0	0	0	0	0	0	0	0.138856	0.193802	0	0	0	0	3.98161	4.87977	0	0	4.1427	4.8382	2.82181	3.66932	0	0
k107_10765368 flag=0 multi=25.8283 len=17633	17633	12.082	0	0	0	0	0	0	0	0	0.0863193	0.139656	0	0	0	0	4.37574	5.77637	0	0	4.5313	6.80293	3.08869	3.16083	0	0
k107_23847701 flag=0 multi=38.0017 len=15930	15930	11.1138	0	0	0	0	0	0	0	0	0.0386486	0.0532755	0	0	0	0	3.5222	6.92097	0	0	4.50691	8.2546	3.04601	4.42035	0	0
k107_2345390 flag=1 multi=6.0000 len=4472	4472	7.16019	0	0	0	0	0	0	0	0	0	0	0	0	0	0	3.97098	2.72961	0	0	0.360671	0.305388	2.82854	3.36067	0	0
k107_25012633 flag=0 multi=54.0432 len=16401	16401	11.0597	0	0	0	0	0	0	0	0	0	0	0	0	0	0	4.27803	7.03639	0	0	4.37804	6.23622	2.40363	3.35095	0	0
k107_27228874 flag=1 multi=9.0000 len=10701	10701	9.95711	0	0	0	0	0	0	0	0	0.0290413	0.0332025	0	0	0	0	3.37436	3.59042	0	0	3.95634	5.43638	2.59737	2.68062	0	0
k107_26932281 flag=0 multi=48.9571 len=6798	6798	10.1281	0	0	0	0	0	0	0	0	0	0	0	0	0	0	3.4044	2.53343	0	0	4.43165	5.97771	2.29203	3.57891	0	0
k107_3900898 flag=0 multi=21.9059 len=9677	9677	9.92533	0	0	0	0	0	0	0	0	0.0322133	0.0610487	0	0	0	0	3.8704	5.48292	0	0	3.84245	3.60105	2.18027	2.14478	0	0
k107_17864852 flag=0 multi=64.3589 len=5354	5354	10.5113	0	0	0	0	0	0	0	0	0.0595804	0.0649254	0	0	0	0	3.77059	8.9082	0	0	4.33333	5.63515	2.34778	2.78535	0	0
k107_3073215 flag=0 multi=16.4510 len=26422	26422	10.8108	0	0	0	0	0	0	0	0	0.0575804	0.102421	0	0	0	0	3.59721	5.41773	0	0	4.43836	6.65875	2.71765	3.80498	0	0
k107_8150359 flag=0 multi=21.9589 len=3660	3660	9.56432	0	0	0	0	0	0	0	0	0	0	0	0	0	0	3.54467	3.39515	0	0	3.34872	3.59755	2.67094	1.66818	0	0
k107_12031315 flag=1 multi=8.0000 len=20188	20188	10.542	0	0	0	0	0	0	0	0	0.0758825	0.110699	0	0	0	0	3.42618	4.54586	0	0	4.42884	5.9841	2.58845	3.12883	0.022629	0.0277089
k107_13378388 flag=0 multi=12.8121 len=32225	32225	9.96676	0	0	0	0	0	0	0	0	0.056511	0.0837632	0	0	0	0	3.52633	5.00686	0	0	3.92476	5.31388	2.45917	2.37035	0	0
k107_1343613 flag=0 multi=12.0000 len=2717	2717	11.583	0	0	0	0	0	0	0	0	0	0	0	0	0	0	3.26335	7.87657	0	0	5.88654	8.65796	2.43313	2.34315	0	0
k107_31236147 flag=1 multi=18.0000 len=7943	7943	10.509	0	0	0	0	0	0	0	0	0.0789164	0.0961048	0	0	0	0	4.05379	5.01941	0	0	3.74427	4.79312	2.63199	2.43692	0	0
k107_28266198 flag=0 multi=8.0825 len=4422	4422	9.39199	0	0	0	0	0	0	0	0	0.145874	0.230499	0	0	0	0	3.62063	5.54491	0	0	2.75704	2.7606	2.86845	3.57505	0	0
k107_13729828 flag=0 multi=114.1167 len=6711	6711	9.37416	0	0	0	0	0	0	0	0	0.0937744	0.103801	0	0	0	0	2.69777	8.92461	0	0	4.83055	9.81898	1.75207	3.42872	0	0
