contigName	contigLen	totalAvgDepth	Cen01_MA.bam	Cen01_MA.bam-var	Cen03_MA.bam	Cen03_MA.bam-var	Cen04_MA.bam	Cen04_MA.bam-var	Cen05_MA.bam	Cen05_MA.bam-var	Cen06_MA.bam	Cen06_MA.bam-var	Cen07_MA.bam	Cen07_MA.bam-var	Cen10_MA.bam	Cen10_MA.bam-var	Cen12_MA.bam	Cen12_MA.bam-var	Cen14_MA.bam	Cen14_MA.bam-var	Cen15_MA.bam	Cen15_MA.bam-var	Cen16_MA.bam	Cen16_MA.bam-var	Cen17_MA.bam	Cen17_MA.bam-var
k107_26381325 flag=0 multi=8.2286 len=10783	10783	9.4303	0	0	0	0	0	0	0	0	0	0	0	0	3.83103	5.00663	2.24654	3.6925	1.82988	3.33222	1.52285	1.99777	0	0	0	0
k107_35504827 flag=1 multi=7.0000 len=3222	3222	5.4476	0	0	0	0	0	0	0	0	0	0	0	0	0	0	2.83356	4.5544	2.61404	1.26004	0	0	0	0	0	0
k107_35418857 flag=0 multi=33.5841 len=2735	2735	13.2626	0	0	0	0	0	0	0	0	0	0	0	0	5.62104	5.8925	2.31648	2.76687	4.03329	5.72514	1.29182	0.69886	0	0	0	0
k107_28897029 flag=1 multi=34.0000 len=4334	4334	13.5546	0	0	0	0	0	0	0	0	0	0	0	0	5.7505	5.63397	2.92808	4.31406	3.03571	6.72898	1.84028	1.99144	0	0	0	0
k107_28624210 flag=0 multi=30.0527 len=3086	3086	13.8085	0	0	0	0	0	0	0	0	0	0	0	0	5.82974	6.53847	2.77981	4.55981	3.68714	6.80381	1.51185	2.81741	0	0	0	0
k107_24583997 flag=0 multi=111.0000 len=5057	5057	13.2145	0	0	0	0	0	0	0	0	0.196215	0.597866	0.0309148	0.0307541	5.18297	14.2584	2.15058	3.79929	3.14532	7.07014	2.50852	5.65471	0	0	0	0
k107_22240073 flag=0 multi=99.0210 len=2965	2965	14.4386	0	0	0	0	0	0	0	0	0	0	0	0	4.53398	5.45016	3.15471	4.83093	4.02666	5.8343	2.72324	2.78965	0	0	0	0
k107_21787482 flag=0 multi=20.1018 len=2711	2711	12.1478	0	0	0	0	0	0	0	0	0	0	0	0	4.8626	7.14437	2.73433	3.46711	2.33001	4.03588	2.22084	3.90227	0	0	0	0
k107_10955926 flag=0 multi=17.8416 len=3334	3334	13.1748	0	0	0	0	0	0	0	0	0	0	0	0	4.48483	5.54006	3.58146	1.46295	3.13588	2.78412	1.97263	5.27604	0	0	0	0
k107_7548601 flag=0 multi=19.0283 len=2829	2829	14.311	0	0	0	0	0	0	0	0	0	0	0	0	4.71231	7.47957	3.00079	4.53358	3.73961	5.95044	2.85833	2.05664	0	0	0	0
k107_7102080 flag=0 multi=34.5288 len=5220	5220	13.3813	0	0	0	0	0	0	0	0	0	0	0	0	4.87963	7.85365	2.29179	2.59998	3.77674	6.65573	2.4331	2.1905	0	0	0	0
k107_5104988 flag=0 multi=19.0036 len=2900	2900	13.7914	0	0	0	0	0	0	0	0	0	0	0	0	5.47845	7.38967	2.52771	2.6325	4.02155	5.44223	1.76366	1.93521	0	0	0	0
k107_8380226 flag=0 multi=50.4284 len=16579	16579	13.2841	0	0	0	0	0	0	0	0	0	0	0	0	5.08613	7.11972	2.80709	4.6712	3.17503	3.69452	2.21583	3.11397	0	0	0	0
k107_20069695 flag=0 multi=68.6305 len=16143	16143	13.1835	0	0	0	0	0	0	0	0	0	0	0	0	4.77609	4.82441	2.23755	4.14583	3.50982	4.6084	2.66006	3.56728	0	0	0	0
k107_10065919 flag=0 multi=13.0071 len=8797	8797	13.1767	0	0	0	0	0	0	0	0	0	0	0	0	4.62496	5.57955	2.83061	3.40548	3.92125	5.03663	1.79988	2.83167	0	0	0	0
k107_8944019 flag=0 multi=19.0522 len=11741	11741	12.3621	0	0	0	0	0	0	0	0	0	0	0	0	4.72821	5.1538	2.4149	2.98401	3.2106	6.38232	2.00839	3.30984	0	0	0	0
k107_26790963 flag=0 multi=22.0241 len=12851	12851	13.5859	0	0	0	0	0	0	0	0	0	0	0	0	4.8176	8.562	2.77982	3.01654	3.55335	4.24492	2.43517	3.04693	0	0	0	0
k107_7145843 flag=0 multi=15.7070 len=24394	24394	13.2761	0	0	0	0	0	0	0	0	0	0	0	0	5.00768	6.37917	2.79392	3.12011	3.13619	4.05103	2.33833	3.1564	0	0	0	0
k107_15477398 flag=0 multi=25.0419 len=2544	2544	14.7953	0	0	0	0	0	0	0	0	0	0	0	0	5.37734	4.89482	2.42284	5.75897	4.34389	6.19705	2.6512	3.69164	0	0	0	0
k107_17392332 flag=0 multi=24.0799 len=7626	7626	11.5974	0	0	0	0	0	0	0	0	0	0	0	0	4.10882	5.00255	2.0897	3.34452	3.17327	4.87354	2.22556	2.02191	0	0	0	0
k107_6609444 flag=0 multi=22.3625 len=26659	26659	12.8603	0	0	0	0	0	0	0	0	0	0	0	0	4.78924	7.0064	2.65311	3.87151	3.17335	4.00717	2.2446	3.13708	0	0	0	0
k107_21904399 flag=0 multi=10.0042 len=4596	4596	10.1169	0	0	0	0	0	0	0	0	0	0	0	0	0	0	0	0	3.69399	5.00515	2.64998	3.1347	3.77294	4.71219	0	0
k107_19065074 flag=0 multi=46.9136 len=20363	20363	13.1746	0	0	0	0	0	0	0	0	0	0	0	0	4.98205	5.65318	2.77863	3.61536	3.33094	4.2235	2.08295	3.41846	0	0	0	0
k107_14630328 flag=0 multi=28.1652 len=2595	2595	14.1836	0	0	0	0	0	0	0	0	0	0	0	0	5.62713	11.3434	3.73005	3.34734	2.27475	3.60388	2.55168	3.13349	0	0	0	0
k107_2610566 flag=0 multi=38.2522 len=34988	34988	13.1465	0	0	0	0	0	0	0	0	0.00870668	0.0142807	0	0	4.93911	6.43975	2.73393	4.38695	3.17609	4.84778	2.28862	3.3249	0	0	0	0
k107_22743255 flag=0 multi=144.8415 len=7569	7569	11.7966	0	0	0	0	0	0	0	0	0.0207789	0.0203481	0	0	4.61277	6.89489	2.43347	3.9964	2.49181	3.24013	2.23779	3.82806	0	0	0	0
k107_9386462 flag=0 multi=42.9642 len=41949	41949	13.4291	0.00722741	0.00897771	0	0	0	0	0	0	0	0	0	0	4.60859	6.73197	2.75285	3.9845	3.49351	4.85134	2.56691	3.25263	0	0	0	0
k107_13255705 flag=0 multi=67.9685 len=13968	13968	13.4017	0	0	0	0	0	0	0	0	0	0	0	0	4.53944	7.12794	2.97058	6.24288	3.48902	4.71086	2.40268	4.08408	0	0	0	0
k107_33499990 flag=0 multi=12.0587 len=14736	14736	12.7946	0	0	0	0	0	0	0	0	0	0	0	0	4.64057	8.66721	2.92933	3.55161	3.22198	3.64512	2.0027	3.03904	0	0	0	0
k107_13818577 flag=0 multi=75.6022 len=17198	17198	13.1509	0	0	0	0	0	0	0	0	0	0	0	0	4.41945	5.08462	3.26397	5.7186	3.41081	4.90479	2.05664	2.81905	0	0	0	0
k107_22176328 flag=0 multi=31.1360 len=7771	7771	12.9667	0	0	0	0	0	0	0	0	0	0	0	0	5.10349	6.54363	2.72352	3.05734	3.1296	3.74015	2.01004	2.10423	0	0	0	0
k107_3445203 flag=0 multi=61.5827 len=19088	19088	12.4891	0	0	0	0	0	0	0	0	0.0080379	0.00797157	0	0	4.77675	6.15474	2.64575	3.8819	2.99436	4.66548	2.0642	2.45081	0	0	0	0
k107_19750738 flag=0 multi=48.7193 len=12421	12421	11.9328	0	0	0	0	0	0	0	0	0	0	0	0	4.07633	5.92639	2.40705	4.62123	3.34401	3.65806	2.10545	2.75184	0	0	0	0
k107_16248210 flag=0 multi=15.1397 len=3243	3243	11.6644	0	0	0	0	0	0	0	0	0	0	0	0	4.0629	6.60904	2.96158	2.62098	2.31554	1.62331	2.32438	2.27271	0	0	0	0
k107_3613837 flag=0 multi=27.0261 len=7696	7696	12.2394	0	0	0	0	0	0	0	0	0.0408439	0.0613692	0	0	4.90316	5.36832	2.12591	3.55773	2.79835	3.42277	2.37111	3.77491	0	0	0	0
k107_21358493 flag=0 multi=18.2807 len=25177	25177	13.791	0	0	0	0	0	0	0	0	0	0	0	0	4.92683	6.6092	3.15875	4.39842	3.39562	5.00241	2.30983	3.42123	0	0	0	0
k107_3794088 flag=0 multi=33.9695 len=23388	23388	12.6289	0	0	0	0	0	0	0	0	0	0	0	0	4.72005	5.61658	2.687	3.51067	3.17539	4.42838	2.04648	2.80414	0	0	0	0
k107_19050670 flag=0 multi=25.0000 len=8839	8839	12.9555	0	0	0	0	0	0	0	0	0	0	0	0	5.10191	7.11225	2.35657	2.60642	3.49526	4.99183	2.00176	2.45671	0	0	0	0
k107_2686200 flag=0 multi=20.0077 len=29657	29657	12.6674	0	0	0	0	0	0	0	0	0	0	0	0	4.54386	5.89577	2.94113	4.23061	3.15037	4.05118	2.03202	2.79925	0	0	0	0
k107_10456924 flag=0 multi=22.7265 len=25598	25598	13.3842	0	0	0	0	0	0	0	0	0	0	0	0	4.9139	6.65204	2.85903	4.81557	3.36085	4.96482	2.25043	3.8127	0	0	0	0
k107_4784473 flag=0 multi=15.1656 len=6380	6380	13.5622	0	0	0	0	0	0	0	0	0	0	0	0	4.66436	4.2155	2.88055	3.79897	3.56334	3.46111	2.45393	3.07154	0	0	0	0
k107_15913750 flag=0 multi=50.0000 len=6748	6748	14.0315	0	0	0	0	0	0	0	0	0	0	0	0	5.73581	8.57586	3.0197	5.04594	3.00295	3.41736	2.27304	3.28953	0	0	0	0
k107_1320941 flag=0 multi=90.7746 len=5168	5168	13.0218	0	0	0	0	0	0	0	0	0	0	0	0	5.17591	7.39798	2.45356	2.47643	3.27456	8.96762	2.11776	2.906	0	0	0	0
k107_2680304 flag=0 multi=153.6161 len=9479	9479	13.8383	0	0	0	0	0	0	0	0	0	0	0	0	4.87055	4.24399	3.07268	6.06531	3.31579	4.78734	2.57927	3.24691	0	0	0	0
k107_8982661 flag=0 multi=109.9480 len=10955	10955	12.7545	0	0	0	0	0	0	0	0	0	0	0	0	4.90632	6.09255	2.65165	5.59571	3.37558	6.93831	1.82099	1.85563	0	0	0	0
k107_5005119 flag=0 multi=34.6555 len=34365	34365	12.383	0	0	0	0	0	0	0	0	0.00886592	0.0151202	0	0	4.65992	5.78237	2.5806	3.55189	3.14503	4.08685	1.98858	3.58522	0	0	0	0
k107_18338335 flag=0 multi=25.0694 len=11758	11758	13.3097	0	0	0	0	0	0	0	0	0	0	0	0	5.38085	8.0847	2.47879	3.23842	3.18951	3.54358	2.26056	2.87291	0	0	0	0
k107_17309286 flag=0 multi=42.5829 len=22386	22386	13.1492	0	0	0	0	0	0	0	0	0	0	0	0	4.75842	5.78267	2.91098	4.14998	3.30008	5.41554	2.17977	3.02518	0	0	0	0
k107_4770435 flag=0 multi=19.0012 len=21701	21701	13.1577	0	0	0	0	0	0	0	0	0	0	0	0	5.20291	6.95737	2.82083	4.06111	3.20066	4.85863	1.93331	2.30587	0	0	0	0
k107_3409460 flag=0 multi=49.8649 len=30320	30320	13.3567	0	0	0	0	0	0	0	0	0	0	0	0	4.87711	5.85816	2.7159	3.92904	3.6693	4.97944	2.09441	2.66547	0	0	0	0
k107_18317476 flag=0 multi=16.0663 len=7225	7225	12.287	0	0	0	0	0	0	0	0	0	0	0	0	4.57547	5.35202	2.3731	2.43477	3.01156	3.28844	2.32688	2.85996	0	0	0	0
k107_7569995 flag=0 multi=20.5542 len=18067	18067	14.0591	0	0	0	0	0	0	0	0	0	0	0	0	4.91742	5.77852	2.57067	3.80796	3.99645	6.09977	2.57456	4.02181	0	0	0	0
k107_2711560 flag=0 multi=33.2182 len=5074	5074	12.9533	0	0	0	0	0	0	0	0	0	0	0	0	4.27431	3.35331	2.82733	3.469	3.62992	4.97309	2.22171	3.2926	0	0	0	0
k107_4002209 flag=0 multi=12.0816 len=10063	10063	12.6249	0	0	0	0	0	0	0	0	0	0	0	0	4.65219	5.71193	2.27016	2.99314	3.1842	4.41262	2.51839	2.49635	0	0	0	0
k107_4455565 flag=0 multi=15.9937 len=9473	9473	13.7386	0	0	0	0	0	0	0	0	0	0	0	0	5.11067	8.91697	2.95562	3.86719	3.2762	4.75056	2.39614	2.49772	0	0	0	0
k107_11020007 flag=0 multi=20.4437 len=6224	6224	13.0152	0	0	0	0	0	0	0	0	0	0	0	0	4.44613	4.93372	2.78217	3.00372	3.68896	6.45803	2.09794	2.71631	0	0	0	0
k107_25889118 flag=1 multi=26.3375 len=23866	23866	13.1438	0	0	0	0	0	0	0	0	0	0	0	0	5.05262	7.3952	2.70854	3.65711	3.13996	5.76877	2.24266	3.23377	0	0	0	0
k107_7192268 flag=0 multi=31.0361 len=8562	8562	13.6547	0	0	0	0	0	0	0	0	0	0	0	0	5.3063	7.01749	2.79504	2.80564	3.14056	4.46861	2.41283	3.47607	0	0	0	0
k107_792737 flag=0 multi=55.7242 len=21760	21760	13.2498	0	0	0	0	0	0	0	0	0	0	0	0	5.03439	6.72077	2.53598	3.74903	3.3855	4.49755	2.29392	3.24221	0	0	0	0
k107_21099178 flag=0 multi=21.0119 len=6157	6157	13.0873	0	0	0	0	0	0	0	0	0	0	0	0	4.8222	4.91794	2.26678	3.06922	3.98531	5.66913	2.01298	3.12013	0	0	0	0
k107_27908395 flag=0 multi=15.0297 len=22848	22848	13.3756	0	0	0	0	0	0	0	0	0	0	0	0	4.99352	7.15012	2.90601	3.76277	3.23135	4.9605	2.2447	3.13368	0	0	0	0
k107_13333030 flag=0 multi=42.7391 len=19963	19963	12.9939	0	0	0	0	0	0	0	0	0.0153604	0.0180755	0	0	4.69015	5.56617	2.78948	3.66341	3.35619	5.29129	2.14277	3.00437	0	0	0	0
k107_4130717 flag=0 multi=15.4704 len=4303	4303	12.4274	0	0	0	0	0	0	0	0	0	0	0	0	4.00625	4.72621	2.96126	4.19678	3.44039	4.90883	2.0195	2.39347	0	0	0	0
k107_501938 flag=0 multi=21.0649 len=7290	7290	13.5944	0	0	0	0	0	0	0	0	0	0	0	0	3.81683	4.46988	3.27905	4.87807	4.20106	7.19537	2.29751	3.46484	0	0	0	0
k107_3090066 flag=0 multi=23.1340 len=19871	19871	13.8751	0	0	0	0	0	0	0	0	0.0154326	0.0231691	0	0	5.07997	6.73109	2.69058	4.08804	3.80469	5.28397	2.28438	2.97431	0	0	0	0
k107_11814012 flag=0 multi=24.7501 len=10202	10202	14.0622	0	0	0	0	0	0	0	0	0	0	0	0	5.13525	5.92866	3.21747	3.9675	3.32909	5.0379	2.3804	2.64328	0	0	0	0
k107_7540398 flag=0 multi=16.0603 len=27300	27300	14.3598	0	0	0	0	0	0	0	0	0	0	0	0	5.44211	7.4059	2.96944	4.10475	3.5983	5.95074	2.34995	3.11711	0	0	0	0
k107_34716892 flag=0 multi=16.0097 len=5270	5270	13.9334	0	0	0	0	0	0	0	0	0	0	0	0	5.40801	9.35844	2.82609	3.60596	3.44022	5.79531	2.25906	3.37397	0	0	0	0
k107_4161629 flag=0 multi=41.6269 len=7686	7686	14.1566	0	0	0	0	0	0	0	0	0	0	0	0	5.57665	5.5058	2.82462	3.04393	3.56216	4.20864	2.19312	1.61247	0	0	0	0
k107_8541499 flag=0 multi=13.2046 len=8635	8635	13.1717	0	0	0	0	0	0	0	0	0	0	0	0	4.96904	6.67395	2.72891	2.74294	2.85335	3.74708	2.62042	3.08144	0	0	0	0
k107_3721901 flag=1 multi=61.9172 len=21184	21184	13.6741	0	0	0	0	0	0	0	0	0	0	0	0	5.40973	6.7935	2.949	4.24659	3.2472	5.0637	2.06814	2.69918	0	0	0	0
k107_20460547 flag=0 multi=15.1309 len=6411	6411	13.76	0	0	0	0	0	0	0	0	0	0	0	0	5.52202	5.11408	2.48879	5.11637	3.41332	3.72369	2.3359	2.72333	0	0	0	0
k107_22673340 flag=0 multi=50.8686 len=21398	21398	12.7467	0	0	0	0	0	0	0	0	0	0	0	0	4.37694	5.02578	2.74583	3.43404	3.40121	5.05894	2.22274	2.88664	0	0	0	0
k107_8736607 flag=0 multi=18.0054 len=3438	3438	12.132	0	0	0	0	0	0	0	0	0	0	0	0	5.08036	3.94216	2.05134	1.91841	3.25287	5.68496	1.74745	2.33429	0	0	0	0
k107_34951167 flag=0 multi=81.4991 len=4715	4715	13.1845	0	0	0	0	0	0	0	0	0	0	0	0	4.56741	7.51415	2.7632	3.43703	3.7734	2.5744	2.08044	2.3924	0	0	0	0
k107_13268656 flag=0 multi=78.9658 len=9889	9889	14.1079	0	0	0	0	0	0	0	0	0.0313967	0.0374015	0	0	5.68906	9.15274	2.71774	3.75861	3.37822	3.81551	2.29144	2.64449	0	0	0	0
k107_22211522 flag=0 multi=57.0439 len=24559	24559	13.3564	0	0	0	0	0	0	0	0	0	0	0	0	4.77598	5.84347	2.80063	3.97324	3.37486	4.96588	2.40491	3.83461	0	0	0	0
k107_3968843 flag=0 multi=28.9842 len=9572	9572	13.1944	0	0	0	0	0	0	0	0	0	0	0	0	4.66947	6.23478	2.64337	4.21682	4.20841	6.4941	1.67314	2.94646	0	0	0	0
k107_8143660 flag=1 multi=28.2915 len=64110	64110	13.4377	0.00473295	0.00713191	0	0	0	0	0	0	0	0	0.00473295	0.00653007	5.14373	6.34347	2.7611	3.84551	3.29537	4.81239	2.22806	2.94202	0	0	0	0
k107_1368329 flag=0 multi=40.0357 len=3357	3357	13.5552	0	0	0	0	0	0	0	0	0	0	0	0	4.26481	6.36811	2.70311	3.88492	4.33061	3.20316	2.25663	3.00708	0	0	0	0
k107_10497776 flag=0 multi=16.6244 len=45160	45160	13.5218	0	0	0	0	0	0	0	0	0	0	0	0	4.72696	5.8612	3.14256	4.33245	3.4352	4.74475	2.21709	3.18257	0	0	0	0
k107_16142790 flag=0 multi=17.1176 len=7797	7797	12.5326	0	0	0	0	0	0	0	0	0	0	0	0	4.8455	7.42581	2.00987	3.07199	3.43175	7.24443	2.2455	4.26272	0	0	0	0
k107_23066456 flag=0 multi=19.0744 len=8846	8846	13.4168	0	0	0	0	0	0	0	0	0	0	0	0	5.16667	4.43866	2.79213	4.47582	3.34831	5.266	2.10967	2.88889	0	0	0	0
k107_10709044 flag=0 multi=10.5259 len=5367	5367	9.10207	0	0	0	0	0	0	0	0	0	0	0	0	4.06673	3.99105	2.59033	4.54218	1.82626	1.8904	0.618756	1.27042	0	0	0	0
k107_9254054 flag=1 multi=33.0000 len=8283	8283	12.8276	0	0	0	0	0	0	0	0	0	0	0	0	5.04598	7.43454	2.16151	2.9142	3.72309	4.52748	1.89701	2.63011	0	0	0	0
k107_24079839 flag=0 multi=54.9034 len=13669	13669	13.3643	0	0	0	0	0	0	0	0	0	0	0	0	4.86152	5.84197	2.85509	3.25489	3.24927	4.77756	2.39844	2.85876	0	0	0	0
k107_595898 flag=0 multi=46.0000 len=5838	5838	13.8439	0	0	0	0	0	0	0	0	0	0	0	0	5.78884	6.79048	2.6539	4.30749	3.03071	3.22501	2.37048	3.24503	0	0	0	0
k107_16791214 flag=0 multi=14.0047 len=17644	17644	13.806	0	0	0	0	0	0	0	0	0	0	0	0	5.21595	5.68072	2.87164	4.02054	3.46869	5.62332	2.24974	3.72501	0	0	0	0
k107_11099528 flag=0 multi=29.4583 len=22319	22319	11.7799	0	0	0	0	0	0	0	0	0	0	0	0	4.57719	5.85067	2.8101	3.7792	2.69428	3.48571	1.69828	2.67832	0	0	0	0
k107_7995961 flag=0 multi=19.0206 len=4664	4664	13.7474	0	0	0	0	0	0	0	0	0	0	0	0	4.61692	5.84691	2.90303	2.78828	3.46309	2.85828	2.76433	1.69155	0	0	0	0
k107_14522388 flag=0 multi=13.3864 len=6311	6311	12.8672	0	0	0	0	0	0	0	0	0	0	0	0	4.43235	6.14224	3.28907	4.66777	3.60459	4.41009	1.54119	1.52815	0	0	0	0
k107_27359032 flag=0 multi=17.0185 len=3235	3235	12.0102	0	0	0	0	0	0	0	0	0	0	0.204569	0.544164	5.33992	4.05615	2.12547	2.80039	2.63928	4.32161	1.70099	1.85606	0	0	0	0
k107_3228582 flag=0 multi=47.1690 len=11407	11407	12.703	0	0	0	0	0	0	0	0	0	0	0	0	4.71346	6.58816	2.70572	3.5374	3.22701	5.61788	2.05682	2.48484	0	0	0	0
k107_18055974 flag=0 multi=37.0010 len=6138	6138	13.7956	0	0	0	0	0	0	0	0	0	0	0	0	4.94671	6.75911	2.79832	4.08378	3.68437	5.04826	2.36618	4.10477	0	0	0	0
k107_1535206 flag=0 multi=74.2069 len=14593	14593	13.4378	0	0	0	0	0	0	0	0	0	0	0	0	4.70338	6.71167	2.83766	4.30948	3.56105	4.9116	2.33574	2.53639	0	0	0	0
k107_25091287 flag=0 multi=23.0870 len=7361	7361	11.9331	0	0	0	0	0	0	0	0	0	0	0	0	4.0068	4.62594	2.75634	3.31122	3.04349	4.2891	2.12651	2.51005	0	0	0	0
k107_35580103 flag=0 multi=14.0071 len=8988	8988	11.5964	0	0	0	0	0	0	0	0	0	0	0	0	4.88948	5.90992	2.03914	2.52972	3.17073	4.02344	1.49701	2.31566	0	0	0	0
k107_21872649 flag=0 multi=95.0000 len=7269	7269	12.0466	0	0	0	0	0	0	0	0	0	0	0	0	4.53997	8.59134	2.92063	2.5861	2.9578	5.17746	1.62825	2.17907	0	0	0	0
k107_24905468 flag=0 multi=124.8425 len=6628	6628	14.2423	0	0	0	0	0	0	0	0	0	0	0	0	4.09453	5.43282	2.94325	5.24521	4.13057	5.54166	3.07398	3.61306	0	0	0	0
k107_14618097 flag=0 multi=19.9855 len=12892	12892	12.9918	0	0	0	0	0	0	0	0	0	0	0	0	5.0054	6.37779	2.55822	2.9705	3.5753	4.07982	1.8529	2.33609	0	0	0	0
k107_2095422 flag=0 multi=31.9294 len=44495	44495	13.63	0	0	0	0	0	0	0	0	0	0	0	0	4.96149	7.00998	2.88184	4.52465	3.66244	5.76652	2.12421	2.83401	0	0	0	0
k107_3464597 flag=0 multi=168.0000 len=3765	3765	14.1034	0	0	0	0	0	0	0	0	0	0	0	0	5.11811	4.72321	2.84002	3.8773	3.65897	3.93607	2.48628	4.23951	0	0	0	0
k107_1043389 flag=0 multi=19.9246 len=25358	25358	14.003	0	0	0	0	0	0	0	0	0	0	0	0	5.36191	6.56365	2.76592	3.97513	3.62416	5.21372	2.251	3.12182	0	0	0	0
k107_2023839 flag=0 multi=28.5158 len=5489	5489	13.386	0	0	0	0	0	0	0	0	0	0	0	0	5.41392	4.73784	2.42298	5.59669	3.3555	2.87393	2.19356	3.35603	0	0	0	0
k107_3484576 flag=0 multi=134.0583 len=8411	8411	185.617	0	0	0.302257	0.587411	0	0	0	0	0.0363793	0.062746	0	0	3.37526	5.51043	2.03737	2.52844	22.0005	48.4614	157.866	327.457	0	0	0	0
k107_15897790 flag=0 multi=25.0097 len=16228	16228	13.1167	0	0	0	0	0	0	0	0	0	0	0	0	4.75462	6.61086	2.47457	3.83196	3.36054	3.71937	2.527	3.73524	0	0	0	0
k107_2468467 flag=1 multi=36.9249 len=17632	17632	13.5579	0	0	0	0	0	0	0	0	0	0	0	0	4.8835	5.03602	2.66624	3.62483	3.68586	6.30679	2.32233	2.76878	0	0	0	0
k107_16215608 flag=0 multi=61.6793 len=7042	7042	13.5699	0	0	0	0	0	0	0	0	0.0439169	0.0638775	0	0	4.38991	5.45265	2.59169	4.59832	4.25712	5.29157	2.28724	3.07385	0	0	0	0
k107_12568755 flag=0 multi=45.2525 len=12485	12485	13.3068	0	0	0	0	0	0	0	0	0	0	0	0	5.17828	7.07167	2.56439	3.5728	3.45522	5.76622	2.10892	2.77312	0	0	0	0
k107_3402330 flag=0 multi=34.9712 len=16416	16416	13.2001	0	0	0	0	0	0	0	0	0	0	0	0	4.88811	6.16223	2.74935	4.2526	3.32251	4.19187	2.24016	2.4958	0	0	0	0
k107_15134625 flag=0 multi=18.0000 len=9032	9032	14.0873	0	0	0	0	0	0	0	0	0	0	0	0	4.70241	4.49159	2.79118	3.19475	3.75132	6.04821	2.84238	2.85379	0	0	0	0
k107_10980838 flag=0 multi=43.4905 len=16523	16523	12.723	0	0	0	0	0	0	0	0	0.00906233	0.0092232	0	0	5.1556	6.1977	2.72523	3.76531	3.04266	5.01429	1.79046	2.04915	0	0	0	0
k107_591684 flag=0 multi=21.0071 len=20060	20060	13.3486	0	0	0	0	0	0	0	0	0.0152849	0.0196114	0	0	4.8676	6.22034	2.95936	4.4729	3.43309	4.02343	2.07329	3.25709	0	0	0	0
k107_16585497 flag=0 multi=23.0208 len=7610	7610	15.0196	0	0	0	0	0	0	0	0	0	0	0	0	6.13547	6.98072	3.06144	3.39522	3.58511	4.94295	2.23755	2.48257	0	0	0	0
k107_15635060 flag=0 multi=67.0131 len=17191	17191	13.4034	0	0	0	0	0	0	0	0	0	0	0	0	5.13216	5.57388	2.64397	3.60028	3.62147	5.52108	2.0058	3.01385	0	0	0	0
k107_26620902 flag=0 multi=13.0157 len=3678	3678	13.7011	0	0	0	0	0	0	0	0	0	0	0	0	6.05895	8.26405	2.77103	4.09886	3.16173	5.11986	1.70942	2.24231	0	0	0	0
k107_1708551 flag=0 multi=33.1827 len=24523	24523	12.6583	0	0	0	0	0	0	0	0	0	0	0	0	4.72202	7.22751	2.88394	3.4264	3.02671	3.66126	2.0256	2.44502	0	0	0	0
k107_19031120 flag=0 multi=17.0995 len=16496	16496	13.2942	0	0	0	0	0	0	0	0	0.0372978	0.0576539	0	0	4.5323	5.74156	3.0381	3.86496	3.42287	3.91325	2.26368	2.97394	0	0	0	0
k107_31114033 flag=0 multi=12.0106 len=6354	6354	12.962	0	0	0	0	0	0	0	0	0	0	0	0	4.57155	4.90741	2.51553	3.62758	3.37806	5.07084	2.49686	3.53537	0	0	0	0
k107_17614142 flag=0 multi=127.0451 len=7551	7551	12.7327	0	0	0	0	0	0	0	0	0	0	0	0	5.20513	6.28292	2.42558	3.02616	3.31797	4.04615	1.78397	2.023	0	0	0	0
k107_15230457 flag=0 multi=19.6962 len=7918	7918	14.9401	0	0	0	0	0	0	0	0	0	0	0	0	5.06434	6.29139	3.01077	3.81711	3.53992	5.51328	3.3251	3.66041	0	0	0	0
k107_28896555 flag=0 multi=34.2063 len=3874	3874	13.7052	0	0	0	0	0	0	0	0	0	0	0	0	4.79591	6.31535	3.1341	4.04239	3.76708	5.03051	2.00812	1.61868	0	0	0	0
k107_13030802 flag=0 multi=15.0024 len=7609	7609	13.5762	0	0	0	0	0	0	0	0	0	0	0	0	5.34529	8.09774	2.71069	2.5728	3.10812	3.70263	2.41207	3.92554	0	0	0	0
k107_8094244 flag=0 multi=16.9931 len=20934	20934	13.5973	0	0	0	0	0	0	0	0	0	0	0	0	5.07551	5.65607	2.97494	4.31771	3.40321	4.88709	2.14361	3.01302	0	0	0	0
k107_33599138 flag=0 multi=78.9741 len=7519	7519	13.8717	0	0	0	0	0	0	0	0	0	0	0	0	5.23694	7.46501	2.49286	2.85839	3.88389	3.71566	2.258	3.17179	0	0	0	0
k107_8954806 flag=0 multi=28.0059 len=9811	9811	13.5095	0	0	0	0	0	0	0	0	0	0	0	0	4.76959	8.3806	2.96141	4.21351	3.48007	5.86518	2.29845	2.43351	0	0	0	0
k107_20430658 flag=0 multi=15.0114 len=13770	13770	14.5192	0	0	0	0	0	0	0	0	0	0	0	0	5.17397	5.59156	3.1407	5.93315	4.07804	6.65125	2.12652	2.94829	0	0	0	0
k107_21154468 flag=0 multi=18.2071 len=4935	4935	12.2012	0	0	0	0	0	0	0	0	0	0	0	0	5.10727	5.87988	1.36974	1.92501	3.26786	4.19491	2.45629	3.56298	0	0	0	0
k107_21236579 flag=0 multi=27.0331 len=21927	21927	13.261	0	0	0	0	0	0	0	0	0	0	0	0	5.01216	5.18205	2.95908	4.1396	3.34659	4.374	1.94321	2.23849	0	0	0	0
k107_17283807 flag=0 multi=30.9745 len=6310	6310	13.2901	0	0	0	0	0	0	0	0	0	0	0	0	4.33422	5.90227	2.3725	3.77667	3.65629	6.9064	2.9271	3.10448	0	0	0	0
k107_9861598 flag=0 multi=27.1515 len=12017	12017	12.5579	0	0	0	0	0	0	0	0	0	0	0	0	4.86086	5.47249	2.51857	2.87502	3.01417	4.86953	2.16432	4.0137	0	0	0	0
k107_4671396 flag=0 multi=36.1816 len=10102	10102	12.5464	0	0	0	0	0	0	0	0	0	0	0	0	4.84878	5.01666	2.6699	3.70142	2.87388	3.94367	2.15388	2.71636	0	0	0	0
k107_1107156 flag=0 multi=38.2376 len=13385	13385	11.028	0	0	0	0	0	0	0	0	0	0	0	0	0	0	0.0230834	0.0291232	3.90079	5.4154	2.76557	3.70533	4.33853	6.93174	0	0
k107_12094115 flag=0 multi=18.0017 len=6536	6536	13.9865	0	0	0	0	0	0	0	0	0	0	0	0	4.5016	4.31474	3.21399	6.13343	3.83141	4.5175	2.43953	5.92996	0	0	0	0
k107_13102259 flag=0 multi=57.3953 len=20099	20099	13.358	0	0	0	0	0	0	0	0	0	0	0	0	5.22897	6.28715	2.58479	3.78437	3.29818	5.02194	2.24605	2.94816	0	0	0	0
k107_7477969 flag=0 multi=69.2115 len=11129	11129	13.2069	0	0	0	0	0	0	0	0	0	0	0	0	4.64062	5.32652	2.56221	2.81185	3.27117	4.69535	2.73289	3.08736	0	0	0	0
k107_20202211 flag=0 multi=23.0159 len=5652	5652	13.4692	0	0	0	0	0	0	0	0	0	0	0	0	4.7529	5.11541	2.8114	4.10898	2.8714	3.30825	3.03346	4.91851	0	0	0	0
k107_23070650 flag=0 multi=26.6020 len=21286	21286	13.2342	0	0	0	0	0	0	0	0	0	0	0	0	4.87815	6.07405	2.62595	3.20905	3.56715	4.77438	2.16293	2.91965	0	0	0	0
k107_22181334 flag=0 multi=92.9573 len=9094	9094	13.582	0	0	0	0	0	0	0	0	0	0	0	0	5.25944	6.16378	2.70382	4.84084	3.70155	4.13272	1.9172	2.24918	0	0	0	0
k107_13823312 flag=0 multi=62.1744 len=16657	16657	13.2949	0	0	0	0	0	0	0	0	0	0	0	0	4.90939	6.41777	2.60942	3.84735	3.59431	4.79739	2.18178	3.36234	0	0	0	0
k107_12760796 flag=0 multi=19.7116 len=15427	15427	13.6532	0	0	0	0	0	0	0	0	0.0199669	0.0244617	0	0	4.95306	5.52569	2.78856	4.57378	3.58572	4.4762	2.30585	3.19553	0	0	0	0
k107_367890 flag=0 multi=22.8067 len=23672	23672	13.851	0	0	0	0	0	0	0	0	0	0	0	0	5.06042	4.58928	3.05225	4.88869	3.46748	5.33426	2.2709	3.17106	0	0	0	0
k107_11533065 flag=0 multi=28.4156 len=6931	6931	15.046	0	0	0	0	0	0	0	0	0.0455574	0.0537477	0	0	5.57475	5.17798	2.99879	5.17329	3.47699	3.94683	2.94992	3.53403	0	0	0	0
k107_15226150 flag=0 multi=15.9186 len=5596	5596	12.1666	0	0	0	0	0	0	0	0	0	0	0	0	4.91991	6.02724	2.73121	4.20955	2.73857	4.1052	1.77692	2.32541	0	0	0	0
k107_15707932 flag=0 multi=34.0037 len=3626	3626	13.9452	0	0	0	0	0	0	0	0	0	0	0	0	4.8911	8.41731	2.97804	4.00803	3.64892	6.40587	2.4272	2.43438	0	0	0	0
k107_31151356 flag=0 multi=25.0323 len=7764	7764	11.8929	0	0	0	0	0	0	0	0	0	0	0	0	4.62155	5.2544	2.2636	2.92647	3.32284	4.5619	1.68494	2.15888	0	0	0	0
k107_3051049 flag=0 multi=18.3532 len=9482	9482	13.9613	0	0	0	0	0	0	0	0	0	0	0	0	4.99608	5.8257	3.53377	5.972	2.92222	3.84041	2.50926	3.65422	0	0	0	0
k107_22816451 flag=0 multi=49.0237 len=10422	10422	14.8093	0	0	0	0	0	0	0	0	0	0	0	0	6.17194	8.14761	2.96364	3.3147	3.30306	5.19299	2.3413	3.31125	0.0293478	0.0336927	0	0
k107_16759014 flag=0 multi=11.3425 len=9969	9969	12.8825	0	0	0	0	0	0	0	0	0	0	0	0	4.58715	6.80069	2.92852	4.4603	3.39392	4.8308	1.9729	2.22616	0	0	0	0
k107_12100532 flag=0 multi=13.0476 len=3511	3511	13.7974	0	0	0	0	0	0	0	0	0	0	0	0	6.69461	6.72719	2.67466	3.45177	2.27454	1.94755	2.15363	2.20169	0	0	0	0
k107_15911340 flag=0 multi=39.9287 len=9523	9523	13.9637	0	0	0	0	0	0	0	0	0	0	0	0	5.32025	6.18184	2.83548	3.49825	3.55504	3.57877	2.2529	2.74592	0	0	0	0
k107_23396538 flag=0 multi=34.4644 len=9611	9611	13.362	0	0	0	0	0	0	0	0	0	0	0	0	5.8119	8.24253	2.96101	3.84237	2.80685	3.97035	1.78225	2.14418	0	0	0	0
k107_25045081 flag=0 multi=20.0115 len=12993	12993	12.9481	0	0	0	0	0	0	0	0	0	0	0	0	4.46293	6.33544	2.64786	4.31209	3.27453	3.66504	2.56276	3.34531	0	0	0	0
k107_25122586 flag=0 multi=14.0274 len=16985	16985	13.6601	0	0	0	0	0	0	0	0	0	0	0	0	5.12192	5.40924	2.71012	4.3403	3.55164	6.00031	2.27645	2.99926	0	0	0	0
k107_13875872 flag=0 multi=18.9457 len=8818	8818	13.5359	0	0	0	0	0	0	0	0	0	0	0	0	5.22922	4.92659	2.89256	4.01549	2.97229	4.13971	2.44187	4.1425	0	0	0	0
k107_22149947 flag=0 multi=37.2093 len=18066	18066	13.8914	0	0	0	0	0	0	0	0	0	0	0	0	4.99955	8.14079	2.87559	4.42379	3.55911	4.82783	2.4571	3.76948	0	0	0	0
k107_10702331 flag=1 multi=19.0000 len=9839	9839	7.47604	0	0	0	0	0	0	0	0	0.0948936	0.128984	0	0	0.0311419	0.0510111	2.49187	2.68664	1.94181	3.03838	1.94254	1.96444	0.973786	1.16735	0	0
k107_31140196 flag=0 multi=35.2542 len=7293	7293	12.8059	0	0	0	0	0	0	0	0	0	0	0	0	4.73924	5.20933	3.25232	3.40378	3.00958	3.69815	1.80475	1.7512	0	0	0	0
k107_21740271 flag=0 multi=79.6398 len=6257	6257	13.5553	0	0	0	0	0	0	0	0	0	0	0	0	5.22368	4.0698	2.57716	3.2922	3.54945	3.77728	2.20504	3.93944	0	0	0	0
k107_11755504 flag=0 multi=19.8407 len=5876	5876	12.2906	0	0	0	0	0	0	0	0	0	0	0	0	4.82992	4.18798	2.18999	2.48119	3.41945	4.10866	1.85127	3.16251	0	0	0	0
k107_17006354 flag=0 multi=76.7347 len=3696	3696	12.4573	0	0	0	0	0	0	0	0	0.0589275	0.0874913	0	0	5.39894	5.49704	1.91956	2.13248	3.13082	4.49204	1.94903	2.91592	0	0	0	0
k107_15356959 flag=0 multi=27.2063 len=5841	5841	14.5201	0	0	0	0	0	0	0	0	0	0	0	0	5.28146	6.03612	3.58747	5.32023	3.6364	6.60267	2.0148	2.53506	0	0	0	0
k107_1928562 flag=0 multi=70.6120 len=25706	25706	12.9013	0	0	0	0	0	0	0	0	0.0118879	0.0215848	0	0	4.54125	6.46738	2.70587	3.92033	3.37789	4.42888	2.26441	3.25488	0	0	0	0
k107_10392931 flag=0 multi=23.9447 len=4267	4267	13.7909	0	0	0	0	0	0	0	0	0	0	0	0	4.81665	5.22853	3.44439	5.82694	3.21967	4.03746	2.31021	2.01022	0	0	0	0
k107_8150337 flag=0 multi=19.9594 len=6090	6090	13.3799	0	0	0	0	0	0	0	0	0	0	0	0	4.66586	4.60179	2.78473	3.33439	3.27091	2.73075	2.65843	3.40985	0	0	0	0
k107_4589495 flag=0 multi=95.5116 len=7747	7747	13.9449	0	0	0	0	0	0	0	0	0	0	0	0	5.29751	4.87861	3.18778	5.97963	3.30557	5.54687	2.15406	2.31707	0	0	0	0
k107_20649956 flag=0 multi=58.0125 len=17024	17024	12.4426	0	0	0	0	0	0	0	0	0.01806	0.0210898	0	0	4.87561	8.73508	2.40581	3.31867	3.20404	4.01071	1.93906	2.56761	0	0	0	0
k107_19150630 flag=0 multi=10.0067 len=3681	3681	10.5821	0	0	0	0	0	0	0	0	0	0	0	0	4.20894	4.75866	2.40722	2.11405	2.61054	4.37425	1.35543	2.73861	0	0	0	0
k107_24850797 flag=0 multi=24.3250 len=22902	22902	12.9585	0	0	0	0	0	0	0	0	0	0	0	0	4.88363	6.11846	2.71659	4.38444	3.08513	3.601	2.2731	2.77919	0	0	0	0
k107_4344838 flag=1 multi=9.0000 len=5065	5065	6.77913	0	0	0.126601	0.181731	0	0	0	0	1.47617	1.43053	0	0	0.0625656	0.099718	2.35314	2.81322	0.190006	0.179275	2.57065	3.73453	0	0	0	0
k107_22199987 flag=0 multi=18.0000 len=13392	13392	13.7171	0	0	0	0	0	0	0	0	0	0	0	0	5.1275	6.77857	2.55982	4.03466	3.61276	3.57191	2.41704	3.31913	0	0	0	0
k107_22091055 flag=0 multi=17.3917 len=9399	9399	13.7418	0.0330878	0.0481469	0	0	0	0	0	0	0	0	0	0	4.48697	4.15775	3.2425	3.80981	3.68638	3.74155	2.29284	3.37857	0	0	0	0
k107_7369311 flag=0 multi=34.0602 len=21384	21384	13.241	0	0	0	0	0	0	0	0	0.014325	0.0141249	0	0	5.02846	6.58276	2.70823	4.02045	3.23945	4.12487	2.25055	3.01864	0	0	0	0
k107_4237534 flag=0 multi=26.0324 len=7029	7029	12.6406	0	0	0	0	0	0	0	0	0	0	0	0	4.75814	7.92823	3.15743	6.93857	3.0226	4.62036	1.70239	2.16272	0	0	0	0
k107_3544849 flag=0 multi=33.1023 len=45261	45261	14.6618	0	0	0	0	0	0	0	0	0	0	0	0	5.56367	7.89183	3.04618	4.24748	3.66209	5.1148	2.38991	3.40018	0	0	0	0
k107_362135 flag=0 multi=22.0000 len=5065	5065	13.2597	0	0	0	0	0	0	0	0	0	0	0	0	4.13017	7.26188	3.57737	5.60414	3.10057	3.26284	2.45161	2.75536	0	0	0	0
k107_25909807 flag=0 multi=22.0035 len=10836	10836	12.7323	0	0	0	0	0	0	0	0	0	0	0	0	4.47143	4.24788	2.79391	3.67294	3.20723	4.96823	2.25973	3.99636	0	0	0	0
k107_9111191 flag=0 multi=43.8007 len=2852	2852	12.8863	0	0	0	0	0	0	0	0	0	0	0	0	5.47608	5.05512	2.43765	3.61684	3.20314	4.04801	1.76941	1.11319	0	0	0	0
k107_7512309 flag=0 multi=27.0527 len=14128	14128	12.6218	0	0	0	0	0	0	0	0	0	0	0	0	4.60422	5.07157	2.39021	3.3443	3.37278	4.30153	2.25459	2.9874	0	0	0	0
k107_26591870 flag=0 multi=16.0099 len=7759	7759	12.5778	0	0	0	0	0	0	0	0	0	0	0	0	4.97358	8.18923	2.41733	4.58419	3.4648	5.07116	1.72214	2.33813	0	0	0	0
k107_3651583 flag=0 multi=36.2480 len=19102	19102	14.2141	0	0	0	0	0	0	0	0	0	0	0	0	5.0717	7.097	3.22351	3.31465	3.74122	4.17752	2.17771	2.72219	0	0	0	0
k107_817715 flag=1 multi=48.0156 len=11336	11336	13.5225	0	0	0	0	0	0	0	0	0	0	0	0	5.01368	5.61942	2.45151	3.31086	3.29926	4.53264	2.75802	3.38569	0	0	0	0
k107_9523330 flag=0 multi=54.7869 len=21442	21442	13.0718	0	0	0	0	0	0	0	0	0	0	0	0	5.05199	5.95187	2.5009	3.97133	3.22833	4.8175	2.29059	3.06387	0	0	0	0
k107_26704338 flag=0 multi=16.5677 len=12923	12923	12.9279	0	0	0	0	0	0	0	0	0	0	0	0	4.87093	7.96609	2.79843	4.90733	3.07464	4.88359	2.1839	3.49555	0	0	0	0
k107_2013677 flag=0 multi=60.2218 len=23294	23294	13.7519	0	0	0	0	0	0	0	0	0	0	0	0	5.35538	6.99531	2.72099	4.05431	3.19424	4.54512	2.4813	3.07931	0	0	0	0
k107_1991170 flag=0 multi=26.6711 len=14058	14058	13.258	0	0	0	0	0	0	0	0	0	0	0	0	5.07837	6.78384	2.61202	3.21297	3.18363	3.35691	2.38398	2.84587	0	0	0	0
k107_7385558 flag=0 multi=21.0148 len=4104	4104	12.1163	0	0	0	0	0	0	0	0	0	0	0	0	4.16728	5.69779	2.76618	3.42379	3.68806	5.61119	1.49474	1.62129	0	0	0	0
k107_2844144 flag=1 multi=39.1802 len=9404	9404	12.8894	0	0	0	0	0	0	0	0	0	0	0	0	4.83784	6.39736	2.51945	4.42499	3.36629	5.83224	2.16579	3.74259	0	0	0	0
k107_33218017 flag=0 multi=28.7975 len=9166	9166	13.3309	0	0	0	0	0	0	0	0	0	0	0	0	5.04061	7.15834	2.71627	3.89878	3.27426	5.46163	2.29975	4.25627	0	0	0	0
k107_26761539 flag=0 multi=55.7734 len=16776	16776	14.3212	0	0	0	0	0	0	0	0	0	0	0	0	4.75458	6.30151	3.29635	4.79082	3.38977	5.2107	2.88048	4.34955	0	0	0	0
k107_34777540 flag=0 multi=58.1897 len=14850	14850	13.6562	0	0	0	0	0	0	0.0206214	0.0339386	0.0206901	0.0245893	0	0	5.01787	4.90421	2.56351	3.76367	3.49766	4.81739	2.53581	4.26176	0	0	0	0
k107_28907869 flag=0 multi=15.0003 len=19498	19498	13.5268	0	0	0	0	0	0	0	0	0	0	0	0	4.79725	4.25834	2.89873	3.50039	3.56465	5.47117	2.26615	2.2892	0	0	0	0
k107_2235437 flag=0 multi=138.0750 len=6388	6388	14.067	0	0	0	0	0	0	0	0	0	0	0	0	5.76257	7.36827	2.35393	3.21044	3.61732	6.27057	2.33322	3.12462	0	0	0	0
k107_17619489 flag=0 multi=35.0010 len=5874	5874	12.9885	0	0	0	0	0	0	0	0	0	0	0	0	5.10966	5.61332	2.39178	2.82774	3.15847	3.40599	2.32861	2.67829	0	0	0	0
k107_7447353 flag=0 multi=17.1488 len=5706	5706	12.5714	0	0	0	0	0	0	0	0	0	0	0	0	5.02054	6.53881	2.78756	4.50465	3.56051	4.80713	1.20281	1.6068	0	0	0	0
k107_17937418 flag=0 multi=16.2231 len=5162	5162	13.9109	0	0	0	0	0	0	0	0	0	0	0	0	5.4358	8.65128	2.85597	4.0569	3.21584	4.45128	2.40329	2.3257	0	0	0	0
k107_27670969 flag=1 multi=20.0590 len=13736	13736	13.2952	0	0	0	0	0	0	0	0	0	0	0	0	4.61255	4.19303	2.41201	3.68372	3.71743	4.50997	2.55322	3.15499	0	0	0	0
k107_14109549 flag=0 multi=47.2705 len=34189	34189	13.662	0	0	0	0	0	0	0	0	0	0	0	0	4.91563	5.48812	2.78298	5.11318	3.53608	5.08557	2.42733	3.15763	0	0	0	0
k107_19412413 flag=0 multi=40.0000 len=12136	12136	12.0255	0	0	0	0	0	0	0	0	0	0	0	0	4.55755	6.84555	2.34283	2.95603	3.09718	2.76331	2.02797	3.57942	0	0	0	0
k107_4744396 flag=0 multi=31.9444 len=12141	12141	13.535	0	0	0	0	0	0	0	0	0	0	0	0	4.90616	5.75917	2.86342	4.84379	3.5068	5.84151	2.25864	2.62207	0	0	0	0
k107_33445879 flag=0 multi=23.9852 len=8563	8563	13.2301	0	0	0	0	0	0	0	0	0.0364363	0.0550855	0	0	4.61482	4.64748	3.04043	3.86379	3.29778	5.41793	2.24065	3.47051	0	0	0	0
k107_14341738 flag=0 multi=13.2714 len=5889	5889	13.5948	0	0	0	0	0	0	0	0	0	0	0	0	4.72168	7.13297	2.89798	3.28871	2.84661	3.82311	3.12851	2.72144	0	0	0	0
k107_28048210 flag=0 multi=19.0000 len=2787	2787	11.9404	0	0	0	0	0	0	0	0	0	0	0	0	4.53441	3.97538	2.4829	2.3756	3.0664	3.77918	1.85674	2.42461	0	0	0	0
k107_27227961 flag=0 multi=42.0656 len=4449	4449	13.4208	0	0	0	0	0	0	0	0	0	0	0	0	5.61249	5.16744	2.17241	3.72053	3.49747	6.56409	2.13841	2.31332	0	0	0	0
k107_28613779 flag=0 multi=15.0301 len=10410	10410	12.8435	0	0	0	0	0	0	0	0	0.0298773	0.0289862	0	0	4.97764	7.72959	2.28314	2.75655	3.39118	6.52833	2.16165	3.1514	0	0	0	0
k107_22088595 flag=0 multi=29.0520 len=4264	4264	9.36068	0	0	0	0	0	0	0	0	0	0	0	0	3.83266	4.81524	2.52347	2.7457	1.89046	1.66467	1.07698	0.957018	0.0371025	0.0366685	0	0
k107_23963976 flag=0 multi=51.1247 len=35319	35319	12.884	0	0	0	0	0	0	0	0	0.00862438	0.0125943	0	0	4.57741	6.11065	2.76177	3.4548	3.33564	4.3043	2.20056	3.23763	0	0	0	0
k107_11839025 flag=0 multi=41.7953 len=26087	26087	13.3716	0	0	0	0	0	0	0	0	0	0	0	0	5.24588	6.55441	2.61578	4.24454	3.3457	4.2769	2.16428	2.65824	0	0	0	0
k107_6490372 flag=0 multi=17.0093 len=5929	5929	14.0793	0	0	0	0	0	0	0	0	0	0	0	0	4.39435	3.57663	3.26248	3.95622	4.21539	5.48816	2.20704	2.95536	0	0	0	0
k107_23429069 flag=0 multi=23.2090 len=9535	9535	13.1667	0	0	0	0	0	0	0	0	0	0	0	0	5.12954	6.16557	2.40269	2.99798	3.40442	5.11959	2.23004	2.77936	0	0	0	0
k107_11324414 flag=0 multi=21.0000 len=4087	4087	12.9102	0	0	0	0	0	0	0	0	0	0	0	0	3.9609	3.80798	2.16328	1.90638	3.51466	7.00542	3.27133	4.31611	0	0	0	0
k107_25493713 flag=0 multi=33.0165 len=5200	5200	13.7299	0	0	0	0	0	0	0	0	0	0	0	0	4.56799	5.43025	3.4363	4.26012	3.00776	3.46101	2.71784	5.61091	0	0	0	0
k107_25520434 flag=0 multi=24.1568 len=13719	13719	13.7909	0	0	0	0	0	0	0	0	0	0	0	0	5.16345	6.26518	2.81561	4.80279	3.75382	4.0412	2.05799	2.32846	0	0	0	0
k107_14845033 flag=0 multi=20.0021 len=20935	20935	14.0318	0	0	0	0	0	0	0	0	0	0	0	0	5.34925	7.48596	3.01774	4.02662	3.09373	3.90159	2.57108	3.11783	0	0	0	0
k107_29788872 flag=0 multi=25.3057 len=2518	2518	14.1931	0	0	0	0	0	0	0	0	0	0	0	0	4.67148	6.00262	2.6981	4.85572	4.25316	4.2993	2.5704	2.64038	0	0	0	0
k107_24994204 flag=0 multi=18.0036 len=13554	13554	13.3012	0	0	0	0	0	0	0	0	0	0	0	0	4.62028	6.12622	2.67228	2.81763	3.3272	4.39154	2.68141	3.76316	0	0	0	0
k107_26425401 flag=0 multi=22.0057 len=9553	9553	12.461	0	0	0	0	0	0	0	0	0	0	0	0	4.50211	5.9884	2.51519	3.46764	3.5194	4.87966	1.92433	1.87032	0	0	0	0
k107_6764731 flag=0 multi=29.5285 len=7816	7816	13.2515	0	0	0	0	0	0	0	0	0.0397924	0.0431086	0	0	4.52635	5.81504	3.19018	3.32576	3.17155	3.65173	2.32366	3.34863	0	0	0	0
k107_30286354 flag=0 multi=30.2415 len=9951	9951	14.1706	0	0	0	0	0	0	0	0	0	0	0	0	5.16758	6.31674	2.71355	3.28359	3.54773	6.24411	2.74173	4.71648	0	0	0	0
k107_1636653 flag=0 multi=23.2442 len=7524	7524	13.541	0	0	0	0	0	0	0	0	0	0	0	0	5.00789	5.05675	2.84243	3.90997	3.06453	3.74833	2.62614	2.84242	0	0	0	0
k107_15621808 flag=0 multi=10.0073 len=5314	5314	11.5565	0	0	0	0	0	0	0	0	0	0	0	0	4.44653	4.12084	2.38128	4.42238	3.28591	4.70471	1.44274	2.02453	0	0	0	0
k107_8397706 flag=0 multi=28.0913 len=6923	6923	12.3412	0	0	0	0	0	0	0	0	0	0	0	0	4.30585	6.25996	2.71998	3.4448	2.83583	3.0495	2.47953	3.49966	0	0	0	0
k107_32024493 flag=0 multi=12.5062 len=3428	3428	11.9277	0	0	0	0	0	0	0	0	0	0	0	0	3.9501	6.4178	2.28599	3.47887	2.85509	2.94537	2.83653	4.05602	0	0	0	0
k107_30511017 flag=0 multi=17.0241 len=7087	7087	12.7157	0	0	0	0	0	0	0	0	0	0	0	0	5.1552	6.50606	3.08195	4.74575	2.55475	4.05276	1.9238	1.75132	0	0	0	0
k107_28389461 flag=0 multi=18.0042 len=5831	5831	12.3874	0	0	0	0	0	0	0	0	0	0	0	0	4.43172	8.3652	2.21758	2.69846	3.08483	3.67491	2.65328	3.27141	0	0	0	0
k107_14233231 flag=0 multi=56.2247 len=9803	9803	13.7777	0	0	0	0	0	0	0	0	0	0	0	0	4.90822	6.27008	2.80086	3.68941	3.84117	5.35379	2.22745	3.04103	0	0	0	0
k107_21338252 flag=0 multi=160.1267 len=3060	3060	11.1139	0	0	0	0	0	0	0	0	0	0	0	0	3.80711	3.79651	2.47099	2.89529	2.77629	2.97864	2.05946	2.60883	0	0	0	0
k107_27766998 flag=0 multi=33.1898 len=5170	5170	11.9412	0	0	0	0	0	0	0	0	0	0	0	0	4.50185	4.37349	2.32293	2.75714	2.90756	5.0066	2.20892	2.88475	0	0	0	0
k107_19334320 flag=0 multi=16.1374 len=5799	5799	13.5438	0	0	0	0	0	0	0	0	0	0	0	0	5.73495	5.85875	2.45261	4.63743	3.27924	2.61672	2.07695	3.42324	0	0	0	0
k107_8758427 flag=0 multi=36.8031 len=5949	5949	11.3669	0	0	0	0	0	0	0	0	0	0	0	0	3.86967	4.97775	2.90207	3.7436	2.97167	2.77514	1.62352	2.75646	0	0	0	0
k107_33551486 flag=0 multi=105.0000 len=5963	5963	13.9246	0	0	0	0	0	0	0	0	0	0	0	0	4.61367	5.02464	3.13496	3.35427	4.06713	4.96684	2.10881	1.879	0	0	0	0
k107_33443247 flag=0 multi=14.2370 len=6399	6399	12.0866	0	0	0	0	0	0	0	0	0	0	0	0	4.74217	6.66164	3.07463	4.65159	2.63818	3.62834	1.63162	2.6709	0	0	0	0
k107_33801711 flag=0 multi=37.9690 len=4009	4009	13.5228	0	0	0	0	0	0	0	0	0	0	0	0	4.99029	4.71391	2.29862	3.80799	3.51308	3.37901	2.7208	6.39731	0	0	0	0
k107_35807302 flag=0 multi=82.4326 len=18788	18788	13.7052	0	0	0	0	0	0	0	0	0	0	0	0	4.88467	7.48672	2.90149	4.64002	3.70264	5.47663	2.21638	3.16808	0	0	0	0
k107_29540060 flag=0 multi=14.0000 len=7281	7281	14.0272	0	0	0	0	0	0	0	0	0	0	0	0	5.34346	7.57088	3.06763	3.56987	3.17051	6.01182	2.44562	3.14544	0	0	0	0
k107_32587734 flag=0 multi=16.0113 len=10333	10333	14.0097	0	0	0	0	0	0	0	0	0	0	0	0	5.27285	5.8678	2.44303	3.8309	3.92433	5.31704	2.36945	3.50913	0	0	0	0
k107_15899285 flag=0 multi=47.0000 len=21328	21328	13.4617	0	0	0	0	0	0	0	0	0	0	0	0	5.15847	7.53596	2.76757	4.14101	3.45624	4.4502	2.07943	2.56125	0	0	0	0
k107_4782813 flag=0 multi=42.0271 len=4536	4536	14.8399	0	0	0	0	0	0	0	0	0	0	0	0	5.24114	6.93398	3.35475	4.04341	4.0829	3.86177	2.16108	2.46539	0	0	0	0
k107_11825102 flag=1 multi=12.0000 len=2704	2704	11.1091	0	0	0.125729	0.136622	0	0	0	0	0	0	0	0	4.89883	4.31209	2.71107	2.35107	2.5254	2.7573	0.848043	0.775829	0	0	0	0
k107_29244429 flag=0 multi=62.6364 len=44150	44150	14.0314	0	0	0	0	0	0	0	0	0.00688743	0.00998968	0	0	5.18044	7.15741	2.9135	3.97021	3.63889	5.35702	2.29171	3.04898	0	0	0	0
k107_30985956 flag=0 multi=53.0742 len=12639	12639	14.2867	0	0	0	0	0	0	0	0	0	0	0	0	4.94018	5.26462	2.90427	3.86166	3.92332	5.82672	2.51893	4.53281	0	0	0	0
k107_12099660 flag=0 multi=36.1625 len=17801	17801	13.6555	0	0	0	0	0	0	0	0	0.0345163	0.0461347	0	0	5.39454	7.01084	2.58392	3.85278	3.46071	6.0637	2.18178	3.52049	0	0	0	0
k107_7213669 flag=0 multi=31.3180 len=13854	13854	13.9138	0	0	0	0	0	0	0	0	0	0	0	0	5.05534	7.42819	2.72041	4.01263	3.70108	5.30129	2.43698	3.21098	0	0	0	0
k107_10053151 flag=0 multi=19.0745 len=16623	16623	13.0899	0	0	0	0	0	0	0	0	0	0	0	0	4.84976	5.57995	2.48012	3.24135	3.31793	3.73103	2.44213	3.21477	0	0	0	0
k107_24050491 flag=0 multi=21.0016 len=2542	2542	12.2263	0	0	0	0	0	0	0	0	0	0	0	0	4.99018	4.1367	1.81562	2.01249	3.42946	3.3606	1.99107	2.66101	0	0	0	0
k107_1063606 flag=1 multi=31.0000 len=6633	6633	13.9735	0	0	0	0	0	0	0	0	0	0	0	0	4.54115	5.86585	3.29442	4.55339	3.66277	5.10257	2.47512	3.27026	0	0	0	0
k107_25941288 flag=0 multi=29.0006 len=28554	28554	13.307	0	0	0	0	0	0	0	0	0	0	0	0	5.01267	6.60435	2.45678	3.36458	3.3027	4.9595	2.53486	3.57618	0	0	0	0
k107_33942440 flag=0 multi=28.0000 len=6202	6202	13.0305	0	0	0	0	0	0	0	0	0	0	0	0	4.54271	3.81702	2.7561	2.83666	3.89831	6.27953	1.83339	1.58908	0	0	0	0
k107_26197140 flag=0 multi=29.7423 len=16736	16736	13.4041	0	0	0	0	0	0	0	0	0	0	0	0	4.74468	6.7711	2.99909	3.41982	3.54138	4.12169	2.11896	2.45865	0	0	0	0
k107_1356113 flag=0 multi=18.0000 len=12697	12697	12.9479	0	0	0	0	0	0	0	0	0	0	0	0	4.99338	8.15054	2.22146	3.00777	3.40621	4.40985	2.32683	3.24289	0	0	0	0
k107_9906246 flag=0 multi=15.8105 len=3226	3226	13.9976	0	0	0	0	0	0	0	0	0	0	0	0	5.34405	4.59767	2.38919	2.18397	4.21819	4.29186	2.04617	2.6031	0	0	0	0
k107_34807175 flag=0 multi=44.0518 len=11236	11236	13.9101	0	0	0	0	0	0	0	0	0	0	0	0	5.20048	8.01457	2.90589	4.14371	3.20999	4.56484	2.59374	3.74378	0	0	0	0
k107_30452671 flag=0 multi=24.1810 len=10437	10437	12.871	0	0	0	0	0	0	0	0	0	0	0	0	4.59951	6.74899	2.64914	3.31848	3.63335	4.87688	1.98905	2.81565	0	0	0	0
k107_17745413 flag=0 multi=15.5209 len=5849	5849	12.6766	0	0	0	0	0	0	0	0	0	0	0	0	4.50946	8.43223	2.62052	4.2061	2.9991	3.95561	2.5475	3.05207	0	0	0	0
k107_22434068 flag=0 multi=24.9320 len=11228	11228	10.0136	0	0	0	0	0.00292879	0.0031934	0	0	0.0151931	0.0153205	0	0	0	0	0.0137287	0.0136355	8.75966	13.039	1.21938	1.55189	0.00274574	0.00529924	0	0
k107_35498596 flag=0 multi=13.0192 len=2609	2609	12.0347	0	0	0	0	0	0	0	0	0	0	0	0	5.18942	5.42757	2.02081	3.53764	2.87603	3.29486	1.94842	1.9136	0	0	0	0
k107_19180431 flag=0 multi=54.0000 len=2913	2913	15.3267	0	0	0	0	0	0	0	0	0	0	0	0	6.27308	5.64037	3.15511	3.87625	4.18882	5.28237	1.70969	2.64198	0	0	0	0
k107_21524629 flag=0 multi=22.0037 len=7144	7144	13.9854	0	0	0	0	0	0	0	0	0	0	0	0	4.73093	6.74033	2.86305	4.50421	4.4088	6.88461	1.98261	2.00529	0	0	0	0
k107_31952470 flag=0 multi=19.0118 len=10164	10164	14.1846	0	0	0	0	0	0	0	0	0.0306226	0.0418621	0	0	4.84668	6.83496	2.92486	3.79515	3.81353	4.62378	2.56895	2.42308	0	0	0	0
k107_7862459 flag=0 multi=79.4410 len=24220	24220	14.4273	0	0	0	0	0	0	0	0	0	0	0	0	5.23208	5.77393	3.23727	4.15182	3.71089	4.38234	2.24701	3.37097	0	0	0	0
k107_32510356 flag=0 multi=25.1938 len=8373	8373	12.7315	0	0	0	0	0	0	0	0	0	0	0	0	4.27741	5.30799	2.31396	3.45303	3.46611	4.27897	2.67402	3.57985	0	0	0	0
k107_11032277 flag=0 multi=57.2783 len=20028	20028	12.9121	0	0	0	0	0	0	0	0	0.0153097	0.0208586	0	0	4.59759	5.90579	2.63201	2.90803	3.44479	4.60368	2.2224	3.03526	0	0	0	0
k107_15419868 flag=1 multi=24.0148 len=6407	6407	9.25455	0	0	0	0	0.0152334	0.01548	0	0	0.166421	0.186361	0	0	3.8611	3.39605	1.86306	3.35555	2.25799	7.53417	1.03522	2.03914	0.0555283	0.0822682	0	0
k107_33631714 flag=0 multi=67.9183 len=14151	14151	13.6867	0	0	0	0	0	0	0	0	0	0	0	0	4.67586	4.0764	2.74157	3.6281	4.08672	5.5495	2.18254	2.7125	0	0	0	0
k107_17263195 flag=0 multi=153.0000 len=21334	21334	13.0671	0	0	0	0	0	0	0	0	0	0	0	0	4.77539	7.93662	2.75319	3.54642	3.24082	4.96411	2.28343	2.08085	0.014264	0.0207166	0	0
k107_24214040 flag=0 multi=15.3753 len=3336	3336	10.7956	0	0	0	0	0	0	0	0	0	0	0	0	4.14239	4.91647	2.11305	3.852	2.41134	3.24571	2.12887	2.51433	0	0	0	0
k107_34211978 flag=0 multi=19.1036 len=5862	5862	14.4694	0	0	0	0	0	0	0	0	0	0	0	0	6.12788	7.66235	2.64047	2.90317	3.93273	3.96764	1.76835	3.35593	0	0	0	0
k107_30954943 flag=0 multi=14.1442 len=7162	7162	13.3243	0	0	0	0	0	0	0	0	0	0	0	0	4.72697	5.16034	3.02289	4.25839	3.30394	6.68774	2.27055	3.19139	0	0	0	0
k107_5980805 flag=1 multi=26.9879 len=3817	3817	8.80939	0	0	0	0	0	0	0	0	0	0	0	0	3.98407	3.61661	1.0293	1.62028	2.39972	5.83635	1.3963	3.86521	0	0	0	0
k107_32649504 flag=0 multi=71.8707 len=5055	5055	13.1496	0	0	0	0	0	0	0	0	0	0	0	0	5.12455	5.40167	3.09846	7.62869	2.32569	4.29416	2.60088	2.87857	0	0	0	0
k107_29547934 flag=1 multi=56.0000 len=3251	3251	11.7898	0	0	0	0	0	0	0	0	0	0	0	0	4.23635	5.20472	2.46728	6.14182	3.28416	2.54839	1.80197	2.03553	0	0	0	0
k107_19163036 flag=0 multi=16.0211 len=8120	8120	13.7776	0	0	0	0	0	0	0	0	0	0	0	0	4.55487	5.0894	3.20223	6.26926	3.74495	4.51964	2.27552	3.39763	0	0	0	0
k107_35272094 flag=0 multi=79.0057 len=13356	13356	13.1767	0	0	0	0	0	0	0	0	0	0	0	0	5.00414	6.28139	2.49494	2.76776	3.28145	3.58718	2.39612	3.29444	0	0	0	0
k107_14558089 flag=0 multi=52.1720 len=16393	16393	13.5788	0	0	0	0	0	0	0	0	0	0	0	0	4.99907	5.91412	2.63955	3.83835	3.9038	5.48311	2.03636	2.74083	0	0	0	0
k107_17721206 flag=0 multi=29.7300 len=16558	16558	12.8829	0	0	0	0	0	0	0	0	0	0	0	0	5.04872	7.59841	2.86873	3.96936	2.82979	3.42577	2.13564	2.47082	0	0	0	0
k107_2271470 flag=0 multi=25.3051 len=11894	11894	13.1783	0	0	0	0	0	0	0	0	0	0	0	0	4.66925	5.53078	2.90226	2.9805	3.30512	5.0517	2.30167	2.31456	0	0	0	0
k107_25657448 flag=0 multi=14.1811 len=18852	18852	12.8348	0	0	0	0	0	0	0	0	0	0	0	0	4.42307	6.51155	2.64539	5.00113	3.16749	3.69136	2.59881	4.4694	0	0	0	0
k107_35362442 flag=0 multi=17.8649 len=3851	3851	12.111	0	0	0	0	0	0	0	0	0	0	0	0	4.40688	5.94848	2.39899	3.30381	3.72302	4.26658	1.58214	1.59072	0	0	0	0
k107_35425664 flag=0 multi=24.0220 len=3832	3832	10.7745	0	0	0	0	0	0	0	0	0	0	0	0	3.46431	5.22779	2.53909	2.6985	2.43031	3.024	2.34079	2.22797	0	0	0	0
k107_35630358 flag=0 multi=19.3368 len=26580	26580	12.9794	0	0	0	0	0	0	0	0	0	0	0	0	5.04041	6.31523	2.62113	4.23505	3.03646	5.30458	2.28138	2.9758	0	0	0	0
k107_12685507 flag=0 multi=14.4562 len=4754	4754	11.2233	0	0	0	0	0	0	0	0	0	0	0	0	4.18486	6.30033	2.38926	3.4742	2.3376	3.34015	2.31155	2.47387	0	0	0	0
k107_30994629 flag=0 multi=18.4658 len=7477	7477	13.5483	0	0	0	0	0	0	0	0	0	0	0	0	5.09073	4.32673	3.26049	6.32566	3.30634	4.80792	1.89073	2.32565	0	0	0	0
k107_17447242 flag=0 multi=27.5322 len=11469	11469	12.6334	0	0	0	0	0	0	0	0	0	0	0	0	4.63607	5.05075	2.89057	4.34778	2.79583	4.20163	2.31092	2.58671	0	0	0	0
k107_29686302 flag=0 multi=19.4793 len=8184	8184	13.4852	0	0	0	0	0	0	0	0	0	0	0	0	4.65808	6.11927	3.11266	4.24913	3.29789	5.99339	2.41652	3.31868	0	0	0	0
k107_35119829 flag=0 multi=25.0074 len=4966	4966	12.3199	0	0	0	0	0	0	0	0	0	0	0	0	4.5759	7.02207	3.23006	5.23719	2.70905	3.00297	1.80489	2.44621	0	0	0	0
k107_27104781 flag=0 multi=14.0045 len=13444	13444	12.9455	0	0	0	0	0	0	0	0	0	0	0	0	4.75476	5.2988	2.62951	3.29948	3.52458	5.15837	2.03668	2.72522	0	0	0	0
k107_35805181 flag=0 multi=45.4400 len=41310	41310	13.7054	0.00368221	0.00366889	0	0	0	0	0	0	0.0147044	0.0292585	0	0	4.99295	6.97427	2.76836	3.97173	3.4068	4.40431	2.51887	3.673	0	0	0	0
k107_29318333 flag=0 multi=55.0000 len=21603	21603	13.2733	0	0	0	0	0	0	0	0	0	0	0	0	5.15107	6.69042	2.36632	3.30999	3.32506	4.62082	2.43087	3.28617	0	0	0	0
k107_19133800 flag=1 multi=13.2552 len=6557	6557	12.9813	0	0	0	0	0	0	0	0	0	0	0	0	4.64093	5.65685	3.00847	4.75307	2.92086	4.8212	2.41103	3.08566	0	0	0	0
k107_33593969 flag=0 multi=72.0299 len=22986	22986	14.7745	0	0	0	0	0	0	0	0	0	0	0	0	5.36638	7.15261	3.16598	4.79868	3.8793	4.02345	2.36281	2.98511	0	0	0	0
k107_34544184 flag=0 multi=134.0000 len=5783	5783	13.1908	0	0	0	0	0	0	0	0	0	0	0	0	5.34191	6.44911	2.35523	2.31917	3.78654	3.70074	1.70717	1.88098	0	0	0	0
k107_10177082 flag=0 multi=30.0000 len=6303	6303	13.6356	0	0	0	0	0	0	0	0	0	0	0	0	5.11881	6.45333	2.52408	2.61441	3.6134	5.65984	2.37927	1.79979	0	0	0	0
k107_3154067 flag=0 multi=53.9958 len=9819	9819	14.1491	0	0	0	0	0	0	0	0	0	0	0	0	5.41126	6.73149	3.05674	4.45303	3.37512	4.90753	2.30598	3.22334	0	0	0	0
k107_11698969 flag=0 multi=32.1100 len=7799	7799	11.6803	0	0	0	0	0	0	0	0	0	0	0	0	4.75137	4.9123	2.47352	3.53055	2.31519	3.22235	2.14019	1.82032	0	0	0	0
k107_8645713 flag=0 multi=54.8919 len=4833	4833	13.7374	0	0	0	0	0	0	0	0	0	0	0	0	5.73163	6.00352	2.82123	4.25316	2.78349	4.15699	2.40102	2.22911	0	0	0	0
k107_8885011 flag=0 multi=19.1177 len=27123	27123	13.2532	0	0	0	0	0	0	0	0	0	0	0	0	5.06357	7.02116	2.81772	3.69317	3.20104	4.25268	2.17084	3.00216	0	0	0	0
k107_11638714 flag=0 multi=18.9674 len=3728	3728	12.4872	0	0	0	0	0	0	0	0	0	0	0	0	3.34384	6.20078	2.92761	5.01138	4.07151	7.23253	2.14419	2.25791	0	0	0	0
k107_22270375 flag=0 multi=20.2432 len=10353	10353	13.1382	0	0	0	0	0	0	0	0	0	0	0	0	4.76032	6.5777	2.97672	3.24126	3.06139	4.33356	2.33977	2.79189	0	0	0	0
k107_29825891 flag=0 multi=43.3297 len=49174	49174	13.7641	0	0	0	0	0	0	0	0	0	0	0	0	5.13417	6.77989	2.90414	4.34487	3.5388	4.53616	2.187	3.18977	0	0	0	0
k107_17543553 flag=0 multi=16.4166 len=7837	7837	13.1301	0	0	0	0	0	0	0	0	0	0	0	0	5.52926	5.84561	2.51851	2.55346	2.78315	3.18798	2.29914	2.56921	0	0	0	0
k107_15840093 flag=0 multi=73.6316 len=12134	12134	12.7963	0	0	0	0	0	0	0	0	0	0	0	0	4.3963	6.46209	2.82868	3.08403	3.58088	5.84108	1.99045	2.48325	0	0	0	0
k107_999381 flag=0 multi=36.8232 len=35603	35603	13.3308	0	0	0	0	0	0	0	0	0	0	0	0	4.92856	6.43162	2.68531	4.23662	3.4886	4.58791	2.22832	3.08682	0	0	0	0
k107_3094479 flag=0 multi=18.4344 len=15824	15824	12.8135	0	0	0	0	0	0	0	0	0	0	0	0	4.9971	5.51105	2.55386	4.3857	3.22027	4.39707	2.04226	2.83418	0	0	0	0
k107_9935211 flag=0 multi=51.5011 len=3817	3817	13.4805	0	0	0	0	0	0	0	0	0	0	0	0	4.63528	6.43472	2.4239	3.09822	4.86088	8.92435	1.56046	3.17697	0	0	0	0
k107_1630464 flag=0 multi=51.5861 len=13533	13533	13.7866	0	0	0	0	0	0	0	0	0	0	0	0	5.03756	5.49203	2.92555	4.18607	3.26929	5.04198	2.55415	3.06418	0	0	0	0
k107_14615771 flag=0 multi=25.3430 len=7765	7765	15.3311	0	0	0	0	0	0	0	0	0	0	0	0	6.18692	8.92215	3.08576	3.5116	3.89924	4.9093	2.15919	2.79309	0	0	0	0
k107_33007928 flag=0 multi=14.0080 len=11368	11368	14.0612	0	0	0	0	0	0	0	0	0	0	0	0	5.16673	7.52226	2.97669	4.85282	3.41668	5.65588	2.50108	3.06503	0	0	0	0
k107_20976075 flag=0 multi=21.0581 len=19684	19684	13.3999	0	0	0	0	0	0	0	0	0	0	0	0	5.06124	5.81792	2.79677	3.32507	3.41657	5.23495	2.12532	2.26168	0	0	0	0
k107_32590406 flag=0 multi=14.0358 len=9272	9272	13.5167	0	0	0	0	0	0	0	0	0	0	0	0	4.86656	5.59147	3.13322	5.41612	3.27046	4.83686	2.24649	2.76728	0	0	0	0
k107_64182 flag=0 multi=16.0453 len=4478	4478	11.438	0	0	0	0	0	0	0	0	0	0	0	0	4.60129	2.98727	1.80412	1.79117	2.7421	4.99486	2.29047	3.27802	0	0	0	0
k107_24906597 flag=0 multi=16.0373 len=9577	9577	14.0173	0	0	0	0	0	0	0	0	0	0	0	0	4.89887	4.27025	2.61736	4.37102	4.18879	6.47207	2.31224	3.25726	0	0	0	0
k107_25594691 flag=0 multi=40.4152 len=49794	49794	12.8967	0	0	0	0	0	0	0	0	0.006102	0.00743569	0	0	4.70314	6.08593	2.85064	4.01837	3.24501	4.86303	2.09179	2.70928	0	0	0	0
k107_3816669 flag=0 multi=102.4148 len=7595	7595	12.8001	0	0	0	0	0	0	0	0	0	0	0	0	4.3513	4.26861	2.68778	5.82062	3.20348	4.13777	2.55752	2.68449	0	0	0	0
k107_6655042 flag=0 multi=20.8281 len=2649	2649	11.167	0	0	0	0	0	0	0	0	0	0	0	0	4.95611	5.79245	2.11419	4.74757	2.0294	7.48778	2.06732	3.1773	0	0	0	0
k107_28458099 flag=0 multi=55.9756 len=13837	13837	14.1007	0	0	0	0	0	0	0	0	0	0	0	0	5.07071	6.94372	2.97444	5.08898	3.2843	3.536	2.77126	4.98298	0	0	0	0
k107_28911603 flag=0 multi=75.9861 len=13019	13019	13.9796	0	0	0	0	0	0	0	0	0	0	0	0	5.35551	6.93324	2.77715	3.02051	3.66171	3.70206	2.18526	2.75185	0	0	0	0
k107_17978202 flag=0 multi=19.8702 len=11187	11187	13.4464	0	0	0	0	0	0	0	0	0	0	0	0	4.6215	6.51525	2.98971	3.66119	3.4983	4.36173	2.33689	4.02356	0	0	0	0
k107_35577099 flag=0 multi=22.6714 len=10716	10716	11.5894	0	0	0	0	0	0	0	0	0	0	0	0	4.36816	5.88271	2.26983	3.68105	3.01123	6.29633	1.94018	1.90684	0	0	0	0
k107_30938347 flag=0 multi=19.1402 len=15331	15331	12.7056	0	0	0	0	0	0	0	0	0	0	0	0	4.90073	7.32337	2.38639	2.94078	3.23455	5.28953	2.18391	2.88159	0	0	0	0
k107_12531670 flag=0 multi=23.5175 len=6660	6660	14.9335	0	0	0	0	0	0	0	0	0	0	0	0	5.0994	5.07717	3.55316	4.59117	3.74992	6.37749	2.53098	3.88949	0	0	0	0
k107_35260892 flag=0 multi=12.3876 len=4256	4256	14.3647	0	0	0	0	0	0	0	0	0	0	0	0	5.4651	7.08789	1.98735	3.3723	4.02251	6.01449	2.88973	3.27132	0	0	0	0
k107_506418 flag=0 multi=20.1575 len=10629	10629	14.6737	0	0	0	0	0	0	0	0	0	0	0	0	5.12898	5.60515	3.12288	5.18063	3.52164	5.03541	2.90016	4.4025	0	0	0	0
k107_18024985 flag=0 multi=33.1807 len=4314	4314	12.0548	0	0	0	0	0	0	0	0	0	0	0	0	4.62288	5.15453	2.6817	3.09915	2.65653	3.13117	2.09372	2.88894	0	0	0	0
k107_16320866 flag=1 multi=24.0000 len=4931	4931	7.64895	0	0	0	0	0	0	0	0	0	0	0	0	3.62476	7.04714	2.03413	2.35684	0.993735	1.18495	0.898682	1.30152	0.0976453	0.0947862	0	0
k107_985500 flag=0 multi=55.0000 len=6835	6835	12.9979	0	0	0	0	0	0	0	0	0.0924537	0.144543	0	0	5.01531	5.30704	3.31287	4.41973	2.77361	4.6951	1.80361	2.97704	0	0	0	0
k107_4104206 flag=1 multi=6.1585 len=5553	5553	4.98191	0	0	0	0	0	0	0	0	0	0	0	0	0	0	1.70501	2.09007	2.9362	4.46734	0.283565	0.428539	0.057132	0.0542143	0	0
k107_14840260 flag=0 multi=29.0088 len=5760	5760	7.76621	0	0	0	0	0	0	0	0	0.191279	0.213463	0	0	0	0	1.94943	3.27341	1.97362	4.02551	2.26493	4.22955	1.36002	1.90392	0.0269329	0.0269039
k107_25945756 flag=0 multi=19.0237 len=8558	8558	12.7797	0	0	0	0	0	0	0	0	0	0	0	0	4.39874	5.4078	3.00448	5.726	3.18169	4.0089	2.19477	3.51913	0	0	0	0
k107_16301613 flag=0 multi=19.0559 len=9627	9627	15.694	0	0	0.0323861	0.0448455	0	0	0	0	0	0	0	0	5.46284	7.41515	3.39174	6.19366	4.31925	6.1232	2.48783	3.66024	0	0	0	0
k107_370461 flag=0 multi=76.1566 len=3715	3715	15.5634	0	0	0	0	0	0	0	0	0	0	0	0	5.31439	7.2846	2.86112	3.6776	4.83094	8.38068	2.55699	2.34407	0	0	0	0
k107_4578239 flag=0 multi=18.0822 len=10956	10956	12.9464	0	0	0	0	0	0	0	0	0.0283462	0.0455634	0	0	4.98883	6.21482	3.01277	4.40004	2.85752	3.63809	2.05894	2.66481	0	0	0	0
k107_15684219 flag=0 multi=142.1792 len=5341	5341	12.561	0	0	0	0	0	0	0	0	0	0	0	0	4.75531	3.72086	2.91387	2.75903	3.18337	5.20818	1.70847	3.34754	0	0	0	0
k107_128262 flag=0 multi=31.6710 len=17024	17024	13.8282	0	0	0	0	0	0	0	0	0	0	0	0	4.80068	6.83427	2.65979	4.03279	3.85432	5.61885	2.51346	4.04744	0	0	0	0
k107_13027503 flag=0 multi=149.8283 len=6454	6454	13.2832	0	0	0	0	0	0	0	0	0	0	0	0	5.01479	8.41305	2.78153	3.26257	3.46586	4.09033	2.02097	3.273	0	0	0	0
k107_17256920 flag=0 multi=15.4554 len=3636	3636	12.6752	0	0	0	0	0	0	0	0	0	0	0	0	4.74175	4.35012	2.20606	2.36771	3.33263	5.25276	2.39472	2.63984	0	0	0	0
k107_12327068 flag=0 multi=24.0007 len=10737	10737	13.4182	0	0	0	0	0	0	0	0	0	0	0	0	5.3678	7.78655	2.58754	3.69433	3.23412	5.60415	2.22875	2.70126	0	0	0	0
k107_17738821 flag=0 multi=11.0368 len=4895	4895	11.3871	0	0	0	0	0	0	0	0	0	0	0	0	5.12345	7.01995	2.10625	1.84182	2.4705	3.08216	1.68691	2.66077	0	0	0	0
k107_6025630 flag=0 multi=30.0488 len=62300	62300	13.6409	0	0	0	0	0	0	0	0	0	0	0	0	5.05203	6.34633	2.89277	4.25645	3.59004	4.9836	2.10607	2.72861	0	0	0	0
k107_35415623 flag=0 multi=333.0000 len=2867	2867	12.0745	0	0	0	0	0	0	0	0	0	0	0	0	4.81131	5.4476	2.74308	1.92664	2.60585	1.87755	1.91423	1.97967	0	0	0	0
k107_1091121 flag=0 multi=28.7617 len=37488	37488	13.5444	0	0	0	0	0	0	0	0	0	0	0	0	5.14188	6.28755	2.64882	3.7503	3.36186	4.8291	2.39184	3.44877	0	0	0	0
k107_26638805 flag=0 multi=32.0136 len=6592	6592	13.9781	0	0	0	0	0	0	0	0	0	0	0	0	4.9806	9.43069	3.47631	6.14841	3.33339	5.31399	2.18776	3.23808	0	0	0	0
k107_28988215 flag=0 multi=18.0016 len=5689	5689	15.3702	0	0	0	0	0	0	0	0	0	0	0	0	5.92742	6.46422	2.94542	4.76511	3.22907	4.36769	3.26824	2.46924	0	0	0	0
k107_35420941 flag=0 multi=37.0019 len=7984	7984	14.0378	0	0	0	0	0	0	0	0	0	0	0	0	4.79784	5.60606	2.79758	4.69572	4.13174	4.14821	2.3106	3.08116	0	0	0	0
k107_6697972 flag=0 multi=14.0076 len=3267	3267	12.1926	0	0	0	0	0	0	0	0	0	0	0	0	3.74233	2.52655	2.92681	5.38237	3.39224	4.9207	2.1312	3.22945	0	0	0	0
k107_33203226 flag=1 multi=52.0000 len=6481	6481	6.58683	0	0	0	0	0	0	0	0	0	0	0	0	0	0	0	0	4.15941	5.90092	2.42742	3.30904	0	0	0	0
k107_4119366 flag=0 multi=22.3548 len=8445	8445	13.9364	0	0	0	0	0	0	0	0	0.0370871	0.0696167	0	0	5.02702	6.52601	2.91649	4.73081	4.11593	4.07074	1.83986	3.4046	0	0	0	0
k107_34958167 flag=0 multi=49.0004 len=10950	10950	13.5914	0	0	0	0	0	0	0	0	0	0	0	0	4.82917	4.52707	2.68276	2.99291	3.41566	3.62689	2.66379	2.67098	0	0	0	0
k107_24734483 flag=0 multi=25.2324 len=7861	7861	8.94497	0	0	0	0	0	0	0	0	0.0396878	0.0507908	0	0	4.11457	3.61362	1.99656	3.51795	1.53658	2.63185	1.25757	2.55564	0	0	0	0
k107_31147444 flag=0 multi=9.3288 len=6332	6332	8.64876	0	0	0	0	0	0	0	0	0	0	0	0	4.29005	5.92342	2.18955	4.04071	1.47347	2.68477	0.695688	0.957192	0	0	0	0
k107_3217743 flag=0 multi=28.6272 len=7553	7553	13.6049	0	0	0	0	0	0	0	0	0	0	0	0	5.78899	7.85718	2.64129	4.18174	2.82058	3.16166	2.35402	2.11477	0	0	0	0
k107_11391782 flag=0 multi=60.0538 len=7400	7400	13.0352	0	0	0	0	0	0	0	0	0	0	0	0	4.13624	5.3075	3.06326	5.67235	3.17949	3.85019	2.65624	3.55746	0	0	0	0
k107_542734 flag=0 multi=9.9020 len=2953	2953	9.40966	0	0	0	0	0	0	0	0	0	0	0	0	4.01018	7.46415	1.40023	3.06576	2.2897	1.783	1.70954	2.47216	0	0	0	0
k107_21465390 flag=0 multi=26.0000 len=24270	24270	13.0815	0	0	0	0	0	0	0	0	0	0	0	0	4.74587	7.54627	2.36632	2.99133	3.72384	4.90683	2.24545	2.92091	0	0	0	0
k107_5750299 flag=0 multi=18.7543 len=17423	17423	12.8278	0	0	0	0	0	0	0	0	0	0	0	0	5.02804	5.80908	2.52427	3.10456	3.43975	5.01836	1.8357	3.09041	0	0	0	0
k107_25442665 flag=1 multi=17.7172 len=17969	17969	13.624	0	0	0	0	0	0	0	0	0	0	0	0	5.09441	5.10385	3.04251	4.82892	3.18679	4.25902	2.30028	3.42075	0	0	0	0
k107_3496406 flag=0 multi=14.0151 len=5930	5930	11.5483	0	0	0	0	0	0	0	0	0	0	0	0	3.9323	3.58471	2.73507	3.58445	3.23881	4.75043	1.64215	2.05025	0	0	0	0
k107_848950 flag=0 multi=139.8916 len=5698	5698	12.321	0	0	0	0	0	0	0	0	0	0	0	0	4.01927	6.11279	2.98499	4.15337	2.98907	3.86247	2.32765	3.66225	0	0	0	0
k107_25516892 flag=0 multi=17.2847 len=12936	12936	12.7758	0.0239038	0.0421667	0	0	0	0	0	0	0	0	0	0	5.08889	5.38713	2.67643	4.41357	2.91657	3.56109	2.07005	2.48894	0	0	0	0
k107_2206290 flag=0 multi=8.0306 len=5243	5243	8.17243	0	0	0	0	0	0	0	0	0	0	0	0	4.339	5.70091	1.95386	3.17094	1.04149	1.63041	0.838089	1.74073	0	0	0	0
k107_2684211 flag=0 multi=113.0391 len=6343	6343	12.5842	0	0	0	0	0	0	0	0	0	0	0	0	3.98229	4.77608	2.78679	2.95515	3.91789	5.71427	1.8972	2.19478	0	0	0	0
k107_905518 flag=0 multi=30.7461 len=7093	7093	13.4671	0	0	0.0883522	0.191216	0	0	0	0	0	0	0	0	4.59741	6.85717	3.06406	3.93906	3.82212	5.63178	1.89516	2.16684	0	0	0	0
k107_23334640 flag=1 multi=29.0000 len=4541	4541	10.8745	0	0	0	0	0	0	0	0	0	0	0	0	3.72399	4.21679	2.1984	1.4638	2.72729	3.40577	2.22482	3.81263	0	0	0	0
k107_14941200 flag=0 multi=65.2237 len=2767	2767	13.628	0	0	0	0	0	0	0	0	0	0	0	0	5.14077	5.79738	3.86653	4.95548	2.8499	2.60499	1.77079	4.19891	0	0	0	0
k107_4132882 flag=0 multi=10.5399 len=4132	4132	12.1862	0	0	0	0	0	0	0	0	0	0	0	0	4.02533	3.10329	2.60601	2.56756	3.07441	4.46672	2.48042	4.56284	0	0	0	0
k107_25366057 flag=0 multi=20.0659 len=15444	15444	12.7743	0	0	0	0	0	0	0	0	0	0	0	0	4.56181	5.70608	2.38674	2.38357	3.57773	4.39905	2.24805	3.28043	0	0	0	0
k107_35800675 flag=0 multi=133.6359 len=6932	6932	13.909	0	0	0	0	0	0	0	0	0	0	0	0	5.33363	8.24764	2.91131	4.48493	3.3727	3.70252	2.2914	2.79055	0	0	0	0
k107_26371709 flag=0 multi=11.9812 len=24824	24824	11.6721	0	0	0	0	0	0	0	0	0	0	0	0	0	0	0	0	4.11055	5.07413	2.79684	3.18794	4.76474	6.38118	0	0
k107_35361117 flag=0 multi=17.6832 len=4173	4173	11.9145	0	0	0	0	0	0	0	0	0	0	0	0	4.40067	4.77103	2.63808	3.31417	2.7334	3.43674	2.14234	2.55314	0	0	0	0
k107_13590780 flag=0 multi=26.2167 len=13390	13390	12.4272	0.0230746	0.0415082	0.0229982	0.0393595	0	0	0	0	0.0230746	0.0225387	0	0	4.51765	4.18913	2.36652	2.63644	3.12546	5.72929	2.34841	3.24807	0	0	0	0
k107_24025218 flag=0 multi=45.0516 len=18888	18888	13.0727	0	0	0	0	0	0	0	0	0	0	0	0	4.53998	5.12257	2.68008	3.29623	3.69794	4.759	2.15469	2.81005	0	0	0	0
k107_21433712 flag=0 multi=18.5727 len=2604	2604	13.9757	0	0	0	0	0	0	0	0	0	0	0	0	5.53345	4.563	3.11468	4.87742	3.19201	4.03307	2.13553	1.72352	0	0	0	0
k107_32601111 flag=0 multi=51.5365 len=19861	19861	13.0323	0	0	0	0	0	0	0	0	0	0	0	0	4.83926	7.26555	2.54568	4.65821	3.73593	4.99912	1.9114	3.15297	0	0	0	0
k107_7841911 flag=0 multi=14.1350 len=3262	3262	12.9115	0	0	0	0	0	0	0	0	0	0	0	0	4.19459	7.18112	2.71385	3.62096	3.41047	4.77975	2.59257	2.79211	0	0	0	0
k107_25961290 flag=0 multi=24.0035 len=7213	7213	13.9288	0	0	0	0	0	0	0	0	0	0	0	0	4.47229	6.31668	2.88135	3.3237	4.09029	4.83407	2.48488	2.53562	0	0	0	0
k107_18184455 flag=0 multi=78.1604 len=3804	3804	14.6017	0	0	0	0	0	0	0	0	0	0	0	0	5.30982	6.36684	3.01799	3.92951	4.00057	2.81458	2.27327	3.61246	0	0	0	0
k107_32131473 flag=0 multi=47.9839 len=15882	15882	13.4709	0	0	0	0	0	0	0	0	0	0	0	0	5.08524	7.34178	2.94634	3.87917	3.40122	4.76504	2.03806	2.4586	0	0	0	0
k107_2502054 flag=0 multi=19.0184 len=10014	10014	11.3023	0	0	0	0	0	0	0	0	0.106878	0.196262	0	0	0.227451	0.606342	0.0306837	0.0474365	9.73425	11.1056	1.20305	1.63829	0	0	0	0
k107_9534680 flag=0 multi=12.0005 len=4546	4546	13.5763	0	0	0	0	0	0	0	0	0	0	0	0	5.04288	3.82062	3.10815	4.48445	3.70358	3.44695	1.72172	2.72857	0	0	0	0
k107_21399811 flag=0 multi=13.1209 len=3117	3117	11.2835	0	0	0	0	0	0	0	0	0	0	0	0	4.01812	7.28062	1.83268	1.60059	3.41066	6.30463	2.02202	2.87048	0	0	0	0
k107_16186957 flag=0 multi=12.0000 len=2939	2939	13.5779	0	0	0	0	0	0	0	0	0	0	0	0	4.66515	5.42569	2.989	3.9078	3.77436	3.48057	2.14941	2.19867	0	0	0	0
k107_11007131 flag=0 multi=33.9985 len=8768	8768	13.5803	0	0	0	0	0	0	0	0	0	0	0	0	4.92098	5.12043	2.70647	2.88399	3.31798	6.45466	2.63489	2.80282	0	0	0	0
k107_3238779 flag=0 multi=19.7346 len=17544	17544	12.9317	0	0	0	0	0	0	0	0	0	0	0	0	4.74249	7.01437	2.77984	3.33976	3.03578	3.65686	2.37362	2.84551	0	0	0	0
k107_35795794 flag=0 multi=16.1634 len=3339	3339	14.5443	0	0	0	0	0	0	0	0	0	0	0	0	5.21699	5.71877	2.99309	3.17159	2.94962	2.51894	3.38459	5.04538	0	0	0	0
k107_10574212 flag=0 multi=11.0083 len=3243	3243	10.8147	0	0	0	0	0	0	0	0	0	0	0	0	4.99354	7.72811	2.31418	3.39396	1.93132	2.41672	1.57565	2.84736	0	0	0	0
k107_7994281 flag=0 multi=27.9592 len=28019	28019	13.5511	0	0	0	0	0	0	0	0	0	0	0	0	5.06249	5.60098	2.746	4.50363	3.63048	5.05006	2.1121	3.26908	0	0	0	0
k107_25578464 flag=0 multi=102.2159 len=7382	7382	14.2331	0	0	0	0	0	0	0	0	0	0	0	0	4.74915	6.96808	2.77514	4.79393	4.08771	4.97598	2.62105	3.8667	0	0	0	0
k107_5409911 flag=0 multi=13.7175 len=18890	18890	14.001	0	0	0	0	0	0	0	0	0	0	0	0	5.1508	6.56484	2.74258	3.93078	3.83398	5.34353	2.27367	3.32757	0	0	0	0
k107_16166988 flag=0 multi=30.0000 len=6192	6192	12.8334	0	0	0	0	0	0	0	0	0	0	0	0	4.30968	5.17664	2.94941	5.48968	3.37793	4.87599	2.19643	2.38597	0	0	0	0
k107_21352441 flag=0 multi=22.0025 len=10579	10579	12.6778	0	0	0	0	0	0	0	0	0	0	0	0	4.68162	4.70903	2.5053	3.6023	3.26321	3.4016	2.22769	2.6466	0	0	0	0
k107_17255550 flag=0 multi=15.8724 len=3101	3101	14.7724	0	0	0	0	0	0	0	0	0	0	0	0	5.17864	6.01091	3.62379	8.68229	3.53162	4.30152	2.43837	2.37324	0	0	0	0
k107_32812158 flag=0 multi=22.0243 len=4304	4304	12.0642	0	0	0	0	0	0	0	0	0	0	0	0	4.64168	5.6729	2.66542	3.54198	3.14168	7.03498	1.61544	1.28709	0	0	0	0
k107_21888254 flag=0 multi=40.1371 len=10787	10787	12.3212	0	0	0.0164044	0.0161423	0	0	0	0	0	0	0	0	4.71521	5.27742	2.66896	3.36788	2.81478	3.81571	2.10587	2.35057	0	0	0	0
k107_10631490 flag=1 multi=17.4029 len=5995	5995	9.2828	0	0	0	0	0	0	0	0	0	0	0	0	3.51396	5.75799	1.82997	3.07006	2.35201	4.83048	1.58686	2.56928	0	0	0	0
k107_16019113 flag=0 multi=18.8838 len=6106	6106	12.2664	0	0	0	0	0	0	0	0	0	0	0	0	4.97881	5.06051	2.10717	2.38104	2.954	3.70933	2.2264	3.43096	0	0	0	0
k107_30785680 flag=0 multi=48.0303 len=7890	7890	13.3416	0	0	0	0	0	0	0	0	0	0	0	0	3.68595	4.65304	3.15274	4.84099	3.66197	4.26532	2.84093	3.44157	0	0	0	0
k107_10812468 flag=1 multi=29.9430 len=51693	51693	13.6157	0	0	0	0	0	0	0	0	0	0	0	0	4.78523	6.62266	2.90259	3.83968	3.5958	5.22595	2.3321	3.16119	0	0	0	0
k107_21271994 flag=0 multi=60.9253 len=3413	3413	13.4018	0	0	0	0	0	0	0	0	0	0	0	0	5.85149	5.94187	2.25233	2.93721	3.21826	6.27265	2.07972	1.5436	0	0	0	0
k107_22381134 flag=0 multi=17.1345 len=3863	3863	10.9188	0	0	0	0	0	0	0	0	0	0	0	0	4.4993	6.51295	2.15979	2.18729	2.90649	4.39855	1.35327	1.17588	0	0	0	0
k107_10671438 flag=0 multi=58.6284 len=9911	9911	14.2978	0	0	0	0	0	0	0	0	0	0	0	0	5.59985	8.06635	2.80144	3.62109	3.27745	4.1541	2.61911	3.159	0	0	0	0
k107_9586152 flag=0 multi=40.9940 len=8984	8984	12.7549	0	0	0	0	0	0	0	0	0	0	0	0	4.82469	5.50951	2.89173	3.5164	3.0903	4.13114	1.94817	2.9631	0	0	0	0
k107_4323236 flag=0 multi=17.0164 len=7430	7430	12.93	0	0	0	0	0	0	0	0	0	0	0	0	4.78339	3.53137	2.24214	3.332	3.86139	3.21437	2.04307	2.13346	0	0	0	0
k107_35809597 flag=0 multi=94.8116 len=7051	7051	11.6367	0	0	0	0	0	0	0	0	0	0	0	0	4.00104	5.99625	2.29901	3.04718	3.39976	4.24996	1.93688	2.53573	0	0	0	0
k107_13262060 flag=0 multi=15.9308 len=10087	10087	14.102	0	0	0	0	0	0	0	0	0	0	0	0	5.35095	5.72649	3.07931	3.19801	3.57609	4.4672	2.09566	2.29624	0	0	0	0
k107_1175091 flag=0 multi=13.1835 len=6171	6171	12.4623	0	0	0	0	0	0	0	0	0.0514568	0.0709771	0	0	4.9465	6.57876	2.21264	4.14228	2.97938	2.51896	2.27228	3.36403	0	0	0	0
k107_16781840 flag=0 multi=16.0000 len=7405	7405	14.5361	0	0	0	0	0	0	0	0	0	0	0	0	5.98691	6.41666	3.19372	4.44654	3.04336	4.06234	2.31212	2.33981	0	0	0	0
k107_11757259 flag=0 multi=34.0000 len=6390	6390	12.9829	0	0	0	0	0	0	0	0	0	0	0	0	5.5161	7.00268	2.12089	2.72091	3.19793	3.80674	2.148	2.95792	0	0	0	0
k107_4165659 flag=0 multi=15.0334 len=32874	32874	13.3293	0	0	0	0	0	0	0	0	0	0	0	0	4.9429	6.38055	2.85227	3.89572	3.32982	4.77641	2.20432	3.28591	0	0	0	0
k107_19429978 flag=0 multi=52.9947 len=14614	14614	13.8187	0	0	0	0	0	0	0	0	0	0	0	0	5.16518	7.60117	2.81463	2.49239	3.37605	4.41051	2.46283	2.63746	0	0	0	0
k107_27044799 flag=0 multi=70.7020 len=12862	12862	13.4169	0	0	0	0	0	0	0	0	0	0	0	0	4.86529	7.92872	2.88798	3.96018	3.38758	5.10287	2.27604	3.15626	0	0	0	0
k107_26892159 flag=0 multi=20.0339 len=16954	16954	13.1462	0	0	0	0	0	0	0	0	0	0	0	0	4.73865	6.85448	2.49682	3.08269	3.45982	5.29376	2.45094	3.68015	0	0	0	0
k107_10818440 flag=0 multi=14.7705 len=17224	17224	12.7454	0	0	0	0	0	0	0	0	0	0	0	0	4.27574	6.05078	2.86964	4.48685	3.34689	4.8962	2.2531	2.62732	0	0	0	0
k107_14922348 flag=0 multi=43.3174 len=5246	5246	13.412	0	0	0	0	0	0	0	0	0	0	0	0	5.11327	4.82195	2.96764	5.99524	3.14078	4.08722	2.19033	3.72262	0	0	0	0
k107_23627990 flag=0 multi=26.2082 len=3056	3056	15.012	0	0	0	0	0	0	0	0	0	0	0	0	6.30973	7.55774	3.0679	4.63441	3.27633	4.60038	2.35802	2.57097	0	0	0	0
k107_34434188 flag=0 multi=70.9356 len=9195	9195	13.2875	0	0	0	0	0	0	0	0	0	0	0	0	4.76172	7.10386	3.29169	5.19092	2.78961	3.16706	2.44451	2.61892	0	0	0	0
k107_10432337 flag=0 multi=23.0000 len=7368	7368	13.9703	0	0	0	0	0	0	0	0	0	0	0	0	4.37815	5.4842	2.88933	4.00701	3.96589	5.05836	2.73691	3.35146	0	0	0	0
k107_27303947 flag=0 multi=34.0267 len=20695	20695	13.6787	0	0	0	0	0	0	0	0	0	0	0	0	5.21973	6.61171	2.69421	3.5556	3.52621	4.38592	2.23851	3.6538	0	0	0	0
k107_4954915 flag=0 multi=20.6572 len=9971	9971	13.2535	0	0	0	0	0	0	0	0	0	0	0	0	4.20064	4.57712	2.7402	3.40593	3.5922	4.97785	2.72045	4.58987	0	0	0	0
k107_26664108 flag=0 multi=18.1646 len=7639	7639	13.2633	0	0	0	0	0	0	0	0	0	0	0	0	5.21467	6.44386	2.72632	3.67545	2.89055	3.15343	2.43178	3.90006	0	0	0	0
k107_19661407 flag=0 multi=66.0000 len=3725	3725	12.5457	0	0	0	0	0	0	0	0	0	0	0.0882267	0.1243	4.70231	5.19756	2.43821	1.19745	2.88256	3.11151	2.43441	6.2262	0	0	0	0
