contigName	contigLen	totalAvgDepth	Cen01_MA.bam	Cen01_MA.bam-var	Cen03_MA.bam	Cen03_MA.bam-var	Cen04_MA.bam	Cen04_MA.bam-var	Cen05_MA.bam	Cen05_MA.bam-var	Cen06_MA.bam	Cen06_MA.bam-var	Cen07_MA.bam	Cen07_MA.bam-var	Cen10_MA.bam	Cen10_MA.bam-var	Cen12_MA.bam	Cen12_MA.bam-var	Cen14_MA.bam	Cen14_MA.bam-var	Cen15_MA.bam	Cen15_MA.bam-var	Cen16_MA.bam	Cen16_MA.bam-var	Cen17_MA.bam	Cen17_MA.bam-var
k107_33263672 flag=1 multi=50.0000 len=2604	2604	3.89487	0	0	0	0	0	0	0	0	0	0	0.0395308	0.0383847	0	0	1.13814	3.54128	0	0	2.7172	3.56808	0	0	0	0
k107_32776354 flag=1 multi=6.0000 len=2818	2818	5.21622	0	0	0	0	0	0	0	0	0	0	0	0	3.28776	3.11619	0	0	0	0	1.92846	1.88466	0	0	0	0
k107_29653414 flag=0 multi=114.4007 len=4187	4187	58.2049	0	0	0	0	0	0	0	0	0	0	0	0	3.5426	7.00134	0.626512	2.0227	50.809	73.4633	3.22677	3.37521	0	0	0	0
k107_24070543 flag=0 multi=98.5814 len=3946	3946	62.1298	0	0	0	0	0	0	0	0	0	0	0	0	4.71076	4.38246	2.28211	3.60983	50.559	39.7672	4.57794	6.48254	0	0	0	0
k107_19749451 flag=0 multi=68.0577 len=7578	7578	14.2492	0	0	0	0	0	0	0	0	0	0	0	0	2.39335	3.1196	0.165613	0.174502	0.372457	0.490008	11.3178	17.4995	0	0	0	0
k107_15118465 flag=0 multi=122.0646 len=3575	3575	60.7843	0	0	0	0	0	0	0	0	0	0	0	0	4.95845	3.76631	1.49832	2.0294	49.8546	114.058	4.47296	5.97343	0	0	0	0
k107_8514770 flag=0 multi=52.3383 len=4077	4077	58.3923	0	0	0	0	0	0	0	0	0	0	0	0	3.52848	3.92676	0.835497	0.956908	50.506	50.2815	3.52238	5.52824	0	0	0	0
k107_6664070 flag=0 multi=52.0000 len=2647	2647	77.1791	0	0	0	0	0	0	0	0	0	0	0	0	72.194	160.452	1.62729	2.58815	1.71684	1.28794	1.64094	1.18012	0	0	0	0
k107_5245550 flag=0 multi=121.5991 len=3537	3537	39.1818	0	0	0	0	0	0	0	0	0.0933539	0.145281	0	0	1.09428	1.01645	1.21051	1.46593	35.7651	36.7578	1.01855	1.4437	0	0	0	0
k107_3601364 flag=0 multi=154.2883 len=2840	2840	15.4634	0	0	0	0	0	0	0	0	0	0	0	0	3.34791	3.42628	1.03704	0.869913	8.50552	16.7167	2.57289	3.14076	0	0	0	0
k107_28805654 flag=0 multi=138.0000 len=3603	3603	54.0418	0	0	0	0	0	0	0	0	0	0	0	0	3.58922	3.74471	1.49379	2.06277	45.4811	62.6911	3.47773	2.50144	0	0	0	0
k107_1249318 flag=0 multi=69.3620 len=36750	36750	57.6712	0	0	0.00828578	0.0129339	0	0	0	0	0.0414014	0.0541398	0	0	3.41769	4.19056	1.78353	2.53462	49.0947	67.2034	3.32553	3.60472	0	0	0	0
k107_1891324 flag=0 multi=51.2873 len=11141	11141	57.7389	0	0	0.0278623	0.0300407	0	0	0	0	0.0277701	0.0403703	0	0	3.7271	5.91449	1.58133	2.14863	49.0549	60.6204	3.31996	4.82252	0	0	0	0
k107_13195065 flag=0 multi=38.0689 len=4650	4650	56.6472	0	0	0	0	0	0	0	0	0	0	0	0	4.20745	5.49988	1.75575	2.21364	47.6014	96.4683	3.08257	3.36632	0	0	0	0
k107_14940493 flag=0 multi=50.1357 len=4353	4353	58.8149	0	0	0	0	0	0	0	0	0	0	0	0	4.13059	4.16231	1.76944	2.53499	48.3434	93.0163	4.57146	5.00637	0	0	0	0
k107_29368833 flag=0 multi=116.9261 len=12590	12590	56.622	0	0	0	0	0	0	0	0	0.0491536	0.0605969	0	0	3.32397	4.41468	2.10116	3.19201	47.6031	48.3428	3.5446	4.08021	0	0	0	0
k107_31724840 flag=0 multi=68.5240 len=14738	14738	56.451	0	0	0.0414935	0.0669627	0	0	0	0	0.0417013	0.0511831	0	0	3.96308	4.08441	2.03561	2.72854	46.6764	75.7499	3.67179	5.05936	0.0209199	0.0364074	0	0
k107_6102407 flag=0 multi=96.0865 len=16105	16105	53.8057	0	0	0	0	0	0	0	0	0.0758717	0.118037	0	0	3.51256	3.78761	1.55648	2.3584	45.3753	68.8645	3.28552	4.38671	0	0	0	0
k107_317537 flag=0 multi=55.2431 len=14029	14029	54.6393	0	0	0.0440009	0.0553306	0	0	0	0	0	0	0	0	3.55992	4.26026	1.8331	2.43972	45.9064	56.9637	3.29584	3.90565	0	0	0	0
k107_3392203 flag=0 multi=107.8016 len=7963	7963	55.7329	0	0	0	0	0	0	0	0	0	0	0	0	3.8542	3.9784	2.17047	2.7625	45.7307	58.9967	3.97755	5.24228	0	0	0	0
k107_4848454 flag=0 multi=61.2493 len=12887	12887	54.6913	0	0	0	0	0	0	0.0239968	0.0364586	0	0	0	0	2.83472	6.83405	1.15749	2.56915	47.3302	89.3776	3.34493	5.34005	0	0	0	0
k107_3122467 flag=0 multi=102.5576 len=22747	22747	56.705	0	0	0.0269102	0.0360805	0	0	0	0	0	0	0	0	3.55923	4.03264	1.67645	2.72265	47.6759	75.6594	3.7665	4.6176	0	0	0	0
k107_13144379 flag=0 multi=88.0914 len=2962	2962	73.3673	0	0	0	0	0	0	0	0	0	0	0	0	19.8598	19.9132	4.34812	7.89215	46.1564	42.3267	3.00301	3.34565	0	0	0	0
k107_19667825 flag=0 multi=31.9848 len=4440	4440	56.1092	0	0	0.0729821	0.112635	0	0	0	0	0	0	0	0	3.58217	3.46766	1.203	1.1191	47.6571	68.0602	3.59401	4.20446	0	0	0	0
k107_34461426 flag=0 multi=38.2671 len=6543	6543	55.7239	0	0	0	0	0	0	0	0	0	0	0	0	3.90402	5.78413	2.14661	2.12465	46.0248	44.4465	3.64845	5.45405	0	0	0	0
k107_4070040 flag=0 multi=302.5150 len=3983	3983	58.1046	0	0	0	0	0	0	0	0	0.0820429	0.143265	0	0	3.54849	5.21627	2.58598	3.26512	48.5276	47.9185	3.3605	6.41398	0	0	0	0
k107_17107575 flag=0 multi=40.9897 len=7561	7561	54.2116	0	0	0.0416035	0.0539378	0	0	0	0	0	0	0	0	3.278	4.21982	0.912385	1.49416	46.6877	49.4023	3.29191	3.8206	0	0	0	0
k107_17813525 flag=0 multi=163.2139 len=3244	3244	55.17	0	0	0	0	0	0	0	0	0	0	0	0	3.11115	3.88282	1.25323	1.80915	47.1142	43.6242	3.69137	4.14116	0	0	0	0
k107_11054287 flag=0 multi=51.0735 len=23108	23108	55.6982	0	0	0.0263966	0.0441851	0	0	0	0	0.0397264	0.0488571	0	0	3.34105	4.5413	1.99833	2.72029	46.722	76.9071	3.57073	5.19359	0	0	0	0
k107_22534234 flag=0 multi=103.0056 len=6848	6848	54.6595	0	0	0	0	0	0	0	0	0.046135	0.0767128	0	0	3.65658	2.55235	1.31164	2.3093	45.9991	59.6446	3.64604	4.59902	0	0	0	0
k107_239891 flag=0 multi=167.9353 len=5347	5347	56.3055	0	0	0	0	0	0	0	0	0	0	0	0	2.30367	3.14055	2.85927	4.41076	47.6787	69.3281	3.46383	2.86727	0	0	0	0
k107_4672312 flag=0 multi=61.9131 len=7848	7848	56.2592	0	0	0.0398887	0.0683782	0	0	0	0	0.0394911	0.0474275	0	0	3.44938	2.76747	1.36417	2.36301	47.3719	60.9153	3.95799	4.76419	0.0364431	0.0446624	0	0
k107_9983804 flag=0 multi=140.6871 len=7209	7209	55.7827	0	0	0	0	0	0	0.0437238	0.0577533	0.153033	0.165263	0	0	3.88794	6.86481	1.88418	3.19207	46.4209	89.641	3.34921	3.98062	0.0437238	0.0545649	0	0
k107_29245471 flag=0 multi=38.6966 len=2513	2513	54.3564	0	0	0	0	0	0	0	0	0	0	0	0	2.77476	5.35506	1.76346	3.28112	45.5328	99.824	4.28539	10.6854	0	0	0	0
k107_3097858 flag=0 multi=175.8252 len=7886	7886	55.841	0	0	0.0398207	0.0601312	0	0	0	0	0.0796413	0.137665	0	0	3.63792	4.39824	1.71717	2.09674	46.7301	74.9684	3.63634	3.38928	0	0	0	0
k107_1241113 flag=0 multi=144.3847 len=7783	7783	53.5138	0	0	0.0402353	0.0534396	0	0	0	0	0	0	0	0	3.11776	2.85402	1.80872	1.90505	45.6391	53.3378	2.90803	4.11829	0	0	0	0
k107_1534757 flag=0 multi=135.5887 len=9938	9938	55.0194	0	0	0.0313408	0.0417776	0	0	0	0	0.0898713	0.107999	0	0	2.75488	2.53488	1.63668	2.67915	46.9891	79.7555	3.51754	5.56071	0	0	0	0
k107_5229940 flag=0 multi=50.6488 len=9743	9743	56.3308	0	0	0	0	0	0	0	0	0.0319881	0.0451718	0	0	3.26618	3.37311	1.82269	2.70231	47.6487	81.9935	3.56128	3.21693	0	0	0	0
k107_27944238 flag=0 multi=43.1743 len=12498	12498	20.1258	0	0	0	0	0	0	0	0	0.425549	0.560172	0.0122171	0.0122286	4.69818	6.25287	10.9407	15.8639	0.77181	1.18187	2.85708	3.85042	0.42022	0.505849	0	0
k107_5098736 flag=0 multi=51.7660 len=26638	26638	56.6659	0	0	0	0	0	0	0	0	0.0572221	0.0848831	0.0114672	0.0113341	3.49453	4.46534	1.61186	2.03245	47.8284	72.3864	3.6624	4.73182	0	0	0	0
k107_7887697 flag=0 multi=47.1869 len=8544	8544	54.8941	0	0	0.109803	0.153673	0	0	0	0	0.109925	0.178427	0	0	3.03664	4.95321	1.8009	2.01947	46.4842	39.1242	3.35258	4.47211	0	0	0	0
k107_1870179 flag=0 multi=148.9375 len=5167	5167	55.6027	0	0	0	0	0	0	0	0	0	0	0	0	3.44049	4.71536	1.36053	1.89922	47.9128	65.1583	2.8888	3.87295	0	0	0	0
k107_5474061 flag=0 multi=44.2671 len=25553	25553	58.605	0	0	0.0119599	0.0212382	0	0	0.0118411	0.0149113	0.0477209	0.0625098	0	0	3.4399	3.87116	1.55218	2.43473	49.9157	68.9236	3.62572	4.77762	0	0	0	0
k107_2109678 flag=0 multi=82.1248 len=12916	12916	53.7243	0	0	0.0237038	0.0450806	0	0	0	0	0	0	0	0	3.10163	4.36979	1.50166	2.29042	45.5676	100.653	3.52965	2.75596	0	0	0	0
k107_12504532 flag=0 multi=95.1208 len=8503	8503	55.1351	0	0	0	0	0	0	0	0	0.0368248	0.0503465	0	0	3.29167	5.16252	1.50713	1.46063	46.824	49.607	3.47543	3.97571	0	0	0	0
k107_1907409 flag=0 multi=389.0588 len=3115	3115	58.4003	0	0	0	0	0	0	0	0	0	0	0	0	3.44934	4.46108	1.41984	1.20858	48.8802	35.7763	4.65091	5.14193	0	0	0	0
k107_1191543 flag=0 multi=117.5915 len=7223	7223	55.8256	0	0	0	0	0	0	0	0	0	0	0	0	4.01604	4.16775	1.73284	2.15605	46.7258	82.7322	3.35096	3.65508	0	0	0	0
k107_6054983 flag=0 multi=63.9706 len=4358	4358	58.9601	0	0	0	0	0	0	0	0	0.0744576	0.100503	0	0	3.30153	3.20894	1.54709	1.41044	50.1585	115.372	3.87845	3.5528	0	0	0	0
k107_11819130 flag=0 multi=44.4174 len=20348	20348	55.2725	0	0	0	0	0	0	0.00224484	0.00223991	0.0301307	0.0292292	0	0	3.20992	3.48049	1.84176	3.00306	47.2007	60.0882	2.98773	2.91667	0	0	0	0
k107_4119348 flag=0 multi=76.0026 len=12708	12708	57.349	0	0	0	0	0	0	0	0	0.0243431	0.0395513	0	0	3.44438	4.83805	1.79139	2.50363	49.0971	79.284	2.99178	3.15839	0	0	0	0
k107_35246634 flag=0 multi=72.4802 len=23981	23981	54.9433	0	0	0.0127539	0.0174877	0	0	0	0	0.0254656	0.0346638	0	0	3.33118	4.05004	1.76169	2.62728	46.5269	60.5013	3.28536	4.85236	0	0	0	0
k107_9907931 flag=0 multi=38.2647 len=2786	2786	53.7315	0	0	0	0	0	0	0	0	0.121578	0.14389	0	0	3.73229	1.61523	0.969807	0.682767	45.0853	34.3164	3.82246	4.46172	0	0	0	0
k107_4633978 flag=0 multi=115.5828 len=2988	2988	55.955	0	0	0	0	0	0	0	0	0.11169	0.131111	0	0	2.92703	3.58663	2.18689	2.82647	47.0268	69.0773	3.70253	6.01529	0	0	0	0
k107_13773115 flag=0 multi=71.0903 len=4535	4535	55.6627	0	0	0	0	0	0	0	0	0	0	0	0	3.39263	3.32575	2.28443	3.15566	46.6088	71.7861	3.3768	5.60291	0	0	0	0
k107_25525893 flag=0 multi=76.9001 len=11204	11204	58.0093	0	0	0	0	0	0	0	0	0.0276096	0.0317033	0	0	3.85058	6.3364	1.77445	2.73652	48.443	62.2576	3.91359	5.47029	0	0	0	0
k107_2571989 flag=0 multi=44.1365 len=4328	4328	59.4354	0	0	0	0	0	0	0	0	0	0	0	0	3.98112	4.97158	1.72851	3.87063	50.1992	60.9952	3.52658	3.22809	0	0	0	0
k107_4752359 flag=0 multi=48.4491 len=14755	14755	56.2054	0	0	0.0208953	0.0212876	0	0	0	0	0.0415139	0.0525071	0	0	3.10863	3.18178	1.61136	2.10084	48.1965	80.0881	3.22653	5.05688	0	0	0	0
k107_33980430 flag=0 multi=45.7908 len=6670	6670	52.7035	0	0	0.0474246	0.0608904	0	0	0	0	0	0	0	0	2.49089	3.22624	1.69849	1.84483	45.3502	73.1459	3.11652	3.49073	0	0	0	0
k107_4752383 flag=0 multi=48.6709 len=4886	4886	62.882	0	0	0	0	0	0	0	0	0.0656632	0.0707147	0	0	4.19044	7.90033	1.68216	1.63484	53.608	92.5616	3.33573	3.64561	0	0	0	0
k107_34241069 flag=0 multi=91.3518 len=14239	14239	56.5519	0	0	0.0433379	0.0644316	0	0	0	0	0.0216689	0.0211946	0	0	3.26534	3.71339	1.92208	2.84244	48.2304	74.3295	3.0691	4.44031	0	0	0	0
k107_35388418 flag=0 multi=49.0002 len=4215	4215	53.6558	0	0	0	0	0	0	0	0	0.0769231	0.0921982	0	0	3.15461	4.9969	1.07258	1.2806	46.2967	72.6649	3.05494	6.08896	0	0	0	0
k107_27865485 flag=0 multi=61.0000 len=8089	8089	55.276	0	0	0.0387826	0.0729961	0	0	0	0	0	0	0	0	3.36137	4.83684	1.8337	1.95297	45.9226	80.0031	4.11956	5.3248	0	0	0	0
k107_17329782 flag=0 multi=41.5998 len=3625	3625	57.3497	0	0	0.0899789	0.0826532	0	0	0	0	0	0	0	0	4.20825	7.14575	1.16341	1.58791	48.0367	76.4003	3.85134	3.70462	0	0	0	0
k107_29009539 flag=0 multi=62.0231 len=3607	3607	54.5132	0	0	0.0913767	0.119983	0	0	0	0	0.0907716	0.0830579	0	0	2.77065	3.84594	0.80938	1.37554	46.9543	74.9855	3.79667	3.33453	0	0	0	0
k107_13380435 flag=0 multi=57.7144 len=16291	16291	57.1164	0	0	0	0	0	0	0.0187629	0.0289217	0.018888	0.0185374	0	0	3.83232	4.51571	1.6896	2.21089	48.2355	77.4804	3.32128	3.78174	0	0	0	0
k107_7683360 flag=0 multi=53.5544 len=29327	29327	55.4411	0	0	0.0104048	0.0172594	0	0	0.0104048	0.0102971	0.0208096	0.0218188	0	0	3.48214	4.26438	1.75824	2.10484	46.9016	68.8054	3.25757	4.06854	0	0	0	0
k107_14538822 flag=0 multi=91.5367 len=2898	2898	55.708	0	0	0	0	0	0	0	0	0	0	0	0	3.06086	3.98275	1.17989	0.98745	47.9191	35.8629	3.54815	2.98235	0	0	0	0
k107_6037474 flag=0 multi=49.8325 len=3157	3157	54.7965	0	0	0.104378	0.126866	0	0	0	0	0	0	0	0	4.04483	4.43322	1.99615	3.18921	44.697	47.1769	3.95412	3.71275	0	0	0	0
k107_31026412 flag=0 multi=132.3317 len=9363	9363	55.5233	0	0	0.0333297	0.03818	0	0	0	0	0.0666593	0.0818806	0	0	3.81867	5.17986	2.22382	3.56212	45.6664	44.6161	3.71449	4.80901	0	0	0	0
k107_5106060 flag=0 multi=89.9435 len=22780	22780	56.1828	0	0	0.0268707	0.0380813	0	0	0	0	0.0403061	0.0386862	0	0	3.54253	5.74489	1.55214	2.42212	47.5082	87.8113	3.51268	5.67985	0	0	0	0
k107_22855852 flag=0 multi=43.7341 len=8219	8219	58.6228	0	0	0	0	0	0	0	0	0.0762915	0.139469	0	0	4.25944	5.26314	1.58494	2.22901	49.3528	78.024	3.34937	4.5209	0	0	0	0
k107_3625531 flag=0 multi=92.0056 len=2629	2629	57.8002	0	0	0	0	0	0	0	0	0	0	0	0	4.57112	4.3256	2.61624	6.03151	47.174	45.4341	3.43876	5.06062	0	0	0	0
k107_27512123 flag=0 multi=51.0084 len=18789	18789	54.9938	0	0	0	0	0	0	0	0	0.0162817	0.026565	0	0	3.67729	4.87754	2.11576	2.97381	45.8444	75.8749	3.34002	4.70641	0	0	0	0
k107_35710025 flag=0 multi=74.8628 len=7308	7308	58.4943	0	0	0	0	0	0	0	0	0.0428204	0.0675227	0	0	3.67556	3.64271	1.78847	2.06653	48.5374	50.0023	4.45004	5.56664	0	0	0	0
k107_34962072 flag=0 multi=50.8897 len=9062	9062	56.966	0	0	0	0	0	0	0	0	0.0344749	0.0481329	0	0	3.9847	4.61039	1.73676	1.77946	47.7642	86.1693	3.44589	5.25236	0	0	0	0
k107_3980049 flag=0 multi=61.5569 len=4363	4363	54.0793	0	0	0	0	0	0	0	0	0	0	0	0	2.80891	2.50755	1.11647	1.05538	46.5838	38.7972	3.57006	3.47182	0	0	0	0
k107_2642742 flag=0 multi=59.5852 len=5370	5370	56.6381	0	0	0	0	0	0	0.00828729	0.00841476	0	0	0	0	3.55229	4.26195	1.57084	2.47853	48.7962	54.5118	2.71054	4.21303	0	0	0	0
k107_8788153 flag=0 multi=55.3411 len=37587	37587	55.4046	0	0	0	0	0	0	0	0	0.0242993	0.0325579	0	0	3.60107	4.91005	1.47896	2.6598	46.8268	67.3927	3.47341	5.5225	0	0	0	0
k107_15343194 flag=0 multi=102.0084 len=6271	6271	55.2756	0	0	0	0	0	0	0	0	0	0	0	0	3.66309	3.575	1.51667	2.3993	46.0486	63.2607	4.04724	5.78312	0	0	0	0
k107_13267199 flag=0 multi=151.9053 len=12344	12344	18.8145	0	0	0	0	0	0	0	0	0	0	0	0	16.1574	15.7277	2.58894	3.23119	0	0	0.068095	0.0747598	0	0	0	0
k107_10638191 flag=0 multi=78.9639 len=9719	9719	54.8552	0	0	0	0	0	0	0	0	0.0479983	0.0457961	0	0	3.24817	3.36154	1.66911	2.13183	46.5951	54.7737	3.29479	5.02989	0	0	0	0
k107_4279610 flag=0 multi=62.7862 len=6960	6960	58.006	0	0	0	0	0	0	0	0	0	0	0	0	3.39021	4.26791	1.91018	2.44938	48.3002	70.3254	4.40538	5.10101	0	0	0	0
k107_16848059 flag=0 multi=58.3260 len=11869	11869	56.915	0	0	0.00838593	0.00831633	0	0	0	0	0.0261088	0.0373516	0	0	3.20022	3.97412	1.57249	2.36064	48.7999	68.685	3.30786	4.32311	0	0	0	0
k107_835360 flag=0 multi=51.7161 len=4358	4358	61.9852	0	0	0.0744576	0.140949	0	0	0	0	0.0337771	0.0449416	0	0	3.69773	4.13361	2.04487	4.87129	52.943	101.077	3.19132	2.75238	0	0	0	0
k107_4037736 flag=1 multi=12.0000 len=5858	5858	7.72858	0	0	0	0	0	0	0	0	0.162707	0.351079	0	0	4.06371	5.15971	1.57847	1.73484	0.0543557	0.0524923	1.86933	1.634	0	0	0	0
k107_8627282 flag=0 multi=39.0089 len=11172	11172	58.9035	0	0	0.0277829	0.0386003	0	0	0	0	0.0972401	0.122375	0	0	4.24876	4.4512	1.8563	2.29052	49.3062	57.339	3.36725	4.0208	0	0	0	0
k107_13099056 flag=0 multi=138.9765 len=9073	9073	57.8591	0	0	0	0	0	0	0	0	0.0344317	0.0498989	0	0	3.54281	5.1666	2.14354	2.32987	48.4841	88.2324	3.6542	3.27279	0	0	0	0
k107_16648896 flag=0 multi=65.4223 len=3119	3119	56.4736	0	0	0	0	0	0	0	0	0	0	0	0	3.58715	4.70782	1.61377	1.43286	46.9269	79.3306	4.34576	2.60952	0	0	0	0
k107_13601971 flag=0 multi=50.3122 len=17210	17210	57.1919	0	0	0.0178614	0.02463	0	0	0	0	0.0178022	0.0258201	0	0	3.54418	3.11593	1.7458	2.32665	48.0014	95.7203	3.86492	6.04135	0	0	0	0
k107_28136355 flag=0 multi=148.0000 len=3908	3908	54.7379	0	0	0	0	0	0	0	0	0	0	0	0	3.72463	3.63697	0.947033	1.32915	45.2482	42.3914	4.81808	4.07716	0	0	0	0
k107_140230 flag=0 multi=152.8783 len=5217	5217	56.672	0	0	0	0	0	0	0	0	0	0	0	0	4.15666	2.95195	2.14323	3.27568	46.6336	74.4637	3.73856	5.11486	0	0	0	0
k107_12178297 flag=0 multi=46.2680 len=3921	3921	57.887	0	0	0.0616192	0.0900797	0	0	0	0	0.166621	0.223096	0	0	3.13125	4.32241	2.1459	1.88852	48.8116	69.0787	3.57005	3.71455	0	0	0	0
k107_4408824 flag=0 multi=40.0924 len=9526	9526	55.7931	0	0	0.0654813	0.0737859	0	0	0	0	0.0654813	0.0906854	0	0	3.71303	4.05791	1.74859	2.53691	46.906	59.9871	3.29456	4.66852	0	0	0	0
k107_6563967 flag=0 multi=67.1132 len=4887	4887	58.2628	0	0	0.131516	0.151916	0	0	0	0	0.0082879	0.00822101	0	0	4.08484	4.17784	2.15158	2.43757	48.1636	73.1516	3.72301	6.2713	0	0	0	0
k107_16294148 flag=0 multi=81.1933 len=2621	2621	53.2669	0	0	0	0	0	0	0	0	0	0	0	0	3.90298	2.89446	1.84347	1.87009	45.1824	56.9161	2.33808	2.48391	0	0	0	0
k107_7423015 flag=0 multi=72.0000 len=3103	3103	54.3774	0	0	0	0	0	0	0	0	0.107819	0.0962295	0	0	4.87826	24.3761	1.64584	1.99118	43.7137	44.4619	4.03177	5.22641	0	0	0	0
k107_8262557 flag=0 multi=68.1122 len=8007	8007	56.6362	0	0	0.0377677	0.0400986	0	0	0	0	0.0391953	0.0638785	0	0	3.68605	6.98745	1.96626	2.84877	46.8206	69.1368	4.08631	6.1952	0	0	0	0
k107_754911 flag=0 multi=104.0000 len=13995	13995	55.9912	0	0	0	0	0	0	0	0	0.0882203	0.101491	0	0	3.25057	4.39327	1.65135	2.28796	47.0618	64.7883	3.93924	6.00831	0	0	0	0
k107_30779944 flag=0 multi=53.0311 len=5537	5537	57.5834	0	0	0.0573066	0.0853213	0	0	0	0	0	0	0	0	3.18185	4.21262	1.49398	1.49803	49.7039	52.8352	3.14632	4.86351	0	0	0	0
k107_33877773 flag=1 multi=4.0000 len=3367	3367	3.91256	0	0	0	0	0	0	0	0	0	0	0	0	0	0	0	0	0	0	3.91256	4.67606	0	0	0	0
k107_16488810 flag=0 multi=83.0014 len=4947	4947	60.6086	0	0	0	0	0	0	0	0	0.129171	0.19971	0	0	4.70312	7.23485	1.60732	1.33461	50.5737	76.109	3.59526	3.74872	0	0	0	0
k107_6052546 flag=0 multi=65.0878 len=5719	5719	56.7013	0	0	0.0557504	0.0895838	0	0	0	0	0	0	0	0	3.09895	4.07761	1.78291	4.08545	48.3498	57.5567	3.41388	5.062	0	0	0	0
k107_33201463 flag=0 multi=46.2798 len=17727	17727	56.1363	0	0	0.0173314	0.0233493	0	0	0	0	0.0173314	0.0295442	0	0	3.90307	4.69025	0.527633	0.65497	48.1696	63.0315	3.50129	5.0332	0	0	0	0
k107_5811400 flag=0 multi=64.5509 len=6606	6606	56.5133	0	0	0.0479061	0.0716333	0	0	0	0	0.0279188	0.0272935	0	0	3.06424	3.08573	2.10089	2.52045	47.6225	62.9168	3.6499	4.64709	0	0	0	0
k107_4318348 flag=0 multi=73.8907 len=5485	5485	54.5865	0	0	0.0582674	0.0776541	0	0	0	0	0	0.000192938	0	0	3.26182	4.96677	1.25854	1.16599	46.1858	79.1829	3.82211	4.97231	0	0	0	0
k107_17528506 flag=0 multi=55.8412 len=8778	8778	52.8991	0	0	0	0	0	0	0	0	0.07126	0.0838854	0	0	3.33011	3.20724	1.67237	1.81273	44.2454	82.8014	3.57999	4.84449	0	0	0	0
k107_1389020 flag=0 multi=51.0820 len=4559	4559	55.28	0	0	0	0	0	0	0	0	0.070942	0.0894226	0	0	3.32394	2.14988	1.82969	2.84985	46.1658	59.1678	3.88959	4.29696	0	0	0	0
k107_825680 flag=0 multi=70.0000 len=6499	6499	57.8062	0	0	0	0	0	0	0	0	0	0	0	0	4.04309	5.46522	0.62853	0.744819	49.8683	64.7999	3.26626	2.67934	0	0	0	0
k107_7366314 flag=0 multi=76.2651 len=5010	5010	57.4348	0	0	0.0641461	0.114836	0	0	0	0	0.128292	0.1773	0	0	2.52782	3.49676	1.57689	1.89594	49.5025	60.1794	3.63509	4.06877	0	0	0	0
k107_20316503 flag=0 multi=56.7290 len=9330	9330	56.3648	0	0	0	0	0	0	0	0	0.0334515	0.0440791	0	0	4.28788	5.06279	2.12074	2.56345	46.678	68.0671	3.24468	4.73879	0	0	0	0
k107_29166833 flag=0 multi=59.7581 len=12386	12386	56.0868	0	0	0	0	0	0	0	0	0	0	0	0	3.81463	5.58226	1.53087	2.68199	47.5874	61.2873	3.15392	3.81899	0	0	0	0
k107_9089544 flag=0 multi=301.1825 len=3740	3740	55.5951	0	0	0	0	0	0	0	0	0	0	0	0	3.95172	7.95781	2.06748	2.25778	45.8941	46.6895	3.68179	4.84934	0	0	0	0
k107_16867974 flag=0 multi=76.7233 len=5397	5397	55.6479	0	0	0	0	0	0	0	0	0	0	0	0	2.8842	3.14573	1.97174	2.35482	48.1564	86.1059	2.63552	3.10481	0	0	0	0
k107_409118 flag=0 multi=54.0586 len=2923	2923	58.3827	0	0	0	0	0	0	0	0	0	0	0	0	3.88936	6.43849	1.91721	2.2714	49.7787	45.7764	2.79741	2.84631	0	0	0	0
k107_16815452 flag=0 multi=107.5922 len=9094	9094	58.8374	0	0	0	0	0	0	0	0	0.102934	0.17457	0	0	3.46804	4.87301	1.65309	2.83062	50.4327	83.2466	3.18062	3.53062	0	0	0	0
k107_7589313 flag=0 multi=56.5243 len=2968	2968	14.0146	0	0	0	0	0	0	0	0	0	0	0	0	2.53188	2.56825	1.12491	2.35609	8.89272	8.10547	1.46512	1.4426	0	0	0	0
k107_2200283 flag=0 multi=63.6727 len=11904	11904	56.8374	0	0	0	0	0	0	0	0	0.05206	0.0660707	0	0	3.58542	4.54093	1.77513	2.38939	47.6333	65.9462	3.7915	6.00876	0	0	0	0
k107_11923576 flag=0 multi=45.0828 len=5227	5227	56.1147	0	0	0.122437	0.205488	0	0	0	0	0.0613198	0.0730059	0	0	2.93157	2.54103	2.39919	3.08788	47.067	93.0452	3.5332	5.39445	0	0	0	0
k107_14882607 flag=0 multi=40.0000 len=3279	3279	55.7827	0	0	0	0	0	0	0	0	0	0	0	0	4.66846	4.53026	1.99059	2.99766	45.6436	53.8116	3.48001	6.59344	0	0	0	0
k107_11434663 flag=0 multi=54.5662 len=18216	18216	57.661	0	0	0	0	0	0	0	0	0.0504633	0.109433	0	0	3.6136	4.78983	1.99615	3.04294	48.4884	55.581	3.51239	4.97835	0	0	0	0
k107_10411378 flag=0 multi=43.8667 len=6657	6657	56.5301	0	0	0	0	0	0	0	0	0	0	0	0	3.98379	4.83914	1.66263	2.08709	47.2928	64.9009	3.59087	5.92803	0	0	0	0
k107_22066818 flag=0 multi=48.0064 len=7622	7622	59.4575	0	0	0	0	0	0	0	0	0	0	0	0	4.14358	4.97794	1.87801	1.42536	50.1436	78.4332	3.29235	3.52526	0	0	0	0
k107_1690206 flag=0 multi=40.6056 len=7747	7747	58.2594	0	0	0	0	0	0	0	0	0	0	0	0	4.26071	5.78797	1.87858	2.65459	48.946	86.9375	3.13405	4.24549	0.0400269	0.0389251	0	0
k107_4871988 flag=0 multi=64.4639 len=47077	47077	57.0712	0	0	0.0258044	0.0354428	0	0	0	0	0.0387173	0.0471359	0	0	3.47912	4.50013	1.85935	2.34201	47.9659	78.9019	3.70234	5.19887	0	0	0	0
k107_9345220 flag=0 multi=60.9619 len=2545	2545	53.975	0	0	0	0	0	0	0	0	0	0	0	0	3.66696	6.21072	1.45742	1.40026	44.9322	53.1801	3.91841	3.68715	0	0	0	0
k107_19333732 flag=0 multi=60.0421 len=9079	9079	56.0115	0	0	0.0344081	0.0332306	0	0	0	0	0.0342942	0.0416614	0	0	3.44229	4.61117	1.95454	3.21848	47.7987	75.1676	2.74729	3.09802	0	0	0	0
k107_21461917 flag=0 multi=66.9425 len=5656	5656	53.1916	0	0	0	0	0	0	0	0	0	0	0	0	2.88569	4.00469	1.20489	2.31031	45.3784	60.9049	3.72264	5.29686	0	0	0	0
k107_30494574 flag=0 multi=91.9176 len=6222	6222	59.2228	0	0	0	0	0	0	0	0	0.0510135	0.0771394	0	0	3.84459	4.88578	1.46791	1.95395	49.6002	65.6246	4.25912	6.6225	0	0	0	0
k107_21683226 flag=0 multi=43.6319 len=3006	3006	53.5444	0	0	0	0	0	0	0	0	0.111686	0.190997	0	0	2.84172	3.6766	1.4449	0.967674	46.5451	73.7631	2.60096	3.58332	0	0	0	0
k107_12958188 flag=0 multi=41.0297 len=7713	7713	54.8494	0	0	0.0356227	0.0565031	0	0	0	0	0	0	0	0	3.48212	4.30049	1.59911	2.00581	46.6347	89.1513	3.09783	2.96706	0	0	0	0
k107_24258525 flag=1 multi=19.0000 len=10019	10019	6.44674	0	0	0	0	0	0	0	0	0.0620562	0.079299	0	0	3.20706	5.1419	1.54492	2.1993	0.123804	0.131112	1.5089	1.89916	0	0	0	0
k107_19078809 flag=0 multi=42.7656 len=4061	4061	58.3504	0	0	0	0	0	0	0	0	0	0	0	0	3.7494	3.10985	1.94147	2.01235	49.3442	66.3149	3.31524	3.9948	0	0	0	0
k107_8800061 flag=0 multi=60.2536 len=4457	4457	55.6977	0	0	0	0	0	0	0	0	0.0724428	0.0861943	0	0	3.65535	2.71724	1.64236	1.6085	47.3521	33.6167	2.97545	3.04348	0	0	0	0
k107_4733423 flag=0 multi=63.5954 len=8204	8204	58.0238	0	0	0	0	0	0	0	0	0.0380916	0.0367642	0	0	3.91243	5.05578	1.97684	2.67953	48.8836	64.2784	3.21286	4.85976	0	0	0	0
k107_24073842 flag=0 multi=46.9653 len=8890	8890	62.9074	0	0	0	0	0	0	0	0	0	0	0	0	3.69807	6.05931	1.48184	1.60277	53.4718	92.3304	4.25571	5.00499	0	0	0	0
k107_20659097 flag=0 multi=88.7288 len=21282	21282	55.2696	0	0	0.0286463	0.0450285	0	0	0	0	0.0503337	0.0659714	0	0	3.46506	5.47007	1.73723	2.20389	46.6571	71.9622	3.33127	5.70574	0	0	0	0
k107_26297758 flag=0 multi=208.7954 len=4404	4404	60.6619	0	0	0	0	0	0	0	0	0	0	0	0	3.86665	5.02994	2.08606	1.29026	51.5973	65.0749	3.1119	4.15357	0	0	0	0
k107_4080482 flag=0 multi=13.0176 len=24289	24289	14.8375	0	0	0	0	0	0	0	0	0	0	0	0	3.03852	3.85323	0.248176	0.395023	9.48547	11.4431	2.06529	3.0313	0	0	0	0
k107_28829884 flag=0 multi=39.2225 len=2898	2898	53.0324	0	0	0	0	0	0	0	0	0	0	0	0	3.2708	5.19675	0.469569	0.690148	46.7273	62.5745	2.56471	3.16567	0	0	0	0
k107_32857196 flag=0 multi=73.3342 len=14259	14259	56.8427	0	0	0.0216379	0.0290501	0	0	0	0	0.0864799	0.109997	0	0	3.26488	4.69138	1.99119	2.30091	47.3858	79.6293	4.09271	5.85058	0	0	0	0
k107_494221 flag=0 multi=82.0424 len=5744	5744	56.0097	0	0	0	0	0	0	0	0	0.110989	0.132882	0	0	3.83995	4.38953	1.62477	2.4262	46.7302	44.9706	3.70379	5.09635	0	0	0	0
k107_32437228 flag=0 multi=35.3887 len=3704	3704	55.8183	0	0	0	0	0	0	0	0	0	0	0	0	3.17372	2.34622	1.9562	2.73041	47.9171	101.237	2.77131	4.27413	0	0	0	0
k107_4492143 flag=0 multi=87.3036 len=15281	15281	56.8464	0	0	0.0201616	0.037121	0	0	0	0	0.0403231	0.0557938	0	0	4.62334	11.7722	2.11503	2.74912	46.7767	68.9858	3.27085	4.74417	0	0	0	0
k107_9527459 flag=0 multi=154.2057 len=16069	16069	53.8206	0	0	0	0	0	0	0	0	0.0383079	0.0409013	0	0	3.36361	3.4693	1.48475	1.8779	45.2603	74.0128	3.67362	5.12698	0	0	0	0
k107_8990718 flag=0 multi=44.9337 len=2821	2821	51.8686	0	0	0	0	0	0	0	0	0	0	0	0	3.75268	3.90129	1.78801	1.83304	44.1084	62.6176	2.21953	2.07857	0	0	0	0
k107_8575583 flag=0 multi=42.7117 len=8966	8966	51.4599	0	0	0	0	0	0	0	0	0.0348569	0.0514226	0	0	3.80009	4.15341	1.71745	2.22052	42.2185	87.4377	3.68906	6.0889	0	0	0	0
k107_4823091 flag=0 multi=78.8932 len=8547	8547	52.0116	0	0	0	0	0	0	0	0	0	0	0	0	3.0091	3.15411	1.35731	1.88617	44.4348	64.0655	3.21043	4.26889	0	0	0	0
k107_18248687 flag=0 multi=85.0383 len=6006	6006	57.425	0	0	0	0	0	0	0	0	0	0	0	0	3.53874	5.57774	1.8445	4.19142	47.8545	61.046	4.18724	3.67154	0	0	0	0
k107_3091200 flag=0 multi=79.1749 len=9153	9153	55.8939	0	0	0	0	0	0	0	0	0	0	0	0	3.55903	6.64518	2.0296	2.85619	46.6781	53.9393	3.62716	5.40735	0	0	0	0
k107_26033531 flag=0 multi=44.0152 len=9990	9990	55.8265	0	0	0.0311726	0.0353688	0	0	0	0	0	0	0	0	3.45334	4.17158	1.79191	1.92925	47.7047	77.517	2.84538	4.45147	0	0	0	0
k107_7910037 flag=0 multi=40.1490 len=19883	19883	56.0523	0	0	0	0	0	0	0	0	0.046014	0.0707905	0	0	3.99842	5.34424	1.69971	2.39448	46.8367	56.6963	3.47153	4.65001	0	0	0	0
k107_27873848 flag=0 multi=50.0741 len=4455	4455	57.9983	0	0	0	0	0	0	0	0	0	0	0	0	4.68986	6.381	1.68673	2.05438	48.3239	49.9424	3.29786	3.87518	0	0	0	0
k107_5262454 flag=0 multi=58.1158 len=9163	9163	60.6034	0	0	0	0	0	0	0	0	0.0681639	0.0718738	0	0	3.68198	3.72872	1.62905	1.92283	50.21	61.1302	5.01422	4.98978	0	0	0	0
k107_424345 flag=0 multi=149.9070 len=7204	7204	56.3818	0	0	0	0	0	0	0	0	0	0	0	0	3.32194	3.32781	2.08505	3.46532	47.6704	68.7171	3.3044	3.45921	0	0	0	0
k107_19072950 flag=0 multi=44.9653 len=6361	6361	55.0188	0	0	0	0	0	0	0	0	0	0	0	0	3.12824	3.73123	0.523849	0.846596	47.3839	86.1239	3.98284	6.04933	0	0	0	0
k107_6146906 flag=0 multi=76.0000 len=2685	2685	54.9979	0	0	0	0	0	0	0	0	0	0	0	0	4.00713	2.98243	1.62484	1.91835	45.7679	39.7126	3.59799	6.00447	0	0	0	0
k107_12293872 flag=0 multi=38.0125 len=4263	4263	53.9647	0	0	0	0	0	0	0	0	0	0	0	0	2.82757	2.24144	1.4668	2.39856	46.7629	72.1529	2.90735	2.49107	0	0	0	0
k107_14207739 flag=0 multi=53.1750 len=15733	15733	55.4982	0	0	0.0195062	0.0270962	0	0	0	0	0.039142	0.0538094	0	0	3.61947	4.16831	1.71739	2.09474	46.7186	66.3788	3.36446	4.64226	0.019571	0.0296962	0	0
k107_15742006 flag=0 multi=43.0210 len=16498	16498	55.8795	0	0	0	0	0	0	0	0	0.0371697	0.0390026	0	0	3.68165	4.77038	1.61077	2.68185	47.1671	83.4036	3.38287	4.39708	0	0	0	0
k107_5171860 flag=0 multi=50.9892 len=3060	3060	55.7411	0	0	0	0	0	0	0	0	0.107324	0.177344	0	0	2.83394	2.65667	1.44561	1.52317	47.2429	44.4088	4.11131	6.05424	0	0	0	0
k107_8506238 flag=0 multi=213.6060 len=4566	4566	58.8335	0	0	0	0	0	0	0	0	0	0	0	0	3.88204	4.85513	2.07622	2.3389	49.3368	68.5143	3.53846	6.49595	0	0	0	0
k107_24444774 flag=0 multi=66.9495 len=3078	3078	58.33	0	0	0	0	0	0	0	0	0	0	0	0	3.37608	6.11679	2.67579	2.55001	48.2976	67.2111	3.98055	3.31631	0	0	0	0
k107_3479932 flag=0 multi=143.4659 len=9701	9701	55.24	0	0	0	0	0	0	0	0	0.0321311	0.0366392	0	0	2.95212	2.82746	1.69922	2.05161	47.1656	69.8512	3.391	4.69412	0	0	0	0
k107_8890370 flag=0 multi=51.7426 len=7462	7462	54.4332	0	0	0	0	0	0	0	0	0.126536	0.137073	0	0	2.92542	3.47255	2.28296	2.75257	45.5971	78.9378	3.50126	3.15762	0	0	0	0
k107_16086980 flag=0 multi=51.0440 len=5080	5080	52.9717	0	0	0.0632064	0.0797414	0	0	0	0	0	0	0	0	3.36668	4.51648	2.20678	3.01623	43.3876	65.2887	3.94747	3.61215	0	0	0	0
k107_10361554 flag=0 multi=102.0313 len=5066	5066	55.06	0	0	0	0	0	0	0	0	0	0	0	0	3.37427	3.57978	1.68031	1.88949	46.9139	61.9917	3.09152	5.25116	0	0	0	0
k107_9206778 flag=0 multi=65.6386 len=15501	15501	53.7743	0	0	0	0	0	0	0	0	0.0198697	0.0232943	0	0	3.25627	3.90528	1.75834	2.00701	45.0282	79.9368	3.69195	5.81689	0.0196723	0.0225047	0	0
k107_18106583 flag=0 multi=69.8592 len=3295	3295	56.5266	0	0	0	0	0	0	0	0	0	0	0	0	4.3575	6.09002	1.09155	1.09835	48.0551	59.6179	3.02239	5.50767	0	0	0	0
k107_3338968 flag=0 multi=50.0796 len=7749	7749	58.4447	0	0	0	0	0	0	0.0405532	0.0665815	0.0811065	0.124507	0	0	3.39224	4.45932	0.964549	1.17531	50.2139	60.0209	3.75238	3.99365	0	0	0	0
k107_8213968 flag=0 multi=139.8080 len=9023	9023	56.4816	0	0	0	0	0	0	0	0	0	0	0	0	3.59878	5.15995	1.63158	2.08043	48.1705	63.1947	3.08072	4.05966	0	0	0	0
k107_12092890 flag=0 multi=83.5502 len=3431	3431	56.8594	0	0	0	0	0	0	0	0	0.0961969	0.0872247	0	0	4.19687	5.93549	2.17162	3.8908	46.1969	78.0606	4.19783	4.18296	0	0	0	0
k107_16483759 flag=0 multi=71.8956 len=5251	5251	52.9509	0	0	0	0	0	0	0	0	0	0	0	0	2.95575	3.25876	1.59426	2.14684	44.4173	89.4467	3.98363	4.12311	0	0	0	0
k107_7778715 flag=0 multi=69.9940 len=11679	11679	58.0757	0	0	0	0	0	0	0	0	0.0530896	0.050274	0	0	4.39545	4.65183	2.06487	2.69767	47.5973	60.1333	3.96493	4.58561	0	0	0	0
k107_25216547 flag=0 multi=71.0000 len=16814	16814	56.1882	0	0	0.0182897	0.0214701	0	0	0	0	0.0548692	0.0826326	0	0	3.61295	5.45495	1.97293	2.94535	47.1655	76.1066	3.36361	4.07834	0	0	0	0
k107_16521188 flag=0 multi=55.9921 len=14307	14307	53.8259	0	0	0.00842556	0.0114971	0	0	0	0	0.0429846	0.0572507	0	0	3.49482	5.00589	1.70803	2.07874	44.8895	59.4277	3.68211	5.13637	0	0	0	0
k107_15796796 flag=0 multi=34.1822 len=4229	4229	56.1811	0	0	0	0	0	0	0	0	0	0	0	0	4.33155	8.00898	1.57754	1.63557	45.9366	54.8281	4.33537	6.36775	0	0	0	0
k107_673063 flag=0 multi=42.0238 len=5945	5945	55.8494	0	0	0	0	0	0	0	0	0	0	0	0	3.29825	3.47234	1.39784	1.33084	47.6477	85.2533	3.50558	4.4437	0	0	0	0
k107_11111234 flag=0 multi=113.8565 len=4380	4380	58.7315	0	0	0	0	0	0	0	0	0	0	0	0	3.3205	4.07471	1.43771	2.54539	49.7771	73.3671	4.19617	5.61695	0	0	0	0
k107_12986984 flag=0 multi=53.1606 len=13179	13179	57.7547	0	0	0.0234527	0.0229037	0	0	0	0	0.070358	0.148825	0	0	4.05832	4.66019	1.83653	3.34457	48.5165	60.4651	3.24951	4.09318	0	0	0	0
k107_34475936 flag=0 multi=41.7575 len=14791	14791	56.2689	0	0	0	0	0	0	0	0	0	0	0	0	3.39975	3.82406	1.78259	2.65728	47.5695	74.2549	3.51701	4.42278	0	0	0	0
k107_17277269 flag=0 multi=91.3492 len=4509	4509	58.6957	0	0	0	0	0	0	0	0	0	0	0	0	4.32779	4.1573	1.9836	2.18113	48.4638	73.3267	3.92061	3.24322	0	0	0	0
k107_10042636 flag=0 multi=83.5179 len=27636	27636	56.7664	0	0	0.0110485	0.018683	0	0	0	0	0.0441209	0.0601699	0	0	3.67257	4.67624	1.75858	2.48824	47.5573	58.66	3.72273	5.15356	0	0	0	0
k107_23170331 flag=0 multi=99.3037 len=25837	25837	55.407	0	0	0.0236538	0.0363287	0	0	0	0	0.059017	0.0693671	0	0	3.54874	4.5458	1.75124	2.55354	46.3739	65.9141	3.65044	6.03117	0	0	0	0
k107_8450688 flag=0 multi=88.1575 len=4927	4927	58.187	0	0	0	0	0	0	0	0	0	0	0	0	3.10854	4.41036	1.65427	3.26158	49.48	67.2429	3.94422	4.361	0	0	0	0
k107_16856880 flag=0 multi=77.0021 len=9766	9766	20.2441	0	0	0	0	0	0	0	0	0.411877	0.53613	0.0315934	0.0321543	4.73563	7.20742	11.0334	19.7506	1.07164	1.85054	2.62183	2.97924	0.338123	0.41233	0	0
k107_17378242 flag=0 multi=132.0514 len=8762	8762	53.3128	0	0	0.0712766	0.0916133	0	0	0	0	0.0356974	0.0370305	0	0	3.51229	4.33804	1.61749	2.26553	44.853	68.0632	3.22305	3.68013	0	0	0	0
k107_23189823 flag=0 multi=59.1389 len=7424	7424	58.2202	0	0	0.0845268	0.162446	0	0	0	0	0.0424038	0.0479154	0	0	4.22718	6.84043	2.43696	2.50324	48.3972	68.0043	3.03187	4.57334	0	0	0	0
k107_1034924 flag=0 multi=76.2361 len=17863	17863	57.7464	0	0	0.0171972	0.0251048	0	0	0	0	0	0	0	0	3.87523	4.52544	1.38591	2.48611	48.8785	55.529	3.58949	4.28052	0	0	0	0
k107_17503025 flag=0 multi=52.0023 len=6277	6277	57.132	0	0	0	0	0	0	0	0	0	0	0	0	3.97941	5.31209	1.52686	1.90837	47.8527	110.503	3.77305	3.24753	0	0	0	0
k107_238242 flag=0 multi=68.3023 len=3028	3028	52.8423	0	0	0	0	0	0	0	0	0	0	0	0	3.47102	2.92414	2.55319	4.13804	43.1071	41.2926	3.71093	4.5929	0	0	0	0
k107_34425062 flag=0 multi=208.0000 len=5044	5044	54.3359	0	0	0.0630536	0.0828474	0	0	0.0630536	0.0596451	0	0	0	0	2.52509	5.26495	1.87199	4.27602	46.7944	93.8713	3.01835	3.54723	0	0	0	0
k107_17523079 flag=0 multi=47.4107 len=35835	35835	56.6083	0	0	0.0169983	0.0194029	0	0	0	0	0.0509949	0.0700242	0	0	3.66938	4.64972	2.02066	2.56734	47.4572	58.1454	3.39301	4.31399	0	0	0	0
k107_12071357 flag=0 multi=41.3416 len=5590	5590	57.1055	0	0	0	0	0	0	0	0	0	0	0	0	3.34834	4.54969	1.83623	2.05679	48.336	72.4878	3.58491	4.27954	0	0	0	0
k107_17941889 flag=0 multi=52.9323 len=5497	5497	57.2431	0	0	0	0	0	0	0	0	0.0875842	0.131782	0	0	3.38518	3.31188	1.56843	2.19918	48.6329	59.3599	3.56901	2.3217	0	0	0	0
k107_8039045 flag=0 multi=109.1859 len=5055	5055	57.506	0	0	0	0	0	0	0	0	0.0635388	0.0595097	0	0	3.50326	4.41948	1.85904	2.62302	49.142	64.5975	2.93814	2.91379	0	0	0	0
k107_14070478 flag=0 multi=111.9234 len=6304	6304	52.7657	0	0	0	0	0	0	0	0	0.0503166	0.0721221	0	0	4.01933	5.77897	0.452849	0.563954	44.6363	61.5432	3.60696	3.62591	0	0	0	0
k107_19189238 flag=0 multi=201.7902 len=5165	5165	55.6576	0	0	0	0	0	0	0	0	0	0	0	0	3.71725	5.03309	1.23278	1.73676	47.5235	99.4294	3.18404	3.94961	0	0	0	0
k107_14390546 flag=0 multi=57.0588 len=6385	6385	53.8525	0	0	0	0	0	0	0	0	0	0	0	0	3.09288	4.91479	2.0965	2.18263	44.979	76.4467	3.63456	4.50464	0.0496466	0.0580435	0	0
k107_18064618 flag=0 multi=45.0486 len=5721	5721	56.7854	0	0	0	0	0	0	0	0	0	0	0	0	4.03063	4.79257	2.30098	3.70307	47.127	54.0677	3.32681	4.1885	0	0	0	0
k107_15694782 flag=0 multi=54.7272 len=8989	8989	57.1197	0	0	0	0	0	0	0	0	0.0347646	0.0411639	0	0	3.69426	4.40993	1.66801	2.33133	48.0174	52.092	3.67054	4.65843	0.0347646	0.0423203	0	0
k107_17122683 flag=0 multi=67.0181 len=14302	14302	57.6013	0	0	0.0215714	0.0211057	0	0	0	0	0.005	0.00497325	0	0	3.54786	3.59975	2.06557	3.77615	48.2989	79.684	3.64143	4.60866	0.021	0.0211043	0	0
k107_11196553 flag=0 multi=164.5671 len=4272	4272	57.6665	0	0	0	0	0	0	0	0	0	0	0	0	2.83123	3.44813	1.65592	2.60316	49.3831	65.4512	3.79622	7.18043	0	0	0	0
k107_12894005 flag=0 multi=89.2455 len=8291	8291	54.6325	0	0	0	0	0	0	0	0	0	0	0	0	3.97697	4.8021	1.47102	2.15923	46.024	90.3826	3.16047	3.6092	0	0	0	0
k107_6981199 flag=0 multi=73.1780 len=12260	12260	53.9066	0	0	0.0252551	0.0286342	0	0	0	0	0.0505101	0.067041	0	0	2.98144	5.66126	1.21007	1.76996	46.0134	61.0465	3.62594	5.42784	0	0	0	0
k107_18083241 flag=0 multi=48.1444 len=3321	3321	58.5982	0	0	0	0	0	0	0	0	0	0	0	0	3.73766	6.48242	1.55946	2.15716	49.31	55.4063	3.99106	6.55416	0	0	0	0
k107_30579359 flag=0 multi=53.2094 len=36090	36090	57.8266	0	0	0.00843858	0.0106007	0	0	0	0	0.0336705	0.0480839	0	0	3.55957	4.65439	0.686012	1.11949	49.9494	68.2418	3.5895	4.47795	0	0	0	0
k107_1771669 flag=0 multi=78.5207 len=6593	6593	55.7477	0	0	0.0478461	0.0619279	0	0	0	0	0	0	0	0	3.76792	4.65293	1.68685	2.29408	46.5808	118.437	3.66428	4.35741	0	0	0	0
k107_18669918 flag=0 multi=75.2212 len=4767	4767	54.0746	0	0	0	0	0	0	0	0	0	0	0	0	3.12161	3.63019	2.08219	2.53409	45.7648	75.5573	3.10594	3.29695	0	0	0	0
k107_32410233 flag=0 multi=55.8567 len=5877	5877	58.5962	0	0	0.0541704	0.0964532	0	0	0	0	0	0	0	0	3.12197	3.81733	2.61776	3.10921	49.2439	75.8025	3.55839	6.30155	0	0	0	0
k107_11978743 flag=0 multi=57.3549 len=25216	25216	57.1314	0	0	0.0121217	0.0186392	0	0	0	0	0.0363651	0.0629931	0	0	3.68761	4.11379	1.69098	2.4888	48.0772	65.3211	3.62708	4.81806	0	0	0	0
k107_28098072 flag=0 multi=115.1639 len=10628	10628	55.8998	0	0	0.0230486	0.0312363	0	0	0	0	0.0292466	0.037498	0	0	3.28065	3.91317	2.02411	2.64549	47.6092	92.8651	2.93347	5.19046	0	0	0	0
k107_15829658 flag=0 multi=113.3862 len=6910	6910	57.9997	0	0	0	0	0	0	0	0	0.137107	0.385016	0	0	3.54933	5.72556	1.64876	1.60878	49.6657	59.3644	2.99879	4.91526	0	0	0	0
k107_1133740 flag=0 multi=46.2809 len=9772	9772	56.6441	0	0	0	0	0	0	0	0	0.0318902	0.0418508	0	0	3.60106	4.83097	1.5717	2.4016	47.3654	55.9629	4.07413	3.76191	0	0	0	0
k107_6555601 flag=0 multi=36.1867 len=2710	2710	60.3185	0	0	0	0	0	0	0	0	0	0	0	0	3.25623	2.98208	2.36254	1.65748	52.4344	95.291	2.13995	1.63523	0.125415	0.10973	0	0
k107_20577730 flag=0 multi=47.5941 len=7579	7579	58.3562	0	0	0	0	0	0	0	0	0.0415006	0.0546204	0	0	3.30191	3.63414	0.932665	1.72703	50.1571	89.1661	3.92305	5.06807	0	0	0	0
k107_9996054 flag=0 multi=84.5431 len=2626	2626	54.9991	0	0	0	0	0	0	0	0	0	0	0	0	2.87909	4.22418	2.17126	3.31442	46.7367	73.1894	3.21213	2.94878	0	0	0	0
k107_28922734 flag=0 multi=56.0091 len=2957	2957	57.5032	0	0	0	0	0	0	0	0	0	0	0	0	2.93296	4.59821	1.54501	2.13164	49.5533	82.8753	3.47194	4.88314	0	0	0	0
k107_33177050 flag=1 multi=29.0000 len=4613	4613	6.83275	0	0	0	0	0	0	0	0	0	0	0	0	1.20575	2.41861	0.906518	0.891981	0.873347	1.58404	3.63813	5.39653	0.209	0.264418	0	0
k107_232721 flag=0 multi=71.2516 len=50811	50811	57.0987	0	0	0.0119583	0.0212637	0	0	0	0	0.035855	0.0465206	0	0	3.63405	4.20061	1.63993	2.35284	48.2292	62.6812	3.54778	5.35242	0	0	0	0
k107_11255048 flag=0 multi=82.8514 len=12119	12119	54.5857	0	0	0	0	0	0	0	0	0.0507743	0.0664573	0	0	3.4854	4.22751	2.20454	2.91208	45.3659	59.1236	3.47906	4.96428	0	0	0	0
k107_18091824 flag=0 multi=46.0468 len=13118	13118	56.3944	0	0	0	0	0	0	0	0	0.0471286	0.0650422	0	0	3.53683	4.16334	1.51982	2.15831	47.8316	73.7206	3.45896	4.70664	0	0	0	0
k107_9183643 flag=0 multi=28.1356 len=4362	4362	6.4569	0	0	0	0	0	0	0	0	0	0	0	0	1.54039	4.20797	0.593103	0.633734	0.969212	1.56056	3.2798	4.22243	0.0743842	0.0688647	0	0
k107_22617196 flag=0 multi=71.1688 len=10933	10933	57.0483	0	0	0	0	0	0	0	0	0	0	0	0	3.41755	3.2565	1.69617	3.02989	48.0158	49.9327	3.91873	6.43603	0	0	0	0
k107_17446142 flag=0 multi=81.7414 len=13918	13918	58.2997	0	0	0.0221063	0.0334395	0	0	0	0	0.0221798	0.0391685	0	0	3.86149	5.3387	1.78459	2.67032	49.2171	76.4152	3.39226	4.94029	0	0	0	0
k107_34540684 flag=0 multi=33.6342 len=3398	3398	51.6702	0	0	0.0975452	0.105507	0	0	0	0	0.0975452	0.0880634	0	0	3.52487	4.15353	2.51938	3.45268	42.2051	55.7731	3.22578	3.2052	0	0	0	0
k107_21366580 flag=0 multi=50.0681 len=15199	15199	56.4222	0	0	0.0405451	0.0707161	0	0	0	0	0.0607505	0.0676098	0	0	3.30395	3.63761	1.94737	2.90845	47.2548	58.6786	3.79452	5.51266	0.0202725	0.0332776	0	0
k107_31628807 flag=0 multi=58.6925 len=12390	12390	56.9745	0	0	0	0	0	0	0	0	0	0	0	0	3.55228	3.46478	1.41305	2.23373	48.7598	58.6791	3.24942	4.73977	0	0	0	0
k107_10825269 flag=0 multi=63.0377 len=15319	15319	55.4567	0	0	0.0402211	0.0485996	0	0	0	0	0.020044	0.0197034	0	0	3.49604	3.37355	2.03043	2.43388	46.4464	65.6503	3.42359	4.42452	0	0	0	0
k107_4984006 flag=0 multi=68.8892 len=15101	15101	53.0154	0	0	0.0408136	0.0592809	0	0	0	0	0	0	0	0	3.26921	4.53536	1.3182	1.80165	45.0964	52.6016	3.29076	4.26137	0	0	0	0
k107_23751319 flag=0 multi=77.0000 len=9078	9078	57.8308	0	0	0	0	0	0	0	0	0.102894	0.121751	0	0	4.50752	4.73319	2.32258	4.2158	48.0482	60.9092	2.84959	4.41509	0	0	0	0
k107_2327626 flag=0 multi=68.8023 len=3319	3319	56.9145	0	0	0.200199	0.221848	0	0	0	0	0	0	0	0	4.38681	10.1797	2.49619	3.61479	45.8992	70.6255	3.93205	3.78574	0	0	0	0
k107_9716829 flag=0 multi=38.0000 len=4178	4178	59.5519	0	0	0	0	0	0	0	0	0.0779154	0.119348	0	0	3.95382	7.49315	2.19634	2.55766	49.806	76.6971	3.5178	2.83704	0	0	0	0
k107_21890931 flag=0 multi=43.0140 len=8421	8421	57.8648	0	0	0.0371967	0.0584778	0	0	0	0	0	0	0	0	3.34487	3.95661	1.65907	2.33825	49.0709	75.1225	3.75268	6.04793	0	0	0	0
k107_31438691 flag=0 multi=42.8494 len=3746	3746	59.1492	0	0	0	0	0	0	0.175377	0.566388	0.0876887	0.0800229	0	0	3.06272	4.18279	1.55023	1.97322	50.351	38.3269	3.92218	6.53583	0	0	0	0
k107_17879322 flag=0 multi=99.5131 len=18999	18999	59.2422	0	0	0.0161523	0.0282877	0	0	0	0	0.0160988	0.0163219	0	0	3.74055	5.30586	1.78387	2.9977	50.2708	67.5398	3.41477	5.75018	0	0	0	0
k107_17445422 flag=0 multi=40.0000 len=7158	7158	59.1068	0	0	0	0	0	0	0	0	0.0755543	0.0796351	0	0	4.20872	4.09433	1.55601	1.88013	48.7733	101.633	4.49314	6.98068	0	0	0	0
k107_14538557 flag=0 multi=112.9586 len=11017	11017	56.2511	0	0	0	0	0	0	0	0	0	0	0	0	3.2503	4.14535	1.66608	2.77272	47.8295	72.1105	3.50527	5.52793	0	0	0	0
k107_3475747 flag=0 multi=74.2180 len=12508	12508	56.8177	0	0	0	0	0	0	0	0	0.0247419	0.0360934	0	0	3.51434	4.19251	2.19368	3.06804	47.7083	71.8971	3.3767	6.25581	0	0	0	0
k107_5608043 flag=0 multi=76.7438 len=10516	10516	56.7621	0	0	0.0295673	0.0369233	0	0	0	0	0	0	0	0	3.90092	3.37534	2.11063	3.32505	47.0392	62.6408	3.68181	5.07215	0	0	0	0
k107_27864408 flag=0 multi=46.0815 len=3175	3175	50.5151	0	0	0	0	0	0	0	0	0	0	0	0	3.52906	2.96953	0.974939	0.857936	43.0442	65.8957	2.96693	4.50028	0	0	0	0
k107_5731580 flag=0 multi=99.0697 len=2762	2762	57.2565	0	0	0	0	0	0	0	0	0	0	0	0	3.24187	3.84464	2.09634	1.76724	48.2833	32.1624	3.63496	7.38997	0	0	0	0
k107_24604131 flag=0 multi=51.0228 len=17165	17165	54.7241	0	0	0	0	0	0	0	0	0.0357588	0.0444999	0	0	3.62996	4.91286	2.19119	2.99013	45.5998	59.3792	3.26739	4.0065	0	0	0	0
k107_748950 flag=0 multi=66.1846 len=16705	16705	61.4737	0	0	0.0184113	0.0255087	0	0	0	0	0.0184113	0.0252671	0	0	3.99793	7.18128	2.16046	2.9232	51.4696	240.973	3.80888	5.98371	0	0	0	0
k107_30604477 flag=0 multi=127.6142 len=10026	10026	55.9883	0	0	0	0	0	0	0	0	0	0	0	0	4.0397	4.84501	2.03682	3.0309	45.832	55.3514	4.0798	7.18819	0	0	0	0
k107_22989429 flag=0 multi=51.9773 len=2570	2570	55.8395	0	0	0	0	0	0	0	0	0	0	0	0	1.83598	1.89187	2.05379	4.22702	47.4506	81.4859	4.49912	4.02509	0	0	0	0
k107_33303372 flag=0 multi=78.2134 len=9434	9434	15.7533	0	0	0	0	0	0	0	0	0	0	0	0	3.25953	4.88659	0.280771	0.484274	9.86794	13.115	2.34505	3.94511	0	0	0	0
k107_24210014 flag=0 multi=40.6851 len=3302	3302	55.0533	0	0	0.100667	0.135911	0	0	0	0	0	0	0	0	3.206	2.49057	2.30333	3.1526	45.5977	78.6754	3.84567	3.04401	0	0	0	0
k107_4626639 flag=0 multi=226.8090 len=3211	3211	56.6284	0	0	0	0	0	0	0	0	0	0	0	0	4.17772	6.44224	1.57958	2.20248	47.1702	84.1888	3.70093	4.61271	0	0	0	0
k107_24980974 flag=0 multi=125.6270 len=5152	5152	55.3148	0	0	0	0	0	0	0	0	0	0	0	0	3.68144	3.14517	1.8932	2.55007	46.6616	40.8139	3.07856	3.62945	0	0	0	0
k107_18588770 flag=0 multi=55.0000 len=3476	3476	61.8321	0	0	0	0	0	0	0	0	0.190296	0.16233	0	0	4.18589	2.88846	1.61216	1.848	52.4509	67.71	3.39288	2.65736	0	0	0	0
k107_3054450 flag=0 multi=82.0000 len=2620	2620	58.811	0	0	0.130285	0.237658	0	0	0	0	0	0	0	0	4.44305	3.5201	1.21398	1.76089	49.494	54.733	3.52977	3.28299	0	0	0	0
k107_2935793 flag=0 multi=40.8272 len=14044	14044	55.6649	0	0	0	0	0	0	0	0	0.0219764	0.0324147	0	0	3.55538	4.51948	1.47788	1.94116	47.0256	68.5533	3.58405	4.57782	0	0	0	0
k107_15532063 flag=0 multi=50.2315 len=17508	17508	54.9435	0	0	0	0	0	0	0	0	0.035104	0.0361949	0	0	3.44229	3.15423	1.61083	2.29908	46.1717	76.1566	3.68354	6.66634	0	0	0	0
k107_31220946 flag=0 multi=52.6899 len=9021	9021	60.8291	0	0	0	0	0	0	0	0	0.0247735	0.033439	0	0	3.968	5.14456	1.9524	3.07151	51.4003	223.489	3.48366	5.32618	0	0	0	0
k107_25010653 flag=0 multi=73.1018 len=7092	7092	56.5022	0	0	0.0444772	0.0648983	0	0	0	0	0.0444772	0.0425053	0	0	3.29971	3.93898	1.50839	1.84859	48.8595	45.0549	2.74566	4.13641	0	0	0	0
k107_25068669 flag=0 multi=88.5597 len=5728	5728	54.5737	0	0	0	0	0	0	0	0	0.0556579	0.0673221	0	0	3.57888	3.31687	1.91633	3.56658	45.9937	53.6134	3.02912	3.92932	0	0	0	0
k107_22531839 flag=0 multi=88.6866 len=5387	5387	55.9656	0	0	0	0	0	0	0	0	0	0	0	0	3.66529	4.62269	1.43127	3.6605	46.7288	94.8589	4.14022	5.29071	0	0	0	0
k107_25447292 flag=0 multi=45.0000 len=5140	5140	54.8363	0	0	0	0	0	0	0	0	0.0624225	0.0672252	0	0	4.41649	5.50236	1.98946	1.7138	45.1463	71.5013	3.22158	3.91489	0	0	0	0
k107_2047449 flag=0 multi=54.0000 len=2738	2738	53.5817	0	0	0	0	0	0	0	0	0	0	0	0	2.95936	3.65302	1.47414	1.46371	45.4819	48.8132	3.66626	3.39933	0	0	0	0
k107_25503629 flag=0 multi=36.9489 len=6061	6061	53.3198	0	0	0	0	0	0	0	0	0	0	0	0	3.1186	4.70499	1.97986	1.84916	44.5892	44.1268	3.63223	4.36797	0	0	0	0
k107_10925365 flag=0 multi=217.0397 len=5979	5979	57.6195	0	0	0	0	0	0	0	0	0	0	0	0	4.2149	5.3474	1.68857	2.16499	48.0398	61.0762	3.67624	5.33494	0	0	0	0
k107_29699860 flag=1 multi=13.8292 len=2542	2542	9.77054	0	0	0	0	0	0	0	0	0	0	0	0	3.43125	3.88557	0.873661	1.06734	0.807589	0.794217	4.39107	4.75583	0.266964	0.374776	0	0
k107_9057766 flag=0 multi=16.0254 len=6136	6136	7.57902	0	0	0	0	0	0	0	0	0.0505656	0.0868152	0	0	2.87984	3.13447	0.770998	1.03861	0.581591	1.20063	3.03291	3.60978	0.263113	0.266887	0	0
k107_15909895 flag=0 multi=44.0443 len=2881	2881	61.0186	0	0	0	0	0	0	0.116324	0.147642	0	0	0	0	3.22412	1.94749	1.36409	1.61555	53.6014	90.1614	2.71268	2.76926	0	0	0	0
k107_26315276 flag=0 multi=66.7452 len=4605	4605	57.1664	0	0	0	0	0	0	0	0	0.0697188	0.127585	0	0	3.46317	4.74349	1.77876	2.30191	48.7434	79.2787	3.11132	4.24436	0	0	0	0
k107_20241033 flag=0 multi=105.0000 len=2781	2781	55.7108	0	0	0	0	0	0	0	0	0	0	0	0	2.87818	3.61698	2.05567	1.66763	46.1614	35.1231	4.61557	3.63308	0	0	0	0
k107_8416050 flag=0 multi=51.3559 len=2549	2549	58.251	0	0	0	0	0	0	0	0	0	0	0	0	3.38051	4.43314	1.08678	1.49094	50.1148	62.1609	3.66889	6.47119	0	0	0	0
k107_26335413 flag=0 multi=48.8252 len=5285	5285	56.3492	0	0	0	0	0	0	0	0	0.120811	0.130632	0	0	4.23359	3.63635	1.51776	1.84671	47.6317	66.4788	2.84527	3.20942	0	0	0	0
k107_27132086 flag=0 multi=72.8331 len=2935	2935	57.2552	0	0	0.114698	0.143372	0	0	0	0	0	0	0	0	4.70414	7.79853	2.11546	3.2086	47.9206	79.0736	2.4003	2.3059	0	0	0	0
k107_19239380 flag=0 multi=67.3424 len=6616	6616	54.6281	0	0	0	0	0	0	0	0	0	0	0	0	3.65569	3.27793	2.20843	2.05681	45.5413	67.4424	3.22268	6.51234	0	0	0	0
k107_569627 flag=0 multi=66.9916 len=15720	15720	55.1136	0	0	0	0	0	0	0	0	0	0	0	0	3.41348	3.7772	1.7883	2.26127	46.5453	60.502	3.36652	5.44876	0	0	0	0
k107_4690288 flag=0 multi=84.9179 len=8983	8983	53.9249	0	0	0.0347886	0.0667708	0	0	0	0	0.0347886	0.0430333	0	0	3.76811	4.60917	1.63564	2.35924	44.8088	52.7003	3.64278	6.27639	0	0	0	0
k107_29985402 flag=0 multi=57.1155 len=4020	4020	55.8878	0	0	0	0	0	0	0	0	0	0	0	0	3.62641	3.79786	1.13421	2.06463	47.5737	74.7048	3.55352	5.67783	0	0	0	0
k107_7663211 flag=0 multi=48.3561 len=15146	15146	56.1502	0	0	0	0	0	0	0	0	0	0	0	0	3.54534	3.73577	1.64929	2.33593	47.1108	66.8971	3.8041	5.39781	0.0406898	0.0727438	0	0
k107_27439285 flag=0 multi=184.5152 len=3387	3387	52.646	0	0	0	0	0	0	0	0	0	0	0	0	2.60194	3.11934	1.52642	1.85024	44.8681	74.1655	3.64959	6.40634	0	0	0	0
k107_29222703 flag=0 multi=126.8709 len=3073	3073	58.9617	0	0	0	0	0	0	0	0	0.0433057	0.0551637	0	0	4.57957	15.6066	2.23241	2.22677	47.7344	109.368	4.31866	4.37147	0.0534103	0.0515435	0	0
k107_18032069 flag=0 multi=41.6184 len=4643	4643	55.5835	0	0	0	0	0	0	0	0	0	0	0	0	3.2375	3.45565	2.36789	2.39422	46.1322	53.7051	3.84589	4.58417	0	0	0	0
k107_13126817 flag=0 multi=83.2913 len=4933	4933	52.279	0	0	0	0	0	0	0	0	0.0652127	0.0920684	0	0	3.40769	4.65506	1.53746	4.46045	43.0985	38.9249	4.17016	4.93879	0	0	0	0
k107_16885691 flag=0 multi=61.3437 len=3476	3476	57.0309	0	0	0	0	0	0	0	0	0	0	0	0	3.42754	3.25442	1.77599	1.55265	48.2489	85.8159	3.57845	8.12881	0	0	0	0
k107_43357 flag=1 multi=132.2020 len=3503	3503	8.24867	0	0	0	0	0	0	0	0	0	0	0	0	2.8641	2.90974	0.727585	0.666531	1.08185	0.745271	3.29335	2.96695	0.281787	0.351741	0	0
k107_16119161 flag=0 multi=40.7798 len=6475	6475	56.4586	0	0	0.0971975	0.122642	0	0	0	0	0.0643123	0.0838512	0	0	3.68459	3.44394	2.21481	3.85518	47.328	84.0875	3.06966	3.54983	0	0	0	0
k107_13081785 flag=0 multi=52.9130 len=2635	2635	57.3875	0	0	0	0	0	0	0	0	0	0	0	0	3.57951	7.67022	1.22675	3.09253	48.6404	81.3104	3.94085	8.07079	0	0	0	0
k107_22038114 flag=0 multi=119.8363 len=5605	5605	58.971	0	0	0.113898	0.130369	0	0	0	0	0	0	0	0	4.56289	8.0286	2.10956	3.28914	47.8571	76.0597	4.32755	5.44925	0	0	0	0
k107_17819667 flag=0 multi=52.2220 len=9955	9955	57.2343	0	0	0	0	0	0	0	0	0.0625712	0.0889147	0	0	3.35419	2.60115	1.98943	3.0765	48.0222	79.829	3.80597	5.38696	0	0	0	0
k107_29695675 flag=0 multi=43.9987 len=4636	4636	54.6414	0	0	0	0	0	0	0	0	0.0696816	0.0763773	0	0	3.1389	4.32164	1.2335	1.19013	46.8819	58.2306	3.31749	6.26101	0	0	0	0
k107_13224179 flag=0 multi=51.8049 len=3762	3762	60.0246	0	0	0	0	0	0	0	0	0.0872832	0.115538	0	0	4.10029	9.74872	1.82601	2.09355	50.1896	97.9285	3.82139	3.8117	0	0	0	0
k107_34457555 flag=0 multi=73.9381 len=3694	3694	56.26	0	0	0	0	0	0	0	0	0	0	0	0	3.80749	4.37919	2.04835	2.46573	46.9269	68.1988	3.4773	5.8141	0	0	0	0
k107_5461855 flag=0 multi=56.3672 len=9885	9885	59.5093	0	0	0.0314098	0.0478505	0	0	0	0	0	0	0	0	3.74862	4.6486	1.90807	2.5452	49.8515	78.664	3.96974	5.502	0	0	0	0
k107_22237245 flag=0 multi=87.4304 len=8314	8314	55.8875	0	0	0	0	0	0	0	0	0	0	0	0	3.4024	3.44547	1.82676	2.23841	48.0026	91.8262	2.65577	3.46762	0	0	0	0
k107_2033548 flag=0 multi=78.0000 len=6715	6715	58.2676	0	0	0	0	0	0	0	0	0	0	0	0	3.70045	4.08569	1.51302	2.34002	50.5013	72.1425	2.55278	3.8493	0	0	0	0
k107_8130001 flag=0 multi=122.7998 len=5236	5236	59.5888	0	0	0.0612079	0.0627459	0	0	0	0	0	0	0	0	3.41325	2.44521	2.3255	4.55774	49.4789	59.6665	4.30989	7.4115	0	0	0	0
k107_755056 flag=0 multi=81.9671 len=16272	16272	54.3409	0	0	0	0	0	0	0	0	0.0189105	0.0236955	0	0	3.65548	6.2062	1.63344	2.43962	46.06	67.6991	2.97307	4.0228	0	0	0	0
k107_5908970 flag=0 multi=53.0076 len=15259	15259	58.1043	0	0	0.0201912	0.0357143	0	0	0	0	0.0201912	0.0322203	0	0	3.21502	5.35648	2.08859	2.96149	48.9654	99.9372	3.79495	6.50876	0	0	0	0
k107_1243827 flag=0 multi=50.4229 len=6907	6907	56.9802	0	0	0	0	0	0	0	0	0	0	0	0	3.67827	4.53476	1.55973	2.12671	48.2088	51.6462	3.53338	5.11282	0	0	0	0
k107_20183612 flag=0 multi=70.5068 len=20973	20973	56.0105	0	0	0.0146098	0.0222347	0	0	0	0	0.0434909	0.0627187	0	0	3.38107	3.81494	1.56688	2.62748	47.4669	46.0102	3.53756	4.56548	0	0	0	0
k107_14139750 flag=0 multi=180.7328 len=4512	4512	57.6371	0	0	0	0	0	0	0	0	0.071734	0.0666145	0	0	4.30071	5.56839	2.55962	2.51555	47.4584	67.975	3.24656	3.74299	0	0	0	0
k107_10681074 flag=0 multi=63.3877 len=2720	2720	57.921	0	0	0	0	0	0	0	0	0.123656	0.188777	0	0	3.52233	3.65313	1.7957	3.37517	49.2552	44.0275	3.22415	4.74253	0	0	0	0
k107_10655363 flag=0 multi=58.8911 len=15006	15006	55.8994	0	0	0	0	0	0	0	0	0	0	0	0	3.96668	4.71283	1.80856	1.78852	46.9491	59.5237	3.17505	4.61787	0	0	0	0
k107_7502904 flag=0 multi=141.9481 len=12727	12727	58.0023	0	0	0	0	0	0	0	0	0.0483702	0.0554234	0	0	4.09328	5.21689	1.55525	2.33112	49.1697	75.3895	3.13569	3.75866	0	0	0	0
k107_24499585 flag=0 multi=123.7892 len=24870	24870	55.2268	0	0	0.0122924	0.0217348	0	0	0	0	0.0368772	0.0539861	0	0	3.55613	5.0715	1.73453	2.79724	46.3745	58.9666	3.51241	3.8553	0	0	0	0
k107_12908601 flag=0 multi=77.3655 len=5828	5828	57.373	0	0	0	0	0	0	0	0	0.0861383	0.146788	0	0	4.18368	4.46752	1.96978	2.70855	47.3988	65.7222	3.73453	3.83322	0	0	0	0
k107_24985535 flag=0 multi=65.6533 len=34690	34690	55.5816	0	0	0.0261428	0.0420794	0	0	0	0	0.0175643	0.0198132	0	0	3.42715	4.02012	2.01311	2.91495	46.6064	69.7562	3.49119	4.22166	0	0	0	0
k107_19571784 flag=0 multi=118.8536 len=10821	10821	57.0974	0	0	0	0	0	0	0	0	0.0574199	0.111742	0	0	3.47609	4.94974	1.82679	3.04274	48.0232	83.0029	3.71395	4.18019	0	0	0	0
k107_28872832 flag=0 multi=67.7277 len=4140	4140	60.6826	0	0	0.0786868	0.151205	0	0	0	0	0.0786868	0.137654	0	0	3.18369	3.36996	1.83794	1.78348	52.826	71.3658	2.6777	2.21472	0	0	0	0
k107_11200359 flag=0 multi=45.0887 len=10540	10540	60.8867	0	0	0	0	0	0	0	0	0.0294979	0.0376176	0	0	4.14417	5.37591	2.16761	2.38976	51.2073	44.2935	3.30865	4.36925	0.0294979	0.0370447	0	0
k107_12996054 flag=0 multi=72.9457 len=7936	7936	59.4198	0	0	0	0	0	0	0	0	0.0395599	0.0534581	0	0	3.50183	3.30557	1.69439	2.37228	50.3936	63.2161	3.79041	5.13289	0	0	0	0
k107_28685253 flag=0 multi=86.9911 len=11730	11730	55.506	0	0	0.0262513	0.0348338	0	0	0	0	0.0264263	0.0259057	0	0	3.87093	4.4589	1.34529	1.9975	46.8979	92.0328	3.33917	5.26302	0	0	0	0
k107_30616647 flag=0 multi=169.6824 len=4380	4380	54.768	0	0	0	0	0	0	0	0	0	0	0	0	3.38499	4.24931	1.60397	1.5021	46.8006	72.2099	2.97842	3.23834	0	0	0	0
k107_4692894 flag=0 multi=54.4961 len=12550	12550	56.9722	0	0	0.0246571	0.0384224	0	0	0	0	0.0737263	0.162088	0	0	3.43836	4.57234	2.17685	2.50298	47.7729	53.5462	3.48579	4.85682	0	0	0	0
k107_8262906 flag=0 multi=133.5299 len=3568	3568	55.2854	0	0	0.0918555	0.101705	0	0	0	0	0	0	0	0	2.77893	4.24433	0.410288	1.2482	49.4724	53.5844	2.53184	2.07839	0	0	0	0
k107_27542850 flag=0 multi=138.6162 len=8142	8142	53.5111	0	0	0.0385204	0.0500589	0	0	0	0	0	0	0	0	3.11301	3.05537	1.82704	2.42473	44.8486	47.0244	3.68393	5.38146	0	0	0	0
k107_29303357 flag=0 multi=37.2041 len=5452	5452	7.78	0	0	0.0584466	0.0730816	0	0	0	0	0	0	0	0	2.49981	4.9392	0.954757	1.47724	0.854757	1.32271	3.29515	5.23781	0.117087	0.152087	0	0
k107_8286843 flag=0 multi=53.0000 len=5390	5390	58.2229	0	0	0	0	0	0	0	0	0	0	0	0	3.96325	4.08753	1.54324	3.06578	48.6032	49.1588	4.11321	3.56277	0	0	0	0
k107_11341549 flag=0 multi=66.0823 len=3095	3095	55.5822	0	0	0	0	0	0	0	0	0	0	0	0	3.51128	3.06606	1.61368	1.21284	47.5213	78.5646	2.93591	5.14799	0	0	0	0
k107_34734745 flag=0 multi=144.3131 len=7861	7861	56.3675	0	0	0	0	0	0	0	0	0.0799047	0.107149	0	0	3.52944	4.33914	1.42016	1.88532	48.4031	52.9103	2.93491	3.27421	0	0	0	0
k107_29645428 flag=0 multi=99.5164 len=6257	6257	54.5395	0	0	0	0	0	0	0	0	0	0	0	0	3.85558	4.69324	1.80386	2.17076	45.6925	78.6888	3.18757	3.68144	0	0	0	0
k107_784353 flag=0 multi=74.5698 len=37202	37202	55.6919	0	0	0	0	0	0	0	0	0.0572358	0.102165	0	0	3.74577	4.54988	1.86753	2.41562	46.632	64.2031	3.38935	4.43507	0	0	0	0
k107_19505616 flag=0 multi=180.6602 len=13432	13432	56.2202	0	0	0.02262	0.0270336	0	0	0	0	0.0689261	0.17061	0	0	2.96573	3.20587	2.00564	3.29461	47.343	66.4051	3.81424	5.31298	0	0	0	0
k107_15609405 flag=0 multi=39.8526 len=14610	14610	54.6668	0	0	0	0	0	0	0	0	0.0422141	0.0504906	0	0	3.2052	4.31991	1.84938	2.9172	46.2652	87.7479	3.30479	4.57806	0	0	0	0
k107_17834804 flag=0 multi=67.0438 len=4724	4724	26.0479	0	0	0	0	0	0	0	0	0	0	0	0	2.94233	3.90974	0.269787	0.322556	21.0007	17.7714	1.83514	2.52339	0	0	0	0
k107_18694118 flag=1 multi=52.5233 len=2937	2937	8.93738	0	0	0	0	0	0	0	0	0	0	0	0	3.43454	6.82933	0.532827	0.424994	1.02429	1.36903	3.74307	5.58778	0.202657	0.213283	0	0
k107_13060213 flag=0 multi=39.0374 len=4967	4967	53.0632	0	0	0	0	0	0	0	0	0.0647374	0.0605577	0	0	2.90354	2.72083	1.61865	2.47303	45.7224	67.5087	2.75391	3.63292	0	0	0	0
k107_13853847 flag=0 multi=82.0000 len=3582	3582	58.2857	0	0	0	0	0	0	0	0	0	0	0	0	3.0936	3.09084	1.37561	1.18952	50.072	70.2236	3.65244	5.71893	0.0920732	0.0836237	0	0
k107_14200654 flag=0 multi=40.1044 len=8967	8967	56.7393	0	0	0	0	0	0	0	0	0	0	0	0	3.87571	3.84005	1.26059	1.39562	47.6025	75.593	4.00046	4.13631	0	0	0	0
k107_5993198 flag=0 multi=43.5573 len=8395	8395	55.0379	0	0	0.0746324	0.114053	0	0	0	0	0	0	0	0	4.46497	6.64969	1.47102	2.46819	45.2245	67.0619	3.80279	4.23247	0	0	0	0
k107_26678225 flag=0 multi=48.2821 len=53763	53763	57.9704	0	0	0.00282449	0.00281725	0	0	0	0	0.0338752	0.042068	0	0	3.79939	5.0683	1.83465	2.68874	48.6945	64.9698	3.60515	4.48649	0	0	0	0
k107_8009343 flag=0 multi=53.3116 len=7714	7714	60.8775	0	0	0	0	0	0	0	0	0.0406098	0.0590575	0	0	4.1051	5.75377	1.93524	3.0332	50.8179	64.1347	3.97868	5.64534	0	0	0	0
k107_25905208 flag=0 multi=62.8421 len=33944	33944	56.8627	0	0	0.0178943	0.0275609	0	0	0	0	0.0717258	0.0951166	0	0	3.80587	4.9719	1.63855	2.47426	47.6554	83.1196	3.67324	4.83652	0	0	0	0
k107_32753041 flag=0 multi=83.2415 len=3618	3618	52.1945	0	0	0	0	0	0	0	0	0	0	0	0	3.83474	4.81382	2.07207	2.62841	42.6176	82.7341	3.67008	6.76206	0	0	0	0
k107_16991508 flag=0 multi=47.4061 len=2781	2781	55.6039	0	0	0	0	0	0	0	0	0	0	0	0	3.89835	4.803	1.69262	2.6605	47.3691	38.1286	2.64381	2.85963	0	0	0	0
k107_32827257 flag=0 multi=36.9566 len=5313	5313	52.2051	0	0	0	0	0	0	0	0	0	0	0	0	3.30174	3.41355	1.61365	1.82481	43.4534	37.0257	3.83636	4.52609	0	0	0	0
k107_23918353 flag=0 multi=37.9785 len=4436	4436	57.5588	0	0	0	0	0	0	0.0730527	0.108865	0.0730527	0.112255	0	0	2.95259	2.95405	2.26197	3.65449	48.6776	93.9209	3.52056	4.18589	0	0	0	0
k107_32710350 flag=0 multi=60.0104 len=11075	11075	57.7024	0	0	0	0	0	0	0	0	0.0840991	0.13701	0	0	3.92249	4.68072	1.89204	3.11132	48.9034	87.6171	2.9004	3.9987	0	0	0	0
k107_16685402 flag=0 multi=189.7303 len=4060	4060	75.3965	0	0	0.0117084	0.0211567	0	0	0	0	0	0	0	0	3.37068	4.0018	2.17217	3.47363	64.3909	107.476	5.37094	6.8896	0.0800958	0.0739308	0	0
k107_23409486 flag=0 multi=48.5011 len=5304	5304	56.2423	0	0	0	0	0	0	0	0	0	0	0	0	4.18473	6.16065	2.14694	3.45138	45.7591	79.3544	4.15154	2.87458	0	0	0	0
k107_32786389 flag=0 multi=40.1311 len=3433	3433	60.9732	0	0	0.0964548	0.109547	0	0	0	0	0	0	0	0	3.17375	3.18357	2.8863	6.2484	50.7563	136.576	4.06036	5.33073	0	0	0	0
k107_23172788 flag=0 multi=54.8238 len=6003	6003	56.0546	0	0	0.0529732	0.0564919	0	0	0	0	0	0	0	0	3.31258	3.19124	1.48798	1.54014	47.4829	46.4389	3.71812	3.87722	0	0	0	0
k107_14455752 flag=0 multi=42.0533 len=3332	3332	54.0099	0	0	0	0	0	0	0	0	0	0	0	0	4.44917	3.48688	1.94356	2.98686	44.4046	37.5869	3.21254	4.09386	0	0	0	0
k107_5572140 flag=0 multi=39.8438 len=2668	2668	52.3757	0	0	0	0	0	0	0	0	0	0	0	0	2.80769	5.58358	1.42899	1.5125	45.1433	41.1449	2.99577	3.052	0	0	0	0
k107_34805091 flag=0 multi=57.0000 len=6225	6225	55.7836	0	0	0	0	0	0	0	0	0	0	0	0	3.32737	4.38445	2.21459	4.30844	47.1884	58.0962	3.05318	4.21479	0	0	0	0
k107_14430260 flag=0 multi=83.6953 len=3139	3139	56.5795	0	0	0	0	0	0	0	0	0	0	0	0	3.24357	3.98879	1.92492	2.75636	47.3761	62.5604	4.0349	6.77509	0	0	0	0
k107_35050569 flag=0 multi=132.3462 len=5327	5327	57.7727	0	0	0	0	0	0	0	0	0.0600995	0.0787878	0	0	3.19065	2.50656	1.59085	2.26438	49.0973	104.292	3.83383	4.66067	0	0	0	0
k107_20402450 flag=0 multi=202.6258 len=4153	4153	53.9226	0	0	0.0784212	0.074889	0	0	0	0	0	0	0	0	2.97196	2.69664	2.11581	2.67216	45.4472	58.3578	3.30927	3.35021	0	0	0	0
k107_33648816 flag=0 multi=46.0120 len=12952	12952	57.0275	0	0	0.0238735	0.0255279	0	0	0	0	0	0	0	0	3.96055	3.95304	1.67036	2.14069	48.0241	90.2587	3.34862	5.20369	0	0	0	0
k107_23618054 flag=0 multi=69.9909 len=13339	13339	56.3815	0	0	0.0231648	0.0338393	0	0	0	0	0	0	0	0	3.09649	4.17204	0.75746	0.98098	49.1473	61.3189	3.35714	5.37433	0	0	0	0
k107_21108561 flag=0 multi=129.1981 len=5977	5977	62.3625	0	0	0	0	0	0	0	0	0	0	0	0	3.38907	3.61	2.14273	2.68231	53.3295	185.328	3.50115	3.55089	0	0	0	0
k107_17628142 flag=0 multi=78.0312 len=14296	14296	57.6257	0	0	0	0	0	0	0	0	0.0430184	0.0413039	0	0	3.32221	3.74888	1.93826	3.20798	48.6238	77.6646	3.69844	5.76184	0	0	0	0
k107_9510033 flag=0 multi=119.1192 len=13633	13633	57.4469	0	0	0.0453079	0.0749279	0	0	0	0	0	0	0	0	3.52097	4.5848	1.68157	2.31301	48.5981	68.9709	3.60101	3.82035	0	0	0	0
k107_28147382 flag=0 multi=64.4662 len=3241	3241	60.3889	0	0	0	0	0	0	0	0	0	0	0	0	3.705	4.12215	0.980606	1.03658	50.8772	50.833	4.82613	9.39147	0	0	0	0
k107_11344448 flag=0 multi=58.1688 len=16887	16887	56.7677	0	0	0.0363582	0.03835	0	0	0	0	0.0699427	0.10557	0	0	3.54591	4.38903	1.62122	2.80925	47.747	61.0998	3.7473	4.44239	0	0	0	0
k107_34110380 flag=0 multi=44.1401 len=4832	4832	54.6064	0	0	0	0	0	0	0	0	0	0	0	0	3.79448	4.42903	1.84084	2.86123	45.3426	42.7809	3.62848	5.75831	0	0	0	0
k107_8079189 flag=0 multi=51.9237 len=5261	5261	57.1619	0	0	0	0	0	0	0	0	0	0	0	0	3.77637	4.84164	1.33273	1.19903	47.6999	56.047	4.35289	7.32143	0	0	0	0
k107_10855572 flag=0 multi=123.0000 len=11856	11856	56.9383	0	0	0.0261381	0.038267	0	0	0	0	0.0521897	0.0630593	0	0	3.57244	3.73067	2.20071	3.27631	47.5442	76.9944	3.54258	3.58971	0	0	0	0
k107_16637775 flag=0 multi=94.7881 len=2603	2603	53.5324	0	0	0	0	0	0	0	0	0	0	0	0	4.19687	8.00949	1.60235	2.43334	43.937	49.6613	3.79618	2.62886	0	0	0	0
k107_11975843 flag=0 multi=35.6187 len=2601	2601	56.0718	0	0	0	0	0	0	0	0	0.131361	0.114154	0	0	3.25794	3.66541	1.49587	0.90285	47.5046	40.482	3.68204	5.96175	0	0	0	0
k107_7054670 flag=0 multi=47.2626 len=6036	6036	55.4276	0	0	0.0524939	0.0499036	0	0	0	0	0	0	0	0	3.33171	5.08495	1.72707	2.45565	47.3064	78.2954	3.00994	3.75364	0	0	0	0
k107_23186798 flag=0 multi=53.1260 len=5296	5296	59.1011	0	0	0	0	0	0	0	0	0.120745	0.162021	0	0	4.78174	7.05891	1.94113	3.31305	48.4455	67.6666	3.81197	3.77014	0	0	0	0
k107_13013172 flag=0 multi=65.9508 len=14572	14572	57.7277	0	0	0	0	0	0	0	0	0.0422565	0.0594624	0	0	4.18157	6.53651	1.85186	2.62543	48.2098	64.9608	3.44226	5.89568	0	0	0	0
k107_33610423 flag=0 multi=130.5672 len=7699	7699	57.1797	0	0	0	0	0	0	0	0	0	0	0	0	3.42842	4.73631	0.630796	0.711791	50.8821	84.2706	2.23834	3.46322	0	0	0	0
k107_5602153 flag=0 multi=31.3169 len=4613	4613	14.4078	0	0	0	0	0	0	0	0	0	0	0	0	2.62445	2.74869	0.350267	0.440157	9.74229	14.8444	1.69079	2.37359	0	0	0	0
k107_31049009 flag=0 multi=60.4713 len=30377	30377	56.0397	0	0	0.0301247	0.0346706	0	0	0	0	0.040133	0.0560961	0	0	3.3348	3.94689	1.57692	2.00268	47.588	70.5224	3.46973	5.87217	0	0	0	0
k107_7254933 flag=0 multi=69.7081 len=14494	14494	56.3656	0	0	0	0	0	0	0	0	0.0423478	0.0491409	0	0	3.43764	3.93288	1.83012	2.32804	47.8426	61.7439	3.21287	3.8451	0	0	0	0
k107_32239601 flag=0 multi=53.0262 len=5757	5757	58.7674	0	0	0	0	0	0	0	0	0.138039	0.189314	0	0	3.1692	4.06874	1.65921	1.51311	49.8843	78.7406	3.91659	5.15232	0	0	0	0
k107_34126800 flag=0 multi=61.0176 len=12950	12950	52.893	0	0	0	0	0	0	0	0	0.0955092	0.107428	0	0	3.3867	5.07893	1.69584	1.89085	44.3246	69.024	3.39034	2.95138	0	0	0	0
k107_34578812 flag=0 multi=62.5675 len=11601	11601	56.7643	0	0	0.026728	0.0260058	0	0	0	0	0.0754049	0.110563	0	0	3.29613	5.72115	1.69165	2.54465	48.0246	76.5327	3.64979	5.10855	0	0	0	0
k107_22042554 flag=0 multi=131.9060 len=4311	4311	57.8266	0	0	0	0	0	0	0	0	0.0753305	0.104604	0	0	3.26041	4.40701	1.54577	2.32492	49.4146	54.8481	3.53056	3.09749	0	0	0	0
k107_26925366 flag=0 multi=43.1042 len=9944	9944	55.3076	0	0	0	0	0	0	0	0	0.0312176	0.0303433	0	0	3.72692	3.58904	1.54283	1.53543	46.648	86.5661	3.35864	3.15599	0	0	0	0
k107_25861113 flag=0 multi=66.9766 len=3187	3187	55.9584	0	0	0	0	0	0	0	0	0	0	0	0	2.95494	4.90303	2.3383	3.55274	46.8974	40.2374	3.76776	3.93237	0	0	0	0
k107_11740742 flag=0 multi=65.9731 len=3271	3271	56.8707	0	0	0	0	0	0	0	0	0.101718	0.181724	0	0	3.44998	4.30574	2.31559	2.52029	47.6881	107.7	3.31526	3.96078	0	0	0	0
k107_25743256 flag=0 multi=95.6221 len=25531	25531	56.2998	0	0	0	0	0	0	0	0	0.0358318	0.0882446	0	0	3.84161	4.47846	1.64018	1.97289	47.021	65.2516	3.76115	4.35538	0	0	0	0
k107_12239928 flag=0 multi=218.7209 len=7577	7577	57.7856	0	0	0	0	0	0	0	0	0.0830241	0.251515	0	0	3.71876	3.52431	1.73649	2.96537	48.6921	78.0891	3.55519	3.4176	0	0	0	0
k107_8692494 flag=0 multi=73.0000 len=16915	16915	55.9299	0	0	0.0362367	0.0567155	0	0	0	0	0.0180581	0.0352837	0	0	3.80786	5.26045	1.78457	2.42933	47.2367	74.9731	3.04641	4.23017	0	0	0	0
k107_5774241 flag=0 multi=52.8575 len=14716	14716	56.0903	0	0	0.104621	0.126691	0	0	0	0	0.041765	0.0612557	0	0	3.43	5.35985	1.89822	2.73685	47.4065	83.2296	3.20917	4.50966	0	0	0	0
k107_3327805 flag=0 multi=222.0210 len=5434	5434	59.2925	0	0	0	0	0	0	0	0	0.058067	0.0772218	0	0	3.55398	4.13896	1.98558	2.55038	49.1662	48.9536	4.52864	4.49317	0	0	0	0
k107_15483282 flag=0 multi=145.4070 len=3365	3365	7.1763	0.0483186	0.0468804	0	0	0	0	0	0	0	0	0	0	2.63369	9.52232	1.0333	1.74273	0.490369	0.481917	2.67581	2.34822	0.294809	0.301756	0	0
k107_6525705 flag=0 multi=67.8843 len=3305	3305	60.5172	0	0	0	0	0	0	0	0	0	0	0	0	3.58775	7.94565	3.38362	4.84113	50.1372	48.9563	3.40859	4.37364	0	0	0	0
k107_7372183 flag=0 multi=39.1982 len=3251	3251	55.9318	0	0	0	0	0	0	0	0	0	0	0	0	3.71584	4.16189	2.27535	3.74075	46.3554	31.7059	3.58528	5.27121	0	0	0	0
k107_28490103 flag=0 multi=68.8753 len=7364	7364	56.4759	0	0	0.01855	0.0182095	0	0	0	0	0	0	0	0	3.76579	4.0588	1.95936	2.11139	47.3595	86.4092	3.3727	4.81	0	0	0	0
k107_21247574 flag=0 multi=90.3033 len=5871	5871	55.4256	0	0	0.0542288	0.08577	0	0	0	0	0	0	0	0	3.58413	3.32314	1.85904	2.93745	46.8774	62.238	3.05082	5.00569	0	0	0	0
k107_25811830 flag=0 multi=67.1167 len=10213	10213	57.3884	0	0	0	0	0	0	0	0	0.0608415	0.0842852	0	0	3.66774	4.6365	1.80234	2.20014	48.5532	72.3293	3.30421	5.50047	0	0	0	0
k107_25372395 flag=0 multi=36.2634 len=3623	3623	57.3815	0	0	0	0	0	0	0	0	0	0	0	0	3.79494	4.69559	2.07257	3.79293	48.1475	45.2834	3.36646	4.43325	0	0	0	0
k107_5496554 flag=0 multi=58.9164 len=3323	3323	54.2072	0	0	0.0999669	0.115823	0	0	0	0	0	0	0	0	2.91691	2.56312	2.33797	4.5509	45.5419	86.8323	3.26051	3.88616	0.0499834	0.0475036	0	0
k107_15066441 flag=0 multi=138.9628 len=7262	7262	57.0395	0	0	0	0	0	0	0	0	0.0433908	0.0705437	0	0	2.82615	2.7939	1.75776	2.44675	48.37	76.0383	4.04224	3.24696	0	0	0	0
k107_276163 flag=0 multi=42.0000 len=3054	3054	7.79251	0	0	0	0	0	0	0	0	0	0	0	0	2.23183	4.1157	1.63917	1.92342	0.910247	0.641221	2.79324	2.85788	0.218023	0.199715	0	0
k107_5898758 flag=0 multi=99.9626 len=3477	3477	22.302	0	0	0	0	0	0	0	0	0.906457	1.2784	0.0951181	0.10184	3.80315	4.26776	12.7858	13.255	0.471811	0.510991	4.09732	3.67944	0.142362	0.122358	0	0
k107_14815961 flag=0 multi=179.9807 len=3846	3846	7.11456	0	0	0	0	0.0414786	0.0408035	0	0	0.0871896	0.094879	0.0155192	0.0163766	1.5206	2.68668	0.55333	0.461106	0.715011	0.765983	3.92156	6.24263	0.259876	0.200137	0	0
k107_11234380 flag=0 multi=70.7298 len=22187	22187	57.6118	0	0	0.0135252	0.0227438	0	0	0	0	0.0275531	0.0445415	0	0	3.50368	5.06829	1.88161	2.67712	48.9598	73.0591	3.22563	4.4661	0	0	0	0
k107_25141750 flag=0 multi=56.0000 len=6754	6754	61.1683	0	0	0	0	0	0	0	0	0	0	0	0	4.31417	3.80184	1.66026	3.24842	51.1364	81.5015	4.0575	5.33138	0	0	0	0
k107_4376827 flag=0 multi=91.7544 len=2599	2599	61.017	0	0	0	0	0	0	0	0	0	0	0	0	4.2451	4.27943	1.58206	4.16471	51.6591	63.6234	3.53069	6.72505	0	0	0	0
k107_10317132 flag=0 multi=70.5721 len=8064	8064	55.1925	0	0	0	0	0	0	0	0	0.077042	0.13594	0	0	4.21309	5.27307	1.64829	2.48697	46.4598	57.1952	2.79425	4.07167	0	0	0	0
k107_1543848 flag=0 multi=216.6084 len=2809	2809	56.5245	0	0	0	0	0	0	0	0	0	0	0	0	4.05185	3.64412	1.36059	2.41459	48.1169	96.4209	2.99521	3.42806	0	0	0	0
k107_27260269 flag=0 multi=58.7040 len=7517	7517	56.1127	0	0	0	0	0	0	0	0	0.0705475	0.127081	0	0	3.16646	6.15367	2.28108	2.41383	46.876	79.5859	3.71864	4.00084	0	0	0	0
k107_17043752 flag=0 multi=79.9662 len=11781	11781	55.6044	0	0	0	0	0	0	0	0	0.0788396	0.104414	0	0	3.6809	4.1304	1.73247	3.10931	46.5315	86.6935	3.58071	5.34447	0	0	0	0
k107_5784336 flag=0 multi=114.2559 len=9310	9310	52.1329	0	0	0.0333037	0.0486166	0	0	0	0	0.0335258	0.0579357	0	0	3.90864	4.63672	1.62178	2.38579	43.3151	47.4927	3.22058	4.76615	0	0	0	0
k107_4742919 flag=0 multi=134.4517 len=7099	7099	54.9439	0	0	0	0	0	0	0	0	0	0	0	0	3.34456	6.33452	1.53671	1.76131	46.6322	68.5045	3.43048	3.67278	0	0	0	0
k107_25648822 flag=0 multi=46.4799 len=7186	7186	55.3491	0	0	0	0	0	0	0	0	0	0	0	0	3.36723	3.42995	1.58382	1.68829	45.8714	48.2386	4.52658	6.30176	0	0	0	0
k107_30847940 flag=0 multi=44.2792 len=7224	7224	54.4733	0	0	0.0433401	0.0613765	0	0	0	0	0	0	0	0	3.55302	3.61391	1.49928	1.71304	45.988	60.8354	3.38963	5.35255	0	0	0	0
k107_18541814 flag=0 multi=68.5281 len=17826	17826	58.3051	0	0	0.0170623	0.0340598	0	0	0	0	0.0516435	0.0693526	0	0	3.66845	3.92964	1.80433	3.02593	49.2882	65.4154	3.47546	4.4413	0	0	0	0
k107_16962197 flag=0 multi=38.0289 len=6827	6827	58.1491	0	0	0	0	0	0	0	0	0	0	0	0	3.10222	3.49446	1.80843	4.05262	49.9631	81.657	3.2754	3.94203	0	0	0	0
k107_3756158 flag=0 multi=66.7175 len=17143	17143	57.6247	0	0	0	0	0	0	0	0	0.0716109	0.0990062	0	0	3.50923	3.98935	2.12101	2.79366	48.4977	75.9159	3.42515	3.98482	0	0	0	0
k107_20825577 flag=0 multi=46.9595 len=5370	5370	54.8214	0	0	0	0	0	0	0	0	0.119179	0.146841	0	0	2.93508	4.15802	1.61464	1.93484	45.8425	63.817	4.30998	4.6065	0	0	0	0
k107_8212700 flag=0 multi=193.9043 len=3742	3742	65.3686	0	0	0	0	0	0	0	0	0	0	0	0	4.37558	4.29296	2.51657	2.71716	54.8677	121.39	3.60872	4.00449	0	0	0	0
k107_931709 flag=0 multi=95.1102 len=19911	19911	56.5344	0	0	0.0154011	0.02435	0	0	0	0	0.0461523	0.0440721	0	0	3.3966	3.76701	1.66592	2.42816	47.9157	69.8537	3.49462	4.19707	0	0	0	0
k107_25538583 flag=0 multi=59.3018 len=5969	5969	57.6174	0	0	0.053291	0.0815215	0	0	0	0	0.053291	0.089287	0	0	3.37286	2.94218	1.95006	3.03392	47.7875	95.7674	4.40039	5.89167	0	0	0	0
k107_14133270 flag=0 multi=96.8529 len=7288	7288	54.1891	0	0	0.0864586	0.128521	0	0	0	0	0	0	0	0	3.9874	4.17605	1.72087	3.34547	44.8869	50.5374	3.46436	5.12549	0.0430862	0.048682	0	0
k107_1872185 flag=0 multi=46.5126 len=2528	2528	64.3594	0	0	0.135669	0.137989	0	0	0	0	0	0	0	0	3.91195	4.90026	2.38455	3.75728	54.3082	123.031	3.61905	4.26679	0	0	0	0
k107_21423070 flag=0 multi=54.8769 len=7681	7681	55.6948	0	0	0	0	0	0	0	0	0	0	0	0	3.65036	4.46645	1.57284	2.19159	46.8358	79.2251	3.63586	4.42609	0	0	0	0
k107_33201987 flag=0 multi=46.2540 len=23977	23977	55.2583	0	0	0.0127561	0.018083	0	0	0	0	0	0	0	0	3.61005	4.64095	1.96393	2.67323	46.1031	68.867	3.56845	4.73933	0	0	0	0
k107_8720834 flag=0 multi=64.0001 len=24366	24366	56.2994	0	0	0.0124252	0.0247852	0	0	0	0	0.0625416	0.0710314	0	0	3.77668	5.31066	1.42927	1.81758	47.2069	80.2491	3.81159	6.22966	0	0	0	0
k107_12570374 flag=0 multi=84.0000 len=18009	18009	57.0304	0	0	0	0	0	0	0	0	0.0511097	0.0706899	0	0	3.26905	4.95539	1.9058	2.60615	48.5441	77.6979	3.26035	5.5767	0	0	0	0
k107_23038747 flag=0 multi=89.6566 len=8592	8592	57.4993	0	0	0.0363088	0.0433058	0	0	0	0	0.0363088	0.0478846	0	0	3.76092	4.16907	1.69131	2.46811	48.341	90.7092	3.63341	4.52722	0	0	0	0
k107_7477717 flag=0 multi=45.9599 len=7087	7087	56.8893	0	0	0.0445099	0.0802669	0	0	0	0	0	0	0	0	3.92719	3.1388	1.75652	2.06038	46.6217	50.4221	4.53943	7.59695	0	0	0	0
k107_12898351 flag=0 multi=32.2419 len=3819	3819	55.756	0	0	0	0	0	0	0	0	0	0	0	0	3.81007	4.79191	2.1035	3.75608	46.4202	62.295	3.42223	4.08508	0	0	0	0
k107_14135718 flag=0 multi=46.4528 len=13357	13357	54.7924	0	0	0.0112601	0.0112889	0	0	0	0	0.091689	0.304583	0	0	3.48533	3.52939	1.48633	1.78779	45.8896	63.4916	3.82819	4.32464	0	0	0	0
k107_28937079 flag=0 multi=54.5639 len=3746	3746	60.6019	0	0	0	0	0	0	0	0	0	0	0	0	4.11556	6.28916	1.63705	1.82371	50.8873	76.7541	3.96196	4.41394	0	0	0	0
k107_8724715 flag=1 multi=10.0000 len=2532	2532	6.64978	0	0	0	0	0	0	0	0	0.135426	0.180845	0	0	3.07085	1.95833	1.55516	2.63976	0.40583	0.366926	1.34709	1.05457	0.135426	0.117138	0	0
k107_10724341 flag=0 multi=39.1255 len=11578	11578	55.5694	0	0	0	0	0	0	0	0	0.0267825	0.0423961	0	0	3.74069	5.60113	1.9083	2.48034	46.3757	64.1748	3.518	5.20136	0	0	0	0
k107_20041155 flag=0 multi=74.0000 len=2698	2698	56.2742	0	0	0	0	0	0	0	0	0.126043	0.17618	0	0	3.41694	2.54581	1.54424	2.10719	46.745	38.9951	4.44199	5.3362	0	0	0	0
k107_23398140 flag=0 multi=102.0058 len=21664	21664	55.5124	0	0	0.0281809	0.027475	0	0	0	0	0.0422713	0.0406028	0	0	3.62747	4.56838	1.96934	2.98358	46.8277	62.7578	3.01035	3.515	0.00702181	0.00701513	0	0
k107_33291575 flag=0 multi=24.0000 len=2730	2730	17.2739	0	0	0	0	0	0	0	0	0	0	0	0	2.72776	5.52348	0.372735	1.02177	12.4436	37.3963	1.72982	1.40337	0	0	0	0
k107_32733490 flag=0 multi=81.0827 len=27148	27148	54.6109	0	0	0	0	0	0	0	0	0.056135	0.110012	0	0	3.69902	4.5056	1.67057	2.10908	45.9822	84.4629	3.20297	4.18564	0	0	0	0
k107_21605388 flag=0 multi=187.1849 len=2638	2638	60.6254	0	0	0	0	0	0	0	0	0.258562	0.484748	0	0	5.0381	5.59169	2.0518	2.54166	48.8583	52.1231	4.41866	4.7599	0	0	0	0
k107_16183042 flag=0 multi=53.0542 len=13521	13521	56.3983	0	0	0	0	0	0	0.0228459	0.0341252	0	0	0	0	3.89833	6.25477	2.03245	2.63515	47.0462	61.1061	3.39844	5.48046	0	0	0	0
k107_7840080 flag=0 multi=45.8604 len=2973	2973	56.6818	0	0	0	0	0	0	0	0	0	0	0	0	2.6331	2.83398	1.63759	2.62341	48.6455	88.6601	3.76563	2.37687	0	0	0	0
k107_13608728 flag=0 multi=112.4087 len=14064	14064	57.5181	0	0	0	0	0	0	0	0	0	0	0	0	3.01373	4.21409	2.01388	2.78949	49.3903	69.0775	3.1002	3.39079	0	0	0	0
k107_3486044 flag=0 multi=98.0229 len=3170	3170	56.1524	0	0	0	0	0	0	0	0	0	0	0	0	3.97664	3.95202	1.70153	3.98251	46.0202	77.4544	4.45397	4.673	0	0	0	0
k107_14146850 flag=0 multi=43.0823 len=5687	5687	52.7552	0	0	0	0	0	0	0	0	0	0	0	0	3.73352	3.86053	2.63918	2.77163	42.1248	142.941	4.25775	4.75376	0	0	0	0
k107_23888708 flag=0 multi=113.8510 len=3603	3603	70.6662	0	0	0	0	0	0	0	0	0.0975462	0.117154	0	0	2.97031	4.03866	2.43563	3.21627	61.5389	107.909	3.62375	4.78707	0	0	0	0
k107_19955677 flag=0 multi=100.2883 len=6698	6698	62.3244	0	0	0.0470607	0.0640721	0	0	0	0	0.047217	0.0587543	0	0	3.33599	5.39891	1.95497	2.30033	52.6643	96.4263	4.27486	6.43267	0	0	0	0
k107_35887826 flag=0 multi=47.6041 len=16077	16077	56.1192	0	0	0	0	0	0	0	0	0.0389857	0.0687137	0	0	3.41864	5.09896	1.59138	2.32647	47.4263	64.6929	3.64387	4.1083	0	0	0	0
k107_26330138 flag=0 multi=61.7468 len=3689	3689	55.4125	0	0	0	0	0	0	0	0	0.177148	0.247972	0	0	3.15087	3.44935	1.79274	2.35496	47.685	105.514	2.60673	2.36067	0	0	0	0
k107_11566631 flag=0 multi=161.4850 len=2509	2509	56.4522	0	0	0	0	0	0	0	0	0	0	0	0	4.25283	3.26657	2.22701	3.62709	46.8899	55.0564	3.08246	3.00489	0	0	0	0
k107_22434803 flag=0 multi=76.6236 len=9726	9726	55.5663	0	0	0	0	0	0	0	0	0.0640917	0.0803664	0	0	3.52812	4.10131	1.87744	2.70769	45.9601	62.9597	4.13657	5.5911	0	0	0	0
k107_11817642 flag=0 multi=71.2399 len=2671	2671	56.6214	0	0	0	0	0	0	0	0	0.12748	0.201649	0	0	4.76783	5.0335	1.7003	2.64843	46.737	58.0226	3.28873	4.25526	0	0	0	0
k107_30023795 flag=0 multi=55.9964 len=5116	5116	58.0058	0	0	0	0	0	0	0	0	0	0	0	0	2.77088	3.70077	1.60906	1.75727	50.8074	65.408	2.81845	3.35076	0	0	0	0
k107_30543447 flag=0 multi=51.5191 len=5376	5376	53.3857	0	0	0	0	0	0	0	0	0	0	0	0	3.31139	2.61084	1.99645	3.66982	45.2958	58.8007	2.78203	4.90784	0	0	0	0
k107_20912679 flag=0 multi=59.5267 len=16284	16284	56.5566	0	0	0.0188963	0.0230478	0	0	0	0	0.0188963	0.024053	0	0	3.73695	4.83743	1.61194	2.14415	47.8462	70.5285	3.32368	3.64063	0	0	0	0
k107_24809791 flag=0 multi=45.0090 len=2546	2546	56.6127	0	0	0	0	0	0	0	0	0	0	0	0	4.07175	8.08662	1.6787	1.01784	48.184	51.911	2.67825	2.66645	0	0	0	0
k107_12423237 flag=0 multi=60.9681 len=5287	5287	56.8614	0	0	0.0605817	0.0789887	0	0	0	0	0	0	0	0	3.78054	2.98656	1.2985	1.9005	47.8979	67.9401	3.82387	5.17235	0	0	0	0
k107_33590106 flag=0 multi=58.2465 len=2529	2529	57.8092	0	0	0	0	0	0	0	0	0	0	0	0	3.57656	3.65718	1.3736	1.32363	49.9982	97.6623	2.8608	1.388	0	0	0	0
k107_33375440 flag=0 multi=73.0000 len=3629	3629	58.532	0	0	0.0904719	0.0963881	0	0	0	0	0.0904719	0.113225	0	0	3.31139	3.83781	0.361286	0.544012	50.5687	53.3448	4.10971	6.91596	0	0	0	0
k107_30251257 flag=0 multi=64.1912 len=28739	28739	55.5998	0	0	0	0	0	0	0	0	0.0424447	0.0517224	0	0	3.63393	4.58141	1.61357	2.91571	46.6306	78.0973	3.67929	4.60136	0	0	0	0
k107_12683848 flag=0 multi=37.0013 len=3862	3862	57.6978	0	0	0.0845506	0.143973	0	0	0	0	0.0845506	0.119247	0	0	3.27921	4.87798	1.29017	1.86662	48.689	78.2756	4.27022	4.562	0	0	0	0
k107_7370988 flag=0 multi=47.2704 len=4008	4008	56.8794	0	0	0	0	0	0	0	0	0	0	0	0	3.45008	3.31308	1.33135	1.61568	47.5389	53.3829	4.55909	15.8404	0	0	0	0
k107_13537512 flag=0 multi=39.6444 len=4947	4947	56.1061	0	0	0	0	0	0	0	0	0	0	0	0	3.34919	4.29954	1.67901	3.95271	48.1632	64.8668	2.91475	5.75056	0	0	0	0
k107_34670270 flag=0 multi=30.7909 len=2881	2881	8.08879	0	0	0	0	0	0	0	0	0.0581621	0.0551453	0	0	2.91431	2.57766	0.524622	1.30673	0.863513	0.773662	3.61187	2.92683	0.116324	0.103425	0	0
k107_32868813 flag=0 multi=56.9947 len=5765	5765	53.6425	0	0	0	0	0	0	0	0	0	0	0	0	3.11514	5.13853	2.33242	3.23866	44.4785	47.6692	3.71646	5.45438	0	0	0	0
k107_1458426 flag=0 multi=69.7497 len=3579	3579	55.6527	0	0	0	0	0	0	0	0	0.0921575	0.128865	0	0	3.50351	4.11438	2.71742	2.72734	46.1724	38.9302	3.16723	3.03557	0	0	0	0
k107_33132452 flag=0 multi=39.9056 len=2924	2924	56.0072	0	0	0	0	0	0	0	0	0.228452	0.722197	0	0	2.75324	3.78238	2.08619	3.56578	48.2731	77.2224	2.66629	2.32492	0	0	0	0
k107_26365479 flag=0 multi=37.1150 len=5418	5418	57.3196	0	0	0	0	0	0	0	0	0	0	0	0	3.29789	4.67095	1.55844	2.74189	48.8159	69.3285	3.64738	4.39762	0	0	0	0
k107_177632 flag=0 multi=145.1779 len=3305	3305	56.8412	0	0	0	0	0	0	0	0	0.100566	0.152433	0	0	3.61738	3.82509	1.9697	2.59061	46.7799	46.0665	4.37363	12.7571	0	0	0	0
k107_7890763 flag=0 multi=122.8245 len=6829	6829	57.8941	0	0	0.0462693	0.0793787	0	0	0	0	0	0	0	0	3.96522	3.71472	2.00552	2.51934	48.5802	90.289	3.29692	4.73056	0	0	0	0
k107_10613760 flag=0 multi=31.0346 len=2593	2593	53.4989	0	0	0	0	0	0	0	0	0	0	0	0	4.07246	4.13167	0.876037	0.663358	45.4902	41.2719	3.06024	4.8102	0	0	0	0
k107_36222 flag=0 multi=55.0455 len=3577	3577	55.3389	0	0	0	0	0	0	0	0	0	0	0	0	2.94076	2.35853	1.74321	3.68661	47.9438	90.5802	2.71114	2.5325	0	0	0	0
k107_5376674 flag=0 multi=56.1031 len=17598	17598	54.7473	0	0	0.0174029	0.0171569	0	0	0.0174607	0.0299929	0.0174607	0.0171571	0	0	3.76133	4.59126	1.70918	2.28344	45.8865	71.0337	3.32077	3.86053	0.0171716	0.0192384	0	0
k107_29526343 flag=0 multi=109.3465 len=3160	3160	59.9335	0	0	0	0	0	0	0	0	0	0	0	0	4.51784	4.40395	2.12701	2.69651	49.549	61.2834	3.73968	6.82484	0	0	0	0
k107_11257151 flag=0 multi=99.9267 len=3898	3898	53.9294	0	0	0	0	0	0	0	0	0.0839822	0.0769496	0	0	4.30256	6.53031	1.92853	3.37776	44.2603	52.126	3.354	3.12717	0	0	0	0
k107_31916998 flag=0 multi=143.0000 len=10062	10062	56.8004	0	0	0	0	0	0	0	0	0.0309426	0.0357167	0	0	3.73545	4.04455	1.96137	2.22139	47.1975	54.5514	3.84416	4.69267	0.0309426	0.0299862	0	0
k107_32874522 flag=0 multi=59.3803 len=2734	2734	62.53	0	0	0	0	0	0	0	0	0.123766	0.168036	0	0	5.30222	35.1053	2.82072	2.73644	50.3503	41.9145	3.93298	3.71271	0	0	0	0
k107_3626649 flag=0 multi=46.4070 len=3117	3117	60.2245	0	0	0	0	0	0	0	0	0	0	0	0	4.44334	8.47378	1.08419	1.14129	51.8099	38.4084	2.88703	4.47579	0	0	0	0
k107_5594754 flag=0 multi=51.1640 len=12405	12405	57.1662	0	0	0.049905	0.135648	0	0	0	0	0.0249525	0.0344107	0	0	3.41188	4.15022	2.21284	3.28391	47.6688	76.5411	3.79782	3.45614	0	0	0	0
k107_12938575 flag=0 multi=47.2584 len=3973	3973	56.2321	0	0	0.0822664	0.129476	0	0	0	0	0	0	0	0	4.52057	7.87264	1.31109	2.04042	46.0518	40.0551	4.26641	6.81928	0	0	0	0
k107_11914958 flag=0 multi=216.7796 len=4449	4449	64.6226	0	0	0	0	0	0	0	0	0.0250784	0.0268641	0	0	4.28117	5.63679	1.75356	1.19784	54.1922	87.2108	4.37063	5.18902	0	0	0	0
k107_14357085 flag=0 multi=58.9844 len=9560	9560	57.733	0	0	0	0	0	0	0	0	0.0326204	0.0391221	0	0	3.56157	3.27348	2.18352	3.16317	48.4955	67.0502	3.45982	5.60012	0	0	0	0
k107_8213696 flag=0 multi=44.1549 len=14461	14461	56.197	0	0	0	0	0	0	0	0	0	0	0	0	3.25517	3.1322	1.56268	1.93672	48.0097	74.4364	3.36945	4.35164	0	0	0	0
k107_35531207 flag=0 multi=262.0359 len=3089	3089	50.6911	0	0	0	0	0	0	0	0	0	0	0	0	2.43811	2.32865	1.77252	1.72696	44.0922	74.7383	2.38823	2.45231	0	0	0	0
k107_1287558 flag=0 multi=39.5104 len=6572	6572	57.5553	0	0	0.0481659	0.0732892	0	0	0	0	0	0	0	0	4.18246	4.65098	1.87735	2.0768	48.2678	83.4032	3.17959	4.23947	0	0	0	0
k107_12142318 flag=0 multi=38.3883 len=2994	2994	52.6712	0	0	0.111813	0.144224	0	0	0	0	0	0	0	0	2.29123	2.57182	1.88299	2.57755	44.5776	52.1536	3.80758	2.48271	0	0	0	0
k107_5206502 flag=0 multi=77.7824 len=8682	8682	58.016	0	0	0	0	0	0	0	0	0.0720764	0.0964814	0	0	3.23055	2.92849	1.79499	3.68788	49.2658	55.8041	3.65263	4.99357	0	0	0	0
k107_7939135 flag=0 multi=71.9583 len=10470	10470	54.7629	0	0	0	0	0	0	0	0	0	0	0	0	3.78236	5.14229	1.66454	2.9309	45.6158	76.8505	3.70024	5.00179	0	0	0	0
k107_24344284 flag=0 multi=52.6529 len=9864	9864	56.2689	0	0	0	0	0	0	0	0	0.0315834	0.0370818	0	0	3.59381	4.26032	1.5275	2.41739	47.9046	52.2274	3.21136	4.10446	0	0	0	0
k107_11549855 flag=0 multi=42.7613 len=4296	4296	57.8465	0	0	0	0	0	0	0	0	0.129194	0.19117	0	0	4.17026	5.70426	1.74161	3.18375	47.4497	99.2995	4.35578	5.30717	0	0	0	0
k107_15973457 flag=0 multi=63.0361 len=5535	5535	56.9721	0	0	0.115039	0.151816	0	0	0	0	0.115421	0.114357	0	0	3.4164	4.26235	1.8563	2.4397	47.6866	59.0556	3.78234	4.67063	0	0	0	0
k107_20784883 flag=0 multi=66.2631 len=19664	19664	57.7536	0	0	0.0154426	0.0305407	0	0	0	0	0.0779362	0.116339	0	0	2.98946	4.184	2.08744	2.40715	48.7297	75.755	3.83798	4.72123	0.0155976	0.0153559	0	0
k107_5303640 flag=0 multi=65.0017 len=12880	12880	57.6453	0	0	0	0	0	0	0.0240102	0.026459	0.0959612	0.163349	0	0	3.37605	4.15314	1.89633	2.11977	48.6775	71.0872	3.57537	5.45223	0	0	0	0
k107_298363 flag=0 multi=105.8807 len=3451	3451	58.5923	0	0	0	0	0	0	0	0	0	0	0	0	3.25627	5.80277	2.2261	4.31447	49.2849	73.377	3.82502	3.77285	0	0	0	0
k107_15661254 flag=0 multi=120.0000 len=3292	3292	55.0324	0	0	0	0	0	0	0	0	0.0505017	0.047966	0	0	3.08395	2.48065	0.607692	1.19989	47.5485	62.2381	3.74181	6.0659	0	0	0	0
k107_9471744 flag=0 multi=39.9153 len=8327	8327	55.9807	0	0	0	0	0	0	0	0	0.0375078	0.0362146	0	0	2.99738	2.7646	1.56374	2.65548	47.8421	95.2142	3.53994	3.76822	0	0	0	0
k107_3285463 flag=0 multi=107.5803 len=16523	16523	56.7651	0	0	0	0	0	0	0	0	0.0186178	0.0255372	0	0	2.88459	3.40805	1.84841	2.17813	48.223	68.5274	3.7904	4.761	0	0	0	0
k107_8501745 flag=0 multi=53.2985 len=6111	6111	56.0143	0	0	0	0	0	0	0	0	0	0	0	0	3.61766	4.70429	1.35514	2.18586	47.6387	49.2905	3.40282	3.54909	0	0	0	0
k107_14311767 flag=0 multi=89.0165 len=2837	2837	56.4406	0	0	0	0	0	0	0	0	0	0	0	0	4.43037	4.35178	2.70296	5.55782	45.8469	34.4567	3.46036	2.67232	0	0	0	0
k107_8528304 flag=0 multi=56.7439 len=5034	5034	55.5843	0	0	0	0	0	0	0	0	0	0	0	0	3.85186	5.229	1.64856	2.27662	46.1602	83.3239	3.92371	5.49602	0	0	0	0
k107_5777991 flag=0 multi=59.3453 len=12970	12970	55.3398	0	0	0	0	0	0	0	0	0.0238396	0.0248596	0	0	3.45714	5.16317	1.36699	1.65577	46.5452	76.4098	3.94672	5.35469	0	0	0	0
k107_14281226 flag=0 multi=101.7238 len=4546	4546	54.3417	0	0	0	0	0	0	0	0	0	0	0	0	3.34826	4.98585	1.38124	2.12581	46.2243	68.9188	3.38784	3.2685	0	0	0	0
k107_26717557 flag=0 multi=71.9910 len=12640	12640	55.4793	0	0	0	0	0	0	0	0	0.0243962	0.0238834	0	0	3.42446	2.96258	1.71089	3.00718	46.6945	77.8663	3.62506	6.47339	0	0	0	0
k107_35766593 flag=0 multi=53.9737 len=10184	10184	55.3244	0.0304594	0.0517003	0.0305606	0.035105	0	0	0	0	0.0305606	0.0369179	0	0	3.39506	3.33341	1.96823	3.40778	46.6719	79.3073	3.19763	4.10415	0	0	0	0
k107_2899272 flag=0 multi=104.9531 len=11730	11730	58.5868	0	0	0	0	0	0	0	0	0.0264263	0.0283557	0	0	3.65497	3.59619	1.75963	2.54799	49.2583	53.5891	3.86104	4.72522	0.0264263	0.0381602	0	0
k107_33517321 flag=0 multi=83.3867 len=5913	5913	53.9512	0	0	0.0538228	0.0705436	0	0	0	0	0	0	0	0	3.86544	4.5194	0.997148	1.58656	45.661	55.0495	3.37373	2.91865	0	0	0	0
k107_25769035 flag=0 multi=73.7594 len=3145	3145	54.4418	0	0	0	0	0	0	0	0	0	0	0	0	3.72599	3.9905	1.48364	1.94098	46.5487	58.6587	2.68343	3.21919	0	0	0	0
k107_882184 flag=0 multi=95.2934 len=3894	3894	58.4053	0	0	0	0	0	0	0	0	0	0	0	0	3.45518	2.65063	1.72745	1.76862	49.8566	112.743	3.36609	5.05107	0	0	0	0
k107_10610838 flag=0 multi=60.2429 len=14715	14715	56.5036	0	0	0	0	0	0	0	0	0	0	0	0	4.13918	4.32924	2.03469	2.74914	46.7663	66.2782	3.56338	4.58563	0	0	0	0
k107_2123922 flag=0 multi=112.8173 len=4963	4963	53.7056	0	0	0.0643639	0.0829279	0	0	0	0	0.129586	0.152298	0	0	4.07531	4.31333	1.85025	1.81428	44.1581	48.5005	3.42802	3.08806	0	0	0	0
k107_4415881 flag=0 multi=80.7000 len=19924	19924	56.5297	0	0	0	0	0	0	0	0	0.0461217	0.0627751	0	0	3.6532	4.07468	1.96881	2.31496	47.0312	56.2588	3.83034	5.49151	0	0	0	0
k107_11886244 flag=0 multi=74.1473 len=4588	4588	52.2616	0	0	0	0	0	0	0	0	0	0	0	0	2.9293	3.48328	1.16356	1.37392	44.4139	77.4816	3.75478	3.47521	0	0	0	0
