contigName	contigLen	totalAvgDepth	Cen01_MA.bam	Cen01_MA.bam-var	Cen03_MA.bam	Cen03_MA.bam-var	Cen04_MA.bam	Cen04_MA.bam-var	Cen05_MA.bam	Cen05_MA.bam-var	Cen06_MA.bam	Cen06_MA.bam-var	Cen07_MA.bam	Cen07_MA.bam-var	Cen10_MA.bam	Cen10_MA.bam-var	Cen12_MA.bam	Cen12_MA.bam-var	Cen14_MA.bam	Cen14_MA.bam-var	Cen15_MA.bam	Cen15_MA.bam-var	Cen16_MA.bam	Cen16_MA.bam-var	Cen17_MA.bam	Cen17_MA.bam-var
k107_8293183 flag=0 multi=53.0298 len=2656	2656	25.2247	0	0	0	0	0	0	0	0	0	0	0	0	1.66398	1.94793	11.1725	17.5693	2.79609	3.80742	9.59218	6.30565	0	0	0	0
k107_10984162 flag=0 multi=25.0000 len=6231	6231	31.4986	0	0	0	0	0	0	0	0	0	0	0	0	2.65795	3.07446	16.3942	17.3987	1.96728	2.65087	10.4792	15.7931	0	0	0	0
k107_30675672 flag=0 multi=38.6794 len=3916	3916	25.9117	0	0	0	0	0	0	0	0	0.0835639	0.0970878	0	0	1.77338	1.95728	14.4081	23.8612	2.24267	3.21062	7.40398	14.3749	0	0	0	0
k107_303866 flag=0 multi=31.8280 len=31875	31875	28.3393	0	0	0.00943844	0.0187849	0	0	0	0	0.0667026	0.10046	0	0	2.1634	2.84183	14.7305	24.0284	2.5385	3.81047	8.83074	11.4349	0	0	0	0
k107_13933192 flag=0 multi=34.6525 len=2654	2654	29.9281	0	0	0	0	0	0	0	0	0	0	0	0	2.02338	1.40048	15.2725	24.5487	2.57568	2.15292	10.0565	11.1028	0	0	0	0
k107_9559176 flag=0 multi=55.0000 len=9170	9170	27.3902	0	0	0.0067659	0.00683212	0	0	0	0	0.126184	0.1372	0.034055	0.0583866	1.55627	1.50358	15.2351	27.628	2.54285	4.31096	7.88893	12.4405	0	0	0	0
k107_26927164 flag=0 multi=24.0321 len=8395	8395	27.366	0	0	0.0373162	0.0376594	0	0	0	0	0.0428766	0.0525299	0	0	2.02212	2.41576	13.9042	25.1909	2.14296	2.86589	9.21648	16.0951	0	0	0	0
k107_4355934 flag=0 multi=77.9303 len=14731	14731	28.7023	0	0	0	0	0	0	0	0	0.0418601	0.048568	0.0209301	0.0297739	2.04422	2.34088	14.9601	20.4254	2.79534	3.73871	8.83984	16.9006	0	0	0	0
k107_459536 flag=0 multi=26.9957 len=12993	12993	28.4633	0	0	0	0	0	0	0	0	0	0	0	0	2.13238	2.16601	14.9051	16.0767	2.76408	4.5997	8.66173	11.5537	0	0	0	0
k107_13512266 flag=0 multi=27.0076 len=10659	10659	30.1343	0	0	0	0	0	0	0	0	0.0575456	0.0789635	0.029159	0.0375828	2.53008	2.23001	15.197	21.6959	2.90412	3.5471	9.41643	12.8605	0	0	0	0
k107_33796468 flag=0 multi=31.9395 len=38014	38014	28.725	0	0	0.0159631	0.0213258	0	0	0	0	0.0560299	0.0866101	0.0160161	0.0179328	2.16496	2.56888	15.142	21.8028	2.39926	3.2423	8.93084	12.8842	0	0	0	0
k107_9008237 flag=0 multi=36.0647 len=19531	19531	28.8604	0	0	0	0	0	0	0	0	0.0157054	0.0166028	0.0392636	0.0920446	2.26954	2.95525	15.2544	19.0253	2.29648	3.15336	8.98502	12.0002	0	0	0	0
k107_32539063 flag=0 multi=179.2405 len=7838	7838	29.1575	0.0400743	0.0594504	0	0	0.0197718	0.0196337	0	0	0.0400743	0.0642287	0	0	1.83559	3.25604	15.4262	15.6352	2.68737	3.12935	9.10841	9.6424	0	0	0	0
k107_8273662 flag=0 multi=50.4766 len=14489	14489	29.3638	0	0	0	0	0	0	0	0	0.0425742	0.0621878	0	0	2.2085	1.88242	14.826	19.5618	2.73137	3.45161	9.55537	10.6722	0	0	0	0
k107_3500894 flag=0 multi=38.9905 len=39763	39763	29.3813	0	0	0	0	0.00765313	0.011954	0	0	0.0305618	0.0485354	0.00760244	0.0112441	2.43998	3.08238	15.6547	20.7366	2.46763	3.68217	8.77314	11.8584	0	0	0	0
k107_2201057 flag=0 multi=37.3147 len=22678	22678	29.132	0	0	0.0134966	0.0133152	0	0	0	0	0.0134966	0.0161757	0	0	2.14212	2.53201	15.5583	18.3601	2.35364	2.54569	9.05095	13.4498	0	0	0	0
k107_12110497 flag=0 multi=27.7447 len=21584	21584	28.9066	0	0	0.0140964	0.0164383	0	0	0	0	0.0282398	0.0401676	0	0	2.08942	2.58827	15.9448	20.7818	2.43436	3.46164	8.39564	10.1823	0	0	0	0
k107_11397493 flag=0 multi=38.5866 len=22474	22474	28.8996	0	0	0.0136208	0.0156893	0	0	0	0	0.0136208	0.0175843	0	0	2.24914	2.56928	15.3884	28.9511	2.31179	3.62521	8.92301	13.621	0	0	0	0
k107_5257757 flag=0 multi=42.1040 len=16019	16019	28.9709	0	0	0.0384297	0.0501866	0	0	0	0	0	0	0	0	2.15366	4.20454	15.2688	25.2582	2.91716	4.12721	8.59286	11.7483	0	0	0	0
k107_8967012 flag=0 multi=56.0509 len=8556	8556	29.7418	0	0	0	0	0	0	0	0	0	0	0	0	2.49528	3.54586	15.4404	14.1064	2.91774	4.2251	8.88842	12.6746	0	0	0	0
k107_16885148 flag=0 multi=30.0887 len=13496	13496	28.6001	0	0	0	0	0	0	0	0	0.0228134	0.0372226	0	0	2.24216	3.95073	15.1046	24.0846	2.40988	3.58601	8.82068	13.6576	0	0	0	0
k107_1066068 flag=0 multi=47.8039 len=28172	28172	28.438	0	0	0.010836	0.0190471	0	0	0	0	0.010836	0.0107226	0	0	2.13122	2.4621	14.5203	21.3566	2.46423	3.02136	9.3005	12.0768	0	0	0	0
k107_19147983 flag=0 multi=40.0470 len=19558	19558	28.6503	0	0	0	0	0	0	0	0	0.0468945	0.072987	0.0156834	0.019488	2.05983	3.18702	15.1197	20.6558	2.73208	3.40446	8.6761	12.5541	0	0	0	0
k107_28765085 flag=0 multi=29.6008 len=27083	27083	28.6007	0	0	0	0	0	0	0	0	0.03383	0.0449468	0.0673612	0.1181	2.14831	2.48606	15.2332	21.7311	2.40137	2.93566	8.70546	9.75703	0.0112393	0.0165265	0	0
k107_11914623 flag=0 multi=22.0566 len=9741	9741	30.2935	0	0	0	0	0	0	0	0	0.0957729	0.130412	0	0	3.54709	5.65246	15.1009	22.7176	2.67052	3.45744	8.87922	16.1611	0	0	0	0
k107_12017348 flag=0 multi=25.0286 len=2555	2555	30.4239	0	0	0	0	0	0	0	0	0	0	0	0	2.26454	3.40407	15.7705	14.5407	3.47359	7.50517	8.91522	9.9166	0	0	0	0
k107_2158879 flag=0 multi=32.8776 len=50221	50221	29.2423	0	0	0	0	0	0	0	0	0.0241591	0.0309254	0	0	2.29085	3.0713	16.0235	21.4446	2.35269	3.33971	8.55109	13.0414	0	0	0	0
k107_33824190 flag=0 multi=31.0325 len=10183	10183	27.4659	0	0	0	0	0	0	0	0	0	0	0	0	2.07165	2.28637	14.4803	23.4117	2.44368	3.43066	8.4703	16.7926	0	0	0	0
k107_8771061 flag=0 multi=32.4210 len=30858	30858	27.8506	0	0	0	0	0	0	0	0	0.0491229	0.0802931	0.00988349	0.0116149	2.31558	2.68235	13.7491	20.2407	2.44904	3.20017	9.27788	14.1305	0	0	0	0
k107_25136971 flag=0 multi=22.0268 len=8390	8390	28.9249	0	0	0	0	0	0	0	0	0.0373393	0.0557412	0	0	1.92582	1.95304	15.1867	17.3913	2.54167	4.22631	9.23343	13.9171	0	0	0	0
k107_206906 flag=0 multi=28.0106 len=51250	51250	27.7452	0	0	0.00531915	0.00906098	0	0	0	0	0.0414737	0.0610379	0.0118552	0.0132483	2.41118	2.95295	14.4771	23.3572	2.20711	2.77201	8.59119	10.8396	0	0	0	0
k107_6254982 flag=0 multi=30.8730 len=92730	92730	28.8254	0	0	0.00661055	0.0112728	0	0	0	0	0.0326633	0.0446249	0.00326741	0.00439789	2.3897	3.09287	15.0615	21.5607	2.45311	3.39228	8.8786	12.9201	0	0	0	0
k107_2210572 flag=0 multi=27.1417 len=24001	24001	29.0677	0	0	0.0127432	0.0149392	0	0	0	0	0.0445588	0.0526481	0	0	2.05089	2.85596	15.6568	18.1123	2.74117	4.2867	8.5615	9.97058	0	0	0	0
k107_6131375 flag=0 multi=33.6861 len=27139	27139	28.607	0	0	0	0	0	0	0	0	0.0223199	0.0320704	0.0112531	0.0129888	2.19417	2.67804	15.307	22.4777	2.3579	3.48559	8.71439	11.8234	0	0	0	0
k107_4221280 flag=0 multi=38.3815 len=35768	35768	27.8225	0.00414481	0.00423869	0	0	0.0207523	0.042106	0	0	0.139063	0.252128	0.0126882	0.0195043	2.18274	2.65696	14.3986	16.5467	2.14608	3.2025	8.91849	10.1741	0	0	0	0
k107_31054103 flag=0 multi=42.0594 len=66314	66314	28.0632	0	0	0	0	0	0	0	0	0.0594589	0.0797815	0.0137096	0.0179948	2.14144	3.19576	14.5168	21.5963	2.49732	3.48439	8.83449	12.8967	0	0	0	0
k107_10856959 flag=0 multi=32.0044 len=30433	30433	28.0586	0	0	0.0200458	0.0635677	0	0	0	0	0.0901065	0.119741	0.0100229	0.0120405	2.29352	2.59091	14.5156	20.3027	2.45269	3.20563	8.67661	10.891	0	0	0	0
k107_6761789 flag=0 multi=60.2556 len=47997	47997	28.6113	0	0	0	0	0	0	0	0	0.0410945	0.0830832	0.0063319	0.0116359	2.26758	3.35639	14.5851	20.6352	2.47944	3.30105	9.23181	12.7062	0	0	0	0
k107_20947018 flag=0 multi=30.2320 len=23301	23301	29.2032	0	0	0.013131	0.0223551	0	0	0	0	0.0261316	0.0410553	0	0	2.46902	3.24529	15.0733	24.3188	2.55768	3.60468	9.06396	11.9394	0	0	0	0
k107_27305081 flag=0 multi=21.0317 len=6915	6915	26.0213	0	0	0	0	0	0	0	0	0	0	0	0	2.15061	2.08015	13.9335	30.4866	1.9817	2.54715	7.95554	13.4061	0	0	0	0
k107_761548 flag=0 multi=36.0049 len=55790	55790	28.6548	0	0	0.00544262	0.00811644	0	0	0	0	0.0380623	0.0529164	0.0162918	0.0193231	2.16658	2.88821	14.8427	20.9956	2.65138	3.86436	8.93438	11.8545	0	0	0	0
k107_4893251 flag=0 multi=24.8194 len=4177	4177	28.9019	0	0	0	0	0	0	0	0	0	0	0	0	2.784	2.57708	14.7892	21.5271	2.00697	4.24304	9.32181	14.7869	0	0	0	0
k107_1762729 flag=0 multi=41.6032 len=25382	25382	28.8989	0	0	0.0120415	0.0119043	0	0	0	0	0.0361244	0.0559867	0.0120415	0.0118996	2.10901	2.49393	14.8182	23.9503	2.76188	3.87557	9.1496	13.0296	0	0	0	0
k107_19379845 flag=0 multi=447.1535 len=2628	2628	27.7631	0	0	0	0	0	0	0	0	0.129837	0.137971	0	0	2.85211	6.26437	12.8448	13.64	2.36758	2.05688	9.56879	6.27165	0	0	0	0
k107_18962621 flag=0 multi=47.6765 len=22378	22378	28.2543	0	0	0	0	0	0	0	0	0.0545842	0.0773017	0	0	2.3039	3.05011	15.1342	22.4343	2.02496	2.90222	8.73668	10.8355	0	0	0	0
k107_33985492 flag=0 multi=51.0230 len=7539	7539	28.5471	0	0	0	0	0	0	0	0	0.0413155	0.0399926	0	0	2.45378	2.58749	14.5196	21.7296	2.99503	4.05764	8.53738	14.201	0	0	0	0
k107_17383622 flag=0 multi=67.0000 len=27568	27568	28.5065	0	0	0.0110761	0.0144014	0	0	0	0	0.0221155	0.0299494	0.0110761	0.0170418	2.42214	2.66096	15.3335	21.6121	2.34416	2.99283	8.36236	8.46527	0	0	0	0
k107_20002571 flag=0 multi=87.9776 len=13819	13819	29.3904	0	0	0.0223422	0.0347158	0	0	0	0	0.0557816	0.0533258	0	0	2.26892	3.79478	15.0911	20.7399	2.25916	3.6081	9.69305	15.4762	0	0	0	0
k107_7231787 flag=0 multi=64.0000 len=15144	15144	28.813	0	0	0	0	0	0	0	0	0.10888	0.219049	0.0203477	0.0199351	2.23508	2.41562	14.8902	22.1308	2.59527	3.11547	8.96321	11.927	0	0	0	0
k107_4960422 flag=0 multi=35.2746 len=56209	56209	27.5932	0	0	0.0107858	0.0132671	0	0	0	0	0.0486165	0.0605687	0	0	2.31127	3.02379	14.6471	21.1975	2.11262	2.93644	8.46282	11.7676	0	0	0	0
k107_6885380 flag=0 multi=35.0000 len=33362	33362	28.2609	0	0	0	0	0	0	0	0	0.0274047	0.0385047	0	0	2.45269	2.74074	14.7152	22.1143	2.37269	3.29906	8.69295	10.9062	0	0	0	0
k107_19594247 flag=0 multi=30.9448 len=65980	65980	28.9853	0	0	0.0137793	0.0186699	0	0	0	0	0.0367246	0.0902851	0.0137337	0.0153034	2.09929	2.68495	15.0085	21.6533	2.46349	3.38301	9.34978	14.8162	0	0	0	0
k107_34803938 flag=0 multi=20.0000 len=6853	6853	27.9765	0	0	0	0	0	0	0	0	0.0456419	0.0763526	0	0	2.66997	2.65568	14.3025	17.2802	3.02732	4.95108	7.931	8.15654	0	0	0	0
k107_1657104 flag=0 multi=31.5536 len=33097	33097	27.9885	0	0	0	0	0	0	0	0	0.00920872	0.0119945	0.0183565	0.0613801	2.34822	3.35911	14.4899	21.7717	2.36567	3.91542	8.75716	11.1746	0	0	0	0
k107_3741129 flag=0 multi=24.5322 len=20992	20992	27.8579	0	0	0.0145964	0.0220214	0	0	0	0	0.0291928	0.0385903	0	0	2.2638	2.88499	14.3901	19.1511	2.43707	3.23387	8.72315	11.0433	0	0	0	0
k107_3028873 flag=0 multi=31.6546 len=82842	82842	28.1084	0	0	0.00364672	0.00363228	0	0	0	0	0.0548461	0.102464	0.00731766	0.00937735	2.13006	2.90475	14.9637	20.2885	2.24749	3.4021	8.70134	11.4037	0	0	0	0
k107_10399657 flag=0 multi=60.0308 len=5830	5830	28.5056	0	0	0	0	0	0	0	0	0.0542692	0.0516601	0	0	2.93759	3.47431	15.6624	21.9023	1.95821	2.58526	7.89309	13.9661	0	0	0	0
k107_8531952 flag=0 multi=39.2627 len=65335	65335	28.2525	0	0	0.0046438	0.00588665	0	0	0	0	0.067335	0.116582	0.00928759	0.0146203	2.33294	2.80114	14.9203	21.0527	2.31553	3.26938	8.60242	12.8747	0	0	0	0
k107_4131071 flag=0 multi=34.0039 len=28231	28231	27.8401	0	0	0	0	0	0	0	0	0.0324036	0.0455291	0.0108131	0.0190039	2.02646	2.6158	14.4795	20.8632	2.56755	3.58287	8.72344	12.6496	0	0	0	0
k107_7583384 flag=0 multi=79.8964 len=5215	5215	26.7531	0	0	0	0	0	0	0	0	0	0	0	0	2.19784	2.77993	13.1203	9.9374	2.92347	3.34345	8.5115	9.34027	0	0	0	0
k107_2240616 flag=0 multi=27.0423 len=13288	13288	27.3881	0	0	0	0	0	0	0	0	0.0697674	0.0813844	0	0	1.9799	2.41299	14.1409	20.8088	2.49245	2.87772	8.70507	11.3171	0	0	0	0
k107_16437761 flag=0 multi=31.7099 len=18932	18932	27.005	0	0	0	0	0	0	0	0	0.0162104	0.0185294	0.0162104	0.0169175	2.14589	2.15513	14.4951	18.0162	2.25631	3.5392	8.07536	11.8323	0	0	0	0
k107_11499840 flag=0 multi=30.3833 len=31405	31405	28.3011	0	0	0.00970967	0.0132803	0	0	0	0	0.0679356	0.0928715	0	0	2.39147	3.2655	14.5856	20.2538	2.47008	3.47317	8.77629	13.4034	0	0	0	0
k107_3676607 flag=0 multi=63.0248 len=20490	20490	28.0646	0	0	0	0	0	0	0	0	0.0299188	0.0545649	0	0	2.09486	2.36686	14.9833	17.6744	2.49926	3.71297	8.4573	12.0003	0	0	0	0
k107_3214141 flag=0 multi=27.1573 len=10749	10749	29.0806	0	0	0	0	0	0	0	0	0.0289078	0.0474033	0	0	3.24974	3.36146	14.279	15.9138	2.46645	3.70566	9.05648	14.9988	0	0	0	0
k107_12665048 flag=0 multi=47.0157 len=8691	8691	28.3375	0	0	0	0	0	0	0	0	0.0359995	0.0478178	0	0	2.05424	2.61976	15.2102	16.8403	2.95434	3.52077	8.08273	9.69089	0	0	0	0
k107_21386713 flag=0 multi=25.0074 len=21736	21736	28.7923	0	0	0	0	0	0	0	0	0.0352244	0.0476928	0.0281795	0.0360646	2.11734	2.53755	14.5966	19.3307	2.92129	2.84534	9.09368	12.0503	0	0	0	0
k107_9241343 flag=0 multi=25.2497 len=8920	8920	30.2162	0	0	0	0	0	0	0	0	0.0350429	0.0574915	0	0	2.61824	2.02347	15.7195	20.5068	2.72093	3.94772	9.12242	11.8637	0	0	0	0
k107_25651509 flag=0 multi=23.0279 len=5344	5344	26.7144	0	0	0	0	0	0	0	0	0	0	0	0	2.45061	2.26509	14.524	18.5851	2.49901	3.6605	7.24078	14.6047	0	0	0	0
k107_9981411 flag=0 multi=55.8743 len=53602	53602	29.0471	0	0	0	0	0	0	0	0	0.0452158	0.0553757	0	0	2.25201	2.77254	15.6575	23.8481	2.28041	3.61335	8.81203	13.902	0	0	0	0
k107_25144211 flag=0 multi=31.1242 len=26134	26134	28.6679	0	0	0	0	0	0	0	0	0.0584159	0.0733902	0	0	2.1696	3.01045	14.953	19.6718	2.66073	3.24948	8.82615	10.5525	0	0	0	0
k107_10475812 flag=0 multi=43.0362 len=17326	17326	27.6655	0	0	0	0	0	0	0	0	0.0177397	0.0193032	0	0	2.29917	3.09289	14.3705	17.1854	2.29717	3.88039	8.68086	14.6114	0	0	0	0
k107_1441377 flag=0 multi=32.5051 len=5033	5033	28.0839	0	0	0	0	0	0	0	0	0	0	0	0	1.97062	2.41261	15.0239	20.746	2.08962	1.35232	8.99979	9.42893	0	0	0	0
k107_4251395 flag=0 multi=28.0500 len=24767	24767	28.6138	0	0	0	0	0	0	0	0	0.0246066	0.0342178	0.0123442	0.0212434	2.58582	3.32797	15.1304	16.2262	2.22935	3.2862	8.63131	12.1852	0	0	0	0
k107_6674948 flag=0 multi=35.3647 len=42919	42919	28.9617	0	0	0	0	0	0	0	0	0.0424948	0.0577485	0.0141727	0.0188539	2.31433	2.50825	15.2265	19.217	2.37464	3.05881	8.98956	13.6438	0	0	0	0
k107_17311182 flag=0 multi=95.0154 len=10076	10076	29.1751	0	0	0	0	0	0	0	0	0.0388787	0.0373764	0.0308983	0.0428347	2.5221	2.75784	14.7891	24.2833	2.81308	5.05198	8.98097	13.2099	0	0	0	0
k107_699206 flag=0 multi=32.4362 len=56234	56234	28.3276	0	0	0.0107988	0.0155146	0	0	0	0	0.0646142	0.100367	0.0107631	0.0172661	2.27494	2.55994	14.8713	22.5623	2.32972	2.88013	8.76545	12.0755	0	0	0	0
k107_10069434 flag=0 multi=23.0242 len=11157	11157	28.5931	0	0	0	0	0	0	0	0	0.0833717	0.103401	0.0278213	0.0316517	2.47305	3.45838	14.824	25.3723	2.33422	3.43415	8.85067	11.3005	0	0	0	0
k107_2181193 flag=0 multi=37.0004 len=36104	36104	28.1801	0	0	0	0	0	0	0	0	0.0589073	0.0739838	0	0	2.36688	3.4822	14.7438	20.6264	2.49824	3.29578	8.51226	12.1059	0	0	0	0
k107_17383218 flag=0 multi=31.0696 len=11857	11857	27.7376	0	0	0	0	0	0	0	0	0.0929468	0.112196	0	0	2.12142	2.33763	14.837	25.2776	2.15266	2.78144	8.53354	12.2954	0	0	0	0
k107_3143251 flag=0 multi=28.0066 len=3292	3292	28.8676	0	0	0.0284281	0.0276297	0	0	0	0	0	0	0	0	2.35452	3.82181	13.8559	20.0167	2.96321	1.9113	9.66555	16.1318	0	0	0	0
k107_4768274 flag=0 multi=43.3341 len=30923	30923	27.2855	0	0	0	0	0	0	0	0	0.0492472	0.0674002	0.00986251	0.013227	2.31906	3.09252	13.9513	23.0233	2.21237	2.81051	8.74367	10.3407	0	0	0	0
k107_9661664 flag=0 multi=52.0120 len=19687	19687	29.4992	0	0	0	0	0	0	0	0	0.0467372	0.061901	0.0311581	0.0539254	2.21486	2.88669	15.6185	25.2803	2.49141	3.63588	9.09657	13.2269	0	0	0	0
k107_18162232 flag=0 multi=43.9898 len=14477	14477	28.1661	0	0	0	0	0	0	0	0	0.0426102	0.113902	0	0	2.4297	3.39934	14.1426	23.252	2.2764	3.35937	9.27485	13.4849	0	0	0	0
k107_27047570 flag=0 multi=41.0359 len=53726	53726	27.9968	0	0	0.00565289	0.00599532	0	0	0.00565289	0.0079036	0.056454	0.0727867	0.01694	0.0363232	2.26029	3.00575	14.5289	22.5903	2.61373	3.15126	8.50913	12.014	0	0	0	0
k107_11971088 flag=0 multi=26.0184 len=10349	10349	28.5073	0	0	0	0	0	0	0	0	0.0901762	0.118276	0	0	2.36399	2.23216	14.4267	29.1823	2.54175	2.21358	9.0847	15.4099	0	0	0	0
k107_23865330 flag=0 multi=31.0197 len=2845	2845	27.1463	0	0	0	0	0	0	0	0	0	0	0.235942	0.366061	2.31223	2.34325	15.523	21.9402	2.45183	4.89642	6.62328	5.03604	0	0	0	0
k107_30896967 flag=0 multi=49.1409 len=4038	4038	25.416	0	0	0	0	0	0	0	0	0	0	0	0	2.22832	3.90378	13.292	18.8558	2.06504	2.28828	7.83057	9.61693	0	0	0	0
k107_18789638 flag=0 multi=29.9988 len=50814	50814	28.7587	0.0029102	0.00298105	0.0268055	0.0350571	0.0029102	0.00298105	0.0087504	0.019518	0.0745961	0.0942349	0.0119576	0.0160828	2.41228	2.89195	14.7877	23.2713	2.59762	3.17305	8.83319	12.2408	0	0	0	0
k107_8803600 flag=0 multi=57.0160 len=12251	12251	26.8797	0	0	0	0	0	0	0	0	0	0	0	0	1.88158	2.13876	14.056	21.8356	2.44882	2.85825	8.49335	11.7526	0	0	0	0
k107_10836763 flag=0 multi=117.6000 len=8337	8337	28.3727	0	0	0	0	0	0	0	0	0.0375856	0.0635549	0	0	2.2636	2.40341	14.8402	20.6715	2.19764	2.65238	9.03373	8.98395	0	0	0	0
k107_18959948 flag=0 multi=42.1051 len=23528	23528	27.4476	0	0	0.0130027	0.0175725	0	0	0	0	0.0260053	0.0287728	0.0130027	0.01766	1.75725	2.43857	14.8367	26.1162	2.34982	2.96977	8.45174	12.2788	0	0	0	0
k107_19004681 flag=0 multi=78.6590 len=14205	14205	28.3434	0	0	0.0434439	0.0789439	0	0	0	0	0.0650219	0.0852498	0.0434439	0.0693295	2.43437	2.64564	14.2543	28.5423	2.72704	2.91415	8.7758	15.3466	0	0	0	0
k107_1806928 flag=0 multi=28.2785 len=11689	11689	27.7591	0	0	0	0	0	0	0	0	0	0	0.0265215	0.0402231	2.10371	3.2441	14.9821	22.2344	2.52288	4.26576	8.12391	11.9086	0	0	0	0
k107_12872664 flag=0 multi=30.9838 len=6829	6829	29.1022	0	0	0	0	0	0	0	0	0.0925387	0.122899	0	0	2.2937	2.89729	15.7388	21.4883	2.25341	2.75799	8.72376	12.8571	0	0	0	0
k107_21212493 flag=0 multi=30.4975 len=59212	59212	28.4675	0	0	0	0	0	0	0	0	0.0256153	0.0359881	0.00512646	0.00693533	2.11993	2.43892	14.7925	23.0026	2.39852	3.30443	9.12587	12.574	0	0	0	0
k107_1339220 flag=0 multi=26.7401 len=21722	21722	27.7809	0	0	0	0	0	0	0	0	0.0422502	0.0631929	0.014099	0.0139126	2.03553	2.63213	14.6735	22.473	2.519	3.47738	8.49645	11.695	0	0	0	0
k107_19064729 flag=0 multi=37.1576 len=38464	38464	27.6259	0	0	0.00791363	0.0135631	0	0	0	0	0.0316545	0.0404417	0.00791363	0.00863597	2.13257	2.72171	14.4152	21.8165	2.49138	3.70396	8.53928	10.1574	0	0	0	0
k107_22010159 flag=0 multi=32.7083 len=13125	13125	29.1899	0	0	0	0	0	0	0	0	0.0234734	0.0229934	0	0	2.65585	3.8118	15.246	17.8036	3.05124	4.73781	8.21329	10.8292	0	0	0	0
k107_11474469 flag=0 multi=38.0068 len=22475	22475	28.1446	0	0	0	0	0	0	0	0	0	0	0	0	2.51648	3.27049	15.2094	23.3473	2.17142	3.74537	8.24724	11.2346	0	0	0	0
k107_22147410 flag=0 multi=49.9862 len=27763	27763	28.2913	0	0	0	0	0	0	0	0	0.0109974	0.0164859	0	0	2.23641	3.16921	15.0505	21.8594	2.23688	3.25587	8.75645	11.1099	0	0	0	0
k107_8892638 flag=0 multi=32.3089 len=13678	13678	27.0932	0	0	0	0	0	0	0	0	0.0897129	0.126884	0	0	2.10653	3.52157	14.0788	18.8146	2.06295	2.68061	8.75523	11.0473	0	0	0	0
k107_23083348 flag=0 multi=24.7376 len=8823	8823	28.28	0	0	0	0	0	0	0	0	0.106326	0.172997	0	0	1.95177	2.62339	14.4654	15.8357	2.41098	3.1312	9.3455	7.21828	0	0	0	0
k107_10289914 flag=0 multi=23.9893 len=15189	15189	26.0232	0	0	0	0	0	0	0	0	0	0	0	0	1.93713	2.30991	11.6741	26.8166	2.45301	5.15874	9.95896	15.8753	0	0	0	0
k107_22415075 flag=0 multi=22.0000 len=7416	7416	27.8143	0	0	0	0	0	0	0	0	0.084903	0.112004	0	0	2.1982	2.17095	14.5917	21.5569	2.55089	3.55454	8.38867	9.21815	0	0	0	0
k107_8505121 flag=0 multi=47.5459 len=15564	15564	28.9893	0	0	0	0	0	0	0	0	0.0395754	0.0732662	0	0	2.16544	3.10445	15.3268	18.092	2.4789	3.45954	8.97851	13.3005	0	0	0	0
k107_22242180 flag=0 multi=28.0401 len=26256	26256	28.8804	0	0	0	0	0	0	0	0	0.104608	0.194021	0.011636	0.0177421	2.13173	2.60245	14.9788	24.6319	2.51784	3.52495	9.13578	12.3467	0	0	0	0
k107_5933916 flag=0 multi=77.0778 len=6267	6267	28.4711	0	0	0	0	0	0	0	0	0.0506287	0.0487443	0	0	1.84912	1.42697	14.1792	16.7651	2.64091	3.85914	9.75121	16.2335	0	0	0	0
k107_4817100 flag=0 multi=25.0028 len=43900	43900	29.0025	0.00690399	0.006881	0	0	0	0	0	0	0.0553236	0.0850185	0.013785	0.0190218	2.38655	3.08105	15.1641	18.6773	2.48807	4.22634	8.8877	14.0169	0	0	0	0
k107_8546293 flag=0 multi=44.3342 len=19407	19407	27.6027	0	0	0	0	0	0	0	0	0.0158074	0.0232006	0	0	2.1351	2.22267	15.3921	21.0717	2.3675	3.11192	7.69217	9.01437	0	0	0	0
k107_24914634 flag=0 multi=69.3724 len=10881	10881	28.7383	0	0	0	0	0	0	0	0	0.0570942	0.0734945	0.0285471	0.055893	2.23329	2.94288	14.6928	32.6611	2.48662	3.66637	9.24	10.604	0	0	0	0
k107_24865347 flag=0 multi=102.8472 len=9128	9128	29.9803	0	0	0	0	0	0	0	0	0.0342171	0.0330471	0	0	2.24779	2.88557	15.8551	21.915	2.2828	2.46417	9.56039	12.2421	0	0	0	0
k107_32719611 flag=0 multi=23.1402 len=8837	8837	28.2435	0	0	0	0	0	0	0	0	0	0	0	0	2.42179	3.3721	15.1045	28.2936	2.22402	2.21727	8.49315	14.8685	0	0	0	0
k107_32754445 flag=0 multi=31.0057 len=31539	31539	28.6088	0	0	0	0	0	0	0	0	0.028876	0.0354094	0	0	2.19762	2.52485	15.1859	21.3261	2.29455	3.12785	8.90178	11.4964	0	0	0	0
k107_26522584 flag=0 multi=32.4098 len=6298	6298	28.9833	0	0	0	0	0	0	0	0	0	0	0	0	2.23883	2.74782	15.4605	26.9373	3.03135	2.94076	8.25267	8.58798	0	0	0	0
k107_1708357 flag=0 multi=26.0266 len=45474	45474	28.306	0	0	0	0	0	0	0	0	0.0567608	0.066316	0	0	2.38991	3.23682	14.7428	20.9479	2.32179	3.11221	8.79472	11.5911	0	0	0	0
k107_11908648 flag=0 multi=23.0643 len=39897	39897	28.7337	0	0	0.0152039	0.0256386	0	0	0	0	0.0304836	0.0407737	0	0	2.46327	2.67984	15.0711	20.2871	2.45074	3.60137	8.70287	11.5089	0	0	0	0
k107_10125893 flag=0 multi=47.5503 len=3856	3856	31.0889	0	0	0	0	0	0	0	0	0.0849747	0.0777826	0	0	2.41728	2.12337	16.0217	18.5802	2.94316	3.13786	9.62183	11.042	0	0	0	0
k107_13584831 flag=0 multi=26.1105 len=13979	13979	28.125	0	0	0	0	0	0	0	0	0.110331	0.113	0.0220809	0.0416306	2.27082	3.24561	14.8631	19.0776	2.44637	3.63685	8.41222	9.45991	0	0	0	0
k107_18594149 flag=0 multi=29.9089 len=17239	17239	28.279	0	0	0.0178308	0.0186857	0	0	0	0	0.0356616	0.0479807	0	0	2.43054	3.05773	14.2075	17.367	2.6719	4.44195	8.91551	10.8844	0	0	0	0
k107_2754733 flag=0 multi=24.0088 len=3984	3984	28.4011	0	0	0	0	0	0	0	0	0.0820206	0.0921531	0	0	2.37806	1.5194	15.5568	15.7427	2.82428	4.06665	7.56002	11.1384	0	0	0	0
k107_5603057 flag=0 multi=151.4130 len=5260	5260	26.9498	0	0	0	0	0	0	0	0	0	0	0	0	1.90258	2.33497	13.6424	23.274	2.33542	2.0307	9.06938	8.0195	0	0	0	0
k107_31586770 flag=0 multi=49.0015 len=38023	38023	29.4483	0	0	0.00800615	0.0105375	0	0	0	0	0.0518544	0.0701533	0	0	2.0719	2.46969	15.324	23.2966	2.73097	3.59364	9.26153	12.237	0	0	0	0
k107_12766443 flag=0 multi=21.6771 len=5836	5836	25.5464	0	0	0	0	0	0	0	0	0.102277	0.161598	0.054391	0.0516048	1.92067	2.21598	13.6809	19.8374	2.31496	3.33306	7.47326	8.68841	0	0	0	0
k107_29105037 flag=0 multi=33.7309 len=65395	65395	27.9848	0	0	0.00927903	0.014157	0	0	0	0	0.060283	0.077428	0.00927903	0.0120221	2.09728	2.47831	14.5916	22.7977	2.1388	2.90705	9.07359	11.9232	0.00462415	0.00527115	0	0
k107_27233233 flag=0 multi=48.7729 len=25814	25814	29.2942	0	0	0	0	0	0	0	0	0.0355127	0.104022	0	0	2.3525	2.66221	15.4929	23.2934	2.59592	4.19646	8.81734	12.8606	0	0	0	0
k107_21364837 flag=0 multi=47.9485 len=111898	111898	28.8442	0	0	0.00270619	0.00445241	0	0	0	0	0.0594555	0.0901012	0.00270619	0.00520755	2.26975	2.9626	15.3175	21.2529	2.35716	3.2321	8.83493	12.6647	0	0	0	0
k107_28508680 flag=0 multi=63.0560 len=16039	16039	28.4456	0	0	0.0191904	0.0204736	0	0	0	0	0.0574442	0.0646718	0	0	2.04671	2.71558	15.2232	19.634	2.52971	3.06388	8.56936	11.4953	0	0	0	0
k107_29229584 flag=0 multi=43.0015 len=41020	41020	28.3107	0.00741687	0.0111961	0.00741687	0.0134044	0	0	0	0	0.04067	0.0478838	0.00741687	0.011589	2.38875	3.87054	14.3981	22.5911	2.49081	3.95746	8.97016	11.9974	0	0	0	0
k107_28818273 flag=0 multi=50.9951 len=8865	8865	28.67	0	0	0	0	0	0	0	0	0	0	0	0	2.3869	2.87401	14.8423	23.2026	2.58881	2.77004	8.85192	14.7116	0	0	0	0
k107_32504739 flag=0 multi=27.0050 len=12598	12598	26.8591	0	0	0	0	0	0	0	0	0.0736012	0.0846758	0	0	2.05172	2.50636	14.8215	27.6547	2.55563	3.33012	7.35662	10.4266	0	0	0	0
k107_28826968 flag=0 multi=42.5942 len=42751	42751	27.4516	0	0	0.0142288	0.0221598	0	0	0	0	0.0355721	0.0446514	0.00711442	0.00706551	2.19291	2.78285	13.9414	21.0222	2.32373	3.28525	8.93665	12.6919	0	0	0	0
k107_35487548 flag=0 multi=89.8640 len=18460	18460	28.1963	0	0	0	0	0	0	0	0	0.0829937	0.108108	0.0166318	0.0163552	2.23703	2.64646	14.9624	24.0836	2.35092	2.58893	8.54637	11.266	0	0	0	0
k107_1792296 flag=0 multi=28.0164 len=26376	26376	29.3158	0	0	0.0115824	0.0156634	0	0	0	0	0.0347089	0.0475875	0.0115824	0.0225685	2.2616	2.81221	15.5966	22.8197	2.51277	3.74402	8.88694	10.3308	0	0	0	0
k107_25510946 flag=0 multi=21.1934 len=6256	6256	27.6231	0	0	0	0	0	0	0	0	0.0507222	0.0642801	0	0	2.45633	3.1946	14.3218	13.0125	2.09893	2.24545	8.69533	11.6382	0	0	0	0
k107_32506284 flag=0 multi=26.7448 len=32710	32710	28.0048	0.00931869	0.0118889	0.00931869	0.0093567	0	0	0	0	0.04647	0.0620302	0	0	2.25583	2.91793	14.6599	20.6843	2.42449	3.40235	8.59954	13.4025	0	0	0	0
k107_25957363 flag=0 multi=26.4789 len=31530	31530	28.356	0	0	0	0	0	0	0	0	0.0580248	0.0688452	0	0	2.33781	2.73047	15.2986	21.5974	2.32599	3.56197	8.33556	9.80358	0	0	0	0
k107_32287518 flag=0 multi=57.5467 len=29214	29214	28.8349	0	0	0	0	0	0	0	0	0.0823188	0.156723	0.0104455	0.0127616	2.10978	3.1817	15.5845	20.9043	2.44366	3.51956	8.60425	11.412	0	0	0	0
k107_27957865 flag=0 multi=32.2909 len=73083	73083	28.1801	0	0	0	0	0	0	0	0	0.0628186	0.0860621	0.00414943	0.0058211	3.19295	14.1612	14.2936	18.4283	2.42627	3.60567	8.20029	11.4757	0	0	0	0
k107_15487365 flag=0 multi=67.3005 len=72267	72267	27.7923	0	0	0.0104634	0.0190606	0	0	0	0	0.0376989	0.049485	0.00416869	0.00786906	2.23762	2.86838	14.557	18.9539	2.40082	3.46938	8.54457	13.1078	0	0	0	0
k107_25056822 flag=0 multi=22.0372 len=3411	3411	27.4481	0	0	0	0	0	0	0	0	0	0	0	0	1.97781	1.40308	14.1357	19.8992	3.11	4.68621	8.22451	10.0035	0	0	0	0
k107_25799193 flag=0 multi=29.0472 len=35334	35334	28.2685	0	0	0.00862069	0.0131696	0	0	0	0	0.0429893	0.0557888	0.00862069	0.0112844	2.36803	3.37335	14.7119	21.5676	2.22048	2.67702	8.9078	12.9376	0	0	0	0
k107_23693336 flag=0 multi=47.3856 len=3561	3561	26.2439	0	0	0	0	0	0	0	0	0.0711875	0.122001	0	0	2.48911	5.14323	12.6999	36.1126	3.31942	3.7817	7.66431	8.3573	0	0	0	0
k107_35651527 flag=0 multi=37.9952 len=18593	18593	27.5628	0	0	0	0	0	0	0	0	0.0330217	0.0468115	0	0	2.16779	3.05976	14.4679	21.5999	2.29577	3.20475	8.59838	11.0865	0	0	0	0
k107_10087659 flag=0 multi=42.9981 len=139079	139079	29.0785	0	0	0.00435231	0.00495457	0	0	0	0	0.0435014	0.059319	0.00652125	0.0185743	2.2584	2.84415	15.2815	22.3286	2.51129	3.54059	8.97291	11.4481	0	0	0	0
k107_5325662 flag=0 multi=57.0568 len=29265	29265	29.8609	0	0	0.0208542	0.0307722	0	0	0	0	0.052101	0.0640451	0.0104271	0.0175135	2.31723	3.01316	15.5179	23.8302	2.69319	4.16167	9.24915	10.4921	0	0	0	0
k107_32980828 flag=0 multi=69.3254 len=35267	35267	28.8777	0	0	0	0	0	0	0	0	0.0517375	0.0688727	0.00863721	0.0122114	1.98839	3.07983	15.1004	23.3111	2.40735	3.15985	9.32112	13.0485	0	0	0	0
k107_22847790 flag=0 multi=37.0251 len=7761	7761	27.6608	0	0	0	0	0	0	0	0	0.040488	0.0557519	0	0	2.52259	3.14184	13.674	20.5198	2.44657	2.29954	8.97721	10.5525	0	0	0	0
k107_28358186 flag=0 multi=23.0024 len=3422	3422	30.0538	0	0	0	0	0	0	0	0	0	0	0	0	1.96538	2.81006	14.7599	16.9567	3.17596	2.9256	10.1526	13.618	0	0	0	0
k107_3624922 flag=0 multi=20.5110 len=9731	9731	22.4082	0	0	0	0	0	0	0	0	0.0960865	0.160724	0	0	1.66762	1.88887	10.6357	21.6805	1.28296	1.56988	8.72585	16.8428	0	0	0	0
k107_35089502 flag=0 multi=44.2222 len=22067	22067	28.0196	0	0	0.0073972	0.0128565	0	0	0	0	0.0554101	0.0927538	0	0	2.71564	4.6227	14.2714	20.5269	2.17161	2.50716	8.79816	11.9975	0	0	0	0
k107_21884062 flag=0 multi=30.0166 len=80147	80147	27.308	0	0	0.00752708	0.0105645	0	0	0	0	0.0694345	0.107903	0.00756466	0.00956453	2.15814	2.83753	13.9293	22.8994	2.48039	3.68041	8.65572	12.087	0	0	0	0
k107_10437458 flag=0 multi=29.8434 len=65922	65922	27.9698	0.00449558	0.0045811	0.00460226	0.00458825	0	0	0.00224017	0.00229579	0.0276135	0.037589	0.00460226	0.00458849	2.302	2.84842	14.6427	21.0932	2.59099	4.00253	8.39054	11.1982	0	0	0	0
k107_21310516 flag=0 multi=29.9323 len=15532	15532	27.8495	0	0	0.0198293	0.0291558	0	0	0	0	0.0593565	0.0721069	0.0395929	0.0614708	2.51806	4.26942	13.8167	21.6007	2.49173	2.95087	8.9042	12.0619	0	0	0	0
k107_34801850 flag=0 multi=151.0526 len=6650	6650	26.7094	0	0	0	0	0	0	0	0	0.047574	0.066112	0	0	2.11799	2.31985	11.5877	31.3524	3.03261	3.81748	9.92344	13.0159	0	0	0	0
k107_26963131 flag=0 multi=30.0097 len=7952	7952	27.0724	0	0	0	0	0	0	0	0	0.0394771	0.0379225	0	0	2.55699	2.94824	13.2225	17.8796	2.46601	3.80114	8.78745	13.9653	0	0	0	0
k107_23924092 flag=0 multi=47.7991 len=25350	25350	27.0843	0	0	0	0	0	0	0	0	0.0241137	0.0370493	0.00602843	0.00599192	2.23758	3.06488	14.2691	22.3734	2.10145	2.50023	8.44602	10.7376	0	0	0	0
k107_20247826 flag=0 multi=40.5841 len=44057	44057	27.8348	0	0	0	0	0	0	0	0	0.0413438	0.0876446	0.0067878	0.00878675	2.26326	3.01516	14.5939	23.3013	2.27921	2.837	8.65026	12.1568	0	0	0	0
k107_14448429 flag=0 multi=36.1135 len=6819	6819	24.9925	0	0	0	0	0	0	0	0	0.0463403	0.0441983	0	0	1.32085	1.65917	12.7668	17.46	1.80298	2.62495	9.05555	10.1228	0	0	0	0
k107_22678223 flag=0 multi=19.0168 len=5592	5592	26.1957	0	0	0	0	0	0	0	0	0.0570888	0.0750188	0	0	2.04896	1.8447	13.2357	15.2509	2.20794	2.66044	8.64594	11.2406	0	0	0	0
k107_19052394 flag=0 multi=23.1362 len=6649	6649	30.0777	0	0	0	0	0	0	0	0	0	0	0	0	2.5798	3.59404	15.6592	28.6304	2.32015	3.09887	9.51851	11.8411	0	0	0	0
k107_18641320 flag=0 multi=77.0223 len=17160	17160	25.7296	0	0	0.0179143	0.0269766	0	0	0	0	0.0179143	0.0269757	0	0	2.10055	2.86611	13.5538	19.4044	2.12884	3.22395	7.91055	11.723	0	0	0	0
k107_651148 flag=0 multi=70.3363 len=4326	4326	28.2915	0	0	0	0	0	0	0	0	0.0203777	0.0199674	0	0	2.24478	2.18071	14.7237	23.3102	2.5917	1.5187	8.71098	8.98414	0	0	0	0
k107_13605950 flag=0 multi=35.5027 len=14543	14543	26.9413	0	0	0	0	0	0	0	0	0.0424128	0.0497448	0	0	2.27119	2.87213	13.6025	25.0855	2.03069	2.80335	8.99452	10.176	0	0	0	0
k107_1313218 flag=0 multi=117.0000 len=9556	9556	29.4849	0	0	0	0	0	0	0	0	0	0	0	0	1.7667	1.72073	15.7986	22.2955	2.57499	3.51254	9.34461	8.94389	0	0	0	0
k107_15180882 flag=0 multi=143.3880 len=2999	2999	27.0174	0	0	0	0	0	0	0	0	0	0	0	0	1.28661	1.18992	14.3674	16.2231	2.41157	2.69983	8.9518	11.4092	0	0	0	0
k107_30218727 flag=0 multi=30.0032 len=18304	18304	28.6942	0	0	0.0167759	0.0272701	0	0	0	0	0.0502166	0.0662429	0.0167759	0.0217135	2.01728	2.26001	15.0909	23.1989	2.67887	3.6801	8.82341	11.615	0	0	0	0
k107_14428430 flag=0 multi=29.6209 len=38882	38882	29.057	0	0	0	0	0	0	0	0	0.0669518	0.0887575	0.00782789	0.0077668	2.16649	2.58255	15.1433	19.9285	2.68499	3.58268	8.98748	13.3751	0	0	0	0
k107_35690014 flag=0 multi=29.0944 len=45748	45748	27.2289	0	0	0	0	0	0	0	0	0.0596752	0.0829614	0	0	2.16646	2.65399	14.013	24.201	2.31924	2.75653	8.67051	12.2208	0	0	0	0
k107_28845951 flag=0 multi=41.9138 len=20773	20773	27.0638	0	0	0	0	0	0	0	0	0.04416	0.0729772	0	0	2.10322	2.24423	14.3827	20.1187	2.48136	3.4192	8.05237	10.0709	0	0	0	0
k107_20380658 flag=0 multi=39.1574 len=21930	21930	29.003	0	0	0	0	0	0	0	0	0.0417977	0.0494715	0	0	2.6094	3.27781	15.4296	22.6401	2.15198	2.53328	8.77016	11.6323	0	0	0	0
k107_9567031 flag=0 multi=21.9832 len=3082	3082	27.0313	0	0	0	0	0	0	0	0	0	0	0	0	1.39353	0.997185	14.4194	12.0032	2.60504	2.04737	8.61331	5.41188	0	0	0	0
k107_1137126 flag=0 multi=81.0180 len=9863	9863	27.7204	0	0	0	0	0	0	0	0	0	0	0	0	2.1548	2.92126	14.6342	23.3064	2.2778	2.64239	8.65359	14.9899	0	0	0	0
k107_9877623 flag=0 multi=53.0122 len=6161	6161	26.2082	0	0	0	0	0	0	0	0	0.102748	0.237913	0.0515446	0.0854258	2.20106	3.06315	14.398	19.0136	1.71702	3.0572	7.73784	6.91469	0	0	0	0
k107_34043979 flag=0 multi=25.0804 len=24922	24922	28.0877	0	0	0	0	0	0	0	0	0.0367181	0.0520087	0.0122664	0.0186162	2.18806	2.28225	15.0203	19.5529	2.07218	2.26455	8.75825	13.4995	0	0	0	0
k107_20533123 flag=0 multi=24.0040 len=4134	4134	28.3463	0	0	0	0	0	0	0	0	0	0	0	0	2.65266	3.2406	16.3184	32.7823	2.30089	4.21088	7.07437	8.61003	0	0	0	0
k107_20452799 flag=0 multi=44.6648 len=49011	49011	28.3427	0	0	0	0	0	0	0	0	0.074401	0.097715	0	0	2.18042	3.01434	15.2009	21.8801	2.37279	3.37692	8.51416	12.6635	0	0	0	0
k107_11291727 flag=0 multi=21.1155 len=3275	3275	27.0666	0	0	0	0	0	0	0	0	0.101581	0.141764	0	0	1.98924	2.68064	12.8618	11.1322	3.01177	3.43338	9.10225	10.6295	0	0	0	0
