contigName	contigLen	totalAvgDepth	Cen01_MA.bam	Cen01_MA.bam-var	Cen03_MA.bam	Cen03_MA.bam-var	Cen04_MA.bam	Cen04_MA.bam-var	Cen05_MA.bam	Cen05_MA.bam-var	Cen06_MA.bam	Cen06_MA.bam-var	Cen07_MA.bam	Cen07_MA.bam-var	Cen10_MA.bam	Cen10_MA.bam-var	Cen12_MA.bam	Cen12_MA.bam-var	Cen14_MA.bam	Cen14_MA.bam-var	Cen15_MA.bam	Cen15_MA.bam-var	Cen16_MA.bam	Cen16_MA.bam-var	Cen17_MA.bam	Cen17_MA.bam-var
k107_16728849 flag=0 multi=45.9439 len=16830	16830	58.1436	0	0	0.018272	0.0195132	0.0178485	0.0179403	0	0	0.0730881	0.103947	4.95995	8.48457	11.7279	15.2978	22.9861	31.3984	16.7978	23.7768	1.56268	2.0836	0	0	0	0
k107_6241747 flag=0 multi=48.0219 len=72799	72799	57.8629	0	0	0	0	0.0306771	0.0671518	0.00412431	0.00797791	0.0582507	0.0786306	5.08305	7.33415	11.2729	14.4505	23.1317	39.3377	16.7033	22.5201	1.57895	2.20642	0	0	0	0
k107_11215272 flag=0 multi=52.9962 len=58327	58327	58.9007	0	0	0.00520465	0.00779991	0.0383111	0.0506831	0	0	0.08324	0.131264	5.1039	7.55686	11.0547	13.7669	23.6843	37.5501	17.5526	28.3456	1.37842	1.72122	0	0	0	0
k107_9803334 flag=0 multi=46.9999 len=121073	121073	57.2843	0.0025006	0.00298665	0	0	0.0331454	0.0480869	0.0050012	0.00814083	0.0711926	0.097604	4.84587	6.6149	11.2297	14.8236	23.1146	35.8608	16.5279	23.0154	1.45443	1.8861	0	0	0	0
k107_22185842 flag=0 multi=47.0050 len=6160	6160	59.8332	0	0	0	0	0	0	0	0	0.15466	0.166963	4.04592	4.81096	10.6451	10.3284	26.6263	30.9833	17.0208	35.2174	1.34039	1.18048	0	0	0	0
k107_20158803 flag=0 multi=49.9066 len=126394	126394	60.0529	0.00236335	0.00478378	0.00116582	0.00119522	0.0283047	0.039719	0	0	0.0526441	0.0800075	5.19612	8.00108	11.7154	15.7186	24.1067	36.2234	17.3872	24.4684	1.56291	2.20102	0	0	0	0
k107_23845 flag=0 multi=45.0546 len=30249	30249	56.906	0	0	0	0	0.0296524	0.0354695	0	0	0.100845	0.167795	4.59412	6.6006	11.3211	15.5345	22.8697	35.221	16.3622	23.72	1.62828	2.28662	0	0	0	0
k107_12131032 flag=0 multi=46.0641 len=6302	6302	59.7633	0	0	0	0	0	0	0	0	0	0	5.15483	7.28056	12.5837	14.3649	22.5227	29.548	18.0903	26.8217	1.41183	2.45759	0	0	0	0
k107_6382706 flag=0 multi=46.9985 len=34498	34498	60.1357	0	0	0	0	0.0085975	0.00876557	0.00883144	0.0155321	0.0286291	0.0431874	4.83776	6.82331	11.8949	16.3499	24.6257	33.2469	17.2251	26.1332	1.50626	2.03879	0	0	0	0
k107_7150478 flag=0 multi=45.9496 len=11450	11450	59.3278	0	0	0	0	0	0	0	0	0.0269107	0.0374826	5.13348	6.66668	11.0917	15.7888	24.6632	34.8689	17.107	19.763	1.30553	1.66954	0	0	0	0
k107_34588688 flag=0 multi=48.0340 len=29645	29645	59.5117	0.0102921	0.0165838	0	0	0.0100194	0.0183015	0	0	0.0411683	0.0593913	4.3377	5.49624	11.5197	13.8004	24.2874	30.6743	17.5325	21.7724	1.77303	2.46403	0	0	0	0
k107_13623224 flag=0 multi=51.0012 len=70364	70364	57.5901	0	0	0	0	0.0485998	0.0876936	0	0	0.0452599	0.0640939	5.00998	6.58975	11.1356	13.7581	23.3886	32.2107	16.4701	22.77	1.49199	1.96059	0	0	0	0
k107_21557570 flag=0 multi=81.9784 len=27677	27677	58.9825	0	0	0	0	0.0594703	0.0687422	0	0	0.13779	0.200081	4.56007	6.76778	11.7599	13.0115	23.7543	35.8901	17.2347	22.3166	1.47624	2.02618	0	0	0	0
k107_6059013 flag=0 multi=52.0065 len=210184	210184	60.1696	0.0014389	0.00143516	0.000709923	0.000718463	0.0367159	0.0541769	0.00143414	0.00174074	0.0538779	0.0699214	4.92573	7.23302	11.8312	16.0817	24.2917	40.6848	17.4445	26.1443	1.58084	2.22185	0.0014389	0.00143507	0	0
k107_14445925 flag=0 multi=44.9948 len=45685	45685	57.1711	0	0	0	0	0.0162396	0.0215421	0	0	0.0577529	0.0954524	5.18536	8.22768	11.1947	16.0556	22.9417	32.9178	16.3846	22.6382	1.39081	1.72385	0	0	0	0
k107_4722886 flag=0 multi=48.0536 len=203216	203216	57.6433	0.00148832	0.00217514	0	0	0.0357541	0.0490392	0.00369122	0.00392799	0.0572706	0.0732216	4.94811	7.59343	11.2746	14.557	23.2373	37.217	16.6022	23.3417	1.48292	1.98117	0	0	0	0
k107_25298233 flag=0 multi=45.0536 len=12284	12284	59.6701	0	0	0	0	0.0247037	0.0245728	0	0	0.151227	0.307695	4.87323	7.29769	12.4328	16.235	23.5632	33.6543	16.9776	27.747	1.64739	2.06016	0	0	0	0
k107_33746775 flag=0 multi=57.9956 len=33004	33004	57.8804	0	0	0	0	0.0226897	0.0283755	0	0	0.073757	0.090964	5.32912	7.99538	11.1978	13.4937	23.1444	35.3016	16.6793	20.1311	1.43328	1.90131	0	0	0	0
k107_9825039 flag=0 multi=45.0051 len=54686	54686	57.3388	0	0	0	0	0.040637	0.0557698	0.0055531	0.00611064	0.0444248	0.0559703	4.69907	7.2711	11.278	13.4415	23.4744	33.3881	16.3588	21.9675	1.43798	2.0099	0	0	0	0
k107_27358709 flag=0 multi=45.0145 len=21062	21062	58.8231	0	0	0	0	0.0426301	0.0428852	0	0	0.0218208	0.0227987	5.00241	7.81486	11.5227	11.6486	23.7113	31.3186	17.0762	29.316	1.44605	1.48019	0	0	0	0
k107_7438263 flag=0 multi=63.9892 len=28497	28497	58.1154	0	0	0	0	0.0156411	0.0190681	0	0	0.0535556	0.0965302	5.50293	7.38687	11.1147	15.9973	23.5031	37.3302	16.6044	24.5805	1.32101	1.61289	0	0	0	0
k107_7430026 flag=0 multi=44.1802 len=42299	42299	58.0072	0	0	0	0	0.0176441	0.0227954	0	0	0.0805534	0.105386	5.03753	7.56603	11.1536	19.036	23.6535	33.3045	16.4784	23.4341	1.58592	2.14567	0	0	0	0
k107_32403863 flag=0 multi=47.0028 len=63428	63428	58.2254	0	0	0.00704939	0.00906621	0.0141146	0.0226584	0.00478408	0.00784018	0.0693058	0.0924801	4.95968	6.98431	11.2258	15.0693	23.6068	36.1825	16.7884	24.2712	1.54952	2.15727	0	0	0	0
k107_15135476 flag=0 multi=46.1952 len=42004	42004	56.7789	0	0	0	0	0.0249628	0.0332722	0	0	0.0289435	0.0367719	4.6527	6.80555	11.6089	14.0278	23.395	33.5007	15.7071	20.6545	1.36128	1.92542	0	0	0	0
k107_23094304 flag=0 multi=50.6939 len=72186	72186	57.1128	0.0020867	0.0020935	0.00420121	0.00447391	0.037171	0.0487157	0.00420121	0.00491958	0.0630182	0.0813257	5.1357	7.29367	11.2143	15.6688	23.0381	36.3112	16.2543	22.0385	1.35975	1.98196	0	0	0	0
k107_21917865 flag=0 multi=49.0157 len=135653	135653	60.5438	0	0	0	0	0.0360692	0.0453317	0	0	0.0602212	0.0763359	5.22621	8.21227	12.0084	16.3445	24.275	34.8913	17.4447	24.5078	1.49317	2.05854	0	0	0	0
k107_5510313 flag=0 multi=48.0042 len=196139	196139	59.5038	0	0	0.00306377	0.00395687	0.0226362	0.0263116	0.0015421	0.00153926	0.0493216	0.0703389	5.18298	7.8572	11.6898	14.9143	23.9268	34.6189	17.0674	22.7454	1.56026	2.43997	0	0	0	0
k107_23057354 flag=0 multi=50.0043 len=139506	139506	58.9228	0	0	0.00212638	0.00216093	0.0352792	0.050666	0	0	0.0868007	0.132999	5.1795	8.35884	11.4444	15.6422	23.6042	35.0436	17.0601	23.9789	1.51042	2.18489	0	0	0	0
k107_21585136 flag=0 multi=50.0535 len=6933	6933	59.6364	0.0455437	0.048906	0	0	0.0900317	0.124735	0	0	0	0	3.46629	4.53354	13.2004	15.5143	23.4208	24.8539	17.77	23.5179	1.64334	1.84861	0	0	0	0
k107_26013851 flag=0 multi=48.0086 len=26782	26782	61.2462	0	0	0	0	0	0	0	0	0.0912009	0.119001	5.51722	9.3209	11.9465	15.0694	24.9279	41.4124	17.1392	20.5576	1.62432	2.13855	0	0	0	0
k107_9969145 flag=0 multi=51.0044 len=84761	84761	60.125	0.00355202	0.00472159	0	0	0.0700577	0.130582	0	0	0.0708509	0.117729	4.93004	7.62346	11.8374	14.5673	24.1637	35.3735	17.5529	25.6272	1.49649	1.95848	0	0	0	0
k107_15478636 flag=0 multi=46.0053 len=34528	34528	58.9035	0	0	0	0	0.0475662	0.0677087	0	0	0.070502	0.138265	5.59291	8.6373	11.6101	17.2408	24.0387	34.214	16.0613	19.2289	1.4825	1.73716	0	0	0	0
k107_1832667 flag=0 multi=44.1265 len=7069	7069	56.12	0	0	0	0	0	0	0	0	0.0446283	0.0577166	4.86685	6.14558	10.8541	11.5275	22.8287	30.3428	15.9925	25.4886	1.53318	2.72973	0	0	0	0
k107_30537797 flag=0 multi=47.0037 len=19504	19504	60.6991	0	0	0	0	0	0	0	0	0.0943652	0.126086	5.28534	7.65912	11.8309	12.1431	24.4508	37.6814	17.591	21.2825	1.44672	1.77098	0	0	0	0
k107_24338213 flag=0 multi=53.0074 len=61810	61810	57.4354	0	0	0	0	0.0506276	0.0749244	0.00490993	0.00654714	0.0735839	0.11772	5.02009	7.47827	11.5614	15.4388	22.6781	33.0448	16.5319	22.9507	1.51479	1.96567	0	0	0	0
k107_6372436 flag=0 multi=45.9959 len=8850	8850	56.7577	0	0	0	0	0.0526439	0.0628279	0	0	0.10868	0.151637	4.52702	4.80006	9.91144	12.634	23.8303	27.911	16.6455	23.0477	1.68215	1.89661	0	0	0	0
k107_34666602 flag=0 multi=59.0000 len=17652	17652	58.6135	0	0	0	0	0.0519885	0.163381	0	0	0.0174063	0.0277109	4.77153	7.11131	11.6027	15.2225	23.8416	34.7737	16.7391	25.5815	1.58928	2.17998	0	0	0	0
k107_11096200 flag=0 multi=49.0000 len=29093	29093	58.4198	0	0	0	0	0.0413324	0.0521228	0	0	0.0786704	0.0873903	5.32104	8.35612	11.7226	14.0705	23.3647	35.6789	16.4689	21.0275	1.41207	2.13084	0.0104894	0.0103877	0	0
k107_33498080 flag=0 multi=46.1956 len=4646	4646	58.0803	0	0	0	0	0.171501	0.178171	0	0	0	0	4.92311	5.99684	12.0771	16.7896	22.5246	35.6163	16.9655	16.6487	1.41851	2.78742	0	0	0	0
k107_31791203 flag=0 multi=42.9563 len=5209	5209	51.4302	0	0	0	0	0	0	0	0	0	0	5.30732	7.06604	10.8928	9.61732	23.4072	24.8579	10.7771	16.0464	1.04585	1.88783	0	0	0	0
k107_7147134 flag=0 multi=55.0775 len=13532	13532	58.9409	0	0	0	0	0.0222978	0.0307734	0	0	0.0456538	0.0766744	4.97687	9.28347	11.9627	16.3361	23.356	30.6071	17.0711	26.2062	1.50635	2.15597	0	0	0	0
k107_8758909 flag=0 multi=51.8194 len=203164	203164	59.369	0	0	0.0014887	0.00165358	0.0321006	0.0536685	0	0	0.0572655	0.0846437	5.03467	7.81913	11.8003	15.1223	23.7431	34.6682	17.2221	24.8333	1.47799	2.05771	0	0	0	0
k107_14862622 flag=0 multi=49.0027 len=73439	73439	57.8877	0	0	0	0	0.0366709	0.0484142	0	0	0.0784282	0.114643	4.99755	7.00065	11.2976	13.3762	23.0483	37.198	16.8044	24.5584	1.62476	2.40602	0	0	0	0
k107_36979 flag=0 multi=48.9892 len=35234	35234	59.9808	0	0	0.00850223	0.014801	0.0381312	0.0684297	0	0	0.0863964	0.143324	4.69338	6.83714	11.6834	14.3765	24.7964	35.6027	17.0879	21.965	1.58657	2.06498	0	0	0	0
k107_29884570 flag=0 multi=43.5896 len=3560	3560	57.7333	0	0	0	0	0	0	0	0	0	0	5.30694	7.36277	12.0586	10.3988	23.1682	28.8489	15.694	25.6523	1.50552	1.67705	0	0	0	0
k107_3593718 flag=0 multi=66.0022 len=46178	46178	58.3306	0	0	0.00647397	0.0109362	0.00649577	0.00653742	0	0	0.0658296	0.0805365	5.18894	7.48852	11.9931	14.0173	23.0831	30.5177	16.4951	25.4073	1.49159	2.14901	0	0	0	0
k107_28829336 flag=0 multi=46.0385 len=40440	40440	58.4473	0	0	0	0	0.0478848	0.0606845	0	0	0.0676915	0.0951518	4.95665	7.28721	11.2271	13.3403	23.4678	38.4104	17.3076	24.4307	1.37249	1.95796	0	0	0	0
k107_32306497 flag=0 multi=44.1568 len=17116	17116	56.1437	0	0	0	0	0.00874271	0.00890019	0	0	0.0179612	0.0176446	4.62115	5.45003	11.9337	14.4783	21.7538	31.7977	16.508	26.2338	1.30029	1.77044	0	0	0	0
k107_12133324 flag=0 multi=49.1544 len=5968	5968	58.494	0	0	0	0	0	0	0	0	0.0533004	0.0794156	5.17049	7.64752	12.2849	17.761	24.0687	23.9078	15.6325	22.2629	1.28415	2.01791	0	0	0	0
k107_15738533 flag=0 multi=53.9145 len=41113	41113	58.7504	0	0	0.00725295	0.0110728	0.0543726	0.0788617	0.00739997	0.010535	0.0294773	0.0438009	4.7027	6.94685	11.6545	16.6403	23.4598	32.572	17.2403	23.1489	1.58729	2.21836	0.00737546	0.0122492	0	0
k107_13099305 flag=0 multi=47.0510 len=37219	37219	57.0411	0.00801799	0.0124439	0	0	0.0239998	0.0239444	0	0	0.0735163	0.10545	4.84148	5.88025	11.9975	14.9676	22.8919	35.0575	15.7821	20.9209	1.42262	2.05644	0	0	0	0
k107_6633302 flag=0 multi=49.0069 len=101082	101082	60.1987	0.00146855	0.00149454	0.00299663	0.0042137	0.0235662	0.0291009	0	0	0.0479361	0.0691731	4.74771	6.17058	12.3855	15.9589	24.2388	35.1224	17.2902	24.0348	1.46064	2.00906	0	0	0	0
k107_3742733 flag=0 multi=49.0263 len=29244	29244	58.3883	0	0	0	0	0.0461613	0.062991	0	0	0.0834427	0.0973902	5.20904	8.94119	11.2203	15.8968	23.8855	33.1957	16.4836	21.3508	1.46027	2.19296	0	0	0	0
k107_3745622 flag=0 multi=56.9983 len=45886	45886	61.3696	0	0	0	0	0.0325333	0.0556133	0	0	0.046332	0.0690937	5.55886	8.43834	11.8549	15.7758	24.8158	38.3618	17.4467	25.8208	1.6144	2.06679	0	0	0	0
k107_33448491 flag=0 multi=47.0194 len=13997	13997	58.2526	0.0430084	0.172584	0.107704	1.07911	0.139905	0.733875	0.0429354	0.172292	0.108142	0.709455	4.31946	6.07542	11.9141	14.1158	25.0063	34.1136	15.3982	24.4204	1.15137	1.47031	0	0	0.0214677	0.0424524
k107_24770625 flag=0 multi=48.7555 len=133388	133388	57.5766	0.00226921	0.00240982	0.00111206	0.0011329	0.0167335	0.0205069	0	0	0.0555806	0.0749515	4.8132	7.23816	11.0365	14.6331	23.3863	35.969	16.861	23.5043	1.40396	1.81768	0	0	0	0
k107_21368492 flag=0 multi=44.9956 len=3704	3704	61.3663	0	0	0	0	0	0	0	0	0.0887713	0.146185	6.37008	10.2649	12.7384	16.1703	22.9771	41.4597	18.2854	34.3362	0.906526	0.925403	0	0	0	0
k107_7045042 flag=0 multi=52.9972 len=58986	58986	61.2256	0	0	0	0	0.0151149	0.0152058	0.00514621	0.00512122	0.0565912	0.0770666	5.43387	7.3614	12.3453	17.443	24.2929	37.2475	17.5655	23.3327	1.51106	2.16649	0	0	0	0
k107_29882924 flag=0 multi=45.0174 len=55281	55281	57.0965	0.00549301	0.00546325	0.0053475	0.0109285	0.0241547	0.0318559	0	0	0.0329217	0.0436508	4.87215	7.74908	11.4291	14.4875	23.1931	37.2517	16.1262	23.4345	1.39708	1.75672	0.0109314	0.0125036	0	0
k107_12831743 flag=0 multi=70.5187 len=74760	74760	58.4809	0	0	0.00405598	0.00595764	0.0459051	0.0735508	0.00811196	0.0111576	0.0484837	0.0715913	5.01645	7.49828	11.4503	16.8099	23.2511	34.3452	17.2216	23.7492	1.43484	2.1923	0	0	0	0
k107_23778060 flag=0 multi=51.0017 len=214222	214222	60.2512	0.00141174	0.00151217	0.00140239	0.00200747	0.0449514	0.0664162	0.00282349	0.00425116	0.0634162	0.0898695	4.81693	7.37939	11.9728	15.3509	24.451	37.0776	17.3612	24.3338	1.53534	2.08993	0	0	0	0
k107_6638609 flag=0 multi=47.9556 len=4747	4747	58.6423	0	0	0	0	0	0	0	0	0.0679415	0.0736897	5.54578	9.45671	11.9447	12.9896	21.9663	29.1986	17.4695	16.5144	1.64814	2.74299	0	0	0	0
k107_13344695 flag=0 multi=59.4034 len=11422	11422	56.195	0	0	0	0	0	0	0	0	0.0543165	0.0722254	4.66466	5.67976	10.7234	11.2954	23.0277	30.6329	16.6929	19.7207	1.03201	0.966767	0	0	0	0
k107_17379178 flag=0 multi=54.8987 len=3957	3957	61.174	0	0	0	0	0	0	0	0	0	0	5.35349	8.71204	10.7198	14.9656	25.2966	25.3392	18.6725	15.7745	1.1316	1.43333	0	0	0	0
k107_12933685 flag=0 multi=58.1242 len=64827	64827	60.153	0	0	0.00468036	0.00793503	0.0344363	0.0520119	0.00468036	0.00773305	0.116962	0.17909	5.14151	7.70011	11.7863	16.2588	24.7261	36.9689	17.0266	24.3971	1.31172	1.90307	0	0	0	0
